
X Y Z V_r Mag
8.30144500638762217 -8.18735109035580066 -0.971240460872650146 5.19680023193359375 46
6.24560394826606124 -9.9819702990497774 -0.0578000061213970184 3.81640005111694336 48.5
6.24560394826606124 -9.9819702990497774 -0.0578000061213970184 3.73520016670227051 50
6.24459955397608635 -9.9819702990497774 0.126034364104270935 3.65400028228759766 46
6.27451722108361309 -10.0455495629256717 0.373994767665863037 3.89760017395019531 47.5
6.2845164765125423 -10.0455495629256717 -0.119566328823566437 3.81640005111694336 59
6.28094952087023906 -10.0455495629256717 -0.243159249424934387 3.73520016670227051 60.5
6.35346126229888952 -9.99816489517602136 -0.304542750120162964 3.65400028228759766 55.5
6.38203459892798985 -10.0614442568638207 -0.492544114589691162 3.81640005111694336 56
6.37689934411454917 -10.0614442568638207 -0.555085301399230957 3.73520016670227051 59
6.7839555974407233 -9.8982968907078277 -0.0409059189260005951 4.06000041961669922 48
6.28031393592910803 -10.2206925628032952 -0.30839771032333374 3.65400028228759766 47.5
6.89189181766530012 -9.90584195019820157 -0.426348179578781128 4.14120006561279297 51.5
6.84376753351593781 -9.94658189424318984 -0.184397280216217041 4.06000041961669922 48
9.65527631313612211 -7.19047348669221886 -1.64172244071960449 -4.30360031127929688 45.5
9.58292531793046543 -7.19047348669221886 -2.0216667652130127 -4.38479995727539062 45
10.4521940013253758 -6.12732675068333066 -1.63038218021392822 -3.81640005111694336 45.5
7.50854933164927196 -9.64698789094122056 0.0891802012920379639 4.46600008010864258 51
7.42091408545553843 -9.71114838047717122 -0.272519737482070923 4.38479995727539062 51.5
7.31281353975940451 -9.71114838047717122 -1.29112184047698975 4.30360031127929688 47.5
9.83812934925795979 -7.23620846026277853 -1.46236336231231689 -4.30360031127929688 46.5
7.51552892078590151 -9.71846773454578283 -0.598506927490234375 4.46600008010864258 50
7.42209555583861835 -9.78763285364345137 -0.636195361614227295 4.38479995727539062 52.5
7.29381900481932277 -9.77072582453068783 -1.61960446834564209 4.30360031127929688 49.5
9.84480946890669273 -7.32363062259843911 -1.60773360729217529 -4.30360031127929688 47
9.31908616439355164 -8.0581586094511124 -1.16677391529083252 -4.70960044860839844 46
9.93967970101286546 -7.19688401465676719 -2.1000361442565918 -4.22240018844604492 47.5
9.93219326918582901 -7.26844836067367428 -1.87715649604797363 -4.30360031127929688 46
7.80013801904756843 -9.69074589868071889 0.499810397624969482 4.54720020294189453 45
10.260185426454834 -7.0117313097188525 -1.56200492382049561 -4.22240018844604492 45
9.498478078824105 -8.01340721110725873 -1.56200492382049561 -4.62840032577514648 48
8.31553412998021635 -9.35784408500201259 -0.397857248783111572 4.95320034027099609 47.5
8.23398044164432719 -9.41575347305102994 -0.648686051368713379 4.87200021743774414 57.5
8.17635445612014955 -9.46583726812044901 -0.648686051368713379 4.79080009460449219 60
8.18431020961585176 -9.47366286110004729 -0.377374321222305298 4.70960044860839844 52.5
10.1897941186875194 -7.16865542542069356 -1.8810880184173584 -4.14120006561279297 50
10.1848359267220161 -7.22691157537469486 -1.67358303070068359 -4.22240018844604492 50.5
9.48008532219706979 -8.16215895571730243 -1.5057065486907959 -4.70960044860839844 47.5
8.41149183547931401 -9.35719727504396737 -0.670584976673126221 4.95320034027099609 46
8.28822499784633671 -9.47213508441267038 -0.586505234241485596 4.79080009460449219 58.5
8.24476983882911263 -9.5225187816701844 -0.324676483869552612 4.70960044860839844 52
6.40166736636023259 -10.8151755144332835 0.900354564189910889 3.5728001594543457 54.5
6.49184971272863187 -10.7616428360971756 0.896069705486297607 3.49160003662109375 54
10.2504474990220551 -7.21132588362041993 -1.89228487014770508 -4.14120006561279297 46
6.68353578440037666 -10.7449230824689064 0.729796767234802246 3.81640005111694336 46.5
6.67594865979084506 -10.7449230824689064 0.796214938163757324 3.73520016670227051 54.5
6.77056925217974381 -10.6863201706099211 0.785865366458892822 3.65400028228759766 49.5
6.42476636130637768 -10.8969738808057297 0.796214938163757324 3.5728001594543457 53
6.47522435716407063 -10.8605450437041995 0.880715012550354004 3.49160003662109375 53
10.1479451601847401 -7.91543253249632439 -1.64796066284179688 -4.46600008010864258 48
10.2036690096348224 -8.00195441803578156 -1.46846175193786621 -4.38479995727539062 46.5
10.1733765791007382 -8.0361995867292304 -1.49144411087036133 -4.46600008010864258 49
6.49677350901538375 -11.2715526671007371 1.02300393581390381 3.5728001594543457 55.5
6.54265329433684872 -11.242199665363497 1.05315828323364258 3.49160003662109375 58
6.61484820345506819 -11.2193695529011972 0.81977158784866333 3.4104001522064209 47
10.1480480553009578 -8.18735115137121205 -1.50001561641693115 -4.46600008010864258 49.5
6.61002654084320795 -11.3068106645739448 0.853951632976531982 3.5728001594543457 57.5
6.68630119800586087 -11.2658083050418369 0.800368428230285645 3.49160003662109375 60.5
6.69407859205923828 -11.2658083050418369 0.73247826099395752 3.4104001522064209 50.5
12.9677488042494495 2.38347883913692193 -0.629715263843536377 -1.21800005435943604 54.5
12.9600033171951896 2.42801442990280192 -0.618928015232086182 -1.29920005798339844 60.5
12.9658418490909462 2.42801442990280192 -0.481358379125595093 -1.38040006160736084 55
12.7342842364245783 -3.34841663906432618 -0.930660486221313477 -2.76080012321472168 47
12.7191762034840341 -3.4077974267521669 -0.92168349027633667 -2.84200000762939453 48.5
11.0455035618325148 -6.96734575537325806 -1.92170834541320801 -3.89760017395019531 45.5
10.2158966750472118 -8.18135297032465836 -1.71491587162017822 -4.46600008010864258 47.5
10.1732090811967986 -8.28691881510304107 -1.43972563743591309 -4.54720020294189453 47
6.69238195186817553 -11.3714208422214114 0.377920687198638916 3.49160003662109375 51.5
12.9372107404466306 2.45673947496748024 -1.67888224124908447 -1.21800005435943604 57.5
12.932852694917754 2.51811649088496603 -1.62051022052764893 -1.29920005798339844 63.5
12.9545538296443112 2.5479755797096888 -1.38311481475830078 -1.38040006160736084 58
12.7598380156329529 -3.44043056791529578 -1.25523471832275391 -2.76080012321472168 45.5
12.7683563335476009 -3.42715986177097509 -1.20386850833892822 -2.84200000762939453 49.5
13.0276020323040349 2.47061932311019827 -1.54923748970031738 -1.21800005435943604 60.5
13.0349978885608326 2.56237088473819297 -1.32120907306671143 -1.29920005798339844 68
13.0494816477709552 2.63410392382917147 -0.997516512870788574 -1.38040006160736084 64.5
12.9109420401870114 2.68413144767364287 -2.51667261123657227 -1.21800005435943604 60.5
13.0700344429329416 2.54656971098036911 -1.70874714851379395 -1.29920005798339844 70
13.1335839280905375 2.57676618976669713 -1.0487513542175293 -1.38040006160736084 66.5
13.1426618381613576 2.71936067292435979 -0.325805336236953735 -1.46160006523132324 50
13.3510564238539313 1.75780629447316183 -0.953648388385772705 -1.13680005073547363 56.5
13.3994033837146329 1.62959777395496563 -0.224563568830490112 -1.21800005435943604 59.5
12.9343844529448422 2.7109354272729087 -2.75727224349975586 -1.29920005798339844 61.5
13.1501705674614264 2.43764884406306948 -1.83872520923614502 -1.38040006160736084 58
13.4805799815530367 1.582672307954202 -0.223036199808120728 -1.13680005073547363 57
13.4415391136603368 1.88122571224138269 -0.258198827505111694 -1.21800005435943604 60.5
13.3218589313388023 2.60555698286994009 0.140674382448196411 -1.29920005798339844 63
13.2882434167581369 2.75992266349569837 0.293361753225326538 -1.38040006160736084 61.5
13.2620248681613049 2.88545079938917226 0.271154224872589111 -1.46160006523132324 50
10.2970040198119346 -8.75813196781087377 -1.24397814273834229 -4.62840032577514648 49.5
10.3052261867951493 -8.75813196781087377 -1.173919677734375 -4.70960044860839844 48
13.4585131124943036 1.79098300930557741 -1.40830123424530029 -1.05560004711151123 45
13.5335028047048542 1.65282146287343279 -0.659548401832580566 -1.13680005073547363 63
13.5362860967150347 1.7022867078923487 -0.440104901790618896 -1.21800005435943604 65.5
13.3791354288716597 2.6932973063747685 0.259625762701034546 -1.38040006160736084 58
10.4091175413279942 -8.65982927451849172 -1.72630822658538818 -4.62840032577514648 48
13.5333306529438246 1.68248371657639106 -1.54720652103424072 -1.05560004711151123 45.5
13.5801967272691115 1.66190287600664921 -1.09177613258361816 -1.13680005073547363 62
13.5988778103759262 1.64646724557934299 -0.857504606246948242 -1.21800005435943604 64
13.628154278419812 1.60016035429742387 -0.297538548707962036 -1.29920005798339844 53
11.155748626030995 -7.90304277878084616 -1.21112596988677979 -4.22240018844604492 47
6.89853100201614478 -11.8545641681712688 0.505180001258850098 3.5728001594543457 47.5
6.82930641110474035 -11.8854354290258826 0.687472820281982422 3.49160003662109375 50.5
6.78378658986754601 -11.8854354290258826 1.04513132572174072 3.4104001522064209 47
13.6370649953020884 1.69167759303014287 -1.26834285259246826 -1.13680005073547363 50
13.6565753062457613 1.71064645492956324 -1.00580811500549316 -1.21800005435943604 52.5
13.6470251250627062 1.98655717346658967 0.502298355102539062 -1.29920005798339844 45
11.2171063100207569 -7.91518873803094358 -1.40225124359130859 -4.14120006561279297 47
11.2475592674384082 -7.89104655015895418 -1.28988921642303467 -4.22240018844604492 49
7.03087423799398348 -11.8745075490372702 -0.0536270551383495331 3.5728001594543457 50.5
6.89640760205502446 -11.9503829966349535 0.260597139596939087 3.49160003662109375 53
6.73670543895907059 -12.0141873502966412 0.846226334571838379 3.4104001522064209 47.5
13.6310190673539022 2.44121018719434213 -0.866876304149627686 -1.29920005798339844 46.5
13.3414316339458949 -3.70862826023345082 -0.876316964626312256 -2.84200000762939453 45.5
11.3073420520868453 -7.84204096355114366 -1.7782207727432251 -4.14120006561279297 47
11.2270732184365531 -7.95820650512928474 -1.77071559429168701 -4.22240018844604492 48.5
7.15095004538022483 -11.8887629641985839 -0.19202229380607605 3.5728001594543457 49
6.937845001020567 -12.0153313900971543 0.117296770215034485 3.49160003662109375 50.5
7.66487308129110101 -11.6965716926340981 1.06797564029693604 3.89760017395019531 50.5
7.45926930520247655 -11.8139930746248805 1.22045469284057617 3.81640005111694336 47
13.8593318536438286 2.02974322583677802 -1.61526584625244141 -1.21800005435943604 47
7.92235547398867457 -11.6516423198425478 -0.53435128927230835 3.97880029678344727 48.5
7.82235153410175155 -11.7274053048347184 0.297978639602661133 3.89760017395019531 48
14.0220961402669637 1.78192963787830339 -1.06590771675109863 -1.13680005073547363 47.5
13.9845604149207574 1.91123467124322977 -1.30762100219726562 -1.21800005435943604 49.5
14.096206716152059 1.7664284983497367 -1.11319983005523682 -1.13680005073547363 47.5
14.1032302897065893 1.7094469338868421 -1.11319983005523682 -1.21800005435943604 48
12.3107511937577243 -7.06571399339894679 -1.25842118263244629 -3.73520016670227051 45.5
8.6962878059476143 -11.2449556119743832 0.994030296802520752 4.54720020294189453 54
8.62271024176325618 -11.2823497636531584 1.19163453578948975 4.46600008010864258 56.5
8.67806260791960327 -11.2449556119743832 1.14225399494171143 4.38479995727539062 47
11.9624749282795779 -7.79027946453444553 -1.19012033939361572 -3.97880029678344727 47
11.6696248598320746 -8.21631037275117393 -1.23196506500244141 -4.14120006561279297 48.5
11.6434319225820015 -8.24853119774235388 -1.26407146453857422 -4.22240018844604492 48
8.68090362438864105 -11.3578408093913286 0.920332014560699463 4.54720020294189453 59
8.53573119661578161 -11.456293330197715 1.04894232749938965 4.46600008010864258 60
8.44591245187861261 -11.5332653010099815 0.925205767154693604 4.38479995727539062 58.5
8.50486729209897518 -11.488514155188895 0.9417724609375 4.30360031127929688 52.5
14.2062425708227007 1.99555431382944981 -1.24917399883270264 -1.21800005435943604 45.5
12.7194373548776394 -6.61286032761337061 -1.35867798328399658 -3.5728001594543457 48
12.7077249861388992 -6.67943878533355928 -1.12198090553283691 -3.65400028228759766 45.5
12.2824365435538674 -7.4028047313745331 -1.30393552780151367 -3.81640005111694336 45
12.1072523983464482 -7.66731914447906782 -1.40949201583862305 -3.89760017395019531 48.5
12.1194730254485776 -7.7159034244370428 -0.971192419528961182 -3.97880029678344727 47
11.7365838875682904 -8.23413574398878545 -1.34597134590148926 -4.14120006561279297 51
11.7225285786771956 -8.25932759285588425 -1.31371223926544189 -4.22240018844604492 48.5
11.3015463065655428 -8.80994943237960904 -1.42121601104736328 -4.38479995727539062 46.5
8.71673218699324259 -11.4388988034389651 0.728145778179168701 4.54720020294189453 63
8.65223039781443504 -11.4838842478444985 0.786969840526580811 4.46600008010864258 69
8.60511550840312367 -11.5162737678164824 0.829118251800537109 4.38479995727539062 65
8.51160415049212737 -11.5738551366555651 0.97902834415435791 4.30360031127929688 52
14.2489928995168036 2.54677592519575491 -0.0759885236620903015 -1.29920005798339844 45.5
14.1440885537708336 3.07675131303833727 0.0631596371531486511 -1.38040006160736084 46.5
12.8289155989790835 -6.52973088775332133 -1.51893806457519531 -3.49160003662109375 48.5
12.7519241490560908 -6.71422743915244435 -1.35396432876586914 -3.5728001594543457 52
12.721044318301189 -6.79200539709521323 -1.25273025035858154 -3.65400028228759766 51
12.1561858951859598 -7.71810573353003271 -1.47771286964416504 -3.89760017395019531 47
11.8291316752247457 -8.23541959333542017 -1.33234715461730957 -4.14120006561279297 47
8.7881817566623841 -11.4984762474924818 0.280251592397689819 4.54720020294189453 61.5
8.78547063016020857 -11.4984762474924818 0.355234682559967041 4.46600008010864258 66
8.62197512871643745 -11.6088124203880358 0.650123119354248047 4.38479995727539062 58
14.3982569726563057 2.09452223574972285 0.0753905922174453735 -1.21800005435943604 49.5
12.8583138945293367 -6.61629029157399451 -1.60964775085449219 -3.49160003662109375 45
12.7713685640911159 -6.8653784394018702 -1.20881330966949463 -3.65400028228759766 49
8.82986018834226272 -11.5362357515902723 -0.807052671909332275 4.54720020294189453 51.5
8.87765732562900212 -11.4816909017009561 -1.02979850769042969 4.46600008010864258 55
9.06077092468366452 -11.3253289986849186 -1.15839099884033203 4.38479995727539062 51
8.99128962047207025 -11.4035099501929373 -0.905087769031524658 4.30360031127929688 49
12.1563952038207646 -8.03201072368610447 -1.26472020149230957 -3.97880029678344727 46
12.1228701909729981 -8.11973234251134457 -0.998304963111877441 -4.06000041961669922 46.5
8.86645915308303501 -11.6176318931678182 -0.554247379302978516 4.46600008010864258 48
8.85147401432733361 -11.5957014884615077 -1.04008054733276367 4.38479995727539062 49.5
13.1229925206104152 -6.40712697313638735 -1.68101334571838379 -3.49160003662109375 45.5
12.1289651270583576 -8.16137188693949689 -1.53955793380737305 -4.06000041961669922 47
8.92827263533403759 -11.6000592991273752 -1.34707021713256836 4.46600008010864258 48.5
14.5928645642578054 2.26169007504509878 -0.483424127101898193 -1.21800005435943604 50.5
14.6056210124582595 2.19522408100295685 -0.396834075450897217 -1.29920005798339844 48
10.0070820113791683 -10.5403988885163002 -2.65686488151550293 4.70960044860839844 46.5
13.2728387683158644 -6.54858728192288986 -1.21254873275756836 -3.4104001522064209 47
13.2381208986986376 -6.60240111903701887 -1.2972877025604248 -3.49160003662109375 46.5
13.0286488248470906 -6.98280927794724615 -1.42028534412384033 -3.5728001594543457 46
12.9842544536192648 -7.09229260173116494 -1.2771155834197998 -3.65400028228759766 45
12.262323930766911 -8.24465097579580508 -1.47771859169006348 -4.06000041961669922 47
13.1286160640669092 -6.99196559989187971 -1.22779941558837891 -3.5728001594543457 45
13.0909716100125131 -7.08148663184568328 -1.11114335060119629 -3.65400028228759766 46
8.95123848570193026 -11.8876470348655214 -1.14665389060974121 4.30360031127929688 48.5
8.90354235179436948 -11.936137593840499 -1.00558507442474365 4.22240018844604492 47.5
12.5532847334962394 -8.15736078002329812 -0.934101104736328125 -3.97880029678344727 45
13.3500731148351619 -6.91153563771353419 -1.12333583831787109 -3.49160003662109375 46.5
13.3678480688175831 -6.92283823074331917 -0.794096887111663818 -3.5728001594543457 47
12.7015894345729361 -8.03802740968210649 -1.14690566062927246 -3.89760017395019531 46.5
12.6920287717219029 -8.0267248166523224 -1.31899154186248779 -3.97880029678344727 46
8.92723409233119902 -12.056099231770677 -1.48681271076202393 4.30360031127929688 46.5
8.86754632831802958 -12.1371011484841382 -1.14588248729705811 4.22240018844604492 45.5
13.5160002674585371 -6.8190810889282476 -0.583432257175445557 -3.49160003662109375 46
12.780491573255043 -7.99661258179703438 -1.49523770809173584 -3.89760017395019531 47
9.08023062359502298 -12.1418149379572533 -1.38794314861297607 4.22240018844604492 47
13.6012685822741091 -6.93439360240032165 -1.00483071804046631 -3.5728001594543457 46
9.00801389257403606 -12.2704544086587433 -1.54325473308563232 4.22240018844604492 47.5
13.7088785130409718 -6.92035473832313919 -0.75232231616973877 -3.5728001594543457 45
15.1098337792047293 3.55989501687856658 0.213799342513084412 -1.38040006160736084 47.5
14.1076045304974507 -6.279771209610856 -1.60174930095672607 -3.32920026779174805 46
14.0191277927551248 -6.50675089188594757 -1.46693253517150879 -3.4104001522064209 45.5
13.5970972222949467 -7.44958957210555539 -0.805117130279541016 -3.65400028228759766 45.5
15.2588136428687537 3.24375039502662066 -0.0818943679332733154 -1.29920005798339844 48
15.1952105792675951 3.52835830228256198 -0.127626210451126099 -1.38040006160736084 54
15.1787015457023706 3.60048496371043747 -0.0595581680536270142 -1.46160006523132324 49.5
14.2089018707939694 -6.31010819032522274 -1.28438818454742432 -3.32920026779174805 46
14.1982883892006893 -6.38028548252531813 -1.02984035015106201 -3.4104001522064209 47.5
13.6576955667638611 -7.48557783467681581 -0.890778958797454834 -3.65400028228759766 48
15.3717917234681316 3.05955370934934834 -0.229756206274032593 -1.29920005798339844 45
15.266015297447046 3.54532151979661991 -0.291731119155883789 -1.38040006160736084 49.5
15.266015297447046 3.54532151979661991 -0.291731119155883789 -1.46160006523132324 45
14.3246538945445447 -6.34044517103959038 -0.555592656135559082 -3.32920026779174805 47.5
12.4809959370922812 -9.36082405696577169 -1.51833796501159668 -4.30360031127929688 48.5
14.3986252910185986 -6.37078253750959611 -0.394037783145904541 -3.32920026779174805 46.5
14.3575161718498094 -6.46525197272753349 -0.353246450424194336 -3.4104001522064209 45
12.5674861304439709 -9.32098427483640712 -1.8000187873840332 -4.22240018844604492 49.5
12.5429239581544998 -9.38396389831503086 -1.6367112398147583 -4.30360031127929688 51
14.1567748888168072 -7.05171214148491021 -0.538266301155090332 -3.49160003662109375 50
12.5894226545642756 -9.36536979867429586 -2.05595016479492188 -4.22240018844604492 47
12.5614306049833093 -9.36536979867429586 -2.22057628631591797 -4.30360031127929688 48
15.6026035337162678 2.79749482561173002 -1.24209654331207275 -1.29920005798339844 46.5
14.3171304512152471 -6.86657820831970067 -0.82456439733505249 -3.4104001522064209 47.5
14.2524053662477108 -7.01161877811349132 -0.718456685543060303 -3.49160003662109375 49
10.799585841314963 -11.7178646047455484 -1.12305092811584473 4.95320034027099609 46.5
14.8266461100879816 -6.24238620094849583 -1.10398602485656738 -3.24800014495849609 49
14.7735935717349438 -6.38343430749026197 -1.004158616065979 -3.32920026779174805 46.5
14.8553394116370505 -6.37466244639464996 -1.05953133106231689 -3.24800014495849609 47
9.12903153919216237 -13.2149242458127265 2.11343002319335938 4.22240018844604492 48
9.25828371474814915 -13.1400234803263487 2.01593422889709473 4.14120006561279297 48
15.1194284501355494 -5.89981323658826451 -1.21275568008422852 -3.08560013771057129 49.5
15.1307557220089084 -5.92218412442089814 -0.929322302341461182 -3.16680002212524414 52
9.22649222398474222 -13.2761050701303649 1.86883950233459473 4.14120006561279297 57.5
9.22649222398474222 -13.2761050701303649 1.86883950233459473 4.06000041961669922 48
15.1711279728226476 -5.93925943201277828 -1.37279796600341797 -3.08560013771057129 47.5
15.1890694205255325 -5.94947487651228446 -1.1038203239440918 -3.16680002212524414 49
9.18483218418784553 -13.4251371612507615 1.65138328075408936 4.22240018844604492 56
9.22026937026670446 -13.4128786278513559 1.55043339729309082 4.14120006561279297 58
9.22708185898296307 -13.4251371612507615 1.39612281322479248 4.06000041961669922 47.5
9.07810227002019943 -13.6611801660662326 0.8607369065284729 4.22240018844604492 51
9.20186241386789661 -13.5955014152678384 0.518385171890258789 4.14120006561279297 52.5
9.17382464441632095 -13.6242358687421365 0.0425527244806289673 4.06000041961669922 46.5
15.2462571533429507 -6.29683733045066596 -0.389185339212417603 -3.16680002212524414 46.5
15.2240954229444814 -6.33395032061049257 -0.598324894905090332 -3.24800014495849609 46.5
13.7284586537489197 8.97309628753153099 -1.80636715888977051 -3.49160003662109375 45
9.60347800568157872 -13.3833566181909855 -0.95340043306350708 4.22240018844604492 48
9.69705411609134416 -13.3276871329512456 -0.768042564392089844 4.14120006561279297 51
15.2932965606283524 -6.36274129675997013 -0.601044535636901855 -3.24800014495849609 46.5
9.72606873365064928 -13.3447728434324517 -1.43222343921661377 4.22240018844604492 46
9.76535055143098951 -13.3219895900911887 -1.37592399120330811 4.14120006561279297 47
15.5064193199946203 -6.05863996702874719 -0.257667660713195801 -3.08560013771057129 48
15.5251631685254949 -5.97333631364681761 -0.714922785758972168 -3.16680002212524414 46.5
15.7473317373984862 -5.61778220226473834 -0.433249503374099731 -3.00440025329589844 45.5
15.6239933201301469 -5.92291471771513045 -0.731811583042144775 -3.08560013771057129 51
15.5622293040650561 -6.07548097544032562 -0.794460415840148926 -3.16680002212524414 50
15.06401088163169 -7.59551082702825209 -0.386528909206390381 -3.4104001522064209 46
15.0389303652172917 -7.64822814259618777 -0.317515969276428223 -3.49160003662109375 48
15.7378083069112193 -6.48017233384377533 -0.423615038394927979 -3.16680002212524414 46
15.6293041595467219 -6.72908243333810319 -0.543120622634887695 -3.24800014495849609 48.5
15.7739180925409439 -6.56427593325149772 -0.709782660007476807 -3.16680002212524414 46
15.7233724984767456 -6.68180040471270686 -0.734245002269744873 -3.24800014495849609 49
12.7165811489685687 -11.3956001145931776 -0.915899276733398438 -4.79080009460449219 49
12.609698686758934 -11.5259454374865182 -0.747057020664215088 -4.87200021743774414 47
15.7596008449331517 -6.79910025031975618 -0.622801840305328369 -3.24800014495849609 46
15.0171433920286379 -8.2027023853289478 -1.47706806659698486 -3.65400028228759766 48.5
14.1776655952652355 -9.52260347558988585 -1.81507194042205811 -4.06000041961669922 48
12.8875624749874067 -11.2631559702266681 -1.42573118209838867 -4.70960044860839844 48.5
12.845910655085401 -11.3425646537057805 -1.14432942867279053 -4.79080009460449219 48.5
15.9193594577216917 -6.62185715336551439 -0.536192536354064941 -3.16680002212524414 46
15.8289214818726975 -6.80507911236163121 -0.835844933986663818 -3.24800014495849609 46.5
14.2329685430519337 -9.57711957434992911 -1.80662405490875244 -4.06000041961669922 46
16.0055632537801813 -6.59436009196050321 -0.701420724391937256 -3.16680002212524414 46
15.9126695259877078 -6.83466671382774482 -0.479492098093032837 -3.24800014495849609 47
15.6704728132605453 -7.3715679951167159 -0.501924633979797363 -3.32920026779174805 47
15.683180963104931 -7.32393965564753202 -0.743906140327453613 -3.4104001522064209 47.5
13.378476644633551 -11.0389037563341521 -1.3852924108505249 -4.54720020294189453 48.5
13.3129047837158883 -11.1323985094407831 -1.26345968246459961 -4.62840032577514648 48.5
16.3778643234549683 -6.17560196529694583 -1.27673864364624023 -3.08560013771057129 45
16.5079907026457207 -6.0808603460483388 -1.07238268852233887 -3.08560013771057129 45
16.1461400063777383 -7.23917020172726744 -0.431966543197631836 -3.32920026779174805 45.5
10.4236696757315119 -14.3375646906839158 -1.31606948375701904 4.30360031127929688 46.5
10.4061428727053045 -14.4649756632657187 -1.04841506481170654 4.22240018844604492 46
15.8111438359962655 -8.67319370283751745 -1.22027850151062012 -3.5728001594543457 47.5
15.7730603982860824 -8.77031540315575064 -0.998883962631225586 -3.65400028228759766 48
15.8610479122801422 -8.70918242302436418 -1.41416358947753906 -3.5728001594543457 49.5
15.8367227572493032 -8.78175894321623574 -1.22534191608428955 -3.65400028228759766 49.5
14.1806569008944621 -11.2380205484598257 -1.42773330211639404 -4.46600008010864258 47
10.8963457312314418 -14.4744797457660166 -1.08703339099884033 4.30360031127929688 46.5
11.3821289048901502 -14.1858503515853318 -1.16593444347381592 4.54720020294189453 46.5
15.9029368128277699 -9.4782830025226481 -1.79409003257751465 -3.73520016670227051 45.5
17.873000900005227 -5.6114653682314346 -0.793596982955932617 -2.92320013046264648 47
17.9130339223542592 -5.72094892106148745 -0.880111217498779297 -2.92320013046264648 45.5
15.2243616478259192 11.0396436211108391 -0.851905763149261475 -3.65400028228759766 45.5
15.0088979159675091 -11.7556802126334183 -1.51742744445800781 -4.38479995727539062 48
14.8920660356073036 -11.9301393822862405 -1.28986489772796631 -4.46600008010864258 48.5
15.0010248168820368 -11.888153441568889 -1.51032936573028564 -4.38479995727539062 52
14.9504668886486254 -11.9769247185291423 -1.29492318630218506 -4.46600008010864258 52
18.6637862839000199 -4.71362191049456847 -0.985153853893280029 -2.76080012321472168 47
15.0882792177011833 -11.9201404369124262 -1.33406937122344971 -4.38479995727539062 49.5
16.3018623802746916 -11.0844137017301847 -1.85071063041687012 -4.06000041961669922 47
16.4972871858550789 -10.9152959127264229 -1.9265141487121582 -3.97880029678344727 46
16.8082210336177695 -10.7824772150075106 -1.49083065986633301 -3.89760017395019531 45
16.7749883627151704 -10.8450351009149575 -1.40913021564483643 -3.97880029678344727 48.5
19.6285674648965625 -4.28745015368216187 -0.589169442653656006 -2.67960023880004883 46
16.7742513648897287 -10.930862957718082 -1.77503609657287598 -3.97880029678344727 47
17.2501570618273057 -10.6468550555218311 -1.47723388671875 -3.89760017395019531 45.5
16.4976373691205715 -12.4392625875887575 -1.25807046890258789 -4.30360031127929688 47.5
16.4086195178420162 -12.5349691202859468 -1.45662891864776611 -4.38479995727539062 48.5
16.5097285687166391 -12.5154852576862776 -1.54666697978973389 -4.30360031127929688 47
16.509925500230672 -12.5440416438788827 -1.29231607913970947 -4.38479995727539062 46.5
18.2154345644851823 -10.0725032015315357 -1.21042633056640625 -3.65400028228759766 45.5
16.121585462469195 -13.4356521952343773 -0.760073363780975342 -4.54720020294189453 46
16.0423573766197194 -13.5484906804677934 -0.284903585910797119 -4.62840032577514648 46.5
17.334603664036198 -12.3127412332926269 -1.26409614086151123 -4.14120006561279297 47.5
17.4406019382841393 -12.3080171002772065 -1.10849452018737793 -4.14120006561279297 48.5
17.4988070255008807 -12.2599389084792509 -0.613430023193359375 -4.22240018844604492 45
17.6142495367707923 -12.1796590705500147 -1.22336077690124512 -4.14120006561279297 47
21.203258335934283 -3.90023794385887301 -1.33040773868560791 -2.59840011596679688 46.5
21.2837044164180895 -3.91378057424168402 -1.22143995761871338 -2.59840011596679688 46.5
20.2168862013617456 -8.00141072698333033 -0.56341862678527832 -3.16680002212524414 45.5
18.0922021445911128 -12.1307748804195068 -1.35911703109741211 -4.06000041961669922 45.5
16.5194057790701727 -14.3617535079157843 -0.677746295928955078 -4.70960044860839844 50
16.6450319113360052 -14.309335343045344 -1.04234850406646729 -4.70960044860839844 50
20.4650033142200556 -8.11177543387909594 -1.25908184051513672 -3.16680002212524414 45
20.4085570024050469 -8.69958509538977687 -0.805018961429595947 -3.24800014495849609 46.5
20.474271220881235 -8.74846020471098917 -0.666584193706512451 -3.24800014495849609 48.5
20.3222986133373666 -9.11031188355681465 -0.426711499691009521 -3.32920026779174805 45.5
18.669605874896483 12.063578277829281 -1.44624590873718262 -3.4104001522064209 47
20.5145584317027101 -8.81701569607038493 -0.967281341552734375 -3.24800014495849609 46
18.6935510411630332 12.0343746070216291 -2.29074335098266602 -3.4104001522064209 46.5
19.9491642084925225 -10.1972725371350386 -0.962891519069671631 -3.49160003662109375 47
20.105228022417748 -10.0767391464257834 -0.699381589889526367 -3.49160003662109375 46.5
19.169907323160583 -11.6962150806727863 -1.40115153789520264 -3.81640005111694336 46
18.6449020759935635 -13.4163562038536615 -1.58735096454620361 -4.22240018844604492 48
18.7456916160827234 -13.3936660033051389 -1.67892253398895264 -4.14120006561279297 48
18.8079377156027583 -13.3532540800193029 -1.24985027313232422 -4.22240018844604492 48
21.41895682670458 -8.84419468723349134 0.298611074686050415 -3.16680002212524414 45
20.5352799009512523 11.9787244291078352 -0.251236945390701294 -3.16680002212524414 46
23.8485114064721095 -0.253324277794260921 0.0829275399446487427 -2.35480022430419922 45
20.6337483828666493 11.9539256262680063 -0.417864620685577393 -3.08560013771057129 53.5
20.5981760405905412 12.0165116243112937 -0.375595808029174805 -3.16680002212524414 62.5
20.6465412505086725 11.9360439125413507 -0.271537959575653076 -3.24800014495849609 61
20.6569329781041233 11.9211424844358067 -0.00325075350701808929 -3.32920026779174805 48
23.920960491504065 -0.164431172601168546 -0.407763481140136719 -2.35480022430419922 47.5
23.9230725133785569 -0.254120903110896856 -0.166373088955879211 -2.43600010871887207 47
20.6989498059329904 11.9735790230487265 -0.769762158393859863 -3.08560013771057129 60.5
20.7673686049867463 11.862961688753396 -0.626283884048461914 -3.16680002212524414 70.5
20.7124264574909809 11.9586307346304395 -0.626283884048461914 -3.24800014495849609 69.5
20.7707748116361124 11.862961688753396 -0.50072169303894043 -3.32920026779174805 54
23.9965992981629981 -0.383875777006696506 0.125989228487014771 -2.35480022430419922 45.5
23.9985191876808379 -0.0959689442516741265 -0.24870532751083374 -2.43600010871887207 46.5
20.7626523231133291 11.9961180314592664 -1.00272655487060547 -3.08560013771057129 62
20.8178056244508589 11.9001490872075912 -1.00272655487060547 -3.16680002212524414 72.5
20.8042532125704973 11.9001490872075912 -1.25279402732849121 -3.24800014495849609 72
20.813905371701324 12.0336062816538991 -1.25670909881591797 -3.08560013771057129 58
20.7877252753521695 12.0336062816538991 -1.63353657722473145 -3.16680002212524414 68.5
20.8330310659194851 11.9373374314006675 -1.75796961784362793 -3.24800014495849609 68.5
20.7706747913162246 11.9373374314006675 -2.38426351547241211 -3.32920026779174805 58
20.8761971720554698 12.0861834000133399 -1.15373766422271729 -3.08560013771057129 48.5
20.9263828019661666 11.974525775593742 -1.38556766510009766 -3.16680002212524414 56
20.8868788762070245 11.974525775593742 -1.88986408710479736 -3.24800014495849609 56
22.6376301683697321 -8.62131026201828021 -0.247733429074287415 -3.08560013771057129 50
22.6195529653932255 -8.65460886204714264 0.551581680774688721 -3.16680002212524414 46
20.178568563945479 -13.271005684230385 -1.88585233688354492 -3.97880029678344727 45
22.724528410694969 -8.60549065088080489 -0.177265405654907227 -3.08560013771057129 48.5
18.7677298699346906 14.6390509625604661 -4.89495563507080078 -3.49160003662109375 45.5
18.3335574991409551 14.9126753947775459 -5.96937847137451172 -3.49160003662109375 46
20.9736101295307158 12.1232772608882851 3.30701446533203125 -3.5728001594543457 45.5
25.6670277829692175 -2.61462901667119407 -0.0861885026097297668 -2.51719999313354492 47
21.3830161775373249 -14.6667354954858151 -1.02763116359710693 -4.06000041961669922 47.5
21.3006677654537526 -14.7640165180072778 -1.30688011646270752 -4.14120006561279297 47.5
15.0569853527260573 -22.0237112111416842 -1.06460821628570557 4.06000041961669922 49
15.1284070118559857 -22.0855761960253751 -0.50926506519317627 4.06000041961669922 50
15.1298177979023958 -22.0855761960253751 0.46546211838722229 3.97880029678344727 45.5
20.140758017584794 -17.7521743620515551 -0.36426958441734314 -4.70960044860839844 48
20.2209768290237371 -17.7647520449029592 -0.693802773952484131 -4.70960044860839844 47.5
26.0703240061275423 -6.90976447424382911 -1.26231098175048828 -2.76080012321472168 46.5
24.7437492948505202 -10.7965069910059839 0.42704126238822937 -3.24800014495849609 46
14.8427278690924123 -22.642561593325496 -2.03234958648681641 3.97880029678344727 46.5
14.819340131286479 -22.7527374861235288 -1.97502708435058594 4.06000041961669922 45.5
15.118415663570083 -22.5826362788409085 -1.63055002689361572 3.97880029678344727 49.5
15.3479085578095464 -22.5595631248338719 -0.8932303786277771 4.06000041961669922 45.5
15.3286296314543424 -22.5186263703354577 -1.79850554466247559 3.97880029678344727 46.5
28.0367918819361464 -3.02699553991977854 0.124969631433486938 -2.51719999313354492 45.5
28.0737073006364675 -3.34597054265619898 0.383599847555160522 -2.51719999313354492 46
28.2764693578114752 -2.04053970460815615 0.00193188246339559555 -2.43600010871887207 45.5
19.244860396638078 -20.7950834480032611 -0.960426807403564453 5.03439998626708984 48.5
19.1070899258456706 -20.9226171795412696 -0.941106438636779785 4.95320034027099609 49.5
19.8659878924861459 -20.3279570248556922 -0.312000125646591187 5.19680023193359375 47.5
19.4425635425854999 -20.7186743536577396 -0.83899998664855957 5.03439998626708984 47.5
19.3928904965268565 -20.7612980622543262 -0.930039346218109131 4.95320034027099609 46
18.0727393747598164 -22.0340587082456096 0.355568230152130127 4.62840032577514648 46
17.9821005741982596 -22.1088470116031601 0.305051326751708984 4.54720020294189453 46
27.2846491360972969 -8.70678293095026312 0.749970912933349609 -2.92320013046264648 45
27.1225298280794647 -9.22947631414053404 0.0878959670662879944 -3.00440025329589844 45
15.7582415892455501 -23.9538494370582811 2.70758152008056641 3.97880029678344727 49
16.2079282725795153 -23.8610769579375237 1.31064271926879883 4.06000041961669922 49.5
16.0502830560712724 -23.9512821483123091 1.57803845405578613 3.97880029678344727 51
26.4972065816271467 -11.8383697017027743 -0.449177384376525879 -3.32920026779174805 46.5
21.611600837238079 -19.4834203804635706 -0.380906373262405396 -4.79080009460449219 48
21.340359575005067 -19.7815988931918305 -0.295602738857269287 -4.87200021743774414 48.5
22.3974892532013889 -18.6659603891355559 -1.05595910549163818 -4.54720020294189453 48.5
22.2525027270444511 -18.8227252908411877 -1.30836343765258789 -4.62840032577514648 47
19.3913872111939334 -21.7976127278596685 0.137244343757629395 4.95320034027099609 45.5
19.2238563764233348 -21.9325034572342794 0.767691254615783691 4.87200021743774414 45
18.6137300178908056 -22.4647749839557243 -0.208849266171455383 4.70960044860839844 47
18.6938107155655011 -22.3991524669626685 0.0079562310129404068 4.62840032577514648 47.5
22.438619986508396 -18.7139453493846837 -1.36352241039276123 -4.54720020294189453 49
22.4289090528172217 -18.7139453493846837 -1.51489555835723877 -4.62840032577514648 46
19.4653682504535972 -21.8317178851317841 -0.195428535342216492 4.95320034027099609 47
17.7664567013557857 -23.2352637863356364 -0.195428535342216492 4.38479995727539062 46.5
17.6924791162743169 -23.3864514547023212 -0.0759721919894218445 4.38479995727539062 51.5
17.812747692512346 -23.294840472820848 0.109959244728088379 4.30360031127929688 46.5
28.7853609911960184 -5.84503383845183055 -1.26438558101654053 -2.67960023880004883 45.5
17.85756649807578 -23.3544186744426661 -0.19643072783946991 4.38479995727539062 46
21.4458476340625346 -20.3238239559970992 0.469387650489807129 -4.95320034027099609 46.5
22.812883732681815 -18.8872330188458548 -0.696745097637176514 -4.54720020294189453 48
21.4378365730793448 -20.3754077882649121 1.70372140407562256 -4.95320034027099609 47
21.3210626197121194 -20.5642060799076312 0.407974600791931152 -5.03439998626708984 47
22.8989820618569908 -18.8830898783925534 -1.07496094703674316 -4.54720020294189453 49
22.9401382509884755 -18.9307749326401265 -1.38799583911895752 -4.54720020294189453 47.5
29.5780745107354761 -3.97995587894619085 -0.565716981887817383 -2.51719999313354492 47
29.4419517564665298 -4.67747391958624537 -1.52158129215240479 -2.59840011596679688 45.5
25.1457095386187497 -16.0279947627289445 -1.34880077838897705 -3.89760017395019531 46
22.9671923415952257 -19.0306793761794459 -1.1678396463394165 -4.54720020294189453 47.5
20.8165167589286852 -21.3656862929744911 1.09666335582733154 5.19680023193359375 48.5
20.4976443370522503 -21.6044090448513018 2.02944397926330566 5.1156001091003418 48
20.6073193100984398 -21.6773891064362516 0.966885745525360107 5.1156001091003418 49.5
22.1600088021956729 -20.220957742392315 -0.216800600290298462 -4.79080009460449219 45.5
21.7752827208695123 -20.6333243259412882 0.321106642484664917 -4.95320034027099609 45.5
20.367999755458456 -22.1280398821715494 0.00820166710764169693 5.03439998626708984 46
20.3623980740485422 -22.1280398821715494 0.477727025747299194 4.95320034027099609 45
21.8046149085771042 -20.7364906786455663 1.89190328121185303 -4.95320034027099609 46.5
20.7323274135537652 -21.8215396095049243 1.73596632480621338 5.1156001091003418 45.5
22.3166024119841637 -20.3726138873271232 -0.69025576114654541 -4.87200021743774414 45
21.938596223344689 -20.7880731990820316 0.323514938354492188 -4.95320034027099609 47
29.4446803835838011 -7.14848700493977329 0.00413085101172327995 -2.76080012321472168 45
22.2465903294420038 -20.5178236651316901 1.48262262344360352 -4.87200021743774414 48.5
22.1268701780216581 -20.6995648601725293 0.140470460057258606 -4.95320034027099609 48.5
25.8674163729545512 -15.7898913504086984 -2.04860901832580566 -3.81640005111694336 48
21.7799065400829832 -21.1683230916416605 -0.422444075345993042 -5.03439998626708984 48.5
21.5769734996930431 -21.377083674399465 -0.308554410934448242 -5.1156001091003418 47.5
25.9920306248662918 -15.7946329700597179 -1.46508216857910156 -3.81640005111694336 47
21.6884124404346146 -21.3613754502325364 0.711997568607330322 -5.03439998626708984 48
21.7517715830752962 -21.3081051872643741 0.166077703237533569 -5.1156001091003418 47
22.662052218179376 -20.4375061528075896 -0.717912077903747559 -4.79080009460449219 47
21.7911871100712844 -21.3605887375368582 0.80321425199508667 -5.03439998626708984 47
24.2738267770257394 -18.5987816278330094 -1.10753548145294189 -4.30360031127929688 50.5
24.1687789315606558 -18.7632034226514364 -0.415145218372344971 -4.38479995727539062 49.5
24.3639390994207865 -18.5753709148802812 -1.51977312564849854 -4.30360031127929688 48
22.4343095166171302 -20.902083697656245 0.8719673752784729 -4.87200021743774414 46
22.6904195701330096 -20.7264816538117778 1.05849456787109375 -4.70960044860839844 45.5
22.682320727049408 -20.7264816538117778 1.21980941295623779 -4.79080009460449219 52
22.6514403386309304 -20.7264816538117778 1.69934725761413574 -4.87200021743774414 50
22.2848477006222296 -21.1491574012940369 1.28893435001373291 -4.95320034027099609 45.5
22.7118943799298307 -20.8309595742584577 0.649330615997314453 -4.79080009460449219 53
22.6511725263104786 -20.8733302390729634 1.18708336353302002 -4.87200021743774414 52
22.7453354615534735 -20.7387953885213605 3.46450376510620117 -4.79080009460449219 47
23.4456802217975024 -20.0324119587400986 3.62010288238525391 -4.62840032577514648 47.5
22.9884572980790196 -20.7890108996570682 1.85752320289611816 -4.79080009460449219 47.5
22.9087639296825287 -20.7890108996570682 2.66611480712890625 -4.87200021743774414 46
31.0941208582583073 -0.696196627012300673 -1.19863557815551758 -2.35480022430419922 45.5
31.1180884488908802 -0.641745494173349806 -0.135808601975440979 -2.43600010871887207 48
23.477779549224195 -20.1274723172550623 3.52766847610473633 -4.62840032577514648 46
31.1703394896386854 -0.748557783467681648 -1.13563013076782227 -2.43600010871887207 49
23.6657568310570348 -20.2929336611941835 1.25253689289093018 -4.62840032577514648 45
31.264936795582841 -0.625297682897519969 -0.488261967897415161 -2.43600010871887207 46.5
28.4185461582357561 -13.4023540838054913 -0.542016446590423584 -3.32920026779174805 46
28.4863715382159555 -13.4343409332840604 -0.543310046195983887 -3.32920026779174805 50
24.0265177184817595 -20.3699719688675707 -0.201870039105415344 -4.62840032577514648 46.5
28.5978065499143987 -13.3834694051792127 0.170060589909553528 -3.32920026779174805 48.5
25.4389244031514039 -18.6863535091181454 -0.81362384557723999 -4.22240018844604492 49
21.7058738175724635 -23.0337473426854267 -0.155360519886016846 5.1156001091003418 45.5
21.4340936958179498 -23.2868654453522979 -0.155360519886016846 5.03439998626708984 46.5
18.7581810549593442 -25.6503254251757333 -1.19646918773651123 4.30360031127929688 46.5
22.6815996676782845 -22.3610465077053426 1.2427222728729248 -5.1156001091003418 47.5
18.6869443834111451 -25.7466698656585926 -1.98062610626220703 4.30360031127929688 46
18.6558278592599862 -25.8303146780315558 -0.877837121486663818 4.22240018844604492 49.5
22.6136895913775611 -22.5573884214011393 0.766673266887664795 -5.1156001091003418 48.5
18.6748002150436143 -25.9150457067813811 -0.681740224361419678 4.22240018844604492 47.5
18.8521885956174771 -26.0734244348994331 -0.0482603944838047028 4.30360031127929688 47.5
19.0142982370521629 -25.9528072054396048 -0.372901469469070435 4.22240018844604492 49
32.2402840385472089 -0.773749613029122596 -0.167101830244064331 -2.35480022430419922 48
32.2124060818893696 -1.54749922605824519 0.169298037886619568 -2.43600010871887207 50
32.2993625435216458 -1.20775607115885952 -0.445156067609786987 -2.35480022430419922 48.5
32.2941433144078403 -1.20775607115885952 0.731604278087615967 -2.43600010871887207 51
32.2837853519818268 -1.55109809807693 0.506859362125396729 -2.51719999313354492 45
26.9462414694481538 -17.8012742662110206 -1.38577854633331299 -3.97880029678344727 47
32.3949809613732711 -0.259116161682602431 0.508035421371459961 -2.43600010871887207 47.5
27.0598637065267411 -17.7939926655474672 -0.947497665882110596 -3.97880029678344727 47
32.3331537670731706 -2.94209501440850829 -0.732788205146789551 -2.51719999313354492 45.5
24.6303722831368788 -21.1709947579744373 2.15323209762573242 -4.62840032577514648 47.5
24.5984174363205277 -21.1709947579744373 2.49189567565917969 -4.70960044860839844 45.5
32.6196724460622889 0.0733825032705672231 0.584953963756561279 -2.35480022430419922 48.5
32.6118301074484265 -0.0570752803215522908 0.925174236297607422 -2.43600010871887207 48
32.6936263292259213 0.392273068781029743 0.512739419937133789 -2.35480022430419922 46
32.7708087713372365 -0.524230382380934556 0.00223341980017721653 -2.35480022430419922 46
32.7017489807082029 -1.22456940884296417 -1.81571722030639648 -2.43600010871887207 47
27.4549569026867459 -18.0823220748355773 -1.81954395771026611 -3.97880029678344727 48.5
25.5002514526960162 -20.8018704005389452 1.03689336776733398 -4.46600008010864258 49
25.4464149898980061 -20.88827057427536 0.464644193649291992 -4.54720020294189453 50.5
24.3014757592380484 -22.1184444765224235 2.06603384017944336 -4.79080009460449219 50
24.2769134060223166 -22.1925017682964949 1.47653472423553467 -4.87200021743774414 48
27.6597926703934363 -17.946192575063062 -1.36750781536102295 -3.89760017395019531 46
27.6678066907704867 -17.946192575063062 -1.19440102577209473 -3.97880029678344727 49.5
25.8457363392009114 -20.4327629157714767 1.87086176872253418 -4.38479995727539062 51.5
25.5083394319548376 -20.9358501157158017 0.121493056416511536 -4.54720020294189453 54
25.3614213609790085 -21.1131677353683074 0.179985687136650085 -4.62840032577514648 49
24.4455369162959038 -22.0946001418170717 1.80122554302215576 -4.79080009460449219 50
24.3251912247004967 -22.1688261221367249 2.41416740417480469 -4.87200021743774414 47.5
30.9051842510604651 -11.7708911869372006 0.520874440670013428 -3.08560013771057129 46
30.7550315867576636 -12.1676627999800271 0.178139477968215942 -3.16680002212524414 47
27.7481632156704165 -17.9869797912748233 -0.680946111679077148 -3.97880029678344727 47.5
26.2278325713610876 -20.1030950608365657 1.38639020919799805 -4.30360031127929688 47
26.0537900187634612 -20.2808156791786658 1.96065950393676758 -4.38479995727539062 50.5
25.5602887182819032 -20.9834320772753387 -0.568220615386962891 -4.54720020294189453 49.5
24.61128422976698 -21.8679021313499717 3.16785359382629395 -4.79080009460449219 45.5
30.9955040700659445 -11.739589085298018 0.619223535060882568 -3.00440025329589844 48
30.9955040700659445 -11.739589085298018 0.619223535060882568 -3.08560013771057129 51
30.9113109333088261 -11.9301399314249448 1.04171991348266602 -3.16680002212524414 46
26.5648768309253711 -19.829715226295562 0.110743261873722076 -4.30360031127929688 47.5
30.9912837614730599 -11.9197654357164389 1.16632819175720215 -3.00440025329589844 45
31.0440540096854818 -11.7661495105609148 1.31346166133880615 -3.08560013771057129 46.5
27.7513627841328265 -18.1842422087332594 -2.84347844123840332 -3.97880029678344727 45.5
27.3338065795780238 -18.945733358435362 -1.67703700065612793 -4.06000041961669922 49
27.266800074293819 -19.0996960499051873 -0.783176839351654053 -4.14120006561279297 47.5
27.3989550967137454 -19.1522902163519575 -1.17878448963165283 -4.14120006561279297 46.5
27.4588506160061705 -19.2287471632256874 -0.438827693462371826 -4.06000041961669922 46.5
27.5766889860390805 -19.0360407646399814 -1.03979372978210449 -4.14120006561279297 48.5
28.3425069558578819 -18.0415629423970252 0.405450612306594849 -3.89760017395019531 47.5
33.58328528326971 -2.263911348848199 1.02149975299835205 -2.43600010871887207 47
28.9908189162132501 -17.0550793622337373 -1.63171482086181641 -3.73520016670227051 45.5
28.2397930216840791 -18.1786190093386999 2.4612581729888916 -3.97880029678344727 46.5
33.6505858525008961 -2.56417022922441795 0.354345351457595825 -2.43600010871887207 47
26.8844436406739078 -20.2814056452964273 -2.2257235050201416 -4.30360031127929688 49.5
26.5953513259362992 -20.6947093993490476 -1.86513602733612061 -4.38479995727539062 48
28.194803338553232 -18.6653602720553877 0.887742519378662109 -3.97880029678344727 49
28.0138418102317779 -18.9358727397663351 0.887742519378662109 -4.06000041961669922 48.5
27.5750067806330392 -19.5867933651957991 0.32746085524559021 -4.14120006561279297 45.5
27.2656093085864946 -20.0179226106101247 0.00691786967217922211 -4.22240018844604492 48.5
26.5066503153623181 -20.9182219172106194 -1.98900079727172852 -4.38479995727539062 47.5
26.287037739296558 -21.2817230456972055 -0.458898276090621948 -4.46600008010864258 51
33.8907767757709237 0.232987115379271803 0.755699992179870605 -2.27360010147094727 47.5
33.892624531871455 -0 0.707176566123962402 -2.35480022430419922 52.5
33.8735973089936877 -0.076250328669579856 1.33552646636962891 -2.43600010871887207 49
29.1697216216074011 -17.1690323387670674 1.88727474212646484 -3.73520016670227051 45
28.0809718434275979 -18.9778595799843224 0.714105665683746338 -3.97880029678344727 55.5
28.0809718434275979 -18.9778595799843224 0.714105665683746338 -4.06000041961669922 54.5
27.5163396484016971 -19.7530712547917169 1.37016820907592773 -4.14120006561279297 50.5
27.4207402666922313 -19.9055719121308776 1.03987729549407959 -4.22240018844604492 50.5
26.2348087499691189 -21.4559952617456666 0.764943957328796387 -4.46600008010864258 52.5
26.2291018575368966 -21.4559952617456666 0.940538704395294189 -4.54720020294189453 50.5
33.9592587046494785 -0.110383037260102679 1.02828443050384521 -2.27360010147094727 57
33.9583683589437442 -0 1.06301403045654297 -2.35480022430419922 63.5
33.9485396549324889 -0.0764190257954557028 1.33848118782043457 -2.43600010871887207 61
33.9591205530775895 -0.233502578819447998 1.01207900047302246 -2.51719999313354492 48
28.358798773538112 -18.7099248155874065 0.134345218539237976 -3.89760017395019531 48
28.1515864887422715 -19.0198464202023096 0.185303464531898499 -3.97880029678344727 56
27.5154822402078949 -19.9241382254485337 0.477145522832870483 -4.14120006561279297 48
26.8310733987507781 -20.7265379963008201 -2.19202351570129395 -4.30360031127929688 47
34.040278266937456 -0.0765877229213315497 0.810101568698883057 -2.27360010147094727 59.5
34.0333324020201431 -0 1.0653606653213501 -2.35480022430419922 67.5
34.0299769038181381 -0.0765877229213315497 1.16512787342071533 -2.43600010871887207 65
34.0469480630375685 -0.182959560312069835 0.417845606803894043 -2.51719999313354492 51
28.26131609587339 -18.9256773085601502 -1.5872800350189209 -3.97880029678344727 51.5
28.2006271912318773 -19.0618332604202969 -0.879720628261566162 -4.06000041961669922 52
34.1049297434011223 -0.0767564114669151421 1.16769421100616455 -2.27360010147094727 56
34.0731504676500734 -0.0767564114669151421 1.87889087200164795 -2.35480022430419922 64
34.0629552755653577 -0.0767564114669151421 2.05541276931762695 -2.43600010871887207 62.5
34.1194275010536572 0.0767564114669151421 0.611848354339599609 -2.51719999313354492 51.5
34.1671579500606555 -0.183765537193889605 1.48712575435638428 -2.27360010147094727 46.5
34.0491270582465759 0.136755748609406202 3.20597028732299805 -2.35480022430419922 52.5
33.819415194208581 -0.0769251085927909889 5.08736371994018555 -2.43600010871887207 52
34.0984658118552844 -0.235048942922416931 2.6228630542755127 -2.51719999313354492 47.5
28.020559825103895 -19.5560720511450903 1.43121635913848877 -4.14120006561279297 47
27.6746247978419859 -20.0817269598624932 0.692455112934112549 -4.22240018844604492 46.5
27.6891495756043469 -20.1643131846379724 -1.21953177452087402 -4.22240018844604492 48.5
27.7225313706222316 -20.1257662817786382 -1.09108304977416992 -4.30360031127929688 47.5
27.6608746627165019 -20.3286229706530115 -1.24326300621032715 -4.22240018844604492 46
34.4089245962771599 -0.550621866456309506 0.8964499831199646 -2.35480022430419922 45
34.7248001264243058 0.0607490954728230684 0.10180211067199707 -2.35480022430419922 46.5
34.7055188346017829 -0.186586507523670869 1.1480032205581665 -2.43600010871887207 46
30.0644176217590484 -17.2180293454401401 -2.34435248374938965 -3.65400028228759766 45
30.3050539822049743 -16.9377703883874453 -2.3991234302520752 -3.65400028228759766 47.5
34.8644402135518021 0.745211972868346506 -0.425590634346008301 -2.35480022430419922 51
34.8567677580194299 1.03719561136062266 -0.442235648632049561 -2.43600010871887207 46.5
30.3652294366157136 -16.8740395260013898 -3.07981991767883301 -3.65400028228759766 46
34.939418267042079 0.746814595564167072 -0.426505863666534424 -2.35480022430419922 50.5
34.9450609916445813 0.55901911246908409 -0.181091755628585815 -2.43600010871887207 49.5
34.9995174067709982 1.23423190379717251 -0.510990679264068604 -2.43600010871887207 46.5
29.9676794322365723 -18.0057803270268373 2.11677336692810059 -3.73520016670227051 47.5
29.6694000173975674 -18.2990198219006324 3.4092860221862793 -3.81640005111694336 46.5
35.0969695758633691 0.280709180240770295 0.366125941276550293 -2.35480022430419922 52
35.0991412705026562 0.114038104472812929 0.217761993408203125 -2.43600010871887207 51
30.1510571615104972 -17.8864380784665826 1.73183655738830566 -3.73520016670227051 49
30.001959655294975 -18.1057421255296838 2.01858639717102051 -3.81640005111694336 48.5
35.1732908832004085 -0.33844988129342346 0.0767421126365661621 -2.35480022430419922 55
35.1742918897758301 -0.189004479163859845 -0.119905486702919006 -2.43600010871887207 53.5
29.830876276752317 -18.5663934880963737 -1.63972318172454834 -3.89760017395019531 46
35.2454906303367466 -0.563817547478585479 0.00240207603201270103 -2.35480022430419922 55
35.2435720615076917 -0.563817547478585479 0.367690563201904297 -2.43600010871887207 55
29.7171671333060274 -18.8878878405326134 -1.6432192325592041 -3.89760017395019531 47
35.30988451266564 -0.940223886923947982 -0.42867356538772583 -2.35480022430419922 51.5
30.662718315304204 -17.5155323160292262 0.927110254764556885 -3.65400028228759766 48
30.4312738702273222 -17.8377686716416584 1.89927208423614502 -3.73520016670227051 45.5
29.8867193624145173 -18.7735783619133834 -1.48070132732391357 -3.89760017395019531 45
35.3625304131488889 1.59690830603332934 0.318575292825698853 -2.43600010871887207 45.5
30.7397314870247591 -17.5527206602223025 -0.362012952566146851 -3.5728001594543457 47.5
30.8343145414939102 -17.3890486177756713 0.161700189113616943 -3.65400028228759766 52
30.7367620181404142 -17.5527206602223025 0.559898555278778076 -3.73520016670227051 46
35.4345904946412702 1.41854104874317555 0.923792660236358643 -2.35480022430419922 51.5
35.4399280218187727 1.21462577298634411 1.00599420070648193 -2.43600010871887207 48.5
30.9284435373643269 -17.3638290247719347 0.63605344295501709 -3.65400028228759766 48.5
35.52804803663971 0.568616043503498481 1.11229276657104492 -2.35480022430419922 50.5
29.6737451738674167 -19.5772726853118577 -0.0436263903975486755 -3.97880029678344727 47
35.6172476283278385 -0 0.743161201477050781 -2.35480022430419922 53
29.6461553694417432 -19.7521237969943435 0.315741926431655884 -3.97880029678344727 47
35.6988590836669673 0.285507615250271685 -1.56049657107359963e-06 -2.35480022430419922 48
35.6929808255393652 0.191825428996276304 0.681455075740814209 -2.43600010871887207 47
31.5383614593688151 -16.7245007745823209 -0.335874885320663452 -3.5728001594543457 45.5
34.9128866253588868 -7.7651343927989247 0.802375197410583496 -2.67960023880004883 45
31.2473520858085791 -17.4123192054990277 0.514616310596466064 -3.65400028228759766 48
31.0675177348857794 -17.7386604897099183 0.00731668295338749886 -3.73520016670227051 47.5
31.2089119936575869 -17.6324952142747442 0.567015886306762695 -3.65400028228759766 47.5
26.9260117066396312 -23.752212628353405 1.19501566886901855 -4.70960044860839844 50
26.8684298428841615 -23.8464852545479644 0.195938989520072937 -4.79080009460449219 49.5
31.8923787077006082 -16.6985962997912978 -0.181622833013534546 -3.49160003662109375 45.5
31.6649345220351144 -17.0809725620440638 1.253928542137146 -3.5728001594543457 47
30.988355989948154 -18.3090751455147043 -0.706810474395751953 -3.73520016670227051 46
31.1254616937540725 -18.2164898666817123 -0.877947211265563965 -3.73520016670227051 51.5
31.2277806900245842 -18.0542048790052583 -0.526309430599212646 -3.81640005111694336 46.5
31.1690400292107839 -18.2543623714408412 -1.44632947444915771 -3.73520016670227051 49.5
31.2427102306935787 -18.0917399895126358 -1.84518086910247803 -3.81640005111694336 46
28.2452319085216104 -22.2205415751342485 3.90858912467956543 -4.38479995727539062 49.5
35.166458197628593 -8.69118806293094259 -0.185228049755096436 -2.76080012321472168 46.5
30.1407461366274916 -20.0847924141794714 -0.622336864471435547 -4.06000041961669922 46
31.6115158922133439 -17.8039276095680421 -1.1926497220993042 -3.65400028228759766 46.5
31.3102046890359489 -18.2892830883511692 -1.69216632843017578 -3.73520016670227051 45.5
30.0914992029179693 -20.1762726133397798 -2.26052474975585938 -4.06000041961669922 46
27.1274013555317453 -24.0364362810448533 2.0110015869140625 -4.70960044860839844 47
31.3315672835296581 -18.3679779594426122 -2.02258467674255371 -3.73520016670227051 45
27.0137346585978868 -24.2406400538746496 2.40626144409179688 -4.70960044860839844 49.5
27.0137346585978868 -24.2406400538746496 2.40626144409179688 -4.79080009460449219 48
27.2881696222484429 -24.0993206647095768 1.78355097770690918 -4.70960044860839844 48.5
27.9497303747359673 -23.4871067553260637 1.11541998386383057 -4.54720020294189453 45.5
32.0562888661989902 -17.7174618175699798 1.8819650411605835 -3.65400028228759766 45.5
32.1838799079178699 -17.5516327554345963 -2.58854365348815918 -3.49160003662109375 45.5
32.37800899090211 -17.3817189898796336 -0.320699959993362427 -3.5728001594543457 49.5
32.4135622444891141 -17.2439510718620923 1.60301494598388672 -3.65400028228759766 45.5
32.8430688028439164 -16.9798969467476084 -0.408368229866027832 -3.49160003662109375 46.5
32.5153122389939639 -17.5944075029156153 0.584809303283691406 -3.5728001594543457 48
32.2018488181166447 -18.1627142578679859 0.554566800594329834 -3.65400028228759766 47.5
31.9913855771022284 -18.532344667593101 -0.504150390625 -3.73520016670227051 45
32.6062598196858389 -17.579169043075666 0.712276220321655273 -3.5728001594543457 46.5
37.0033461122285132 -3.57004479938077113 1.35909140110015869 -2.43600010871887207 45
32.8500704746392458 -17.5881091718058613 0.97828829288482666 -3.49160003662109375 46
32.8418999168726842 -17.6300299828615401 -0.13214738667011261 -3.5728001594543457 46.5
32.7822945730221065 -17.8381911180403137 -1.46380722522735596 -3.5728001594543457 45
31.5057329631322069 -20.0551300979118849 0.450701802968978882 -3.89760017395019531 47
32.4703843097533635 -18.4071449114010086 2.73534035682678223 -3.65400028228759766 46.5
32.5848866724878903 -18.2940799979753805 3.1307837963104248 -3.65400028228759766 46.5
31.516971005398954 -20.3090529485720559 -0.687694907188415527 -3.89760017395019531 47.5
31.5659762380055398 -20.2434491780875128 0.20452919602394104 -3.97880029678344727 49.5
31.5836934673439487 -20.3496714676579415 -0.4918404221534729 -3.89760017395019531 53
31.6274405480997025 -20.2839364882977158 -0.384255260229110718 -3.97880029678344727 52.5
31.6064569772642301 -20.3902899867438236 -1.67047953605651855 -3.89760017395019531 49
31.7740673088674193 -20.1738725111115613 -0.972730696201324463 -3.97880029678344727 47
33.4990355028279012 -17.3478872407598814 0.203184038400650024 -3.49160003662109375 47.5
33.5631918355311782 -17.1970360473619692 -0.974668443202972412 -3.5728001594543457 45
28.2094204532061745 25.0412981040533928 0.581243634223937988 -4.06000041961669922 48.5
28.1145076908180087 25.1402941997207741 0.84611058235168457 -4.14120006561279297 48
33.4851310122783943 -17.5335275303384108 0.402017027139663696 -3.49160003662109375 48
33.575876244151722 -17.3587590716577758 -0.417479902505874634 -3.5728001594543457 46
28.1358931468419797 25.2422335997113336 -0.203586786985397339 -4.06000041961669922 47
28.0756515209483908 25.3083622056986037 -0.291206210851669312 -4.14120006561279297 47
33.871762269525469 -17.2340081062216335 1.26227903366088867 -3.49160003662109375 46.5
33.8792253075440257 -17.4298732044969498 0.0883149951696395874 -3.49160003662109375 47
32.7777418603965032 -18.68676654674967 5.29477739334106445 -3.65400028228759766 49.5
33.9778653953332608 -17.402170013487769 0.00780752953141927719 -3.49160003662109375 50
33.2183380986975578 -18.4039396688694623 3.8945925235748291 -3.5728001594543457 48.5
33.139006694601683 -18.580441941484338 3.72885608673095703 -3.65400028228759766 52.5
33.1608445106317475 -18.580441941484338 3.52935981750488281 -3.73520016670227051 46.5
34.1488020391885172 -17.2164912079307051 0.717096388339996338 -3.4104001522064209 45.5
34.0947381491798822 -17.3359837898846934 0.273813873529434204 -3.49160003662109375 46.5
33.5249519672386143 -18.1485333471718171 3.12583231925964355 -3.5728001594543457 46.5
33.529443894799293 -18.3540605881326755 1.40266585350036621 -3.65400028228759766 47
34.3245137124133493 -17.1976354932726139 -0.793194830417633057 -3.4104001522064209 45
34.2001743320004223 -17.4615501004517419 -0.0497422665357589722 -3.49160003662109375 46
22.2925614257078912 31.9940216685903493 -0.651398062705993652 5.03439998626708984 46
35.1656613373885634 -17.0311890047474996 0.412912815809249878 -3.4104001522064209 46
21.9531918272583866 32.4057147073015059 0.806019186973571777 5.03439998626708984 45
39.1990522697764874 1.41164327172277471 0.205913662910461426 -2.35480022430419922 45
22.2538452703952814 32.2766352232446962 1.25935184955596924 5.03439998626708984 46
36.2270753046026996 -16.8989605543892587 0.1580706387758255 -3.32920026779174805 46.5
23.5752792799338735 32.2244145836136937 1.94787156581878662 5.19680023193359375 45.5
36.2869288810923933 -16.9306662419913714 0.783597588539123535 -3.32920026779174805 48.5
36.0238273289123541 -17.4411385909961361 1.44684088230133057 -3.4104001522064209 48.5
36.1805554096783908 -17.328392496442909 0.842505037784576416 -3.4104001522064209 45.5
37.0515958617075398 -17.5914742918762137 3.6194007396697998 -3.4104001522064209 46
37.0029689688981094 -17.8142352767170102 3.87245059013366699 -3.4104001522064209 49.5
37.1303462829076878 -18.0118716538192949 2.15997004508972168 -3.4104001522064209 49
26.5045866701187158 31.8424974599493282 1.93340623378753662 -4.87200021743774414 45
26.3533594170421743 32.0083438008865642 1.06872808933258057 -4.95320034027099609 46
37.644279952210681 -19.2349894059183839 1.48777902126312256 -3.49160003662109375 48
37.7160456566589417 -19.2055506691859819 2.07058882713317871 -3.4104001522064209 49
37.7208146501656572 -19.0731716323153897 2.99915671348571777 -3.49160003662109375 51
38.0488897016211283 -19.0162289194157879 3.43814802169799805 -3.4104001522064209 47.5
37.8407524467089544 -19.1122166144661207 4.89453983306884766 -3.49160003662109375 48
38.2488959204885006 -18.9160974618409696 2.60109996795654297 -3.4104001522064209 48
38.3672630393441594 -18.8850672148445717 2.29959845542907715 -3.4104001522064209 46.5
38.2510601327141231 -19.5760352927658872 2.63399839401245117 -3.49160003662109375 45
28.654630421145626 32.332191501538567 2.50345683097839355 -4.70960044860839844 46.5
36.9070670353342578 -23.8022104689151917 1.71050012111663818 -3.89760017395019531 48.5
36.7730896554169462 -24.0438572757062055 1.11153805255889893 -3.97880029678344727 48
37.0081774954925606 -23.8428289880010738 0.339164197444915771 -3.89760017395019531 45.5
36.8795424659497755 -24.0408774059909298 0.369177639484405518 -3.97880029678344727 46.5
37.558060481634115 -23.0733721071003899 1.34975516796112061 -3.81640005111694336 46
37.8476829168558027 -22.7538071434897198 1.11722862720489502 -3.73520016670227051 46
37.6614248902509345 -23.0794923985760576 0.620394527912139893 -3.81640005111694336 48
31.3787293992152989 32.1278274269221811 1.19743204116821289 -4.46600008010864258 47
30.8693041926185181 33.0186798122143088 2.99049949645996094 -4.54720020294189453 46.5
30.4134371685636253 33.1961644601258499 6.22414207458496094 -4.54720020294189453 46
30.6117231092329583 33.3381497657722363 4.14640569686889648 -4.62840032577514648 45.5
30.7664126645189882 33.3135207928952042 4.02032613754272461 -4.54720020294189453 47.5
30.5297963428153807 33.5979600073154145 3.41093182563781738 -4.62840032577514648 46.5
30.9963794065464668 33.2373459951082282 3.72338342666625977 -4.54720020294189453 45.5
37.5620573509809645 -25.9863768666725647 0.0778489261865615845 -4.06000041961669922 46
37.5608192197952349 -25.9863768666725647 0.314508378505706787 -4.14120006561279297 47.5
32.2100716410215355 32.4965939513731001 2.53244185447692871 -4.38479995727539062 45.5
32.0317618998915066 32.8537695449333569 1.18588030338287354 -4.46600008010864258 45.5
32.6688997530304519 32.8582691569648588 2.89104413986206055 -4.38479995727539062 45
32.593962147645712 32.9752666356948652 3.5377204418182373 -4.38479995727539062 48.5
34.4491745229961381 32.652235244026599 0.980650603771209717 -4.30360031127929688 46.5
34.1119266629691467 33.0068522835783895 2.81548929214477539 -4.22240018844604492 46.5
34.0612912085943051 33.1375724906420643 1.65299034118652344 -4.30360031127929688 48.5
34.135996291586963 33.0113018496253048 3.62331032752990723 -4.22240018844604492 45.5
35.3306142323695411 32.6050562201412433 2.66092896461486816 -4.22240018844604492 47
47.8294553933319975 6.06233225459586134 -1.11447620391845703 -2.35480022430419922 47
35.7364232006010809 33.1902600821709228 2.27935481071472168 -4.14120006561279297 48.5
25.2637124301425544 -41.7806803387328074 0.0166441909968852997 3.65400028228759766 45
35.6764742857485899 33.4062282183852091 1.55664503574371338 -4.14120006561279297 46.5
35.9848587024135966 33.3389484122243829 2.62117457389831543 -4.14120006561279297 46.5
36.1360124875091486 33.3160693680237898 2.20639348030090332 -4.14120006561279297 46
36.4566148685419336 33.102089121067614 1.78681731224060059 -4.14120006561279297 45
36.4286017724399471 33.2634749141372197 1.38600420951843262 -4.06000041961669922 45.5
36.4832635076476208 33.1524733293291973 2.3038642406463623 -4.14120006561279297 47
36.8195671926203403 33.2671482049372997 1.65495014190673828 -4.06000041961669922 45.5
36.4496933033699833 33.6207900265862065 2.4869234561920166 -4.14120006561279297 49
36.8257465005922953 33.404391807989839 0.76613229513168335 -4.06000041961669922 48
36.6945563258379366 33.5162368698469564 1.65745019912719727 -4.14120006561279297 47
36.7987533066348078 33.4547760162514294 2.58259963989257812 -4.06000041961669922 46
48.1896614571245152 -14.400871316727013 1.72545754909515381 -2.84200000762939453 46
37.2538909053975331 33.606225465759465 3.92109107971191406 -4.06000041961669922 46
37.0713690388128327 33.8074603487879628 3.92109107971191406 -4.14120006561279297 45.5
37.4386574246299517 33.5870321842904076 3.2277381420135498 -4.06000041961669922 46.5
37.4980988180560786 33.5870321842904076 2.44212245941162109 -4.14120006561279297 45.5
37.6018099168617326 33.5543437715063746 3.93862223625183105 -4.06000041961669922 46
37.5010793112484464 33.6111941280469537 4.38855695724487305 -4.14120006561279297 45
47.7116065275721439 -16.732477222089237 2.55299258232116699 -3.00440025329589844 47.5
38.0150157556983146 33.1992591536953938 3.94446587562561035 -4.06000041961669922 46
47.8313255612042525 -16.7952777662883648 0.756963431835174561 -3.00440025329589844 45.5
37.9474045385151797 33.5704531662839685 3.33466029167175293 -4.06000041961669922 48.5
38.3310936465301495 33.346810404829597 2.10720682144165039 -3.97880029678344727 46.5
38.0462689697689953 33.6200407492289202 2.81014013290405273 -4.06000041961669922 48
50.8981782854640272 3.14823146136244514 0.681478559970855713 -2.35480022430419922 48
50.9058441015513097 3.09724795591528013 -0.0486760921776294708 -2.43600010871887207 45.5
50.998101345056611 2.77630474854120601 0.376069813966751099 -2.35480022430419922 47.5
48.3232124184015461 -19.1206133723556029 0.818517029285430908 -3.08560013771057129 46.5
47.9680573718493477 -20.188868024743357 0.82324063777923584 -3.16680002212524414 45.5
40.9791587422649144 34.1169601695934475 0.545322000980377197 -3.89760017395019531 47
41.2581782245545909 34.5008374109700142 3.91930484771728516 -3.89760017395019531 46
50.6739653914967292 -19.0546344181055183 1.13698816299438477 -3.08560013771057129 46.5
50.2490671479969038 -20.1711169035413924 0.616512417793273926 -3.16680002212524414 47
49.9552933746343726 -20.815664886810044 3.39522171020507812 -3.16680002212524414 45.5
41.432127350009111 34.909604653921015 2.24706554412841797 -3.89760017395019531 45.5
49.4039500916192651 -22.2389768569022657 4.61721563339233398 -3.24800014495849609 46.5
42.1716078440794746 34.5099740922681875 1.89546370506286621 -3.81640005111694336 46
42.169542507984076 34.4486533090835039 2.82763528823852539 -3.89760017395019531 47
50.4315366879723754 -22.4302487030800073 4.14330005645751953 -3.24800014495849609 46.5
49.9060450063955159 -23.9358556261035638 2.89694738388061523 -3.32920026779174805 45.5
50.576586561574878 -23.1741017650134289 3.2009279727935791 -3.32920026779174805 48.5
51.2928986495911374 -21.7200975199162443 3.30398106575012207 -3.16680002212524414 48.5
50.7723553859281935 -22.8217910698831048 3.86963939666748047 -3.24800014495849609 52
50.6253039288006548 -23.2052919891753646 3.4976356029510498 -3.32920026779174805 51.5
50.9871257137164307 -21.9866834404444589 6.23817062377929688 -3.16680002212524414 46.5
50.7819225628889086 -22.5661990725679544 5.82916498184204102 -3.24800014495849609 50
50.7929551596947633 -22.8524658306048636 4.45605134963989258 -3.32920026779174805 48
45.5229416508875389 34.9183008296887607 2.9793241024017334 -3.73520016670227051 45
45.7585224811197904 34.8344971591633765 1.35684347152709961 -3.73520016670227051 47.5
45.8320583595997633 34.8799141742741767 0.757888078689575195 -3.73520016670227051 49.5
45.8977410440368345 34.9253311893849698 0.157285720109939575 -3.73520016670227051 47
55.5297298025989576 -26.6889647143234647 4.83616828918457031 -3.32920026779174805 45
55.8125413184516717 -26.435275245705693 3.82790303230285645 -3.24800014495849609 47
55.7366553988186126 -26.3888840051458118 5.05649375915527344 -3.32920026779174805 54.5
55.8140136191707086 -26.1569278023464058 5.39696884155273438 -3.4104001522064209 52
56.1478916218267798 -26.0957369371801029 2.05649399757385254 -3.24800014495849609 46.5
56.0907620154540538 -26.0105832420424647 3.88312745094299316 -3.32920026779174805 53
56.0498694221207003 -25.9022058118672902 5.02894830703735352 -3.4104001522064209 50.5
51.3262517310851578 35.8099140199608073 2.27091717720031738 -3.49160003662109375 45
51.058660362082108 36.6655461074387858 -2.86475038528442383 -3.5728001594543457 45
62.199547263809329 -13.5822585292910798 1.11562168598175049 -2.67960023880004883 48.5
62.4280567191227433 -12.9131657958640407 0.226008623838424683 -2.59840011596679688 47.5
62.2660121060838989 -13.5982566400616403 1.44718492031097412 -2.67960023880004883 50
62.0814932107975537 -14.020463788229927 3.65755629539489746 -2.76080012321472168 45.5
65.712118735886861 -6.79526713346262046 1.28378784656524658 -2.43600010871887207 49
65.7502658529470381 -5.88702972801804236 2.8551480770111084 -2.51719999313354492 46.5
65.3516281228414329 -8.98329361021546902 3.79094934463500977 -2.59840011596679688 45.5
65.7860857969795916 -6.61286021738044916 2.06970930099487305 -2.35480022430419922 51
65.8003051501315213 -6.34834580868523091 2.41677141189575195 -2.43600010871887207 59.5
65.7868347733434291 -6.34834580868523091 2.75926041603088379 -2.51719999313354492 58
65.5184121238068116 -6.34834580868523091 6.54666709899902344 -2.59840011596679688 45
65.8929706924512857 -6.14038227573018514 2.4826810359954834 -2.35480022430419922 52
65.8614275721705127 -6.35554391881507019 2.76238918304443359 -2.43600010871887207 60.5
65.7156555357019556 -6.35554391881507019 5.17795372009277344 -2.51719999313354492 58.5
65.5219959836965842 -6.50450197941229824 7.09300613403320312 -2.59840011596679688 46
65.9360127834888203 -6.36274129675997013 2.7655174732208252 -2.35480022430419922 48.5
65.8682701445315786 -6.21361454761715848 4.29563045501708984 -2.43600010871887207 54.5
65.7002486561970755 -6.36274129675997013 6.21958351135253906 -2.51719999313354492 49.5
66.0995509840168438 -6.01328846244925952 0.574699759483337402 -2.43600010871887207 45.5
55.9224438339575443 37.8297607748540798 -2.82330203056335449 -3.49160003662109375 45
67.6632376142134575 -8.25502590123394775 1.17123246192932129 -2.43600010871887207 49
67.6473212713997185 -8.25502590123394775 1.87754082679748535 -2.51719999313354492 51
67.4903083272051276 -8.87692155736406008 3.75365233421325684 -2.59840011596679688 48
67.7720217961378353 -8.00825226304814741 -0.939888656139373779 -2.35480022430419922 46.5
67.730627458608069 -8.26410696793786492 1.52608406543731689 -2.43600010871887207 58.5
67.7217377352796319 -8.26410696793786492 1.87960624694824219 -2.51719999313354492 60.5
67.7052932803619996 -8.36644884989375193 2.01448750495910645 -2.59840011596679688 53.5
67.7961617695017367 -8.27318895845324676 1.88167190551757812 -2.43600010871887207 59
67.7979063384879908 -8.19634819413324678 2.13776111602783203 -2.51719999313354492 61
67.7879495113382546 -8.01705307738658313 2.97099041938781738 -2.59840011596679688 53
67.2477563561998437 -13.6732037515199067 4.55892086029052734 -2.59840011596679688 46.5
67.3001400179810361 -13.5700746220301287 4.06756401062011719 -2.67960023880004883 47.5
67.2394460556099602 -13.6881154614373202 5.64053535461425781 -2.59840011596679688 48
67.39245897518785 -13.4386149281993053 4.2406773567199707 -2.67960023880004883 49
58.5314422556228493 39.5512020039369645 1.09334874153137207 -3.49160003662109375 46
61.5662275038119233 37.8670117818748082 -3.71882414817810059 -3.24800014495849609 48
61.6602127106990281 37.8127480917168697 -2.52091646194458008 -3.32920026779174805 50
61.6727182858038177 37.9515212081317799 -2.27176022529602051 -3.24800014495849609 54
61.4827044777780856 38.2808130555931001 -3.78578710556030273 -3.24800014495849609 50.5
61.4827044777780856 38.2808130555931001 -3.78578710556030273 -3.32920026779174805 52
61.4002591073354722 38.5345684451661583 -2.22963380813598633 -3.4104001522064209 45
72.6225760880877544 -1.68006577282215197 2.18966841697692871 -2.27360010147094727 46
72.6530822462371901 -1.74363582909109804 0.381511181592941284 -2.35480022430419922 53.5
72.6186738853896543 -1.55292566028425938 2.40262436866760254 -2.43600010871887207 53
72.7280565733104964 -1.74543517357732325 0.381904870271682739 -2.27360010147094727 51.5
72.6970216864925902 -1.49998335229301216 2.33570027351379395 -2.43600010871887207 60
72.6173257635260967 -2.09088588501450179 3.86192464828491211 -2.51719999313354492 48.5
61.3104620370839228 39.0632028169883228 -2.76693964004516602 -3.32920026779174805 51.5
61.3511736456819037 39.0632028169883228 -1.63166213035583496 -3.4104001522064209 53
72.7719716439777073 -1.50152982126621959 2.33810830116271973 -2.35480022430419922 58.5
61.0080387566024243 39.7677898117174564 0.153918236494064331 -3.32920026779174805 48
60.8759986272409961 39.7677898117174564 -4.0146327018737793 -3.4104001522064209 50
61.9128620140182093 38.4787490031121777 -0.770354270935058594 -3.24800014495849609 51.5
62.1560663209715329 38.0870382533172318 -0.641134738922119141 -3.32920026779174805 52.5
62.0669629116654846 38.2265330133048735 -3.43162846565246582 -3.24800014495849609 54.5
62.0982875148447491 38.180938389004659 -3.37198996543884277 -3.32920026779174805 55
62.1161101771067621 38.2201772190245705 -4.13643217086791992 -3.24800014495849609 53
62.4015784238157067 37.8915585469718224 -2.56433987617492676 -3.32920026779174805 55
61.5882852962085678 39.5152152667509924 -1.91615378856658936 -3.32920026779174805 57.5
61.7056442108113927 39.3048333336178288 -2.40501260757446289 -3.4104001522064209 60
61.9293409492225209 38.975539873061571 -1.97602009773254395 -3.49160003662109375 53
61.7529099562840571 39.3451030380829749 -2.78690719604492188 -3.32920026779174805 60
61.7529099562840571 39.3451030380829749 -2.78690719604492188 -3.4104001522064209 63
61.809974533533115 39.2626953286711213 -2.68207216262817383 -3.49160003662109375 55.5
62.019328883937952 39.1104032982778591 -2.05004739761352539 -3.4104001522064209 59
61.5769859823830856 39.7245108729168663 -3.23445343971252441 -3.49160003662109375 54
61.416062314829972 40.2238851401575559 -1.15631544589996338 -3.32920026779174805 52
61.7598673742471718 39.691726075803281 -1.23138809204101562 -3.4104001522064209 58.5
61.7720882336104609 39.691726075803281 -0.0850992947816848755 -3.49160003662109375 53
61.1765061246705386 40.3659999791392252 -5.50194072723388672 -3.32920026779174805 52.5
61.8334851628332274 39.7322675562585417 -0.466018348932266235 -3.4104001522064209 58
62.1283962715893452 39.1903804120562143 2.53506898880004883 -3.49160003662109375 52.5
60.5000851030349125 40.7197849029022265 -9.74269485473632812 -3.32920026779174805 45.5
61.9899606570291866 39.6165168540541259 -1.02826988697052002 -3.4104001522064209 52.5
61.668517717852545 40.0118545715580254 3.05393576622009277 -3.49160003662109375 48
62.5307164903800228 38.5340998344117978 5.41803359985351562 -3.4104001522064209 51.5
62.3046044603267646 37.9911067868287304 9.95664501190185547 -3.49160003662109375 53.5
62.4355137258321022 38.3890897655310397 7.96625423431396484 -3.4104001522064209 49.5
62.3985428249116865 38.57334265617434 7.34135532379150391 -3.49160003662109375 52.5
62.5405117971851823 38.0297966287766158 8.82016086578369141 -3.5728001594543457 45.5
62.5206689854284079 39.193568501630196 1.21253061294555664 -3.32920026779174805 45
70.9217914323182441 -26.2743397811710793 5.40273380279541016 -3.00440025329589844 49.5
65.646054751304959 37.9476129908366957 -0.072369895875453949 -3.16680002212524414 54
65.8462738691287655 37.5970357921697911 -0.403215140104293823 -3.24800014495849609 53.5
71.0724396543210162 -26.3003271887768193 4.22032356262207031 -2.92320013046264648 50.5
70.8466303680603886 -26.5374379640092108 6.10978984832763672 -3.00440025329589844 60
70.8763046903648615 -26.4046559298790697 6.33670663833618164 -3.08560013771057129 59.5
65.7093744444535446 37.9851461922290454 -0.46570923924446106 -3.16680002212524414 57
65.7335215028377462 37.9377240371825764 -0.80205613374710083 -3.24800014495849609 57
66.0850023993279052 37.3307204525876557 -0.0103451646864414215 -3.32920026779174805 47
71.030674268493641 -26.32631724006594 5.8111720085144043 -2.92320013046264648 51.5
71.0129545694309741 -26.430749079099737 5.54773902893066406 -3.00440025329589844 63.5
70.9803633162527632 -26.5636623287791167 5.32558155059814453 -3.08560013771057129 63.5
71.0087350839864797 -26.5636623287791167 4.93282127380371094 -3.16680002212524414 53
65.8022598846795148 37.9752141941088155 0.383302301168441772 -3.24800014495849609 51
75.636339707007437 -2.67989538789881454 7.45420312881469727 -2.43600010871887207 45
71.1807599962127568 -25.8961522412208147 6.80379581451416016 -2.92320013046264648 46.5
71.2129004472295577 -26.35230464767168 4.22866439819335938 -3.00440025329589844 59.5
71.1294113466302065 -26.5898840260315019 4.1458282470703125 -3.08560013771057129 60.5
71.1681461509514861 -26.7609411784505724 1.59682273864746094 -3.16680002212524414 49.5
75.7286305086182807 -3.0440149504827887 7.13609600067138672 -2.35480022430419922 45.5
75.9265447915566511 -2.73961345543450996 4.76127862930297852 -2.43600010871887207 47.5
71.2743138135496395 -26.6161057232838836 2.56336283683776855 -3.00440025329589844 53
71.2216936938205549 -26.6161057232838836 3.75082850456237793 -3.08560013771057129 54.5
71.2154711162836378 -26.8137246347246148 3.97762393951416016 -3.00440025329589844 48.5
71.2410302019229533 -26.4042821065665372 5.82838153839111328 -3.08560013771057129 48.5
69.4336721345921859 -33.2979735350108328 12.8808393478393555 -3.32920026779174805 45.5
69.3006648018625526 -33.3885522977246012 13.7856826782226562 -3.32920026779174805 48
69.6474753823628845 -33.1248813670318327 12.6251325607299805 -3.4104001522064209 47
69.8743479084935046 -33.4205970093573086 10.9449071884155273 -3.4104001522064209 47
79.6844893763067859 9.72621875501375044 2.80877566337585449 -2.35480022430419922 52.5
79.6984571826681218 9.84666728448760509 1.8179771900177002 -2.43600010871887207 50.5
79.7623788294222464 9.96637504968413346 1.67171633243560791 -2.35480022430419922 54
79.8002769473282143 9.73529982171766761 1.14010262489318848 -2.43600010871887207 51.5
79.8532332309279695 9.97567260860184213 0.416979938745498657 -2.35480022430419922 50.5
79.8823042440959199 9.74438181223304944 0.301755189895629883 -2.43600010871887207 47.5
83.372502168072387 -1.3351680345260748 3.91401910781860352 -2.35480022430419922 55
83.3963428442570915 -1.0013760258945561 3.48192405700683594 -2.43600010871887207 54.5
83.4474070230916993 -1.33636759751689138 3.91753554344177246 -2.43600010871887207 56
83.4875542847892831 -0.741266401747650794 3.14355635643005371 -2.51719999313354492 45
75.3251744381924908 36.5664270700073075 -2.6953740119934082 -3.00440025329589844 48.5
89.8984635116522099 -8.37261588727827011 1.50208353996276855 -2.43600010871887207 46
81.6751290889555435 -38.5117763116991014 0.326291859149932861 -3.4104001522064209 47.5
89.8420186769614446 -7.80361535897243375 5.92925071716308594 -2.43600010871887207 51.5
89.9313732368904084 -8.31181028104733954 3.30182480812072754 -2.51719999313354492 49
89.7120191718818774 -8.10395920235585265 8.20263195037841797 -2.43600010871887207 50
90.3019950517849566 -8.21476383704236035 -0.154544487595558167 -2.43600010871887207 45.5
90.3234550812776718 -7.97681895348664938 0.00617895741015672684 -2.51719999313354492 48
90.0520225025447587 -8.7091816908394275 7.09549617767333984 -2.43600010871887207 51.5
89.832213847025443 -8.5050602449603776 9.66438388824462891 -2.51719999313354492 51.5
90.2693437773446732 -9.07956229267631798 4.26483583450317383 -2.35480022430419922 45
90.0899238535035209 -8.51208964938404833 7.78020811080932617 -2.43600010871887207 55
90.003464132672292 -8.51208964938404833 8.72368526458740234 -2.51719999313354492 54.5
90.3797037469161779 -8.72357717891416584 4.26835775375366211 -2.35480022430419922 49
90.3797037469161779 -8.72357717891416584 4.26835775375366211 -2.43600010871887207 56.5
90.2852246041897644 -8.09884183407005231 6.76736927032470703 -2.51719999313354492 54
90.522978859186054 -8.52614774320703539 3.05720853805541992 -2.43600010871887207 52
90.5544720250670423 -8.57162053117080802 1.69316017627716064 -2.51719999313354492 50
90.6205383335350518 -8.24873721818614136 3.15898489952087402 -2.51719999313354492 46.5
90.5251541113545954 -8.74517004493380412 5.69946146011352539 -2.43600010871887207 49.5
90.5159986968462107 -8.44910960070427564 6.26359272003173828 -2.51719999313354492 49
90.8082827885881017 -8.26232670888169451 1.7408599853515625 -2.43600010871887207 51
90.7679849025845016 -8.75236815506364252 -1.41758668422698975 -2.51719999313354492 50
90.7978141390456273 -9.12454743021723225 1.90405714511871338 -2.43600010871887207 50.5
90.8537061171536635 -8.75956553300854424 0.00621984386816620827 -2.51719999313354492 47.5
90.8873433919271037 -9.13204546160248221 0.959094822406768799 -2.51719999313354492 47.5
90.9338497795586704 -9.4023045837910697 -1.07829725742340088 -2.43600010871887207 46
90.9580465633181063 -8.77396102108328257 2.86051654815673828 -2.51719999313354492 45
91.2950545925053092 -7.32962823925243434 3.34840679168701172 -2.43600010871887207 48.5
90.9606732985864568 -7.99548790950368371 9.45876312255859375 -2.43600010871887207 51.5
91.3001421019760784 -7.93313594584334592 6.50884532928466797 -2.43600010871887207 52.5
91.435254724206743 -8.18571046220883503 -3.68835663795471191 -2.59840011596679688 45.5
91.4679960526329836 -8.08898279131469877 4.79350900650024414 -2.43600010871887207 50.5
91.4778587055874368 -8.33027347116925831 4.14858818054199219 -2.51719999313354492 49.5
90.6426461103968677 15.7656828290123663 1.98870086669921875 -2.35480022430419922 49
90.7002464691927344 15.3517042864562434 2.52809762954711914 -2.43600010871887207 51
90.7325096299461649 15.7785325802988368 1.0297553539276123 -2.43600010871887207 49
80.7955211774734749 46.6349103726831871 -1.46931183338165283 -3.16680002212524414 52
81.2335580807690576 45.8887518067202578 0.47070881724357605 -3.24800014495849609 48.5
81.0748337334063365 46.2990175424170332 -1.47049295902252197 -3.16680002212524414 50.5
