
X Y Z V_r Mag
13.1603998186302587 2.99265678156947112 -0.312904298305511475 -2.27360010147094727 45
13.2316544311482005 3.00928260912192336 -0.384957164525985718 -2.03000020980834961 47.5
13.2850436994031167 2.75992266349569837 -0.413634985685348511 -2.19239997863769531 45.5
13.2752736798247533 2.82268673144243509 -0.283183097839355469 -2.27360010147094727 49
13.2604619704211153 2.89562875635350814 -0.236915692687034607 -2.35480022430419922 47.5
13.324938767799372 2.94744632388575001 -0.284747660160064697 -2.03000020980834961 53.5
13.3352955333311396 2.90139247507503528 0.272652328014373779 -2.11120009422302246 52
13.3486375099922423 2.83828164522331461 0.283817529678344727 -2.27360010147094727 51
13.3535277969835757 2.71376568362397474 0.800800442695617676 -2.35480022430419922 47.5
13.2572697282582954 3.12995602102450921 -0.877893984317779541 -2.51719999313354492 47.5
13.1628464076092921 3.44892156649131154 -1.08024311065673828 -2.67960023880004883 46
13.1908974535187991 3.44892156649131154 -0.653971970081329346 -2.76080012321472168 48
13.1937015366445785 3.49326971719792567 -0.214032977819442749 -2.84200000762939453 45
13.4510066007259237 2.72867644553826505 0.0196511615067720413 -1.78640007972717285 46
13.4379270568636233 2.78012854696261957 -0.261987537145614624 -1.86760008335113525 51
13.4483957050545389 2.72867644553826505 -0.265730351209640503 -1.94880008697509766 54.5
13.4335136950561598 2.79899431748488325 -0.286312192678451538 -2.03000020980834961 58
13.4365645267691658 2.79899431748488325 -0.000934840238187462091 -2.11120009422302246 56.5
13.4098310010757515 2.9173341507608983 0.203046083450317383 -2.19239997863769531 53
13.396787862649564 2.97907667247012364 -0.163748905062675476 -2.27360010147094727 56.5
13.4130423500205467 2.90875880052350588 0.0711158663034439087 -2.35480022430419922 54.5
13.3070984532250556 3.1677343776927569 -1.12348723411560059 -2.43600010871887207 54
13.3281291286766965 3.1677343776927569 -0.837890326976776123 -2.51719999313354492 57
13.3080059229509633 3.22947689940198179 -0.918199360370635986 -2.59840011596679688 54
13.2580466570642788 3.35639208291538971 -1.15519225597381592 -2.67960023880004883 51
13.2401403207380728 3.51246345723593167 -0.858437001705169678 -2.76080012321472168 51.5
13.2071226284177499 3.64452385089177477 -0.815474987030029297 -2.84200000762939453 48.5
13.5131331513004049 2.7435872074525558 -0.554946422576904297 -1.78640007972717285 49
13.5218840172416144 2.7435872074525558 -0.267182439565658569 -1.86760008335113525 56.5
13.5317429590043439 2.70392504166285841 -0.14394649863243103 -1.94880008697509766 60.5
13.5218840172416144 2.7435872074525558 -0.267182439565658569 -2.03000020980834961 62.5
13.51022464918697 2.8056671191233864 -0.205096065998077393 -2.11120009422302246 60
13.3969308769345101 3.31092862244431618 -0.000939948600716888905 -2.35480022430419922 55
13.3218321229329657 3.05916009177927961 -1.90008926391601562 -2.43600010871887207 52.5
13.3548568577552338 3.23677761683749043 -1.2692798376083374 -2.51719999313354492 58.5
13.3070680933781205 3.60580820288076342 -0.600067853927612305 -2.76080012321472168 52
13.3012191238046 3.64202148468874798 -0.503238320350646973 -2.84200000762939453 49.5
13.5879190572261557 2.77410248544811644 -0.434122294187545776 -1.78640007972717285 50.5
13.5831987297965249 2.81051258056962272 -0.336726188659667969 -1.86760008335113525 58.5
13.5953732638832783 2.75849815896747064 -0.268634527921676636 -1.94880008697509766 63.5
13.5966033738236742 2.75849815896747064 -0.196752339601516724 -2.03000020980834961 65
13.5847902038034594 2.81051258056962272 -0.264850795269012451 -2.11120009422302246 62.5
13.5828471891149185 2.55217428661226675 -1.22813200950622559 -2.19239997863769531 51.5
13.4765578050462764 3.25436897824132165 -0.554181098937988281 -2.27360010147094727 59.5
13.49976872227416 3.18154878799830865 -0.386846065521240234 -2.35480022430419922 62
13.5323047784862318 3.06191561831335823 0.130540058016777039 -2.43600010871887207 53.5
13.3339212219673673 3.83693050018542614 -0.012296656146645546 -2.59840011596679688 55
13.3152399275962168 3.89934780610800846 0.122973181307315826 -2.67960023880004883 54
13.3473053868913052 3.77277938020943804 -0.362259596586227417 -2.84200000762939453 51
13.6613670765095137 2.78909759485280828 -0.436468899250030518 -1.78640007972717285 49.5
13.6613670765095137 2.78909759485280828 -0.436468899250030518 -1.86760008335113525 58.5
13.6688615760703538 2.77340892088176139 -0.270086586475372314 -1.94880008697509766 63.5
13.6831857044763758 2.70891103900079022 -0.186403989791870117 -2.03000020980834961 65.5
13.6831857044763758 2.70891103900079022 -0.186403989791870117 -2.11120009422302246 63
13.6699074850110325 2.72285652697505443 -0.56762993335723877 -2.19239997863769531 55.5
13.5437202411886979 3.29113516192631383 -0.581884443759918213 -2.27360010147094727 57.5
13.5779305966487325 3.17957125813220154 -0.364217758178710938 -2.35480022430419922 63
13.5641449894195283 3.25801462798743691 0.0427975133061408997 -2.43600010871887207 59.5
13.4390708506049901 3.72867484711884822 0.301465660333633423 -2.51719999313354492 59.5
13.4067225969964561 3.84895468089687576 -0.218737006187438965 -2.67960023880004883 59.5
13.4212397367548579 3.79317272899981894 -0.291005849838256836 -2.76080012321472168 58
13.4147157082441524 3.79317272899981894 -0.509658873081207275 -2.84200000762939453 53
13.7168720534823869 2.85141176864184542 -0.646149098873138428 -1.86760008335113525 55
13.7362463847538105 2.78831968279605169 -0.491376489400863647 -1.94880008697509766 61.5
13.7482981529081467 2.74801085017235014 -0.365219920873641968 -2.03000020980834961 64
13.7611249693360058 2.69192899608720015 -0.292570382356643677 -2.11120009422302246 60.5
13.718457988684909 2.91625641242780009 -0.000955273921135812998 -2.19239997863769531 57.5
13.5655771931851152 3.53315680736445037 -0.438815504312515259 -2.27360010147094727 54.5
13.5991636306474266 3.42975588889495464 -0.0124295931309461594 -2.35480022430419922 60
13.5985109811906479 3.42975588889495464 0.133863866329193115 -2.43600010871887207 61
13.5762749219480714 3.51387867002268006 -0.195054426789283752 -2.51719999313354492 61.5
13.529321030443068 3.68562934815845189 -0.27249482274055481 -2.59840011596679688 59.5
13.467892543748043 3.87841072157615496 -0.523865461349487305 -2.67960023880004883 59
13.4868376483473558 3.81356607779019985 -0.512398958206176758 -2.76080012321472168 58.5
13.4907335403309805 3.73820608636328 -0.852388322353363037 -2.84200000762939453 53
13.7916597588001277 2.81908781366219197 -0.808005034923553467 -1.94880008697509766 56.5
13.7930437936032586 2.85608834121650812 -0.636161506175994873 -2.03000020980834961 59.5
13.7886816522810172 2.93185132620867961 -0.294134944677352905 -2.11120009422302246 53
13.7419421008887284 3.1573783513016549 -0.000960382283665239811 -2.19239997863769531 58.5
13.6580165718178463 3.49566888894111782 -0.221089005470275879 -2.35480022430419922 57.5
13.6973796459384669 3.31771397070369201 -0.429631918668746948 -2.51719999313354492 58
13.4571731265065502 4.14934487573403921 -0.70529550313949585 -2.59840011596679688 53
13.5122356790212059 3.94672293912706884 -0.808005034923553467 -2.67960023880004883 59.5
13.5431253263505251 3.76876802088964302 -1.09093964099884033 -2.76080012321472168 57.5
13.6136623720278731 3.44809678208556836 -1.26049518585205078 -2.84200000762939453 49
13.8250827098311024 2.83408292306688381 -1.32878983020782471 -1.86760008335113525 46
13.7773690486629548 3.11749121537357254 -1.18151116371154785 -2.03000020980834961 51
13.9369286256129108 2.58432936547161463 -0.117899410426616669 -2.11120009422302246 48
13.6979167029385884 3.57094448306427381 -0.738966226577758789 -2.27360010147094727 52.5
13.7795556748002443 3.32473352912283815 0.0251265708357095718 -2.43600010871887207 52
13.812197701786447 3.14937464825807512 -0.485041707754135132 -2.51719999313354492 52.5
13.6337043651244123 3.8543527753709621 -0.443508684635162354 -2.59840011596679688 57.5
13.6071020711245207 3.8543527753709621 -0.959874987602233887 -2.67960023880004883 58.5
13.6548778732287293 3.44695335518009749 -1.61041581630706787 -2.76080012321472168 51
13.5808480036326014 4.03502556171647608 -0.457998067140579224 -2.84200000762939453 51
13.5580393054149404 4.04919597633181017 -0.845104753971099854 -2.92320013046264648 49
13.9265853579764229 2.78141261534504958 -1.17323923110961914 -2.03000020980834961 51.5
13.97303901372781 2.78141261534504958 -0.283665120601654053 -2.11120009422302246 51.5
14.0407755158309637 2.3415861646470808 0.660398125648498535 -2.19239997863769531 47.5
13.8086732581158564 3.32807949941094572 -1.14322209358215332 -2.27360010147094727 52.5
13.9113378545208661 3.03961032931754138 -0.545861721038818359 -2.35480022430419922 52.5
13.7445573132017707 3.67887225563564169 -0.784591317176818848 -2.51719999313354492 57
13.7191655169723443 3.80886144956662021 -0.582749664783477783 -2.59840011596679688 58
13.7486176046121553 3.67887225563564169 -0.709887266159057617 -2.67960023880004883 51.5
13.6704669415211466 3.98870951240263194 -0.520619332790374756 -2.76080012321472168 52.5
13.629775691883129 4.07062051131804292 -0.849576234817504883 -2.84200000762939453 54.5
13.6317296072154424 4.02610366408140674 -1.01438093185424805 -2.92320013046264648 49.5
14.0025340238756932 2.82648237005971747 -1.07036888599395752 -1.94880008697509766 47.5
14.0059195826430916 2.79605159090138011 -1.10542666912078857 -2.03000020980834961 54
13.9015758104764213 3.1307901616430942 -1.46628475189208984 -2.27360010147094727 57
13.9358360480650241 3.1307901616430942 -1.09374153614044189 -2.35480022430419922 57
13.7744257165229165 3.81816776145495762 -0.944696009159088135 -2.51719999313354492 53.5
13.7969273361740914 3.7805767989652459 -0.746785998344421387 -2.59840011596679688 55
13.7224127231002235 4.04729362805891135 -0.721428036689758301 -2.76080012321472168 54.5
13.7118727238901688 4.0258130780647905 -0.991467893123626709 -2.84200000762939453 51.5
13.7301865162490699 4.0258130780647905 -0.693139076232910156 -2.92320013046264648 46
14.0743644228776503 2.91685621525476835 -0.874199390411376953 -1.94880008697509766 48
14.0802942393888433 2.86287368196812864 -0.953561067581176758 -2.03000020980834961 55
14.0552379995891066 2.92765272191209602 -1.11317217350006104 -2.11120009422302246 55
13.9883278758347469 2.99423117963228513 -1.64963316917419434 -2.27360010147094727 53.5
13.9962427960785529 3.14718169061109787 -1.24917399883270264 -2.35480022430419922 55
13.9795549508622248 3.37750716596742784 -0.724224448204040527 -2.43600010871887207 53
13.8746082126167121 3.71759712567325851 -1.01722490787506104 -2.59840011596679688 49
13.8078821963567595 4.03069581873576865 -0.675194144248962402 -2.76080012321472168 51
13.8043106898586085 3.9929080454351209 -0.92612987756729126 -2.84200000762939453 47.5
14.1930307500269741 2.77830100930445978 -0.603783249855041504 -1.94880008697509766 47.5
14.1781891610749238 2.83618228033163611 -0.678710818290710449 -2.03000020980834961 56.5
14.1538748103161929 2.89406355135881244 -0.904362797737121582 -2.11120009422302246 59.5
14.1501993084622057 2.90672507939600733 -0.92110520601272583 -2.19239997863769531 54.5
14.0888294184179976 3.1418677429439108 -1.07665741443634033 -2.27360010147094727 49
14.0056031943088382 3.31912913546463795 -1.53365910053253174 -2.35480022430419922 48
13.8591621305103967 4.013704387790753 -1.15733754634857178 -2.84200000762939453 45.5
14.3061551495495625 2.63815257297990335 0.276743948459625244 -1.78640007972717285 49
14.2875052115702772 2.734515141117694 -0.303522199392318726 -1.86760008335113525 49
14.2665695804997483 2.79269631433296395 -0.606911659240722656 -2.03000020980834961 54.5
14.2615183149403109 2.82542322426655357 -0.573212146759033203 -2.11120009422302246 59.5
14.2295093001057555 2.93269476238220816 -0.789222955703735352 -2.19239997863769531 55.5
14.1732052366927448 3.25814570005512483 -0.455241739749908447 -2.27360010147094727 46.5
14.3724987387629977 2.57316748554039432 0.837095260620117188 -1.70520007610321045 48.5
14.3816401267339575 2.64078623338485041 0.292127490043640137 -1.78640007972717285 52.5
14.3825030483576501 2.65175143573800609 0.0498545579612255096 -1.86760008335113525 55.5
14.372040747788791 2.70657744750378138 -0.0977142676711082458 -1.94880008697509766 54
14.1272313573986565 3.39190259457597421 -1.67540872097015381 -2.03000020980834961 45
14.3528742252881027 2.80709180240770273 -0.0767759755253791809 -2.11120009422302246 53.5
14.3570791223514824 2.77419619534823791 -0.262220293283462524 -2.19239997863769531 53
14.470485545969165 2.58636318181652314 0.0761678144335746765 -1.94880008697509766 59.5
14.4825220595712842 2.51839767206708309 -0.0651432797312736511 -2.03000020980834961 55
14.4422068909522157 2.66535012557938611 -0.639202713966369629 -2.19239997863769531 46
14.4014402849393655 2.8692466548277058 -0.675246298313140869 -2.35480022430419922 48.5
14.5546635546939793 2.52016894076453823 0.333393692970275879 -1.70520007610321045 55
14.5546635546939793 2.52016894076453823 0.333393692970275879 -1.78640007972717285 58
14.5657845397556756 2.46478061239608692 0.251816779375076294 -1.86760008335113525 60.5
14.5581188651588143 2.52016894076453823 0.102744974195957184 -1.94880008697509766 60.5
14.5676273176418594 2.46478061239608692 0.09871692955493927 -2.03000020980834961 55.5
14.4840414749982251 2.78787919454538669 -0.860765457153320312 -2.35480022430419922 48.5
14.6237226995565539 2.55337378858767217 0.386703908443450928 -1.62400007247924805 48.5
14.6265527312748613 2.5329616434754163 0.413018077611923218 -1.70520007610321045 54.5
14.6397223414457738 2.47729215680562698 0.253095030784606934 -1.78640007972717285 58.5
14.6320177548955872 2.5329616434754163 0.103266522288322449 -1.86760008335113525 60.5
14.6458130551603691 2.43461221702545494 0.308768510818481445 -1.94880008697509766 58.5
14.6227133826515932 2.54409554080937372 0.475759714841842651 -2.03000020980834961 54
14.639074773755441 2.49399300280656355 -6.49114156203722814e-07 -2.11120009422302246 53
14.6273378170751887 2.34182973924247273 -1.03891408443450928 -2.19239997863769531 49.5
14.7105529018157295 2.46742344322671592 0.516806602478027344 -1.70520007610321045 51.5
14.7158437337334771 2.48980370121516659 0.0213692951947450638 -1.78640007972717285 57
14.7147943874553135 2.48980370121516659 0.177048593759536743 -1.86760008335113525 58.5
14.718178525167513 2.46742344322671592 0.20655415952205658 -1.94880008697509766 54.5
14.6973078787590801 2.55694447518051904 -0.454769939184188843 -2.03000020980834961 55.5
14.7123357594436914 2.42079790575077602 -0.665250301361083984 -2.11120009422302246 51
14.6458397695760389 2.6259502706449096 -1.16593027114868164 -2.27360010147094727 47.5
14.7774112430918549 2.55854721156521236 -0.286325186491012573 -1.78640007972717285 53.5
14.7970383037077511 2.4592043528011418 -6.55670874039060436e-07 -1.86760008335113525 53.5
14.770294861019261 2.50231540471762504 -0.7595062255859375 -1.94880008697509766 51.5
14.7470451670557878 2.55854721156521236 -0.98921048641204834 -2.03000020980834961 51.5
14.7295547981461912 2.73474020635431847 -0.749292850494384766 -2.27360010147094727 48
14.8590152003614993 2.53178083867184212 -0.235349297523498535 -1.78640007972717285 49
14.8229919985789991 2.65234183098954901 -0.706843912601470947 -2.19239997863769531 46.5
14.800316295279389 2.78985671285193382 -0.650374054908752441 -2.27360010147094727 46
15.0755717134725025 3.00099780712402664 0.334356844425201416 -2.03000020980834961 47.5
13.6131048368591525 7.07021250333957507 -1.04217839241027832 -2.84200000762939453 49
13.5868640419179538 7.13169261206426697 -0.962683439254760742 -2.92320013046264648 49.5
15.1707960510808242 2.91524426494707978 0.225405380129814148 -2.03000020980834961 47
15.1747359005375486 2.88242363414966229 0.348624885082244873 -2.11120009422302246 46
13.6419383726545469 7.24949815554720889 0.211713105440139771 -2.51719999313354492 53.5
13.6548439203530272 7.22826127679593888 -0.00210583396255970001 -2.59840011596679688 60
13.6478511768870145 7.23791440350106097 0.226458758115768433 -2.67960023880004883 61
13.6873689889830725 7.16648126588315204 -0.00210583396255970001 -2.76080012321472168 61
13.7192929732237694 7.10470125497036697 -0.0821585729718208313 -2.84200000762939453 59
13.6756812562084527 7.16648126588315204 -0.565513670444488525 -2.92320013046264648 53.5
13.6783188891062562 7.34288972146342012 -0.105842776596546173 -2.43600010871887207 45
13.7535836018836495 7.20126991970203711 0.0793839395046234131 -2.51719999313354492 60
13.7209001000929245 7.26334983280291802 0.0793839395046234131 -2.59840011596679688 67.5
13.7528837383992109 7.20126991970203711 0.159823194146156311 -2.67960023880004883 69.5
13.7538123555088347 7.20126991970203711 -0.00211605662479996681 -2.76080012321472168 68.5
13.7499737001685389 7.20126991970203711 -0.324919730424880981 -2.92320013046264648 52.5
15.3636788016173362 2.67258521128695703 0.41792944073677063 -1.86760008335113525 47
13.8605997984282165 7.15223569672636472 -0.298841714859008789 -2.43600010871887207 53.5
13.8202557220345952 7.23605857352092219 -0.00212627905420958996 -2.51719999313354492 64.5
13.8193226188635538 7.23605857352092219 0.160595297813415527 -2.59840011596679688 71
13.8461060351505036 7.17952686591529066 0.315856724977493286 -2.67960023880004883 73
13.8193226188635538 7.23605857352092219 0.160595297813415527 -2.76080012321472168 70
13.8525084954319446 7.173678758231949 0.0797674357891082764 -2.84200000762939453 62.5
13.8142214508370262 7.23605857352092219 -0.40836063027381897 -2.92320013046264648 49.5
15.4609672545405257 2.56986841655976006 0.244716912508010864 -1.78640007972717285 48
15.4553333591441078 2.6149194634964017 0.0224431287497282028 -1.86760008335113525 49
15.4412416352189883 2.67368169863115268 0.353701949119567871 -1.94880008697509766 48
13.8828992985215827 7.27084722733980815 0.324853688478469849 -2.43600010871887207 53.5
13.8845801944194278 7.27084722733980815 0.242579489946365356 -2.51719999313354492 65
13.8807613606041951 7.27084722733980815 0.40605047345161438 -2.67960023880004883 70.5
13.8955179129396225 7.20816750986274091 0.813962042331695557 -2.76080012321472168 66
13.8254005565100453 7.27084722733980815 1.30334389209747314 -2.84200000762939453 53.5
15.5368901718546226 2.58216456262359939 -6.88454406372329686e-07 -1.78640007972717285 49
15.5360327116912789 2.58216456262359939 0.163213387131690979 -1.86760008335113525 50
13.9493253289222814 7.30563632352042625 0.326408028602600098 -2.51719999313354492 61
15.6149147753844488 2.56677575985625728 -0.129466965794563293 -1.78640007972717285 49
15.6111675419574087 2.56677575985625728 0.365715086460113525 -1.86760008335113525 48
15.6149714443462315 2.49558629348119965 -0.612661540508270264 -2.03000020980834961 46
14.0718859678756179 7.23957323330798008 -0.0356043353676795959 -2.43600010871887207 50
14.087553669063535 7.19606855941211077 0.433663487434387207 -2.51719999313354492 51.5
14.0284898818492021 7.27714545167259352 0.821751177310943604 -2.59840011596679688 46.5
15.695078447362258 2.54317711419248171 0.0823855996131896973 -1.78640007972717285 47.5
11.3000227190750255 11.2786942107005697 -0.548811674118041992 4.14120006561279297 46
11.2627765531900685 11.3285999372965911 -0.115446321666240692 4.06000041961669922 45
15.4714359171345315 4.10747110684562777 1.16870772838592529 -2.43600010871887207 45.5
15.4157427247145336 4.23582957893455436 1.41956043243408203 -2.51719999313354492 46
15.5697229808687219 4.12666460282198777 0.75497901439666748 -2.43600010871887207 47.5
15.5053815723186919 4.23748811510480472 1.28159213066101074 -2.51719999313354492 49
15.4797833948726407 4.25562287166017494 1.51049208641052246 -2.59840011596679688 49
15.5120410294491737 4.23748811510480472 1.19828903675079346 -2.67960023880004883 46
15.6584950112037848 4.14585858692163889 0.251808673143386841 -2.35480022430419922 47
15.6346681433010186 4.18229679715825586 0.711047589778900146 -2.43600010871887207 50.5
15.6016994193207221 4.25719756264463278 0.95040053129196167 -2.51719999313354492 52.5
15.5711372473325316 4.33007398311786496 1.10912132263183594 -2.59840011596679688 52
15.5650013658482607 4.28958708285495849 1.33048558235168457 -2.67960023880004883 48.5
15.6825638421131881 4.35012082490944429 0.0965338349342346191 -2.27360010147094727 46
15.6988186633621325 4.27690701018446084 0.361693412065505981 -2.35480022430419922 51
15.6833378020355383 4.27690701018446084 0.785276710987091064 -2.43600010871887207 53.5
15.6685031578865495 4.27690701018446084 1.0400773286819458 -2.51719999313354492 54
15.6394569200141831 4.29521046386570671 1.35433864593505859 -2.59840011596679688 53
15.5801823051296768 4.35012082490944429 1.79166114330291748 -2.67960023880004883 49
15.7433759094072467 4.37016715688865975 0.608481824398040771 -2.27360010147094727 46
15.7397237458259376 4.32930537889063594 0.916911065578460693 -2.43600010871887207 54
15.7492818135363759 4.24962491179448953 1.10604560375213623 -2.51719999313354492 54.5
15.7372474544086458 4.34156391229004246 0.901328980922698975 -2.59840011596679688 52
14.2799702431877513 7.73309148612602915 -1.89848804473876953 -2.92320013046264648 49
14.2684588908260697 7.78008253082375667 -1.78994572162628174 -3.00440025329589844 46.5
15.8094723913244355 4.33479755269409317 1.02507686614990234 -2.35480022430419922 48
15.8098121981303255 4.40047630349248831 0.682884514331817627 -2.43600010871887207 50.5
15.8264742731233046 4.37789923290554039 0.370625495910644531 -2.51719999313354492 51.5
15.8576379916922292 4.25680403612099845 0.442270666360855103 -2.59840011596679688 50
14.2737244234197629 7.81577134500904602 -2.22602152824401855 -2.84200000762939453 47.5
14.315935242521391 7.79319427442209811 -2.02504158020019531 -2.92320013046264648 50
14.3670856193346328 7.76856474287269982 -1.73692488670349121 -3.00440025329589844 47
15.8897324322667561 4.31129235689991575 1.08588671684265137 -2.59840011596679688 45.5
14.3883027820766234 7.85145925159008939 -1.8924400806427002 -2.92320013046264648 47
10.5791087035021665 14.4585564796930246 0.581603288650512695 1.94880008697509766 48
10.4862402525900595 14.4585564796930246 1.51478183269500732 1.86760008335113525 45
10.5179942898078984 14.5865297688775026 0.777792870998382568 1.94880008697509766 50
10.5774461329185758 14.519051604950544 1.14664125442504883 1.86760008335113525 46
11.5679390832827735 13.8771099245400293 0.560605287551879883 2.84200000762939453 47
10.8300359129568466 14.3830462238722188 1.59498071670532227 2.19239997863769531 45
12.0439120012083976 13.7571490187947898 0.758345842361450195 3.08560013771057129 45.5
11.8624701557437433 13.9240825092156708 0.540148317813873291 3.00440025329589844 45.5
11.3404563002825327 14.3425596153392494 0.758345842361450195 2.43600010871887207 45.5
9.96063320526627294 15.3464473180072858 0.402954161167144775 1.21800005435943604 45
10.3653627280983365 15.1361019261937297 1.04798448085784912 1.62400007247924805 47
15.7833684071136702 -9.73162602539537147 -1.46313154697418213 -3.81640005111694336 45
12.3042211258331786 13.9082995309209227 1.06081688404083252 3.49160003662109375 45
15.796606475996791 -9.70785911185867434 -2.23167228698730469 -3.81640005111694336 45
13.0398623695925266 13.3553071387421127 0.594485640525817871 3.97880029678344727 47
13.0646276580537553 13.4206570476950535 0.874053418636322021 4.06000041961669922 46.5
12.6455640851229827 14.0074557896601721 1.04447686672210693 3.5728001594543457 45
12.6794186592149334 13.9814766944508886 0.980143249034881592 3.49160003662109375 46
12.7382394249533277 14.0630400790331169 -0.137126371264457703 3.65400028228759766 45
12.7522774945849875 14.1471915397876771 -0.37272411584854126 3.65400028228759766 46
12.7565368415754499 14.1471915397876771 -0.174031674861907959 3.5728001594543457 45.5
12.7891840690912595 14.1186257820092074 0.0610418543219566345 3.49160003662109375 45
13.3710623747146578 13.7427533629276688 0.995701014995574951 3.97880029678344727 45.5
13.3713902954379176 13.7499510340325557 0.885876178741455078 3.89760017395019531 47
11.9687438652428249 14.9447644374435153 1.42941129207611084 2.84200000762939453 45
13.8981142473999277 13.4124662127677041 1.17075502872467041 4.30360031127929688 46.5
13.7023656158749247 13.6179934577803685 1.10359179973602295 4.22240018844604492 46.5
12.3184462593216182 14.8559928630331299 1.40637075901031494 2.92320013046264648 46
12.1286429307876666 14.9599654693336568 1.8756258487701416 2.84200000762939453 45
12.1644317613348143 14.988981080394268 1.33399581909179688 2.76080012321472168 45.5
13.7940798041659445 13.6270848003376202 1.16471803188323975 4.30360031127929688 49
13.8516890826298109 13.5372732332530994 1.48445761203765869 4.22240018844604492 48
12.3876023032690341 14.9135748153320851 1.20966148376464844 2.92320013046264648 48.5
13.9426949987391939 13.5895398968566923 1.08427286148071289 4.46600008010864258 45.5
14.1867445137888328 13.4632437914392735 0.811181366443634033 4.54720020294189453 47.5
14.016717936487554 13.6418078896905577 0.783179044723510742 4.46600008010864258 49
13.9087774892425777 13.7323129805850446 1.07245266437530518 4.38479995727539062 46.5
14.1717312044573642 13.7986105389618832 0.894680261611938477 4.38479995727539062 48
13.9198391521080733 14.0707724825311509 0.539893984794616699 4.14120006561279297 46
12.6155834106153026 15.1668428552692003 1.68937230110168457 3.00440025329589844 45
14.2579630392508712 13.761468635362256 1.53235650062561035 4.38479995727539062 46
14.830104388619775 13.4524477855373341 -0.316724032163619995 4.95320034027099609 46
14.8478556081118427 13.5480410831643709 0.0424820668995380402 4.95320034027099609 46.5
14.310836477360958 14.090200556547309 1.92273557186126709 4.30360031127929688 45.5
14.4805006759055015 14.0894406279489086 1.36573982238769531 4.38479995727539062 45.5
14.3307444641634554 14.2513882213736078 1.26103699207305908 4.30360031127929688 47
14.7901884428626111 13.8698653287702101 1.40812313556671143 4.70960044860839844 47.5
14.7777152234003317 13.8851041480290665 1.3887711763381958 4.62840032577514648 45.5
14.2555643956836757 14.4844977055441326 0.289602011442184448 4.30360031127929688 45
15.0577742285807386 13.7043662641979793 1.27037811279296875 4.70960044860839844 45.5
15.3770695305313794 13.7446928140526357 0.140613049268722534 5.03439998626708984 46
14.7833054806085276 14.2962330844833989 1.56915020942687988 4.46600008010864258 45.5
14.9574105563452537 14.4365598136798337 1.6075286865234375 4.62840032577514648 45.5
16.0619993480423702 14.0174639197601536 1.55354905128479004 5.1156001091003418 47
16.1071023312427641 14.0666485040155109 1.67128479480743408 5.1156001091003418 47.5
15.8120431346861565 14.3614906029944951 1.95688450336456299 4.87200021743774414 46
15.9127482406862697 14.2944810350447256 1.59837639331817627 4.79080009460449219 47.5
14.9965395627459532 15.0476685788001294 2.96209239959716797 4.30360031127929688 45
16.1364640695224537 14.201905241248129 1.11627423763275146 5.1156001091003418 48
15.8934176691167899 14.4117061141302045 1.74003183841705322 4.87200021743774414 45.5
15.8396750384597098 14.5085372862296236 1.39023077487945557 4.79080009460449219 50
15.8673305592340359 14.4117061141302045 1.96372675895690918 4.70960044860839844 48
16.3905397834848507 13.9922723190065064 1.45825886726379395 5.1156001091003418 45
15.819951991806402 14.5968766784697497 1.79452753067016602 4.79080009460449219 47
15.7556302819181582 14.6265670711219631 2.09372186660766602 4.70960044860839844 48.5
20.9659533523213639 -5.49825229460942477 -0.0605872534215450287 -1.29920005798339844 45
16.4051379538837807 14.0977355632719501 1.3895944356918335 5.19680023193359375 47.5
16.3125348158941215 14.3503561951331466 1.015380859375 5.03439998626708984 47
16.2302668072235292 14.5443845407547734 1.17046356201171875 5.03439998626708984 47
16.2563749409225515 14.5116576301061588 1.21355152130126953 4.95320034027099609 47
16.3447917255600643 14.5615263749275687 0.64789968729019165 5.03439998626708984 47
16.3341456131645302 14.5615263749275687 0.876200318336486816 4.95320034027099609 48
16.7775263465176927 14.1775279938866081 0.642632186412811279 -5.03439998626708984 45.5
16.3683380342510993 14.6443456888237993 0.721997320652008057 4.95320034027099609 46.5
16.6889638550553379 14.3416410099662688 1.41363584995269775 5.19680023193359375 45
17.7403558227156921 13.3406583940463772 -0.382904231548309326 -4.38479995727539062 45
17.7841974165943881 13.3857286428428726 -0.848714768886566162 -4.38479995727539062 46.5
17.7841974165943881 13.3857286428428726 -0.848714768886566162 -4.46600008010864258 45.5
16.6286209824341462 14.8942491945338489 1.08296501636505127 4.95320034027099609 45
17.3443067895414131 14.193235889142338 0.779564857482910156 -4.79080009460449219 49
18.2127518390323431 13.1947926378839835 -0.665649592876434326 -4.14120006561279297 49.5
18.2221989364702068 13.1947926378839835 -0.314455598592758179 -4.22240018844604492 46
17.4964472031190255 14.1394869328614039 0.446359068155288696 -4.79080009460449219 49.5
17.3417712522032765 14.3053707525151754 0.932392358779907227 -4.87200021743774414 45.5
17.9170384251135637 13.7211602681002365 0.583251595497131348 -4.46600008010864258 47.5
17.5547692870729719 14.1866190354186053 0.447846949100494385 -4.79080009460449219 46
17.6994731972544912 14.1290287692931447 0.34897729754447937 -4.70960044860839844 45
18.7143772016734999 13.0060418710499786 -0.674524962902069092 -3.97880029678344727 45
18.6925761783075188 13.1717375985422738 -0.598798036575317383 -3.97880029678344727 45.5
17.6109551724612743 14.5123506483939089 1.58478796482086182 -4.79080009460449219 45.5
18.7996484003281701 13.1633032656463111 -0.0563266947865486145 -3.97880029678344727 45
18.8187932690214623 13.2581105269907074 0.475607782602310181 -3.97880029678344727 46.5
18.8193587397381243 13.2063210327446505 -1.25519585609436035 -4.06000041961669922 46
19.0493016277861145 13.0559377872735212 -0.525965690612792969 -3.81640005111694336 45.5
18.6015652006126544 13.6707763344080035 0.837655603885650635 -4.30360031127929688 47
18.6108498605413821 13.6707763344080035 0.596815586090087891 -4.38479995727539062 45.5
19.1996847917360967 12.9738022916850184 -0.364965736865997314 -3.81640005111694336 46
18.524321356046336 13.9005024553768042 0.840375304222106934 -4.30360031127929688 49.5
18.5885017498314831 13.8223121290653115 0.701412498950958252 -4.38479995727539062 47
18.7223542758542365 13.7595473820837793 0.843094944953918457 -4.22240018844604492 45.5
18.5298343599936146 14.0384571263152083 0.35980689525604248 -4.30360031127929688 45.5
18.5710194711700467 13.9716350000930944 0.68783867359161377 -4.38479995727539062 45
18.8766611805764128 13.6960902400773925 0.380048096179962158 -4.22240018844604492 46
10.60613830775827 20.8338844709946684 1.0095367431640625 -0.730800032615661621 45.5
10.2683708093006292 21.0122517626059917 0.778381824493408203 -0.893200039863586426 45.5
10.2937365882727043 21.0122517626059917 0.290344744920730591 -0.974400043487548828 46
10.8332898815382705 20.777454835498979 1.41873681545257568 -0.487200021743774414 46.5
10.7045088362225922 20.8654576090504342 1.05914199352264404 -0.568400025367736816 49
10.6510019606864965 20.9006587184710177 0.89123833179473877 -0.812000036239624023 45.5
10.5579021449306634 20.9505269568168444 0.82566457986831665 -0.893200039863586426 45.5
10.9526538559260818 20.8261803674455415 0.955051541328430176 -0.487200021743774414 51.5
10.9098581986355576 20.8438371545311227 1.0545048713684082 -0.568400025367736816 51
10.3126496291800809 21.1469453328336385 1.02883970737457275 -0.974400043487548828 46.5
10.4466459587644902 21.0410046103201402 1.65717995166778564 -1.05560004711151123 45
18.9056835929602478 13.937090606220444 1.71323120594024658 -4.22240018844604492 46
11.2171976667563396 20.783274489503178 0.608769118785858154 -0.487200021743774414 48
11.2098875956162107 20.783274489503178 0.731131076812744141 -0.568400025367736816 47
10.3828389653806656 21.2142912615866237 0.539530754089355469 -0.893200039863586426 46.5
10.3359988813128059 21.2379086189610611 0.508936107158660889 -0.974400043487548828 49.5
10.5159764236384206 21.1080131534016679 1.41654884815216064 -1.05560004711151123 46
18.9766965676472665 13.9814755656657752 1.59497058391571045 -4.22240018844604492 45.5
17.9574375191902824 15.27747805158792 1.50657427310943604 5.19680023193359375 45
11.0302641243458943 20.9766001044229142 0.0743257850408554077 -0.243600010871887207 46
11.2023218440964794 20.849253809845731 1.2274545431137085 -0.324800014495849609 45
10.6430197534595639 21.1750234006245712 0.185814425349235535 -0.974400043487548828 48
10.4214579037951314 21.2816389030612818 0.418468892574310303 -1.05560004711151123 47.5
11.0507055907106153 21.042982423455058 0.570505738258361816 -0.0812000036239624023 47
11.5259956068618727 20.7874838369215098 0.531613945960998535 -0.243600010871887207 47
11.2621593678294563 20.9152331301882839 0.983611047267913818 -0.324800014495849609 49
11.0982537699109507 21.02515694067365 -0.149121552705764771 -0.487200021743774414 46
10.4108732239915565 21.3727538549111564 0.264203399419784546 -0.974400043487548828 48
10.4487624230637159 21.3489865445359399 0.542956352233886719 -1.05560004711151123 48
19.3206532065979211 13.8533710349528381 -0.217197000980377197 -4.14120006561279297 46.5
18.6211621241230283 14.703052380866735 1.52422642707824707 -4.62840032577514648 45
11.2976861400632771 20.9812107726070209 0.986713886260986328 0 48.5
11.5174840309034501 20.8709402046259882 0.757597208023071289 -0.162400007247924805 56.5
11.5174840309034501 20.8709402046259882 0.757597208023071289 -0.243600010871887207 51
11.4984296388028451 20.8709402046259882 1.00620651245117188 -0.324800014495849609 49
10.3327826002629735 21.4908396138166502 0.447130709886550903 -1.05560004711151123 46.5
18.372265174921381 15.1309100983701477 1.52903461456298828 -4.79080009460449219 45
11.3522359176218455 21.0471900929495739 0.740415334701538086 0 52
11.35963881541627 21.0471900929495739 0.616499602794647217 -0.0812000036239624023 57.5
11.6038273660151692 20.9186348125522983 0.409395396709442139 -0.243600010871887207 48
10.2795196562730347 21.5942974490589172 0.650741040706634521 -1.05560004711151123 47
10.2866149538538068 21.5942974490589172 0.526812970638275146 -1.13680005073547363 47
18.4658545446948459 15.1426161677257944 1.45570337772369385 -4.70960044860839844 46.5
18.3818324839326195 15.1784920599296846 2.03157472610473633 -4.79080009460449219 45.5
11.6463180107014566 20.9842094665301246 0.161988839507102966 0 53.5
11.6286732058376483 20.9842094665301246 0.66096043586730957 -0.162400007247924805 46.5
10.1023111749615442 21.7699551975907042 -0.111262969672679901 -1.05560004711151123 45.5
18.4978491251328663 15.2260728114296739 1.41289877891540527 -4.70960044860839844 46.5
18.5237403500078486 15.1900844573352956 1.4602665901184082 -4.79080009460449219 48
11.838041711552 20.959533741070679 0.405396580696105957 0 50
11.6714336580291054 21.0497857881830832 0.538321971893310547 -0.0812000036239624023 49.5
20.4291177686540735 12.7074882334265169 -0.881213009357452393 -3.49160003662109375 47.5
20.3459440554303193 12.8187990915318171 -1.15179431438446045 -3.5728001594543457 46.5
20.1091693821528317 13.1888324846926732 -1.13211989402770996 -3.73520016670227051 45
20.3432820441418158 12.9402133381416249 -1.38721168041229248 -3.4104001522064209 45.5
20.3044443767407188 12.9673733008382843 -1.67311978340148926 -3.49160003662109375 47.5
20.0927503298087125 13.3898616094529821 -0.464276432991027832 -3.81640005111694336 45.5
19.0587597998615834 14.5999888362707981 2.61276912689208984 -4.46600008010864258 45
18.9794191803187822 14.7327708761211316 2.43919920921325684 -4.54720020294189453 46
18.8670136709898699 14.9349617095295937 2.05068063735961914 -4.62840032577514648 45
10.1941695098902105 21.9740488735922348 0.265900582075119019 -1.21800005435943604 47
20.1927823808690974 13.3678743388598047 -0.63413691520690918 -3.81640005111694336 46
20.069572748051872 13.5616116481186424 -0.38150140643119812 -3.89760017395019531 45.5
10.44784715544961 21.9327660449230954 0.535070240497589111 -1.05560004711151123 46
10.44784715544961 21.9327660449230954 0.535070240497589111 -1.13680005073547363 50
10.44784715544961 21.9327660449230954 0.535070240497589111 -1.21800005435943604 50.5
10.4095435689751969 21.9327660449230954 1.04174613952636719 -1.29920005798339844 46.5
10.4800939237965238 22.0004604527120549 0.536721706390380859 -1.13680005073547363 48
10.2475909425873848 22.1101124776736526 0.520107746124267578 -1.21800005435943604 49.5
10.2402983537668604 22.1101124776736526 0.648030400276184082 -1.38040006160736084 45
20.4027420745377022 13.3105374745052849 -0.835727691650390625 -3.73520016670227051 45
20.3655000931358323 13.3866847140619534 -0.428724765777587891 -3.81640005111694336 48
20.1138654419677785 13.7582832430984858 -0.531738817691802979 -3.89760017395019531 45.5
20.4029790998983458 13.4645370183303132 -0.476711302995681763 -3.81640005111694336 49
10.3489348723488739 22.227786550820344 0.54838407039642334 -1.38040006160736084 47.5
10.3545381848131903 22.3142044235545889 0.14088071882724762 -1.29920005798339844 50
20.8189224118986154 13.0983365544518691 -0.407530456781387329 -3.4104001522064209 48
20.8924888693385356 12.9845983586023692 0.253246426582336426 -3.49160003662109375 45.5
20.4651762600405576 13.6393614860602987 0.551738083362579346 -3.73520016670227051 47
9.83645793675136382 22.6289064140575711 -0.180000975728034973 -1.29920005798339844 46.5
10.1176547140775952 22.4963211877591007 0.635825574398040771 -1.38040006160736084 46.5
10.1176547140775952 22.4963211877591007 0.635825574398040771 -1.46160006523132324 46
20.9382549676506073 13.024185950807901 -0.903174757957458496 -3.32920026779174805 45.5
20.8599301786300977 13.1382709129717021 -1.05109775066375732 -3.4104001522064209 46
20.6710327727163055 13.4743590447515444 -0.0757001861929893494 -3.65400028228759766 45
20.6196632457884803 13.5514434786460054 0.208598032593727112 -3.73520016670227051 47
20.5295107305326709 13.8975031665534416 -1.29585886001586914 -3.81640005111694336 46
10.226582100179801 22.7014551538849005 -0.266517698764801025 -1.46160006523132324 47.5
21.2368214997812608 13.0670622963377117 -1.41420114040374756 -3.4104001522064209 46.5
23.1307889261526043 -9.61608865332870977 0.00341510958969593048 -2.27360010147094727 45
21.2481160606395498 13.0875216990779091 -2.17644548416137695 -3.4104001522064209 47.5
10.3021715176978645 22.9065891200106968 0.647421181201934814 -1.46160006523132324 47.5
10.6774066535300722 22.6773976444404148 1.73041725158691406 -1.54280006885528564 46
21.4032558453007056 13.3012960759837515 0.127136781811714172 -3.49160003662109375 47.5
10.5728978431129033 22.9517522766883353 0.506579339504241943 -1.54280006885528564 45
10.383380589599664 23.0433445177814882 0.124068327248096466 -1.62400007247924805 46.5
21.4025302249372018 13.441950968705866 -0.267087876796722412 -3.49160003662109375 49
10.1055400560926127 23.2479335207073383 -0.18492501974105835 -1.62400007247924805 48.5
10.1503072322207988 23.2289271709152381 0.103697009384632111 -1.70520007610321045 49.5
10.1808300406603998 23.2976525055845478 -0.0277338083833456039 -1.54280006885528564 47
10.179618899704316 23.2976525055845478 -0.159470677375793457 -1.62400007247924805 52
10.4425531680919566 23.1800999155522796 0.258272260427474976 -1.70520007610321045 50
21.7383571573895651 13.150004598474629 -0.975664675235748291 -3.24800014495849609 49
21.6814193678944598 13.1881297628094174 -1.55561840534210205 -3.32920026779174805 48
10.7274794950159489 23.1305791275607184 -0.38419768214225769 -1.62400007247924805 45
10.4358269917213633 23.248478483907288 0.922947168350219727 -1.78640007972717285 46
21.8781636483052111 12.994420950846207 -1.65563511848449707 -3.08560013771057129 46
10.191034767980236 23.454276472653234 0.346969634294509888 -1.62400007247924805 46.5
10.0334938896759098 23.5213891318609889 0.392300218343734741 -1.70520007610321045 49.5
22.0344417174745715 12.9527432270968195 -0.889068067073822021 -3.08560013771057129 47.5
22.0851263893436816 12.8856305678890646 -0.536997735500335693 -3.16680002212524414 45
22.0633504427399991 13.0259855393557729 -1.2061837911605835 -3.00440025329589844 45.5
22.1498928127807169 12.9234187240852538 -0.538572549819946289 -3.08560013771057129 48.5
22.1948036279146415 12.856109251563975 -0.183615550398826599 -3.16680002212524414 48.5
22.137449017943311 12.9522656408800874 -0.307771444320678711 -3.24800014495849609 46
10.0319091896709107 23.6882754015968509 -0.0455992557108402252 -1.70520007610321045 46
10.1970263668228789 23.6175545359658123 -0.0859379470348358154 -1.78640007972717285 49
10.0304149397777778 23.6882754015968509 -0.1788901686668396 -1.86760008335113525 45.5
22.252754929338959 12.8936996384590827 -0.58573448657989502 -3.16680002212524414 46.5
10.2222194052735773 23.6864110795108047 0.316605478525161743 -1.70520007610321045 45.5
10.2849286425512148 23.6606194245991261 -0.188207715749740601 -1.78640007972717285 47.5
22.0694112823274935 13.3439574599285731 -0.721080005168914795 -3.32920026779174805 48
22.460007379778709 12.8298491803845636 -0.677328944206237793 -3.08560013771057129 46
22.1887630199853056 13.3019152036547634 -0.48332977294921875 -3.32920026779174805 46.5
22.2915472835408224 13.2821022749303328 -0.274220764636993408 -3.16680002212524414 47
22.3269465075452374 13.223733661417457 0.206993862986564636 -3.24800014495849609 48
22.3195143355105685 13.223733661417457 0.612083256244659424 -3.32920026779174805 45
10.2144166671582663 23.935255905623567 0.264367192983627319 -1.86760008335113525 47.5
10.136837945944027 23.9645245609429445 0.496775031089782715 -1.94880008697509766 45.5
22.3840222566815044 13.2619529324908854 0.613852262496948242 -3.08560013771057129 45
22.3472850141798496 13.3204902431296368 -0.681255519390106201 -3.16680002212524414 50.5
22.3842639284701121 13.2619529324908854 -0.604984045028686523 -3.24800014495849609 48.5
10.1733227713819563 24.0335855335258515 -0.316726952791213989 -1.86760008335113525 47
10.4506121754006163 23.916173526576884 0.10676497220993042 -1.94880008697509766 45.5
22.794222500475815 12.7033268629506306 -0.508881986141204834 -2.92320013046264648 48.5
22.6652264236127259 12.9414123214860322 0.131677389144897461 -3.00440025329589844 46.5
22.4710987442973504 13.2740796745081031 0.24199715256690979 -3.08560013771057129 45.5
22.3332641964267218 13.4991193544936223 -0.457285791635513306 -3.16680002212524414 45.5
10.024093862958777 24.1778770465473691 -0.2801646888256073 -1.86760008335113525 45.5
10.2073947765377255 24.1026482624469125 -0.0463969111442565918 -1.94880008697509766 48.5
10.4402039081357003 23.9848988612461937 0.925977110862731934 -2.03000020980834961 45.5
22.8623487924543838 12.7398310465776525 -0.374739885330200195 -2.92320013046264648 50
22.7901841720109353 12.8739345312784685 -0.00356765091419219971 -3.00440025329589844 51
22.7307415116765554 12.9786006656791066 -0.00356765091419219971 -3.08560013771057129 49.5
22.7303157247398318 12.9786006656791066 -0.139190971851348877 -3.16680002212524414 46
10.1417853727693554 24.2110732565187945 0.175385415554046631 -1.86760008335113525 45.5
10.2363417037837685 24.1717109913679735 0.0912724584341049194 -1.94880008697509766 49
22.910733064795469 12.8058569290677937 -0.413391619920730591 -2.92320013046264648 49
22.7958732358797214 13.0157890098721829 -0.00357787357643246651 -3.00440025329589844 50.5
22.7255753599619865 13.1371559940872196 -0.161065459251403809 -3.08560013771057129 50.5
22.7787299305379953 13.4912656430621354 -0.202154695987701416 -3.24800014495849609 46
23.4494004701744956 12.9080674086147393 -0.638842582702636719 -2.84200000762939453 46.5
23.5602448103702109 12.7039740670062642 -0.651615738868713379 -2.92320013046264648 47.5
23.4856461830877201 12.9442239064061422 -1.33940553665161133 -2.84200000762939453 46
9.53600400113742097 25.334002578617568 0.555573582649230957 -2.19239997863769531 45
23.6718402249744315 13.1372772452954081 -0.334096848964691162 -2.92320013046264648 49
23.6730731883906316 13.1372772452954081 0.230733305215835571 -3.00440025329589844 49
9.50761601086367314 25.4279291492320354 0.384997338056564331 -2.19239997863769531 45
9.98081175772684759 25.2481185761954379 0.196205407381057739 -2.27360010147094727 48
10.1320756062047828 25.1870508344094226 0.275795161724090576 -2.35480022430419922 45.5
23.7374138547814582 13.1736689641718474 -0.335022330284118652 -2.92320013046264648 49.5
23.7865774701279307 13.0888526561357157 0.0573824942111968994 -3.00440025329589844 48
10.0101702299719619 25.3178636919454689 0.0538281910121440887 -2.19239997863769531 47
10.5199705822785141 25.1103402190606708 0.0408333353698253632 -2.27360010147094727 48.5
23.85228524134045 13.1250091539271185 0.0575410053133964539 -2.76080012321472168 45.5
23.6858396282506085 13.7207015339772784 -0.337798774242401123 -3.16680002212524414 45.5
23.9789697583037338 13.3192339887178939 -1.05337250232696533 -2.92320013046264648 48.5
23.9096681831862092 13.4838807132758269 -0.123516827821731567 -3.00440025329589844 49.5
23.8341838441221228 13.6107958967892344 0.42480430006980896 -3.08560013771057129 49
23.8379692285505307 13.6107958967892344 -0.00374143314547836781 -3.16680002212524414 47
24.1145429080927372 13.2077266848215888 -1.29248034954071045 -2.84200000762939453 46.5
24.0553772620749022 13.3556257075943332 -0.76929175853729248 -2.92320013046264648 49.5
24.0079400046984048 13.4519320480044904 0.538539886474609375 -3.00440025329589844 50
23.9535175770536171 13.8503154572672553 0.550908386707305908 -3.08560013771057129 47
23.9230060883916416 14.0542967169015203 0.478631168603897095 -3.16680002212524414 46.5
24.0876317341200163 13.9253847237244948 -0.316794276237487793 -3.16680002212524414 46
24.4558894945019141 13.3445107190794143 3.85347247123718262 -2.92320013046264648 45.5
24.4452941804458064 13.5950509813859206 3.5836029052734375 -3.00440025329589844 46
24.0440461015088189 15.156280381803116 0.389510989189147949 -3.49160003662109375 45
23.9592608255939332 15.2628396532945843 0.990081131458282471 -3.5728001594543457 46.5
23.9584976691824707 15.4348812738866137 -0.0699481815099716187 -3.49160003662109375 45
24.0224785131590366 15.3031114060661686 0.992693483829498291 -3.5728001594543457 45.5
23.9075390306576665 15.4348812738866137 1.56336569786071777 -3.65400028228759766 45.5
24.0781355063206384 15.386230769922193 0.194812983274459839 -3.49160003662109375 45.5
26.9931497915409366 13.0757694856255835 -0.627864181995391846 -2.35480022430419922 48
27.0960595681734624 13.4488484330222846 -1.73841404914855957 -2.43600010871887207 47.5
27.2492670235075849 13.3606772964996665 -1.26907575130462646 -2.43600010871887207 50
27.9023289350145767 12.1760601070082117 -0.637282133102416992 -2.19239997863769531 48.5
27.8467998238974701 12.4845012389210961 -0.68462526798248291 -2.11120009422302246 52
27.8144182335553118 12.5302739290729601 -1.06114578247070312 -2.19239997863769531 54.5
27.7905698967913857 12.6256337002226786 -0.230997845530509949 -2.27360010147094727 50.5
27.9056240541638019 12.5151752195512849 -1.0032886266708374 -2.11120009422302246 47.5
27.8547466005834572 12.6031217609657897 -1.27847623825073242 -2.19239997863769531 51.5
27.8059747271708595 12.7254821664120588 -1.11796140670776367 -2.27360010147094727 49
28.1827287658718362 12.2960217449383915 -0.322847038507461548 -2.19239997863769531 48.5
28.1845785235462927 12.2960217449383915 -0.00419122306630015373 -2.27360010147094727 48.5
28.191844463792318 12.4492716982254699 -0.645130455493927002 -2.19239997863769531 49
28.1673097589474182 12.4916423630399738 -0.861522912979125977 -2.27360010147094727 49.5
28.4628094433557521 12.0277958745829849 0.103226751089096069 -1.94880008697509766 46.5
28.320205133410294 12.3560021825571589 -0.324421882629394531 -2.19239997863769531 50
28.2055520182715824 12.6031222262083027 -0.646700143814086914 -2.27360010147094727 47.5
28.5697506355198954 11.9602235443320275 -0.416008919477462769 -1.94880008697509766 50.5
28.5320191481023002 12.0569891069884338 -0.0591294467449188232 -2.03000020980834961 50.5
28.6864565090096093 11.8495034131304013 -0.882626116275787354 -1.94880008697509766 48
28.5780228882157061 12.1327430166531638 -0.44241681694984436 -2.03000020980834961 49.5
28.4576815009487518 12.4159826201759262 -0.325996756553649902 -2.11120009422302246 49
28.4521288557186303 12.4159826201759262 -0.649839460849761963 -2.19239997863769531 48
28.5282928744648849 12.4459732203316324 -0.00424233544617891312 -2.11120009422302246 50.5
28.5168971722898021 12.4459732203316324 0.806272566318511963 -2.19239997863769531 48
29.0134217794363103 14.0766010328683624 -0.364978879690170288 -2.51719999313354492 46.5
29.2689829593505344 14.2075474907982127 0.987373948097229004 -2.43600010871887207 46
8.37200636138937426 31.60658528147151 -0.472611546516418457 -3.73520016670227051 46.5
14.7303412402275349 30.3398694556586612 1.25374054908752441 -1.05560004711151123 45.5
14.6961667036120573 30.3398694556586612 1.60547089576721191 -1.13680005073547363 46.5
30.2934532803329724 15.4324261686483073 1.88403451442718506 -2.59840011596679688 45
30.4696316146289696 15.2830543720791052 1.59542191028594971 -2.59840011596679688 46.5
34.8106166044931484 14.2506202976112242 1.63201308250427246 -1.86760008335113525 48
34.8487930991485371 14.2506202976112242 0.06417103111743927 -1.94880008697509766 49.5
34.8392244237844011 14.1941635648375915 1.50890946388244629 -2.03000020980834961 49
34.9373330989638333 14.222439077546893 0.529810607433319092 -1.78640007972717285 48.5
34.8700966317053087 14.330863372801641 1.37056028842926025 -1.86760008335113525 54.5
34.9291522049914107 14.222439077546893 0.923247277736663818 -1.94880008697509766 56
34.9337698254431501 14.222439077546893 0.727824807167053223 -2.03000020980834961 54
34.8844607378327396 14.1187288820858274 2.6289985179901123 -2.11120009422302246 47
34.8576627363376588 14.595528035761232 0.868402838706970215 -1.78640007972717285 49
34.9221662523600642 14.4254830489368295 1.08995676040649414 -1.86760008335113525 56
34.9655531674637672 14.3073962525309941 1.24451017379760742 -1.94880008697509766 57.5
34.9985945616583862 14.2507145902561945 0.925082802772521973 -2.03000020980834961 54.5
35.0336059012538996 14.3878440639814578 0.389906823635101318 -1.78640007972717285 48.5
35.0014987040069983 14.4541038721708457 0.699737370014190674 -1.86760008335113525 55
34.9914534397538617 14.4541038721708457 1.09211933612823486 -1.94880008697509766 55
35.1498787574237284 14.0849420836871122 0.784933567047119141 -2.03000020980834961 49
35.0043378386948518 14.2789886648131787 2.30706119537353516 -2.11120009422302246 47
35.0764875079763954 14.4827261511944485 0.30530121922492981 -1.86760008335113525 51
34.9853375972379368 14.6913836333989529 0.626104116439819336 -2.03000020980834961 47.5
34.8739929232194754 14.8289078830337377 2.02749133110046387 -2.11120009422302246 48.5
34.7627075499877591 15.4093984804181847 -0.0725874826312065125 -2.11120009422302246 47
34.8933799918477874 15.4415636879550178 1.15800309181213379 -2.19239997863769531 48
34.9261253359819008 15.5005777310714254 1.72054743766784668 -2.11120009422302246 48
34.7833220405146619 15.9068525097149873 0.393767297267913818 -2.19239997863769531 48.5
34.7458815051205363 15.9928871687218592 -0.117346793413162231 -2.27360010147094727 48
34.9518504844595768 16.5340623693718349 1.63798534870147705 -2.27360010147094727 48.5
35.0324343602758148 16.359968703008164 1.66434550285339355 -2.35480022430419922 48.5
36.041754984207266 14.2645845125499999 1.00708377361297607 -1.78640007972717285 50
36.0507845998035066 14.2645845125499999 0.602708756923675537 -1.94880008697509766 48.5
35.1051755593871846 16.4352821557641313 1.00444066524505615 -2.35480022430419922 46.5
36.061903259845586 14.4281068851454943 0.831620275974273682 -1.70520007610321045 56
36.1205160309614541 14.2921758646932489 0.603874504566192627 -1.78640007972717285 59
36.1233502504443962 14.2921758646932489 0.399944067001342773 -1.86760008335113525 59
36.1725673364820963 14.1368261270335402 1.00903165340423584 -1.94880008697509766 56
36.1165918389013996 14.2921758646932489 0.805139839649200439 -2.03000020980834961 47.5
36.1103136468914627 14.4997371173198388 0.979144275188446045 -1.62400007247924805 50
36.1863156943223814 14.3197672168364978 0.806694149971008301 -1.70520007610321045 59
36.2562950194357043 14.1397973163531603 0.838532924652099609 -2.03000020980834961 49.5
36.1319433044928289 14.625142273791262 1.26010167598724365 -1.62400007247924805 51
36.2508933351285592 14.3473571656252812 1.01292753219604492 -1.70520007610321045 59.5
36.2628205088371232 14.3473571656252812 0.401488214731216431 -1.78640007972717285 62.5
36.324134653681881 14.1914076312163111 0.401488214731216431 -2.03000020980834961 48
36.3143876791989939 14.3749485177685319 1.21725714206695557 -1.70520007610321045 56.5
36.3325574115165892 14.3749485177685319 0.402260303497314453 -1.78640007972717285 57
36.4053157168520869 14.1942851022938594 -0.17582586407661438 -1.86760008335113525 58
36.4053157168520869 14.1942851022938594 -0.17582586407661438 -1.94880008697509766 55
36.4022943141960553 14.4025398699117808 0.403032422065734863 -1.70520007610321045 49.5
36.4380079696008679 14.245990523499696 -1.43033301830291748 -1.86760008335113525 48
36.4671201623258767 14.2215296881228088 -0.787339627742767334 -1.94880008697509766 47.5
36.794852217672755 14.5680865794168124 1.43867957592010498 -1.62400007247924805 49
36.9000709380041627 14.3553054235353859 0.685714781284332275 -1.78640007972717285 53.5
36.9479062851606272 14.2068534543157838 1.08518636226654053 -1.86760008335113525 54.5
36.9707434491521099 14.093040277914092 1.64640653133392334 -1.94880008697509766 52
37.1323802007441657 13.9610832388835373 0.616698145866394043 -1.54280006885528564 46.5
36.9548748301660908 14.4122404032082549 0.854689598083496094 -1.62400007247924805 57
36.9495491440008692 14.4122404032082549 1.06020283699035645 -1.70520007610321045 62
36.9945207518520931 14.2337606458929802 1.70627677440643311 -1.78640007972717285 63.5
36.9591414794466502 14.2783805852218002 2.06292176246643066 -1.86760008335113525 62
37.0407645048303849 14.1197319120526696 1.64952468872070312 -1.94880008697509766 56.5
36.9685151621740076 14.1742673934545582 -2.55438065528869629 -2.03000020980834961 48.5
37.0193942154961348 14.4394836033200047 1.06220698356628418 -1.62400007247924805 60.5
37.0128198152933692 14.4394836033200047 1.27078926563262939 -1.70520007610321045 66
37.0035760773823768 14.3053707525151754 2.48077940940856934 -1.78640007972717285 66
36.916576388932647 14.1464221885983417 4.13613986968994141 -1.86760008335113525 62
37.1033455938582293 14.2010607574447523 -1.31683659553527832 -1.94880008697509766 60
37.1618673308432719 14.0768821918847244 -0.948421657085418701 -2.03000020980834961 54.5
37.1512067828118759 14.2875736604907626 1.29760956764221191 -1.54280006885528564 48.5
37.135897206581447 14.3323622926553114 1.24062097072601318 -1.62400007247924805 60.5
37.0929694291126992 14.4368691010392567 1.3111802339553833 -1.70520007610321045 64.5
36.5972539616473327 14.3323622926553114 6.42300891876220703 -1.78640007972717285 58.5
37.1342028678307514 14.1731138227369193 -2.4908745288848877 -1.86760008335113525 64.5
37.1966945352297529 14.1731138227369193 -1.24876248836517334 -1.94880008697509766 65.5
37.1902132272635981 14.227855484271366 -0.697755038738250732 -2.03000020980834961 57
37.2121633433635921 14.3593538327954455 1.03630280494689941 -1.62400007247924805 57
37.2260327852041115 14.3593538327954455 0.204020559787750244 -1.70520007610321045 55
36.6178467743183589 14.3144808520679589 -6.79993581771850586 -1.78640007972717285 61
37.1770798190182887 14.3144808520679589 -2.22944903373718262 -1.86760008335113525 68.5
37.2502025902416776 14.2546502110979798 -1.11244380474090576 -1.94880008697509766 66.5
37.2395295389356065 14.3144808520679589 -0.568516314029693604 -2.03000020980834961 57
37.2300060299729338 14.4912458079465694 -1.38965773582458496 -1.62400007247924805 49.5
37.112909318189935 14.4912458079465694 -3.26136660575866699 -1.70520007610321045 57
37.2338082071187841 14.3413880436451571 -2.44313359260559082 -1.78640007972717285 64
37.2875831087202485 14.3413880436451571 -1.40055441856384277 -1.86760008335113525 66.5
37.3008356560691965 14.3413880436451571 -0.98648536205291748 -1.94880008697509766 64
37.3302907821909287 14.2814449379245918 -0.700383186340332031 -2.03000020980834961 55
37.3647542121029943 14.3682952352223534 -1.19577515125274658 -1.62400007247924805 50.5
37.383373692187341 14.3082396647512056 -1.32677507400512695 -1.70520007610321045 54.5
37.3575417584062919 14.3682952352223534 -1.40318214893341064 -1.78640007972717285 57.5
37.3795291890666945 14.3682952352223534 -0.570653617382049561 -1.86760008335113525 58.5
37.3708191700730694 14.3682952352223534 -0.98833620548248291 -1.94880008697509766 57
37.4364688880532626 14.1831238929363135 -1.16302311420440674 -2.03000020980834961 50.5
37.5947034770738853 14.2362433925427609 0.087705269455909729 -1.62400007247924805 48.5
37.612971763357713 14.3886224823946272 0.554638862609863281 -1.54280006885528564 51
37.6637782678261246 14.2628038178056578 0.296548455953598022 -1.62400007247924805 57
37.6581278577010679 14.2628038178056578 0.716623902320861816 -1.70520007610321045 56.5
37.6782416102512698 14.1722143793015984 1.25463926792144775 -1.78640007972717285 53
37.6707185616764164 14.1722143793015984 1.46320247650146484 -1.86760008335113525 51
38.0056975994384629 13.5532149207368633 -0.00274832826107740402 -1.46160006523132324 45
37.6621352071452051 14.4759226329745303 -0.365867018699645996 -1.54280006885528564 55
37.6860256133576499 14.4154172092212409 -0.286094188690185547 -1.62400007247924805 61.5
37.6868702226779746 14.4154172092212409 0.134796097874641418 -1.70520007610321045 62.5
37.7236316680912012 14.2893642430685546 0.929736196994781494 -1.78640007972717285 60
37.7221882145047758 14.1986061074386196 1.88645493984222412 -1.86760008335113525 53.5
38.0476852721617647 13.5784070248676567 -1.47691476345062256 -1.46160006523132324 49.5
37.7977400581666316 14.3159246683314514 -0.752359271049499512 -1.54280006885528564 58
37.756074696699109 14.4422119360478547 -0.286625981330871582 -1.62400007247924805 63
37.7783708210306983 14.3866455382526386 -0.00275343656539916992 -1.70520007610321045 64
37.7530587389899424 14.4422119360478547 0.556704580783843994 -1.78640007972717285 61
37.7026819070790324 14.4422119360478547 2.02760457992553711 -1.86760008335113525 54.5
38.0885082562115684 13.6035978476748074 -2.11133217811584473 -1.38040006160736084 46
37.8638660692486155 14.3424837426750038 0.933192431926727295 -1.54280006885528564 55.5
37.8751699021049149 14.3424837426750038 -0.121492780745029449 -1.62400007247924805 61
37.802141000424939 14.529735647572311 -0.367227107286453247 -1.70520007610321045 60.5
37.7876292439390369 14.529735647572311 1.10984969139099121 -1.78640007972717285 56.5
37.7176391892775484 14.6410746180517926 1.80796194076538086 -1.86760008335113525 47
38.0024870507951107 14.1865157310833592 -0.940451204776763916 -1.46160006523132324 45.5
37.9453098191202116 14.3690441679379006 -0.121717765927314758 -1.54280006885528564 52.5
37.9090377679318919 14.4400274489368883 -0.849186301231384277 -1.62400007247924805 55
37.7458934737254168 14.7391712760040487 -2.08209061622619629 -1.70520007610321045 50.5
36.3010455465896769 17.3099491029619408 -9.82648563385009766 -3.73520016670227051 48.5
36.5650735096266359 17.1237093636592981 -9.15063953399658203 -3.81640005111694336 51.5
36.6485754690797805 17.2168292333106194 -8.62686920166015625 -3.89760017395019531 52
36.6266845041984013 17.3099491029619408 -8.53298664093017578 -3.97880029678344727 50
36.5703473990851506 17.3823756682463006 -8.62686920166015625 -4.06000041961669922 46.5
36.1984031149819145 17.4708754781069651 -10.2283926010131836 -3.65400028228759766 48.5
36.4443547810237121 17.2480194574725516 -9.72063350677490234 -3.73520016670227051 52.5
36.520377473778332 17.1547308906953582 -9.59963893890380859 -3.81640005111694336 53.5
36.5788112915281474 17.0821731165353157 -9.5060882568359375 -3.89760017395019531 53
36.3081743738078231 17.3413080242497486 -10.0584001541137695 -3.97880029678344727 49.5
27.1093224659432295 28.6914169821418419 12.7303934097290039 -4.06000041961669922 48
27.391223022134465 28.7173304729132894 12.0503807067871094 -4.14120006561279297 45.5
36.9710808848925936 17.3413080242497486 -7.25217628479003906 -4.30360031127929688 45
36.7409315066360946 16.993645819708437 -9.36603832244873047 -3.73520016670227051 46.5
36.5771755418820916 16.8378837132033183 -10.2468891143798828 -3.81640005111694336 45.5
37.3970655750778249 17.2792096816344873 -5.41212844848632812 -4.30360031127929688 45.5
41.8488848759634067 14.6306160054482408 2.44462275505065918 -1.62400007247924805 49
41.9743747124214579 14.6997907491312265 0.30624544620513916 -1.54280006885528564 47
46.5971447787985795 15.7389071013362027 1.2778470516204834 -1.46160006523132324 45.5
45.9759328796043505 21.1417538284394055 1.45976352691650391 -2.11120009422302246 45
46.0397030341123141 21.0531887316117121 -0.00690018478780984879 -2.19239997863769531 47
45.8336596039307693 21.4011230405776516 -2.03925824165344238 -2.27360010147094727 47
46.1597253000376497 20.9703392706203289 -0.120977021753787994 -2.11120009422302246 47.5
46.1582913853524133 20.9703392706203289 -0.383672088384628296 -2.19239997863769531 49
45.980950250205268 21.3568017163930897 -0.359478950500488281 -2.27360010147094727 47.5
46.0139309624366888 21.2871117671553804 0.259244173765182495 -2.35480022430419922 47
46.448942032674374 21.2403269037819165 -0.00696151889860630035 -2.19239997863769531 47.5
75.681978437694184 8.13019109108869564 4.9004063606262207 -0.487200021743774414 49.5
75.711828575876325 7.93003398333621767 4.76546955108642578 -0.568400025367736816 49.5
75.80859902961069 7.62503267628482462 3.57642149925231934 -0.649600028991699219 48
75.7286856150430765 8.19542984736074054 5.22724819183349609 -0.487200021743774414 52
75.8518163273915889 7.93783193597687653 3.57993841171264648 -0.568400025367736816 53
75.8906500631820506 8.06186055997651607 2.22235536575317383 -0.649600028991699219 49
75.9115882164661429 8.25123021447169158 3.18264651298522949 -0.487200021743774414 51.5
75.9982223312145919 7.745078361037665 2.25057435035705566 -0.568400025367736816 52
75.9812399161215808 7.50632748677633188 3.35963892936706543 -0.649600028991699219 47.5
76.0479393882500574 7.95342625485749366 2.38832759857177734 -0.487200021743774414 47.5
76.0566241901150164 8.21153023187810938 0.458969771862030029 -0.568400025367736816 47.5
