
X Y Z V_r Mag
6.40727924967845563 6.40714592318849796 -0.50089651346206665 0.324800014495849609 46.5
6.37891882382280695 6.44910422392442317 -0.272189855575561523 0.243600010871887207 45.5
6.52970211892309127 6.40978868013327663 -0.0106048155575990677 0.324800014495849609 50
6.41161458127590578 6.527556827484994 -0.0686197876930236816 0.243600010871887207 49
6.32365515254585642 6.80539789881959578 0.433530509471893311 0.324800014495849609 54
6.39039524819412996 6.74380532903861241 0.417062193155288696 0.243600010871887207 53.5
6.36288841294697605 6.86027999924076859 0.58381342887878418 0.324800014495849609 51
6.35122620435519103 6.87668094186190437 0.513626694679260254 0.243600010871887207 50.5
7.66674413418394618 6.5753253361575501 -0.708350479602813721 0.324800014495849609 46
7.62262636288934115 6.75403988411319745 -0.564380049705505371 0.324800014495849609 47.5
7.5328828802337382 6.85218313209898966 -0.585903048515319824 0.243600010871887207 45
8.72094311240026698 6.27681891933827707 -1.08935630321502686 0.324800014495849609 46
10.8539016119895937 -0.671314011401115018 -0.088228665292263031 0.487200021743774414 62.5
10.8542152968871157 -0.671314011401115018 -0.0311399847269058228 0.406000018119812012 66
10.8554200364382858 -0.652288917960597625 0.000741066003683954477 0.324800014495849609 57.5
10.9251789597164066 -0.700573341849550335 0.228424295783042908 0.568400025367736816 50.5
10.9282265094386801 -0.675943810300152159 0.139599427580833435 0.487200021743774414 70.5
10.9273540768488964 -0.675943810300152159 0.196329385042190552 0.406000018119812012 74
10.9238264130904277 -0.700573341849550335 0.285891711711883545 0.324800014495849609 65
11.0022646773908512 -0.705371776859051725 -0.0571255125105381012 0.487200021743774414 69
11.0036111708356401 -0.680573550328850807 -0.0894456207752227783 0.406000018119812012 72.5
11.0024128387150704 -0.705371776859051725 0.000751287618186324835 0.324800014495849609 64.5
11.0561714361954628 -0.786458027596620535 -0.593775331974029541 0.568400025367736816 50
11.0649097320376306 -0.735137133379557106 -0.487198889255523682 0.487200021743774414 71.5
11.0673905935345278 -0.729588928599333997 -0.436539590358734131 0.406000018119812012 75
11.0693978229066374 -0.735137133379557106 -0.371501445770263672 0.324800014495849609 66
11.1425512902676136 -0.695418722939982747 -0.490490764379501343 0.568400025367736816 47
11.1466701122297849 -0.714968646878054503 -0.348121166229248047 0.487200021743774414 67
11.1490106952804346 -0.689833030386247992 -0.322990566492080688 0.406000018119812012 70
11.1496843740662239 -0.714968646878054503 -0.232355743646621704 0.324800014495849609 61.5
11.2149300411383699 0.69446277041494664 -0.552776932716369629 0.487200021743774414 61
11.2176828561451973 0.69446277041494664 -0.493782639503479004 0.406000018119812012 64.5
11.2145883864042233 0.719767081887555893 -0.526729166507720947 0.324800014495849609 56.5
11.2807810273707751 0.853345788049255316 -0.52098536491394043 0.487200021743774414 64.5
11.2833358878210159 0.853345788049255316 -0.462361037731170654 0.406000018119812012 68.5
11.2833358878210159 0.853345788049255316 -0.462361037731170654 0.324800014495849609 60
11.3614780465464378 0.866119765344839698 -0.355907291173934937 0.568400025367736816 46.5
11.3614780465464378 0.866119765344839698 -0.355907291173934937 0.487200021743774414 68
11.4318509343183567 0.871817906918622598 -0.477865070104598999 0.487200021743774414 62
11.4318509343183567 0.871817906918622598 -0.477865070104598999 0.406000018119812012 65.5
11.4292132676502867 0.871817906918622598 -0.537263751029968262 0.324800014495849609 57
11.5019448758335905 0.87029963361993512 -0.591897308826446533 0.487200021743774414 52
11.5009070846019554 0.877516048492405498 -0.601334154605865479 0.406000018119812012 55.5
11.577680997970802 -0.929699147438093121 -0.483319669961929321 0.487200021743774414 46.5
11.5882496589523445 -0.769907106472170977 -0.510242044925689697 0.406000018119812012 51
11.650788964544736 -0.56141836048154059 -0.913200259208679199 0.406000018119812012 45.5
9.4715416490804607 6.89350395799649274 -1.19169497489929199 0.406000018119812012 45
9.60843086413971115 6.85004603155868974 -1.08509886264801025 0.406000018119812012 46
9.51548812023667523 6.93741151272210566 -1.32299411296844482 0.324800014495849609 49.5
7.36257282964111948 -9.71846773454578283 -1.62293016910552979 0.243600010871887207 45
12.3141815552737004 -1.10256516763359103 0.534732639789581299 0.406000018119812012 47.5
7.28076935433448913 -9.89679813864653823 -1.47798275947570801 0.243600010871887207 47
11.6419546841146406 -4.40898601330248141 0.168058663606643677 0.406000018119812012 49.5
11.7143578213153408 -4.3792018313824439 -0.687057673931121826 0.487200021743774414 54
11.7160873239511378 -4.38546230576612128 -0.613718926906585693 0.406000018119812012 61
11.7212818425973566 -4.3792018313824439 -0.556570470333099365 0.324800014495849609 55.5
11.7634543300033023 -4.70407157354549721 0.38534817099571228 0.406000018119812012 62
11.7831338621895476 -4.66289114899594015 0.266137093305587769 0.324800014495849609 57
12.03681687511245 -4.2013594957554492 0.161677956581115723 0.487200021743774414 62
11.8815344835059022 -4.9939091822733408 -0.54775238037109375 0.406000018119812012 52.5
11.9154875594853848 -4.92943004499414972 -0.363177835941314697 0.324800014495849609 48
12.0919124089251273 -4.70353743891270781 0.114111840724945068 0.487200021743774414 51
7.46162620826852763 -10.5841752503351092 -0.806231319904327393 0.243600010871887207 49
12.1623309891847846 -4.73072544665208916 -0.0213522855192422867 0.487200021743774414 49.5
12.155153954906714 -4.74866339215818112 0.0702863261103630066 0.406000018119812012 57.5
12.1317472848190029 -4.80084650635772103 0.274010986089706421 0.324800014495849609 53
7.62561119811504629 -10.57523423700062 -0.56301039457321167 0.243600010871887207 53
7.54578293793759158 -10.6453552967062528 -0.200176224112510681 0.162400007247924805 45.5
12.256645510805944 -4.68902983609180612 0.230852201581001282 0.487200021743774414 54
12.2626083083523838 -4.67098879789767896 0.275585770606994629 0.406000018119812012 62
12.2587681366748846 -4.67098879789767896 0.412445664405822754 0.324800014495849609 57.5
7.65675190872434985 -10.6458526289163729 -0.552837014198303223 0.243600010871887207 52
7.68474427127352833 -10.6360120626286676 -0.292582571506500244 0.162400007247924805 45
12.4282883748753719 -4.43376548069207299 0.345536351203918457 0.487200021743774414 54.5
12.4236990549817818 -4.43376548069207299 0.483157753944396973 0.406000018119812012 61.5
12.4208535943191745 -4.43376548069207299 0.551500022411346436 0.324800014495849609 56.5
7.88480304375670293 -10.5862748716821891 -0.0260980967432260513 0.243600010871887207 49.5
12.8170649630886526 3.45038359752353729 -0.208152949810028076 0.487200021743774414 51.5
12.8117354670795294 3.46863081847197918 -0.231679975986480713 0.406000018119812012 57
12.8134906733319269 3.46863081847197918 -0.0932187587022781372 0.324800014495849609 51.5
7.88662817631791757 -10.6596947104260806 -0.630580723285675049 0.243600010871887207 48
12.8893490217074778 3.44652229678978372 -0.456811785697937012 0.487200021743774414 63
12.8808480167022328 3.48822755207523549 -0.372208625078201294 0.406000018119812012 68.5
12.8864649443906849 3.46987723974963691 -0.348552465438842773 0.324800014495849609 63
12.9353044709732679 3.52795527153604471 -0.679758071899414062 0.487200021743774414 69
12.9514993046389559 3.48937088197573653 -0.559985518455505371 0.406000018119812012 75
12.9543522882058131 3.48937088197573653 -0.489563345909118652 0.324800014495849609 69
13.0059776300896104 3.56284730703197505 -0.632994532585144043 0.487200021743774414 69.5
12.9973632870284668 3.59827334559621326 -0.609090864658355713 0.406000018119812012 75
13.0004502950918024 3.59827334559621326 -0.539203286170959473 0.324800014495849609 69
13.1135596813140936 3.50460984805292775 -0.181393131613731384 0.487200021743774414 59.5
13.1143444936624398 3.50460984805292775 -0.111059345304965973 0.406000018119812012 65.5
13.1030612556509745 3.54701800207099316 -0.0953253954648971558 0.324800014495849609 60
13.0038090599507825 3.97427658255428096 -1.19523787498474121 0.487200021743774414 55
12.9860342066931924 4.44031635292179061 0.148777931928634644 0.487200021743774414 49.5
13.0035968409145894 4.39057932154491404 0.0701800063252449036 0.406000018119812012 57.5
13.0172163490523936 4.34598750031047398 0.200238749384880066 0.324800014495849609 53
13.2139452948443097 3.97311434693317933 0.214503675699234009 0.406000018119812012 54.5
13.2024864801007542 4.00415430276859485 0.317976683378219604 0.324800014495849609 48.5
13.2344020543585223 4.15248465790514931 -0.350911766290664673 0.487200021743774414 51.5
13.2155705770652023 4.21663577788113653 -0.290387213230133057 0.406000018119812012 57.5
13.2169697376090927 4.21663577788113653 -0.217561006546020508 0.324800014495849609 52.5
12.9890495190081339 4.40677419986743679 -2.54312038421630859 0.487200021743774414 49.5
13.0263104576632305 4.36668092194142776 -2.41864514350891113 0.406000018119812012 56
13.003124494584041 4.40677419986743679 -2.47014451026916504 0.324800014495849609 51.5
13.2811055096359567 -4.8746226276750404 -0.883690118789672852 0.324800014495849609 46
13.5318955919924715 -4.44456202810579004 -0.44294169545173645 0.406000018119812012 49.5
12.2355506795279716 7.25505576051427159 -1.69148111343383789 0.324800014495849609 51.5
14.3258398240630118 -1.45932781651549481 0.026507306843996048 0.487200021743774414 45.5
14.3243186516493317 -1.47372315872526549 0.0451599732041358948 0.406000018119812012 51
14.4022902798065786 -1.44703177567940622 0.0759872570633888245 0.487200021743774414 55
14.4049473117738831 -1.42170871960501666 0.0434211567044258118 0.406000018119812012 58.5
8.44863460071701944 -11.7155310138443927 -0.944741010665893555 0.243600010871887207 49
14.4783309316124082 -1.42907506710007159 0.195413857698440552 0.487200021743774414 52.5
14.4753164470364997 -1.45452933038175214 0.228145524859428406 0.406000018119812012 56
13.3174675820973185 4.57631290571358829 3.66127395629882812 0.324800014495849609 51
13.7249016190130995 4.51218076832331949 2.27111029624938965 0.406000018119812012 50.5
13.5737953834214711 4.57797198244225001 2.94701552391052246 0.324800014495849609 49
9.0805392622117882 -11.4622915264981202 -0.224335432052612305 0.243600010871887207 46.5
14.7346388602223684 0.177242650779044442 -1.07687067985534668 0.487200021743774414 47.5
14.809433788229768 0.178142357343325952 -1.08233702182769775 0.406000018119812012 50
14.0970899903959808 4.55852514177772594 -2.34348607063293457 0.406000018119812012 47
8.29772343438259874 -12.4272293133167437 -1.30835545063018799 0.243600010871887207 48
14.2941228412036683 4.64159820423171166 -1.1786729097366333 0.406000018119812012 47.5
10.2605971483448997 -11.5316251619396759 -0.666552543640136719 0.324800014495849609 51
9.98539632742451033 -11.7787452055908179 -0.505509495735168457 0.243600010871887207 51.5
10.0892674981719779 -11.7699635244698992 -0.836825549602508545 0.324800014495849609 51.5
9.81620546681047301 -12.0027631985981973 -0.775518059730529785 0.243600010871887207 52.5
15.2300132265943731 3.36851002560456747 -0.24460911750793457 0.487200021743774414 48.5
15.24088101053961 3.32757327182117901 0.0531781949102878571 0.406000018119812012 52.5
15.2380850118523075 3.32757327182117901 0.296715140342712402 0.324800014495849609 45.5
8.84501103915765263 -12.8093051957451465 -1.02347183227539062 0.243600010871887207 50
15.3054765941695106 3.34357117916730973 -0.518212556838989258 0.487200021743774414 50
15.308010149500447 3.34357117916730973 -0.437031477689743042 0.406000018119812012 54.5
15.3130381550658985 3.33181873214035917 -0.339811772108078003 0.324800014495849609 47.5
15.4022512977195021 3.27494042088846715 -0.328554987907409668 0.487200021743774414 47.5
15.3745060168809164 3.33792004436709178 -0.738493621349334717 0.406000018119812012 53
9.12847213660558232 -12.7750229999922116 -1.23787140846252441 0.243600010871887207 47.5
15.2486403589198432 4.75302140100496562 0.297315001487731934 0.406000018119812012 45
15.5181172122566853 4.21330843969764501 -1.20486545562744141 0.406000018119812012 50.5
15.5596121359941648 4.27541666776294083 -1.4350273609161377 0.406000018119812012 48
12.4431677385273911 -10.3646464673040981 0.426275849342346191 0.324800014495849609 48
15.0272746624864801 6.77312070416844669 -0.745568215847015381 0.406000018119812012 48.5
14.9855163151709689 6.86177951399470043 -0.774783790111541748 0.324800014495849609 46.5
12.2943356865369058 -11.3254322001758254 0.556343376636505127 0.324800014495849609 51.5
12.8272359566048646 -10.8387932827083819 0.471831232309341431 0.406000018119812012 50
12.7586716035646255 -10.9101701898577303 0.651553750038146973 0.324800014495849609 56
12.9583425503697462 -10.7965062283133388 0.531437337398529053 0.406000018119812012 51
13.0202617167880845 -10.729028064386382 0.355472952127456665 0.324800014495849609 57.5
13.0565213546685737 -10.6805281340638807 0.468188494443893433 0.243600010871887207 52
12.9189672081848137 -10.9609847462521053 0.509543478488922119 0.406000018119812012 48.5
13.0159357697895093 -10.8444911885624684 0.533799290657043457 0.324800014495849609 54.5
12.3161744251185024 -11.754088031676579 0.0626793801784515381 0.243600010871887207 46.5
15.4866585389351243 7.41720027307609708 -0.359452247619628906 0.406000018119812012 55.5
15.4426730362892055 7.4966089565552112 -0.55258786678314209 0.324800014495849609 54
15.5198572678827347 7.52934473851098485 0.0740917325019836426 0.487200021743774414 62
15.5191738578877914 7.52934473851098485 0.163469210267066956 0.406000018119812012 72.5
15.5191738578877914 7.52934473851098485 0.163469210267066956 0.324800014495849609 71
15.4916644073491678 7.58754465489798591 -0.00235117389820516109 0.243600010871887207 54
15.559370434183295 7.60537984341997664 0.468866497278213501 0.487200021743774414 64.5
15.5753660740051654 7.56208135299344697 0.61525726318359375 0.406000018119812012 75
15.5715641471255779 7.56208135299344697 0.704960286617279053 0.324800014495849609 73.5
15.5496563397326959 7.62053431506926238 0.539705157279968262 0.243600010871887207 56.5
15.495902504318444 7.58394648455653453 2.26292228698730469 0.487200021743774414 55
15.5426936373272468 7.51436899387252843 2.17232394218444824 0.406000018119812012 65.5
15.521290655033642 7.58394648455653453 2.0816657543182373 0.324800014495849609 64
15.4997181548714487 8.01187938925417775 -0.971674799919128418 0.406000018119812012 50
12.4358591669558542 -12.2416450957097087 0.931227922439575195 0.324800014495849609 52
12.2384109337776241 -12.3551958529299917 1.71640706062316895 0.243600010871887207 48
15.6974284100153962 7.80283799450516113 -0.842016398906707764 0.406000018119812012 51
13.070693921334172 -11.6954848298752179 0.612486183643341064 0.324800014495849609 51.5
13.0660545870631495 -11.6954848298752179 0.704552054405212402 0.243600010871887207 46
11.9363586561342085 -12.967803592007467 0.00480646314099431038 0.243600010871887207 46
12.7351125393918014 -12.3385239127419304 -1.23629426956176758 0.324800014495849609 46.5
16.1035613102176249 7.85533037556676028 -0.524194300174713135 0.406000018119812012 47
12.1927072505974365 -13.13029559782502 0.488767653703689575 0.324800014495849609 53
11.9291330295948068 -13.361005329414235 0.696405887603759766 0.243600010871887207 52.5
16.0749438064493972 7.96467261551198646 -1.46975600719451904 0.406000018119812012 47.5
12.1843886698602155 -13.2437143067310288 0.380398273468017578 0.324800014495849609 49.5
12.0773691030194747 -13.3404330083596712 0.412298083305358887 0.243600010871887207 48.5
16.1709346358172859 7.95042756093439262 -1.41323471069335938 0.406000018119812012 50.5
16.1182697160697828 8.03625604028538909 -1.52500104904174805 0.324800014495849609 50
16.1905505589726033 8.03104556248158374 -1.67061150074005127 0.406000018119812012 48
9.99082364725150818 -15.136740492516827 -0.696492195129394531 0.243600010871887207 47
13.8474421885421535 -11.8545645800252988 -1.61483478546142578 0.324800014495849609 50
14.0241052459721605 -11.8158951019710141 -1.16177833080291748 0.406000018119812012 48.5
13.9660311804558575 -11.9031481167154585 -0.951665103435516357 0.324800014495849609 53.5
13.8604593626041943 -12.050100562600834 -0.56865692138671875 0.243600010871887207 47
14.2336741366890092 -11.705043957810382 -0.892734110355377197 0.324800014495849609 50.5
12.7924543058025986 -13.5606656968775852 -1.1032249927520752 0.324800014495849609 50.5
12.5847199312237201 -13.7403544352461218 -1.25824475288391113 0.243600010871887207 50
17.5439744619442841 6.59786491730259606 -0.489539951086044312 0.406000018119812012 47
11.9822740651430379 -14.3953416377511196 -0.872775673866271973 0.324800014495849609 47
12.0357433574978536 -14.3531677852967707 -0.830634772777557373 0.243600010871887207 50
17.6198978590684838 6.62425664543961723 -0.197645381093025208 0.406000018119812012 46
14.0293443764058399 -12.545156495074389 -0.420930296182632446 0.324800014495849609 53
14.8782902906632124 -11.5890381992686677 -1.24126148223876953 0.324800014495849609 45
14.6672954682424947 -12.038114058548496 0.0698585063219070435 0.324800014495849609 50
15.1036725225680151 -11.5167613443534886 -1.46486341953277588 0.406000018119812012 50
15.046197568957961 -11.6405462947268621 -1.00607776641845703 0.324800014495849609 54
15.1035787622359692 -11.6242383724840277 -1.58890402317047119 0.406000018119812012 50
15.0634346596473883 -11.7270019929644604 -1.15583932399749756 0.324800014495849609 54
12.0731380214526158 -14.7453846131222157 -1.60579574108123779 0.243600010871887207 47.5
14.4342168770304848 -12.6607034734932444 -0.00392616307362914085 0.324800014495849609 46.5
16.4703137084667723 -9.86560825006936781 1.71003580093383789 0.406000018119812012 47.5
14.3339256416541918 -12.8859873383474408 0.124840140342712402 0.324800014495849609 53.5
16.3649055623664914 -10.2134950933352773 1.51555252075195312 0.406000018119812012 48
19.3950315314997823 1.76661581947661861 -0.980720579624176025 0.406000018119812012 48.5
14.7183935920755484 -12.7878618215355786 -0.29911389946937561 0.324800014495849609 48
16.8056104633889021 -10.0191581703734123 -0.607127904891967773 0.324800014495849609 47
12.2003534125170425 -15.251330857489803 1.31488823890686035 0.243600010871887207 47
12.6916451211281487 -14.9807346170488636 0.788857400417327881 0.324800014495849609 47
12.5754089830989244 -15.0863192078590735 0.620168566703796387 0.243600010871887207 48.5
19.4097466842551931 4.46735452575858272 -1.14324116706848145 0.406000018119812012 46
15.8524593530296034 -12.0911881881912961 -1.87174153327941895 0.324800014495849609 51.5
12.4551729042432395 -15.7533024978878249 0.843892276287078857 0.243600010871887207 46.5
17.6247262570423224 -9.76154169886405221 1.05450451374053955 0.406000018119812012 48
17.6238275489200973 -9.7892733514176431 0.775572896003723145 0.324800014495849609 48
12.5016479018866349 -15.8120840741930095 0.847041130065917969 0.243600010871887207 47.5
17.7210072580734526 -9.71685560548200478 1.26930320262908936 0.406000018119812012 54.5
17.7500451916269455 -9.67130784483130945 1.21004974842071533 0.324800014495849609 53.5
17.7684472226052854 -9.86205586369066545 0.357491105794906616 0.487200021743774414 54
17.7446274050056161 -9.89253350220838179 0.609615921974182129 0.406000018119812012 65
17.7406978894163032 -9.89253350220838179 0.714872539043426514 0.324800014495849609 63.5
17.7155087830955118 -9.86205586369066545 1.41641867160797119 0.243600010871887207 47
17.8687465887773271 -9.8347182007581484 0.382451444864273071 0.487200021743774414 65.5
17.8284643115694088 -9.89844758256710477 0.571547448635101318 0.406000018119812012 76.5
17.8374755021440095 -9.8704066545711644 0.748088479042053223 0.324800014495849609 75.5
17.8545724873298255 -9.8347182007581484 0.807849466800689697 0.243600010871887207 58.5
17.9384315181870093 -9.87087469854955124 0.0642118379473686218 0.487200021743774414 65
17.917466915963832 -9.90669435790146835 0.217759206891059875 0.406000018119812012 76.5
17.917466915963832 -9.90669435790146835 0.217759206891059875 0.324800014495849609 75
17.9013982303443804 -9.9348383759636878 0.254051625728607178 0.243600010871887207 58
18.0246159755725941 -9.86080957099821909 -0.424483180046081543 0.487200021743774414 57
18.0246159755725941 -9.86080957099821909 -0.424483180046081543 0.406000018119812012 68
17.9914697336346734 -9.92757546913518851 -0.229765608906745911 0.324800014495849609 66.5
17.9981021131629007 -9.90703211586227361 -0.470706343650817871 0.243600010871887207 50.5
18.1724342932599043 -9.67772764237158256 1.22263336181640625 0.487200021743774414 47
18.1578592463742901 -9.66226389647165362 1.52428030967712402 0.324800014495849609 56.5
17.9988548428159874 -9.76723966120506226 3.02196431159973145 0.487200021743774414 46.5
18.0612092406731897 -9.68446644373722343 2.91442060470581055 0.406000018119812012 56.5
18.0310589626561573 -9.67670645459961243 3.11966037750244141 0.324800014495849609 54.5
12.2324558466917068 -16.621896732760522 1.60300016403198242 0.243600010871887207 49
18.0643834044423812 -9.82599288536456328 2.95442461967468262 0.406000018119812012 56.5
18.0915287107912235 -9.85714530666558808 2.67095255851745605 0.324800014495849609 55
18.0718776861668857 -9.9370220410349912 3.06354975700378418 0.406000018119812012 54
18.02146869462727 -10.0725032015315357 2.91442704200744629 0.324800014495849609 53.5
16.2585192213095482 -13.2913239001683845 0.0357926078140735626 0.406000018119812012 48
16.3049024002804934 -13.2335925821419877 -0.148896604776382446 0.324800014495849609 53
16.1955839369354244 -13.4836371554835068 0.224140435457229614 0.406000018119812012 45.5
16.1359869304153278 -13.5310405673582537 0.834579765796661377 0.324800014495849609 48.5
13.0427277130472596 -16.5174555154672973 1.10298073291778564 0.243600010871887207 46
21.0270936985954222 0.821940327732978537 2.12328195571899414 0.487200021743774414 45.5
21.0340227100661572 0.901227176067349367 2.01996016502380371 0.406000018119812012 49.5
16.1825716594300495 -13.6161947539559662 -0.214845284819602966 0.324800014495849609 52.5
21.1472599962717176 0.920336568734124394 1.56429553031921387 0.406000018119812012 50
16.2676547373332134 -13.6273466575098876 0.399362683296203613 0.324800014495849609 53
12.7912439521732022 -16.9267665177555671 0.607679247856140137 0.243600010871887207 48.5
21.1646954867199817 0.827769676514052533 2.24956274032592773 0.487200021743774414 57
21.1525845799878773 0.827769676514052533 2.36072278022766113 0.406000018119812012 60.5
21.12951316898776 0.851724425995166512 2.55112981796264648 0.324800014495849609 52
12.0817359503483281 -17.4523658164072089 1.77105116844177246 0.243600010871887207 45
9.23655388052525161 19.1930776120348305 -0.0435652360320091248 0.162400007247924805 46
21.2481217594995719 0.926840697438409467 2.13282084465026855 0.487200021743774414 62.5
21.2367741426953138 0.926840697438409467 2.24299192428588867 0.406000018119812012 66
21.2120291233003897 0.926840697438409467 2.46604633331298828 0.324800014495849609 57.5
14.8455666922856242 15.2861939810951508 1.68287491798400879 0.243600010871887207 52
9.26747509613291953 19.2606578363930012 0.177785500884056091 0.162400007247924805 55
9.40496476233517775 19.1938825700069486 -0.179242268204689026 0.0812000036239624023 46.5
21.3714362733357532 0.930092803142793856 1.58087825775146484 0.487200021743774414 59
21.3636260689916746 0.943494716732747651 1.6756591796875 0.406000018119812012 62.5
14.7508369305877842 15.5247767026024821 1.22336149215698242 0.324800014495849609 65.5
14.7410851725294823 15.5247767026024821 1.33576512336730957 0.243600010871887207 65
9.23122207651137927 19.3604043720472632 0.248601645231246948 0.162400007247924805 52.5
21.5037196766336685 0.736992809867800691 0.610402345657348633 0.487200021743774414 50.5
14.8112283203845063 15.5790596888843105 1.11627423763275146 0.324800014495849609 66
14.8112283203845063 15.5790596888843105 1.11627423763275146 0.243600010871887207 65.5
14.8827510795077131 15.4929875359070515 1.34043574333190918 0.162400007247924805 50.5
21.5080202095438082 0.739560689700575313 1.84882140159606934 0.487200021743774414 49
21.5080202095438082 0.739560689700575313 1.84882140159606934 0.406000018119812012 52.5
14.9913651084386981 15.5469692433405609 0.332799524068832397 0.324800014495849609 51.5
14.8874838832627319 15.6468369277161869 0.315129846334457397 0.243600010871887207 51.5
17.288374824041167 -13.0576720750305615 0.644197821617126465 0.324800014495849609 54
17.2416530393614877 -13.1253845417129433 0.505341053009033203 0.243600010871887207 47.5
17.3600488953310901 -13.1028536395335049 0.0800749659538269043 0.324800014495849609 53.5
17.3108852976864362 -13.1490574378890468 0.705711066722869873 0.243600010871887207 46
17.5892492877679665 -12.9162207359862382 0.346679717302322388 0.406000018119812012 51
17.0116428344624673 -13.8260417294633093 1.53140461444854736 0.324800014495849609 47
17.6370945391149831 -13.2257208161072217 0.464484691619873047 0.324800014495849609 47.5
20.9226308499199867 7.50717079221957295 2.32560324668884277 0.487200021743774414 45.5
20.8903481674224487 7.59654187307933082 2.32560324668884277 0.406000018119812012 52.5
20.860375676166246 7.61050610446366704 2.53917479515075684 0.324800014495849609 47.5
20.9928417335737336 7.53236289635036549 2.33340740203857422 0.487200021743774414 53.5
20.9731569533142519 7.62203388321168074 2.21629190444946289 0.406000018119812012 61
20.9795002164749143 7.53236289635036549 2.45045828819274902 0.324800014495849609 56.5
21.0627120199099451 7.55755435981933754 -2.34426236152648926 0.487200021743774414 51
21.1096224798620149 7.55755435981933754 -1.87541449069976807 0.406000018119812012 58.5
21.1096224798620149 7.55755435981933754 -1.87541449069976807 0.324800014495849609 54.5
21.231002464516596 7.67301725518763256 -0.00153763336129486561 0.487200021743774414 65
21.2621230670763097 7.58274646395013008 0.233939170837402344 0.406000018119812012 72
21.2605143345436964 7.58274646395013008 0.350900053977966309 0.324800014495849609 68
12.5326781959660405 -18.7763245774003238 -0.110814020037651062 0.243600010871887207 46.5
21.3340535263841389 7.6079385680809235 -0.00154274189844727516 0.487200021743774414 60.5
21.3337396269702815 7.6079385680809235 0.115816190838813782 0.406000018119812012 68
21.0460479611311122 7.63313003154989467 3.90189886093139648 0.406000018119812012 56
21.2855614139274429 7.73809632459402863 2.62427234649658203 0.487200021743774414 51
21.2716457278519364 7.73239816824307535 2.75084829330444336 0.406000018119812012 59
21.2575960109347442 7.72385093371664677 2.88041996955871582 0.324800014495849609 55
21.1051253430528512 7.95792479911929096 3.80929827690124512 0.487200021743774414 47
21.1097035822679224 7.9264818491227711 3.84927558898925781 0.406000018119812012 54.5
21.1097035822679224 7.9264818491227711 3.84927558898925781 0.324800014495849609 50.5
21.0561909627135222 8.3367587349093295 3.7199242115020752 0.406000018119812012 52
21.0942318565412599 8.35109784522049026 3.46339225769042969 0.324800014495849609 48
20.9534114610494946 8.59417885072075549 4.15274906158447266 0.406000018119812012 46
17.9622129035133327 -14.6418625863302339 -0.23541557788848877 0.324800014495849609 46.5
17.6508744049705939 -16.022015499081725 0.751098155975341797 0.324800014495849609 50
17.7063808630732034 -16.0723997073433083 0.753460109233856201 0.324800014495849609 48.5
15.531116973211164 -18.297079027483246 -0.0359984263777732849 0.324800014495849609 46.5
15.1445412534678905 -18.6179751848247825 -0.117808923125267029 0.243600010871887207 47.5
15.2694755380646292 -18.6129805161481698 -0.0755010694265365601 0.324800014495849609 48.5
14.7990432500249707 -19.0813826812195657 0.334223330020904541 0.324800014495849609 49
14.6621483412733706 -19.1839869847402795 0.467570036649703979 0.243600010871887207 52
25.5802755629370715 7.38272084035771137 -0.188779637217521667 0.406000018119812012 49.5
25.6239003679901245 7.50360953095858818 -0.0400482527911663055 0.487200021743774414 47.5
25.6237428310684621 7.50360953095858818 0.0982989296317100525 0.406000018119812012 53.5
25.6155993405714639 7.50360953095858818 0.653431475162506104 0.324800014495849609 47.5
11.7949687938943271 24.5319961142997585 0.510403931140899658 0.243600010871887207 46.5
11.7879175043105011 24.5319961142997585 0.653292000293731689 0.162400007247924805 49
12.1378903915162066 24.4528880203854797 0.134008526802062988 0.243600010871887207 50.5
12.1256988280269233 24.4528880203854797 0.560190498828887939 0.162400007247924805 53
24.0083838699814471 -13.243714489777263 -3.15618801116943359 0.406000018119812012 49
24.0919764908342593 -13.243714489777263 -2.4373629093170166 0.324800014495849609 47.5
24.2050610608987675 12.2041855801987893 5.57481145858764648 0.406000018119812012 48.5
24.128837824813683 12.2456846527299277 5.80931234359741211 0.324800014495849609 47.5
19.3942083535304519 19.8452356552744611 0.306484133005142212 0.324800014495849609 50.5
19.6113684901155274 19.7319746085234762 0.523546159267425537 0.324800014495849609 53
19.5553825913966293 19.7736986076956818 0.904719889163970947 0.243600010871887207 52
19.9254345385956952 19.6251057929788431 0.657939910888671875 0.324800014495849609 53.5
20.0121162671321251 19.5377121975345105 0.627433836460113525 0.243600010871887207 51.5
19.959492481844503 19.6777205521270098 1.09932589530944824 0.324800014495849609 49
19.8172668623228496 19.8039047238185937 1.37252688407897949 0.243600010871887207 47.5
23.3043784337921025 -15.7449059840599901 -0.139975100755691528 0.406000018119812012 47.5
23.1040108573314455 -16.5202390568939066 -1.12564218044281006 0.406000018119812012 46
23.0687520267009418 -16.5628627654904932 -1.21858489513397217 0.324800014495849609 48.5
23.1474007612840929 -16.8407511953906415 -1.18724548816680908 0.324800014495849609 48
12.9918714357290028 25.8656929902693875 0.52892768383026123 0.162400007247924805 45.5
23.5750145028369182 -16.8689514346261049 -1.4518582820892334 0.324800014495849609 48.5
12.9279709298791801 26.1323445447897775 -1.07186365127563477 0.243600010871887207 46
12.9145563120183606 26.1323445447897775 -1.22291469573974609 0.162400007247924805 48
23.6546008613162542 -17.5798332322964903 -0.430020004510879517 0.324800014495849609 50.5
23.8074497881874869 -17.4879415435323864 -0.761443674564361572 0.324800014495849609 51
25.670386320859123 -14.4120715042071694 -7.48092031478881836 0.406000018119812012 51
25.3756294921329832 -14.5123416400404128 -8.52477931976318359 0.406000018119812012 47
24.3968737604634214 19.0744277108311415 0.639824151992797852 0.324800014495849609 46.5
24.694524675386873 20.0076512030611653 -1.05563271045684814 0.406000018119812012 47.5
24.743389165064066 19.963940346410979 -0.667703926563262939 0.324800014495849609 54
24.7634079144662564 19.940098060965429 -0.637356936931610107 0.243600010871887207 48
24.5222829474471951 20.174332127097891 2.76943016052246094 0.406000018119812012 52
24.5222829474471951 20.174332127097891 2.76943016052246094 0.324800014495849609 58.5
24.5222829474471951 20.174332127097891 2.76943016052246094 0.243600010871887207 53.5
24.5828636118644681 20.3695213674316129 1.25217330455780029 0.406000018119812012 64
24.5193672590818643 20.4413856137298815 1.3239971399307251 0.324800014495849609 70
24.5524161131064105 20.3695213674316129 1.75043988227844238 0.243600010871887207 65
24.7138478212721111 20.3613120078916445 0.4934215247631073 0.406000018119812012 61.5
24.7138478212721111 20.3613120078916445 0.4934215247631073 0.324800014495849609 68
24.7099182985780033 20.3613120078916445 0.661513090133666992 0.243600010871887207 62.5
24.8342170128444586 20.316739410325301 0.949661195278167725 0.406000018119812012 52
24.85459554677238 20.2806385900502875 1.16401505470275879 0.324800014495849609 58.5
24.8896162777793073 20.2084369495002676 1.59256100654602051 0.243600010871887207 54
24.5798985056574608 20.6577108321531675 2.07808017730712891 0.406000018119812012 49
24.5828680968139182 20.5853404944772684 2.67528510093688965 0.324800014495849609 56
24.5378858904307933 20.5290524540626826 3.41773796081542969 0.243600010871887207 51
24.509744237969187 20.6333230141099371 3.68793821334838867 0.324800014495849609 51
24.4456482311450074 20.5043647452717508 4.69507980346679688 0.243600010871887207 46.5
24.500311465845801 20.6086002510117119 4.4638524055480957 0.324800014495849609 48
23.4960052419168797 23.4907812035122276 -0.147237107157707214 0.324800014495849609 45
23.7232832900398485 23.3607175651781525 0.610674202442169189 0.324800014495849609 50
23.8079731682801032 23.2566887195904322 1.09408473968505859 0.243600010871887207 48
24.1525641857660034 22.954571853197308 1.9057539701461792 0.324800014495849609 52
24.1058949540376588 22.954571853197308 2.42571711540222168 0.243600010871887207 50
24.319064169370435 22.8723989663635798 2.08304643630981445 0.324800014495849609 51.5
24.3205198987532079 22.8514994790039623 2.28557920455932617 0.243600010871887207 49
33.5338940968789032 1.72984033797243963 -1.20238375663757324 0.406000018119812012 46.5
23.6525657150231972 23.827291063091252 1.33286499977111816 0.324800014495849609 47
23.4981065943164111 23.9700448773899488 1.49536120891571045 0.243600010871887207 45
30.902698743860693 11.3615236438597993 -7.75046014785766602 0.406000018119812012 47.5
30.8577127584688284 11.3615236438597993 -7.92767715454101562 0.324800014495849609 48
24.0090692231158016 23.6248934994581603 3.82610630989074707 0.243600010871887207 51
24.0129621484161397 23.8342450453160204 3.09954094886779785 0.406000018119812012 49
23.9893743512010218 23.8342450453160204 3.27710938453674316 0.324800014495849609 60
24.0123732534879117 23.7748080252528879 3.53062081336975098 0.243600010871887207 58.5
23.9393350184755356 24.3573596178921292 2.89879441261291504 0.324800014495849609 52.5
23.7296665120714856 24.4258874451976133 3.88004136085510254 0.243600010871887207 50.5
13.5346746211451521 31.4671217008358504 -1.18684029579162598 0.162400007247924805 45.5
23.8570877126931826 24.5651835432954329 2.70440983772277832 0.324800014495849609 53.5
23.7324125184771795 24.5394293756805872 3.80940890312194824 0.243600010871887207 51.5
9.92506699193691766 33.0316858783115705 -0.806695640087127686 0.162400007247924805 49
10.4695990435477349 32.8721749963620127 -0.239911019802093506 0.0812000036239624023 47
17.6804086389565249 29.7119201921774945 0.188575923442840576 0.243600010871887207 45.5
8.78949909121536344 33.4318508720473204 -0.697689592838287354 0.162400007247924805 49
9.97582431840387862 33.1034946215593919 -0.268718749284744263 0.0812000036239624023 47
34.108742672406251 -3.09386464800877503 -5.73127603530883789 0.487200021743774414 45
34.2274638997540634 -3.14593530127119481 -4.94060420989990234 0.406000018119812012 50
17.4857904099166639 29.9926962791537903 0.714917421340942383 0.324800014495849609 51
17.17016980637381 30.1792827866774651 0.471105396747589111 0.243600010871887207 62.5
17.4775081369676499 29.9926962791537903 0.894794046878814697 0.162400007247924805 62
17.9103736286674646 29.714986128420886 1.4366307258605957 0.0812000036239624023 45.5
17.523557077588432 30.0574759754901137 0.716461539268493652 0.324800014495849609 52.5
17.4015376377933038 30.1357506525096213 0.251489818096160889 0.243600010871887207 64.5
17.3979947848516829 30.1357506525096213 0.43179476261138916 0.162400007247924805 63.5
17.5687685925113328 29.9792012984706133 1.9042130708694458 0.0812000036239624023 48
34.2093239970144651 -6.69383386155427029 -1.08641839027404785 0.406000018119812012 46.5
17.2453383911560323 30.3096448613997111 -0.43510204553604126 0.243600010871887207 56
17.250680529190408 30.3096448613997111 -0.0713303983211517334 0.162400007247924805 55
34.1640243180992371 -7.60234332232513754 1.33212566375732422 0.487200021743774414 48
34.1763082969081111 -7.60234332232513754 0.966976583003997803 0.406000018119812012 52
34.1846202848675631 -7.85985704674156782 1.28236854076385498 0.487200021743774414 49
34.1918035873640491 -7.78090758979885155 1.54538536071777344 0.406000018119812012 53
34.1849564801420058 -7.67125556626730098 2.13325119018554688 0.324800014495849609 45.5
34.1139515948701515 -8.59821759904842864 2.20712876319885254 0.406000018119812012 48.5
34.7987421043617289 -6.05186361020062247 0.527410924434661865 0.487200021743774414 49
34.8232358280122654 -5.89295253072051839 0.686338305473327637 0.406000018119812012 53
34.9398307661288143 -5.66216795491041935 0.555075705051422119 0.487200021743774414 55.5
34.9398307661288143 -5.66216795491041935 0.555075705051422119 0.406000018119812012 59.5
34.9560239053555506 -5.58254371804449256 0.267890512943267822 0.324800014495849609 51.5
35.037995194193357 -5.48354774154783797 0.863346338272094727 0.487200021743774414 51.5
35.0236005715035574 -5.55890773476231903 0.960060000419616699 0.406000018119812012 55.5
35.0006038031743003 -5.67416419497270219 1.11236393451690674 0.324800014495849609 47
34.7033613846958744 -7.67631658729722854 0.744020223617553711 0.487200021743774414 54.5
34.7224594186102067 -7.58302801765993717 0.807018458843231201 0.406000018119812012 58.5
34.7244529230747858 -7.55637414062070967 0.957243382930755615 0.324800014495849609 51
34.7854844725971901 -7.57231520817835957 1.33067536354064941 0.406000018119812012 69.5
34.7914236589370915 -7.55005678604967567 1.30154919624328613 0.324800014495849609 62
34.8424961347968676 -7.58825708657362696 1.70552623271942139 0.487200021743774414 65
34.8251229621821281 -7.61502342550334088 1.92672646045684814 0.406000018119812012 69
34.8328308138568445 -7.58825708657362696 1.89269924163818359 0.324800014495849609 61.5
34.6960050316528594 -7.7651343927989247 3.96744108200073242 0.487200021743774414 53.5
34.7323128757811759 -7.66678496468057258 3.83894515037536621 0.406000018119812012 57
34.745251277719106 -7.63102153627390045 3.79286503791809082 0.324800014495849609 48.5
34.596208226748054 -8.16131592484341262 5.20586824417114258 0.487200021743774414 45
34.6461528504347456 -8.04459743526919269 5.05314779281616211 0.406000018119812012 50.5
35.3601509218992618 -7.11799987614214924 0.63205420970916748 0.487200021743774414 47
35.3578470682389039 -7.04136529862826954 1.28357839584350586 0.406000018119812012 51
29.1785365675348025 21.4022090195664312 6.82927989959716797 0.324800014495849609 45.5
34.9972707675862651 -15.0589153088838721 0.174033269286155701 0.406000018119812012 47.5
34.9179088723055742 -15.4177120294935488 0.603788912296295166 0.406000018119812012 46.5
34.8771801081831825 -15.7013252687541272 0.336399048566818237 0.406000018119812012 45
34.9228215733831107 -15.7847923229742584 0.206415578722953796 0.406000018119812012 47.5
33.6961973985085024 18.5485674990777163 -0.918000638484954834 0.406000018119812012 52.5
33.7465692423982233 18.4620267486932157 -0.805235862731933594 0.324800014495849609 52.5
33.0938766045298323 19.7696025158448698 -2.41844844818115234 0.406000018119812012 49.5
33.0620430530620553 19.7696025158448698 -2.82041835784912109 0.324800014495849609 50.5
35.0658272588796578 -17.5671162703278618 0.620396077632904053 0.406000018119812012 49
35.1733231602083123 -17.2975316177419174 1.49453938007354736 0.324800014495849609 46.5
35.128683982591923 -17.6007057425022531 0.825182557106018066 0.406000018119812012 47
35.1788684528398647 -17.5123093408937045 0.506382524967193604 0.324800014495849609 45.5
35.3877948283151795 17.2160694694061611 -1.3044135570526123 0.406000018119812012 50
35.3667015759360837 17.2554317316968877 -1.35538804531097412 0.324800014495849609 48
34.1286376913776905 20.9543894635583428 -0.390454798936843872 0.324800014495849609 59
34.0139930894518585 21.1395608058443862 0.412297546863555908 0.243600010871887207 47.5
16.8283023745502476 36.3286155041724399 -1.02109217643737793 0.162400007247924805 46.5
34.0485285354217666 21.1791463845413368 -1.46868836879730225 0.243600010871887207 57
34.0793480167294263 21.2187339767468686 -2.09842991828918457 0.324800014495849609 66
34.2116373154561444 21.057985992074542 -1.47143363952636719 0.243600010871887207 54.5
34.2967290752680896 21.0972736782785155 -0.845653355121612549 0.324800014495849609 53
33.4407041822010243 22.1601114496423079 4.33261489868164062 0.324800014495849609 45.5
33.794243698945273 21.913366694150259 3.45462799072265625 0.406000018119812012 46
33.8146761085379168 21.9840875640714444 2.7291722297668457 0.324800014495849609 48.5
36.8907532775003162 -16.7109672965112424 0.256786912679672241 0.406000018119812012 49.5
36.9532971207715093 -16.65571986297671 1.83618044853210449 0.406000018119812012 56
36.9366080934274166 -16.7419138470469093 1.3137509822845459 0.324800014495849609 53.5
37.0315824786778194 -16.6865070884490549 1.62637174129486084 0.487200021743774414 47.5
37.1254259906772432 -16.5138004701820016 1.19153058528900146 0.406000018119812012 56.5
37.047672691113867 -16.6865070884490549 1.20537889003753662 0.324800014495849609 54.5
37.1613725919703128 -16.656226572135381 -0.358164787292480469 0.487200021743774414 47
37.1630404857421581 -16.656226572135381 0.0666351541876792908 0.406000018119812012 56
37.1598482790833415 -16.656226572135381 0.491427868604660034 0.324800014495849609 53.5
37.1451120749493811 -16.8755403030116504 0.31153714656829834 0.406000018119812012 53.5
37.0946989083505088 -16.9673106128165472 0.8566780686378479 0.324800014495849609 51
37.3052540084102873 -16.5081579260418856 2.56211185455322266 0.406000018119812012 46
33.0880058701715782 23.8632777940803464 2.54820823669433594 0.324800014495849609 48.5
36.5479341421470068 18.4317732836575878 -1.19194960594177246 0.406000018119812012 50
32.8686194702509624 24.4238905838139004 0.173095077276229858 0.324800014495849609 51
36.5293599474235862 18.6552107044179998 -0.799880623817443848 0.324800014495849609 52
37.1474223496194043 -17.5851104016134947 -0.207352742552757263 0.406000018119812012 52.5
37.2229846129729367 -17.4207635754301897 -0.420303165912628174 0.324800014495849609 49.5
39.1463295994732405 -12.7239827279273925 3.66345643997192383 0.406000018119812012 56
39.1137497552989757 -12.7498024980733486 3.91315031051635742 0.324800014495849609 51
39.2904323568597178 -12.5815290551116057 3.45357728004455566 0.487200021743774414 52.5
39.2768112945470591 -12.7960817429386218 3.71055150032043457 0.487200021743774414 50.5
39.2416141075833167 -12.8271779318643535 3.96675777435302734 0.406000018119812012 56.5
39.244203367231421 -12.8686395170986643 3.80347967147827148 0.324800014495849609 51
39.5319203464859399 -12.4350081693253003 3.0001060962677002 0.487200021743774414 51.5
39.4327904387135746 -12.627114767348278 3.46609044075012207 0.406000018119812012 57
39.5319203464859399 -12.4350081693253003 3.0001060962677002 0.324800014495849609 51.5
39.5485181839517779 -12.4574531174737846 3.65612959861755371 0.487200021743774414 56.5
39.5200651898824162 -12.4262444666575664 4.04889583587646484 0.406000018119812012 62.5
39.5684481258072083 -12.3170141888008029 3.90765476226806641 0.324800014495849609 57
39.5175008004184605 -12.3392072329160243 5.00011110305786133 0.487200021743774414 58
39.4894047150000844 -12.3392072329160243 5.21737098693847656 0.406000018119812012 63.5
39.4894047150000844 -12.3392072329160243 5.21737098693847656 0.324800014495849609 57.5
39.0563707772067659 -12.2517763725474396 8.34533882141113281 0.487200021743774414 52
38.911357509408802 -12.2517763725474396 8.99726963043212891 0.406000018119812012 56.5
35.9344002795577282 -21.2461567261474542 1.57177817821502686 0.324800014495849609 51
38.4541212739221479 -12.122115421629017 11.2141656875610352 0.406000018119812012 47
35.79854512258715 -21.6451405220545787 1.17251276969909668 0.324800014495849609 46.5
39.7861219521076777 -13.1863869431434448 -0.943166434764862061 0.406000018119812012 54
39.7055930479641219 -13.5301216247321214 2.09802103042602539 0.487200021743774414 55
39.7055930479641219 -13.5301216247321214 2.09802103042602539 0.406000018119812012 61
39.7325641814388035 -13.4356521952343773 2.19239091873168945 0.324800014495849609 55.5
39.7697846712335377 -13.3650065487353249 3.16960287094116211 0.487200021743774414 50.5
39.8020745814976706 -13.2913991169169563 3.07234096527099609 0.406000018119812012 56
39.7720348330019107 -13.2335647062025235 3.65564775466918945 0.324800014495849609 50.5
37.765161801602666 -18.6506090498308978 -1.60311353206634521 0.324800014495849609 45
39.9724728838737775 -13.6026051564834418 0.348330259323120117 0.406000018119812012 52
37.2785519636524043 -19.9591426207056415 1.11017024517059326 0.893200039863586426 48
37.2511873363962138 -20.006714729706264 1.17070937156677246 0.812000036239624023 54
37.1717131738245925 -20.1282878971522976 1.55118346214294434 0.730800032615661621 48.5
40.2388204796470106 -12.8550410099460048 2.20805096626281738 0.487200021743774414 48
40.2775232635079874 -12.8550410099460048 1.3263704776763916 0.324800014495849609 48.5
37.2462279008552812 -20.1639748961290941 1.33161020278930664 0.893200039863586426 48.5
37.2594021880923307 -20.1639748961290941 0.889748334884643555 0.812000036239624023 55.5
37.2639965067437444 -20.1639748961290941 0.670217514038085938 0.730800032615661621 50.5
40.3632000598305893 -12.2000520379940731 4.19660234451293945 0.487200021743774414 46.5
40.4045408688936973 -12.1047391314472446 4.07296848297119141 0.406000018119812012 51.5
36.2583012857699671 -21.9166733442957806 -0.797317862510681152 0.324800014495849609 47
37.0072526797094739 -20.3694087835103019 -4.18962621688842773 0.893200039863586426 47
36.9917970560281759 -20.4648903871830079 -3.84677600860595703 0.812000036239624023 53
37.0547781716311206 -20.4648903871830079 -3.18342447280883789 0.730800032615661621 48
37.4013559025060331 -20.2353525244996746 -0.211642339825630188 0.893200039863586426 50.5
37.399427850496636 -20.2353525244996746 -0.434875726699829102 0.812000036239624023 55.5
37.3534708658014694 -20.3097472028985706 -0.779846072196960449 0.730800032615661621 50.5
37.5303811631859077 -20.1486059524481611 0.514053463935852051 0.893200039863586426 55
37.5267091261879031 -20.1486059524481611 0.734763503074645996 0.812000036239624023 61
37.5267091261879031 -20.1486059524481611 0.734763503074645996 0.730800032615661621 56
40.6588303340651791 -12.1264265151061839 3.81698036193847656 0.406000018119812012 48
37.4383089121540493 -20.4773749440708421 0.453864455223083496 0.893200039863586426 51.5
37.5278150948904212 -20.3067301528702551 0.674962460994720459 0.812000036239624023 57.5
37.5652449100342167 -20.2480710058950528 0.154202729463577271 0.730800032615661621 52.5
40.5192329644973128 -12.9690041312448674 3.33953857421875 0.487200021743774414 46.5
40.412442895887331 -12.9690041312448674 4.44917964935302734 0.406000018119812012 53
37.7023247626103952 -20.102026192857263 -1.41622042655944824 0.812000036239624023 46.5
40.2820106336644486 -14.0869101968016484 2.54581999778747559 0.487200021743774414 48.5
40.2674282195203048 -14.0869101968016484 2.76689815521240234 0.406000018119812012 55.5
40.1080260557075263 -14.3593532836567412 3.56619381904602051 0.324800014495849609 50.5
37.790955164575152 -19.8643722021827855 3.35127663612365723 0.812000036239624023 46.5
40.155018797667104 -14.6574664498326115 2.59108972549438477 0.406000018119812012 52
37.7373084961509235 -20.3548263604218356 -1.40949511528015137 0.893200039863586426 53
37.7601131728254842 -20.3548263604218356 -0.514752209186553955 0.812000036239624023 59
37.7633028404458884 -20.3548263604218356 0.155015736818313599 0.730800032615661621 54.5
40.7599156861929401 -12.839033219175743 3.76811933517456055 0.487200021743774414 54
40.6720708267079871 -13.0373815403070576 4.02734899520874023 0.406000018119812012 59.5
40.6720708267079871 -13.0373815403070576 4.02734899520874023 0.324800014495849609 53.5
37.6967258101448479 -20.5246655193823422 -2.1320953369140625 0.893200039863586426 51.5
37.8553560239710052 -20.325970431936728 -0.823251485824584961 0.812000036239624023 58
37.8295822532606039 -20.3904120819190879 -0.0673849284648895264 0.730800032615661621 52.5
40.7206209008898554 -13.0601743964253938 4.25602340698242188 0.487200021743774414 54
40.587119077757535 -13.7715444763618216 4.04143047332763672 0.487200021743774414 47
40.5639135388396639 -13.8683756484612424 3.94206953048706055 0.406000018119812012 53.5
40.6409544922647754 -13.8683756484612424 3.04693102836608887 0.324800014495849609 48
38.2930702150951277 -19.8041382150213785 1.09655225276947021 0.812000036239624023 51.5
38.3690006023198791 -19.6101384937313696 1.74008548259735107 0.730800032615661621 47.5
35.8468214709366464 -23.7972991449073206 -2.90851879119873047 0.406000018119812012 46
35.9238769284838426 -23.8350213129359361 -1.06421959400177002 0.324800014495849609 47.5
38.5748899903946807 -19.4445080605946892 0.359313845634460449 0.812000036239624023 52.5
38.5069990603082815 -19.5794643908320189 0.309248596429824829 0.730800032615661621 49.5
35.8866413544318164 -23.9088634648456058 -2.59908080101013184 0.406000018119812012 50.5
36.0116821210758857 -23.7901018942367557 -1.85199177265167236 0.324800014495849609 51.5
38.7615814554079066 -19.2403307179251115 0.274381577968597412 0.812000036239624023 49.5
38.6897424046893335 -19.3809289749981986 0.457295000553131104 0.730800032615661621 47.5
37.1124812640263499 -22.3613649971898596 1.36224913597106934 0.893200039863586426 45.5
37.2787048888833681 -22.047179151783606 1.85547041893005371 0.812000036239624023 49
36.3648186957026809 -23.4772664481155182 -2.37500882148742676 0.324800014495849609 53
41.277600263814378 -13.4736752130966959 0.592096865177154541 0.324800014495849609 50.5
40.8998455229813942 -14.149233778761964 4.38768625259399414 0.487200021743774414 54
40.916282194360079 -14.0133402541868399 4.66200113296508789 0.406000018119812012 60.5
40.6991395865976173 -14.2389706141227634 6.29384946823120117 0.487200021743774414 51
40.7019967958570206 -14.0375014314372795 6.71391439437866211 0.406000018119812012 57.5
36.6359633420805295 -23.522888356791718 -1.80573189258575439 0.324800014495849609 55.5
40.8528170710174336 -13.4998506425531843 7.35691070556640625 0.487200021743774414 52
38.0525957136334583 21.2452194960584464 -2.4419553279876709 0.324800014495849609 54
41.0164834462865002 -13.5667573547263203 6.74291801452636719 0.487200021743774414 49
41.3343080567064192 -14.0594505769319049 5.04077339172363281 0.406000018119812012 50.5
41.1609074597169382 -15.0497681453286756 4.90860795974731445 0.406000018119812012 49
36.5070466680585 -24.6880121900668144 -1.59615421295166016 0.324800014495849609 49
36.2437311606948285 -25.1992066011719018 -1.68013143539428711 0.324800014495849609 46.5
37.7319994758804995 -23.2187867524911411 -1.37476086616516113 0.812000036239624023 47
37.8022659228479156 -23.2303334147939999 -1.64331316947937012 0.893200039863586426 47
37.8347900138510767 -23.2303334147939999 -0.490373194217681885 0.812000036239624023 49.5
37.8552584368690859 -23.2695742406852339 -1.87938213348388672 0.893200039863586426 50.5
37.8942895793556644 -23.2362287796286004 -1.45821130275726318 0.812000036239624023 53
26.2803626140050035 -35.8741585200915196 0.642796456813812256 0.243600010871887207 47.5
37.7266273735661883 -23.6929345410435701 -0.22172054648399353 0.893200039863586426 46.5
37.835827293799376 -23.5147921760733212 -0.455584108829498291 0.812000036239624023 47.5
41.7811846790853778 -14.7579815480043486 4.60841131210327148 0.487200021743774414 51
26.3319416642396575 -35.9346551838431054 0.17919902503490448 0.243600010871887207 48.5
37.7005119044287369 -23.872228022767878 0.422887742519378662 0.893200039863586426 45.5
37.7252528689421709 -23.7607016129441604 1.90396285057067871 0.812000036239624023 46.5
42.0233086987242146 -14.2753804574365262 4.6524810791015625 0.487200021743774414 53.5
40.0327289428223381 -19.6286481289752253 1.86748623847961426 0.324800014495849609 57
40.1646179328357178 -19.5890237859479477 1.07871162891387939 0.243600010871887207 45
40.3836697135187279 -19.3365433138756337 0.241154804825782776 0.649600028991699219 48.5
40.3843887450716537 -19.3365433138756337 0.00915735773742198944 0.487200021743774414 53.5
40.3280464151767433 -19.6099239392335782 0.78885495662689209 0.649600028991699219 49
40.2204063850608122 -19.8453102797445275 -0.0733831450343132019 0.568400025367736816 48
40.5405718798163548 -19.16156900492701 0.905030429363250732 0.406000018119812012 57.5
40.4187098881012403 -19.368933162043799 1.64163827896118164 0.324800014495849609 54.5
40.4950796628545078 -19.4013230102119607 1.41174256801605225 0.487200021743774414 50.5
40.4760436058465842 -19.4013230102119607 1.88004100322723389 0.406000018119812012 60
40.4515850386114693 -19.4013230102119607 2.34813451766967773 0.324800014495849609 57.5
40.4006982615595689 -19.7542324896170634 1.59807074069976807 0.487200021743774414 50
40.4417403697463627 -19.5967834404541605 2.33060979843139648 0.406000018119812012 58
36.6036911947052914 -26.0915567184239059 -2.09772658348083496 0.243600010871887207 48
36.7925106228450574 -25.9548014121762307 -2.10122299194335938 0.406000018119812012 56.5
36.699904453688724 -26.0561873551925451 -2.43883132934570312 0.324800014495849609 59
36.699904453688724 -26.0561873551925451 -2.43883132934570312 0.243600010871887207 49
40.5477822646307686 -19.4984909073003365 3.76946401596069336 0.487200021743774414 48.5
40.4760476692650215 -19.4984909073003365 4.4744873046875 0.406000018119812012 57.5
40.6050932740308284 -19.2897397025636153 4.20179653167724609 0.324800014495849609 54
40.957357629887639 -19.274576506187163 1.75378143787384033 0.487200021743774414 55.5
40.9431756580418238 -19.3198618548066925 1.57786023616790771 0.406000018119812012 65
40.9431756580418238 -19.3198618548066925 1.57786023616790771 0.324800014495849609 62
41.0012317987718262 -19.3518470773665143 1.8154149055480957 0.487200021743774414 57
40.8918365123435379 -19.5956588043887123 1.66085469722747803 0.406000018119812012 66
40.9931963385870191 -19.3858673183463566 1.6237562894821167 0.324800014495849609 63.5
26.8150334319581702 -36.6001092541461617 -0.525886654853820801 0.243600010871887207 49.5
40.9824452689156118 -19.628048652556874 -0.938820421695709229 0.487200021743774414 51
40.9872173955618422 -19.628048652556874 -0.700264215469360352 0.406000018119812012 60
40.9925551502198289 -19.628048652556874 -0.229298830032348633 0.324800014495849609 57
36.6935348036229243 -26.942082389882458 0.484175264835357666 0.324800014495849609 49.5
40.5988945467073066 -20.6672130849061446 1.98904716968536377 0.487200021743774414 49
40.6275073369940074 -20.6672130849061446 1.27757656574249268 0.406000018119812012 58.5
40.571049629807753 -20.7355909611175768 1.8399512767791748 0.324800014495849609 56
40.4576650129549051 -21.1863454709177574 0.722411453723907471 0.487200021743774414 55
40.4527486142808783 -21.1863454709177574 0.959038496017456055 0.406000018119812012 64.5
40.4527486142808783 -21.1863454709177574 0.959038496017456055 0.324800014495849609 62
40.5195371742270041 -21.2211327976514426 -0.945017218589782715 0.487200021743774414 59.5
40.5195371742270041 -21.2211327976514426 -0.945017218589782715 0.406000018119812012 69.5
40.5244277369793835 -21.2211327976514426 -0.704886436462402344 0.324800014495849609 67
40.5298979410361895 -21.2211327976514426 -0.230812355875968933 0.243600010871887207 49
40.6584741925575344 -21.0726811878507512 -1.66171133518218994 0.487200021743774414 54.5
40.6999700355230019 -20.9295243863028517 -2.32341217994689941 0.406000018119812012 64
36.52787818334631 -27.6693466031779423 -0.22806607186794281 0.324800014495849609 66
36.576146016886355 -27.6063576104968647 -0.07185373455286026 0.243600010871887207 56.5
40.4629476703545237 -21.6577922139784143 -0.70719754695892334 0.487200021743774414 54.5
36.6319885221028798 -27.6515403240439461 -0.547619283199310303 0.406000018119812012 70
36.6347719792490452 -27.6515403240439461 -0.309802204370498657 0.324800014495849609 73
36.6875829091639147 -27.5827125945503724 -0.159594953060150146 0.243600010871887207 64
40.9492561624711229 -20.4407675933932538 4.36282539367675781 0.730800032615661621 45.5
40.6246389100260643 -21.4748705070556447 -1.47293150424957275 0.487200021743774414 50.5
36.6874431358350677 -27.6967230375910276 -0.789839565753936768 0.406000018119812012 68
36.6918453193972809 -27.6967230375910276 -0.548514127731323242 0.324800014495849609 71
36.737396421510141 -27.6277828433468677 -0.877586662769317627 0.243600010871887207 62
41.1663147112488019 -20.0713062144720453 4.80417108535766602 0.730800032615661621 45.5
36.8056306351419238 -27.6728530921433666 -0.401856720447540283 0.406000018119812012 58
36.641828539475739 -27.8857654573771576 -0.602774560451507568 0.324800014495849609 60.5
36.6882053982398091 -27.7419057511381091 -2.22820639610290527 0.243600010871887207 51
41.5677346365145084 -19.9195539912381108 1.68830680847167969 0.812000036239624023 46.5
40.579449795977105 -21.8849960951189573 1.36772692203521729 0.487200021743774414 45.5
36.7995809842926818 -27.7179210485717817 2.24126100540161133 0.324800014495849609 55
41.6129808885622339 -19.9519438394062725 2.17254304885864258 0.812000036239624023 45.5
36.3406076072943236 -28.5250447079011558 0.349619805812835693 0.324800014495849609 46
37.7376678146420588 -26.7498633213886983 -1.29964077472686768 1.38040006160736084 48
37.6752327480446283 -26.8308183768360493 -1.4352409839630127 1.29920005798339844 46.5
41.6671570891016998 -19.9843336875744342 2.41869616508483887 0.812000036239624023 46
41.784396042523241 -19.7703810410350123 2.13825201988220215 0.730800032615661621 47
37.4643148781659647 -27.0075178955925175 -3.91688179969787598 1.38040006160736084 46.5
41.5960977914893135 -20.4395304854269781 0.559304654598236084 0.812000036239624023 55.5
41.5800746386171838 -20.4395304854269781 1.28279852867126465 0.730800032615661621 55
37.1973126335350059 -27.644624258130623 -0.676214694976806641 0.324800014495849609 48
38.211798524842969 -26.3608713010678528 0.493747115135192871 1.38040006160736084 48.5
38.3423808791828407 -26.1752313623279349 0.00949481502175331116 1.29920005798339844 47
41.408081230014453 -20.7916731388704186 -2.89104294776916504 0.893200039863586426 46
41.5088814164161306 -20.7916731388704186 0.00949481502175331116 0.812000036239624023 57.5
41.5023847677369062 -20.7916731388704186 0.734273731708526611 0.730800032615661621 56.5
41.4514332993807102 -20.7916731388704186 2.18312358856201172 0.649600028991699219 45
36.5771507684678738 -28.1128482229257983 -5.20199203491210938 0.406000018119812012 47
36.6631994838833677 -28.2172706884669964 -3.85698699951171875 0.324800014495849609 49.5
37.9211560349597718 -26.8799266003038682 -1.30595993995666504 1.46160006523132324 46.5
38.0752578756215314 -26.6707442921302977 -1.09362518787384033 1.38040006160736084 52.5
38.1512933230062785 -26.5254788003430946 -1.76855933666229248 1.29920005798339844 49.5
41.5648391719872237 -20.8252609026132838 -0.960509300231933594 0.812000036239624023 51
41.5215822424745227 -20.9298520567000743 0.38676142692565918 0.730800032615661621 51
37.9651182507076115 -26.9000017947178129 -2.06646966934204102 1.38040006160736084 50
41.5811890465012723 -20.9636102260003376 0.873170316219329834 0.730800032615661621 45
38.0123428489374433 -26.9433194678177088 -2.31124424934387207 1.38040006160736084 47
37.0372159166893198 -28.3540255065913769 -0.71875309944152832 0.324800014495849609 49.5
44.007263921423025 -14.7603242518908946 5.35904788970947266 0.487200021743774414 48.5
44.1769022433724246 -14.5734847043986058 4.38643074035644531 0.406000018119812012 54
44.4187953438846534 -14.3691289493289123 1.92990708351135254 0.324800014495849609 46.5
37.9337498962665549 -27.3223602101016461 -2.18163585662841797 1.38040006160736084 45
44.1983968926712549 -14.6495103438151979 4.70467615127563477 0.487200021743774414 50.5
44.2384151588324457 -14.7196876388753939 4.06617546081542969 0.406000018119812012 56.5
36.5774611114194457 -29.1937547450401134 -0.23291856050491333 0.324800014495849609 58
36.5773112090526595 -29.1937547450401134 0.255252450704574585 0.243600010871887207 49.5
38.3633236208727908 -26.739393951958764 -3.24433183670043945 1.38040006160736084 45.5
41.8680914373877542 -21.1793341680506337 1.67371928691864014 0.406000018119812012 49
41.653798386160112 -21.8125421243811566 -0.724530816078186035 0.406000018119812012 48
42.0911518332975874 -21.2283311518429265 4.94500970840454102 0.406000018119812012 46
36.515569307984542 -30.5534565884219056 1.11359226703643799 0.324800014495849609 50.5
36.6289155282410448 -30.5181247601556649 1.50219631195068359 0.406000018119812012 57
36.7134959173133808 -30.4108344777957456 1.60945641994476318 0.324800014495849609 61.5
37.0660503347385486 -30.0114762045671455 0.84223484992980957 0.243600010871887207 54.5
36.9110272789316767 -30.3094021582998323 1.16920185089111328 0.406000018119812012 57.5
36.9022338846555655 -30.3094021582998323 1.41991007328033447 0.324800014495849609 61.5
36.9110272789316767 -30.3094021582998323 1.16920185089111328 0.243600010871887207 54
36.6793820619622366 -30.7217223572655982 0.649168968200683594 0.324800014495849609 48
37.9191316214616592 -30.2698055806215898 -0.744333446025848389 0.324800014495849609 48.5
38.501975367543686 -29.7429707287049538 1.48646330833435059 0.406000018119812012 48.5
38.0127797738879138 -30.3633762531073899 1.53290164470672607 0.324800014495849609 49.5
47.6305496748470532 10.3621163588711624 0.72120201587677002 -0.730800032615661621 54.5
47.6129491492986006 10.3621163588711624 1.482108473777771 -0.812000036239624023 54.5
39.1978481634492368 -28.8506661232297645 -2.7803657054901123 0.406000018119812012 49.5
47.7152484350578945 10.3475516726768166 0.252985954284667969 -0.730800032615661621 58
47.693481653878159 10.3780574264288123 1.22817504405975342 -0.812000036239624023 57
47.5404063483616426 10.5427884966895871 3.55527424812316895 -0.893200039863586426 45
47.7771029645802585 10.3939993048240797 0.723421037197113037 -0.649600028991699219 50
47.7892155398971639 10.363446690759341 -0.00333068752661347389 -0.730800032615661621 54.5
47.7437030851145039 10.5589834207736679 0.506738662719726562 -0.812000036239624023 52.5
47.6555303135631831 10.9500568808023218 0.506738662719726562 -0.893200039863586426 46.5
47.7782418068073866 10.703696137243174 1.10510706901550293 -0.812000036239624023 48.5
47.7873269309564463 10.703696137243174 0.594319701194763184 -0.893200039863586426 49
47.9718108538800436 10.199100184906948 0.765764951705932617 -0.649600028991699219 45.5
47.8901576472904651 10.5913732689418296 0.508293092250823975 -0.730800032615661621 47
47.8994671629614004 10.4626586632428857 1.44108819961547852 -0.812000036239624023 48
47.8368459818184775 10.7200878746407771 1.61824274063110352 -0.893200039863586426 46.5
48.0506115564153262 10.2146952969879141 0.254540413618087769 -0.649600028991699219 51
47.9969384898297236 10.4418249400098819 0.726749718189239502 -0.730800032615661621 53
47.9245778729614642 10.7364796120383801 1.10849177837371826 -0.812000036239624023 49
48.1185113917317437 10.2302896158685321 0.768106698989868164 -0.730800032615661621 46.5
47.3290007673193145 13.378071036135772 1.2778470516204834 -1.54280006885528564 48.5
47.340071542647415 13.378071036135772 0.76475226879119873 -1.62400007247924805 48
47.4362343795953336 13.1706414862283534 2.08893132209777832 -1.54280006885528564 46
47.418423851414282 13.3984646442416526 -0.00335622974671423435 -1.62400007247924805 45.5
46.5356560436684248 -16.1505715142856943 4.05249547958374023 0.487200021743774414 47
46.2278348459948916 -16.3729120781534938 6.14377784729003906 0.406000018119812012 54
45.9075974744780027 -16.3729120781534938 8.20067882537841797 0.324800014495849609 50
46.3828352518032929 -16.3606444229500596 5.5867924690246582 0.487200021743774414 58
46.3510160242752463 -16.3606444229500596 5.8449101448059082 0.406000018119812012 65
46.2265729102242844 -16.3977574159699842 6.66843366622924805 0.324800014495849609 60.5
46.4212419734036246 -16.3854322675649833 5.85376596450805664 0.487200021743774414 56.5
46.4554511411435485 -16.255339988692068 5.94437646865844727 0.406000018119812012 64
46.2966103168665128 -16.422601490100103 6.67853736877441406 0.324800014495849609 59
46.833399625358787 -16.081396521297556 3.62547183036804199 0.487200021743774414 45.5
46.6270706576890106 -16.081396521297556 5.69452571868896484 0.406000018119812012 52
46.2596181311447623 -16.0441710663871397 8.23133468627929688 0.324800014495849609 47
45.9907228169388986 -16.3853015620664486 9.43139839172363281 0.406000018119812012 47
45.914000796280277 -16.7273880081257147 9.5989227294921875 0.406000018119812012 46
46.5487220470958931 -16.5093765339447103 7.46053361892700195 0.406000018119812012 49
46.8070000730322775 -16.627819963047564 6.52920389175415039 0.487200021743774414 45.5
46.8591702294106724 -16.5965175911291745 6.22768402099609375 0.406000018119812012 53
47.1804700782994715 -16.4201564004462632 5.42628860473632812 0.406000018119812012 47
37.0399883017039713 -34.362882175639065 1.5919501781463623 0.324800014495849609 51.5
37.3185545873464122 -34.1734752188000215 1.5460134744644165 0.324800014495849609 50.5
48.0042432568610096 -16.3074481216243861 0.387130707502365112 0.406000018119812012 45
47.5634716431467481 -18.17681821573645 3.99688172340393066 0.324800014495849609 47
49.146169046186138 -16.8344530778348265 1.62974250316619873 0.406000018119812012 45.5
48.9387835468414849 -16.9302910658527566 5.25009346008300781 0.406000018119812012 47.5
40.6897358780575686 32.5622632605132409 2.98068499565124512 1.46160006523132324 50.5
40.5410102774931431 32.7709957173114006 2.7070622444152832 1.38040006160736084 51
40.6078216554029581 32.8507422662433228 2.12353253364562988 1.46160006523132324 54.5
40.5925567254355499 32.8507422662433228 2.39769935607910156 1.38040006160736084 57
40.5925567254355499 32.8507422662433228 2.39769935607910156 1.29920005798339844 48
40.6507962784762782 32.8978743688005224 2.40113949775695801 1.46160006523132324 54
40.6219202974250848 32.9371241692007573 2.35122251510620117 1.38040006160736084 56
40.4680697740502069 33.074498470601597 2.98925018310546875 1.29920005798339844 50.5
40.916990250641085 32.70261926924195 2.17247438430786133 1.46160006523132324 47
40.3906080887701435 33.3315157936504463 2.4474179744720459 1.38040006160736084 48.5
40.3906080887701435 33.3315157936504463 2.4474179744720459 1.29920005798339844 49.5
40.9755273094363801 32.7494046054848482 2.1755824089050293 1.46160006523132324 45.5
40.5206849599114065 33.2283121648198616 3.19433355331420898 1.38040006160736084 46.5
40.6363169719604187 33.0315008390657425 3.72291135787963867 1.29920005798339844 45
41.0476080414265638 32.7961875621266969 1.90648245811462402 1.46160006523132324 49.5
40.8129192835988803 33.0064195336787876 3.00209784507751465 1.38040006160736084 47
40.9589829998589536 33.0535047759232512 1.36027443408966064 1.46160006523132324 49.5
41.0133138008580715 33.1335324843482155 -0.0539176836609840393 1.46160006523132324 46.5
40.1655508622633235 34.5370127405961753 3.6787867546081543 0.974400043487548828 45.5
52.8625060015960386 -6.38793330936764558 0.55907827615737915 0.406000018119812012 58
52.9565501253035933 -6.25699718735317312 0.0981598719954490662 0.487200021743774414 53.5
52.9613258984042332 -6.21701637465443024 0.0472607351839542389 0.406000018119812012 57
52.9247089972496028 -6.45690125084688482 0.91611248254776001 0.324800014495849609 48
53.1076176857475843 -6.20109357882912082 0.838493645191192627 0.487200021743774414 46
53.0624654771613251 -6.41492439189219432 1.67313230037689209 0.406000018119812012 49.5
52.7533405277068965 -6.37708047714351878 6.63480329513549805 0.406000018119812012 49.5
40.2497307227345544 35.3810531359208937 1.944557785987854 0.730800032615661621 45
51.4595617231843931 16.8479114282970386 4.06839323043823242 0.406000018119812012 49.5
44.691497560332671 30.9361630398643506 -1.50489950180053711 4.46600008010864258 48
51.4363263614852855 17.2720681852262636 3.55259895324707031 0.487200021743774414 47.5
51.5156413445065766 17.102201267590285 3.20850157737731934 0.406000018119812012 55
51.477266858942059 17.102201267590285 3.77451682090759277 0.324800014495849609 50
44.6375312437273593 31.0604804498067928 -2.74588990211486816 4.54720020294189453 45.5
44.9088256970455078 30.7747104215719851 -0.957705080509185791 4.46600008010864258 51.5
44.8714266737317828 30.7338861318241605 -2.60499262809753418 4.38479995727539062 46
51.6750828265749718 16.8400195209795847 3.30186200141906738 0.406000018119812012 51
44.8353550948143535 31.0215028710951728 -0.657956898212432861 4.46600008010864258 52
44.9758773793992219 30.8171002604795667 -0.672821104526519775 4.38479995727539062 50.5
44.8425393970073856 31.1460473808760412 -0.480191439390182495 4.46600008010864258 48.5
44.7259016948984041 31.3166171912860989 0.152622908353805542 4.38479995727539062 51.5
44.6389548872912343 31.4394274547813346 -0.294069796800613403 4.30360031127929688 47.5
53.3273325279553987 -6.46118441833288237 -9.77797985076904297 0.487200021743774414 46.5
53.3020694569011795 -6.69315936049055793 -9.75967121124267578 0.406000018119812012 50.5
44.4214266190460592 31.8583829653478503 -1.06602013111114502 4.30360031127929688 46.5
53.4681151589243484 -6.62036738010338066 -9.31060981750488281 0.487200021743774414 49.5
53.4464089042852422 -6.41540244573485552 -9.57496452331542969 0.406000018119812012 53.5
44.901237403128178 31.3068712139017862 -1.14958465099334717 4.46600008010864258 45.5
45.0153158885294644 31.1495158734472959 -0.944324672222137451 4.38479995727539062 51
53.9094362234694202 -7.29991948977998195 -6.16820764541625977 0.406000018119812012 46.5
44.9070591431025221 31.082570173856233 -4.79692935943603516 4.38479995727539062 45.5
45.1362376939754029 31.2348557046781181 1.05543756484985352 4.46600008010864258 45.5
44.8851958325867741 31.6121711151233846 -0.00748286629095673561 4.38479995727539062 49
44.8814454167150529 31.6121711151233846 -0.580143332481384277 4.30360031127929688 47
44.8877912991635881 31.6553575793476014 -2.29687047004699707 4.38479995727539062 46.5
44.0325805397526366 33.2541393516751 1.52773416042327881 2.35480022430419922 49
44.2563195311817239 32.9644330972112201 1.32834386825561523 2.27360010147094727 50.5
43.9702815179470363 33.3714014070533338 -0.063976585865020752 2.19239997863769531 45.5
44.4228365758769428 32.7122151630143634 3.44216394424438477 2.35480022430419922 55.5
44.4440628373353022 32.7122151630143634 3.15627121925354004 2.27360010147094727 60
44.0933554129046641 33.2164363849104873 2.78748941421508789 2.19239997863769531 57.5
43.9763922291028422 33.299322065222178 3.54370617866516113 2.11120009422302246 47
44.6775157017126219 31.8712877039138682 7.19469165802001953 2.35480022430419922 53
44.4343770399539935 32.7566012512448097 4.02663898468017578 2.19239997863769531 59
44.0756019026606296 33.4205864117430167 2.0071098804473877 2.11120009422302246 52
44.5832679624704937 32.7566012512448097 1.72048056125640869 1.94880008697509766 47
44.1871869076931389 32.0391400828573722 9.63933372497558594 2.27360010147094727 46.5
43.9111031212536034 33.8121664255317143 0.695265591144561768 2.11120009422302246 49.5
44.3644674706122117 33.1542074311799126 2.12689304351806641 1.94880008697509766 46
45.7076891519694826 31.8643899268934696 0.862375915050506592 4.54720020294189453 46
45.7727754048317337 31.7042323726280522 2.22950959205627441 4.46600008010864258 45
31.8002305667474054 45.7412005555860617 3.18245077133178711 0.324800014495849609 51
31.7247274124495604 45.7760642755217191 3.42549562454223633 0.243600010871887207 58
31.6027389437860471 45.8179007394445037 3.95312762260437012 0.162400007247924805 53
31.8712945153686782 45.8375918661536588 2.26977300643920898 0.324800014495849609 56.5
31.7932413833198879 45.8794845624517365 2.5057365894317627 0.243600010871887207 63
31.7419919557871033 45.8794845624517365 3.08783841133117676 0.162400007247924805 58
31.984484029609753 45.8991163273623428 0.816273808479309082 0.324800014495849609 53.5
31.6895997125747542 46.0878864935220918 1.44172000885009766 0.243600010871887207 60.5
31.5876241147868591 46.1508098822420152 1.65143704414367676 0.162400007247924805 55.5
31.9192384350220202 46.0026490761828484 1.92852532863616943 0.243600010871887207 51
31.4967239729669259 46.296685183502845 1.83690547943115234 0.162400007247924805 46.5
56.6583616631153788 5.33499262148488818 1.35045230388641357 0.406000018119812012 47
56.7339437089664642 4.86480106601963858 2.56783580780029297 0.487200021743774414 50
56.6865049539440164 4.86480106601963858 3.46037459373474121 0.406000018119812012 53
56.7785582089245509 4.87120185916594917 3.16581177711486816 0.406000018119812012 52
56.7110787481427181 5.61317121613313752 4.29747104644775391 0.406000018119812012 49
46.1269442744200902 33.8662421691547948 0.288706451654434204 2.76080012321472168 49
46.0811512381861021 33.8662421691547948 2.07510137557983398 2.67960023880004883 47
56.8500688842358812 5.3631084516186851 3.74269795417785645 0.487200021743774414 46
56.8927242981288614 5.62053765729638233 2.51560807228088379 0.406000018119812012 48.5
56.9465257408674503 5.80690868174396702 2.58135080337524414 0.406000018119812012 48.5
47.4521810741188261 -35.5834855684316338 1.24968492984771729 0.324800014495849609 52
47.5192778112485783 -35.6284714686651967 0.943540632724761963 0.406000018119812012 50.5
47.6449402198566432 -35.4725969059897821 0.121493667364120483 0.324800014495849609 53
52.6604739338481949 29.2586458231034641 -2.62614345550537109 0.406000018119812012 48.5
52.6582982504385484 29.1757601408850427 -3.45961594581604004 0.324800014495849609 48.5
52.9551429639515234 28.9706268764364694 -1.26357674598693848 0.406000018119812012 52
53.0331330693472864 28.8348270629531775 -1.08661532402038574 0.324800014495849609 52
53.1636662598340308 28.7648919847762983 -0.638791739940643311 0.406000018119812012 46.5
53.1444400205719134 28.7648919847762983 1.56591713428497314 0.324800014495849609 46
54.098628353119345 27.9668880582844892 0.0415236540138721466 0.406000018119812012 49.5
54.0847802102329567 27.9668880582844892 -1.22475051879882812 0.324800014495849609 49.5
54.0149492121831116 28.2832485444396724 0.62771141529083252 0.487200021743774414 48
53.8256718083311938 28.6108831585051107 1.47146403789520264 0.406000018119812012 60.5
53.8265099179176261 28.5651667007285397 2.16538596153259277 0.324800014495849609 60
53.6822996371585361 28.8749387041346459 3.39876461029052734 0.487200021743774414 49
53.7341087223706353 28.8749387041346459 2.44671773910522461 0.406000018119812012 61
53.7187869087903564 28.8749387041346459 2.7627558708190918 0.324800014495849609 60.5
52.9365569802107174 29.3305104173802462 8.58535575866699219 0.406000018119812012 51.5
49.0638262493869135 35.4334974694909874 -10.0514068603515625 -5.1156001091003418 46.5
54.1983662180140158 28.702512878791488 1.58923113346099854 0.406000018119812012 51.5
54.3173491340864558 28.4571922558958299 1.90698254108428955 0.324800014495849609 50.5
54.4023681915474526 28.4919813520764507 1.27299129962921143 0.406000018119812012 58.5
51.2242827197385253 33.9370200160299689 -2.56948685646057129 5.19680023193359375 45.5
53.2490705533619533 28.5267704482570679 -11.5330114364624023 0.487200021743774414 46
53.7395404799755951 28.5267704482570679 -8.97414970397949219 0.324800014495849609 59
54.177562916201218 28.8077781006372291 -5.13656806945800781 0.487200021743774414 51
54.2344585187010608 28.8077781006372291 -4.49623966217041016 0.406000018119812012 64
54.4137308522975616 28.561557774990753 -3.85542964935302734 0.324800014495849609 63
54.3077694266700703 28.561557774990753 -5.13656806945800781 0.243600010871887207 48.5
54.4618741665488741 28.8813858890144068 -0.701900005340576172 0.406000018119812012 55
54.3008277273500255 29.1587211496184402 -1.38270747661590576 0.324800014495849609 54.5
54.6487443902760575 29.3360856291070071 -0.0972553789615631104 0.406000018119812012 48
54.7963772452850151 29.0570634144048014 -0.380574643611907959 0.324800014495849609 47.5
54.7650866805675633 29.09219927689972 -3.29234051704406738 0.406000018119812012 50.5
54.8348969477763717 29.0884883333938475 -3.56719112396240234 0.406000018119812012 51.5
54.8667555648162306 28.8398687749887692 -4.86129283905029297 0.324800014495849609 50
54.8694382620319061 29.3724967999826561 1.29008889198303223 0.406000018119812012 51
54.9715798975597991 29.209143401465802 -0.118831582367420197 0.324800014495849609 50
54.4791694057064007 30.8015344367495025 2.27518463134765625 0.324800014495849609 50.5
54.3706021610692289 31.0891398686253844 2.93136858940124512 0.487200021743774414 49
54.4457422700945202 31.0891398686253844 0.645469546318054199 0.406000018119812012 63
54.4486472521916767 31.0891398686253844 0.316328436136245728 0.324800014495849609 63.5
54.2752415725514368 31.3790335619568204 0.919026792049407959 0.243600010871887207 50
54.4992749813071669 31.1263282128184606 1.29668962955474854 0.487200021743774414 57
54.5108694177719357 31.1263282128184606 0.646241605281829834 0.406000018119812012 71
54.5060431911851992 31.1263282128184606 0.971478641033172607 0.324800014495849609 71
54.3401647699538586 31.4165686724641944 0.920126140117645264 0.243600010871887207 58
54.5759965654493513 31.1635165570115369 0.647013723850250244 0.487200021743774414 55.5
54.5789084973350498 31.1635165570115369 0.317085206508636475 0.406000018119812012 69.5
54.4346410282177899 31.4148352389229224 0.317085206508636475 0.324800014495849609 70
54.5711645727030401 31.1635165570115369 0.972639322280883789 0.243600010871887207 56.5
54.4771684881624338 31.491638893478946 0.265983104705810547 0.406000018119812012 57
54.4777836621460239 31.491638893478946 -0.0600577071309089661 0.324800014495849609 57.5
55.6086385453549212 29.3616999093572453 7.24293899536132812 -5.1156001091003418 45
52.0115139316825861 35.248861143224417 -8.28922939300537109 -4.87200021743774414 49
52.3404283718135446 35.1379907644319758 -6.49556446075439453 -4.95320034027099609 56
52.4997854973220868 35.0130701194265015 -6.61512231826782227 -4.95320034027099609 49
53.0151824515679166 34.5056343205942326 -4.96529483795166016 -5.03439998626708984 49.5
55.9203075194263874 31.6834346751820952 5.41562700271606445 0.406000018119812012 48.5
56.0788414015969963 31.6834346751820952 3.40201473236083984 0.324800014495849609 49
56.3573762627350661 31.4297846106031074 2.43841743469238281 0.406000018119812012 48.5
56.2343712271296425 31.6718625408516559 2.1260380744934082 0.324800014495849609 49
65.6526163389093256 -17.3895738698992517 2.13065910339355469 0.406000018119812012 46.5
65.7442674841119583 -17.4087668777523206 1.42368423938751221 0.487200021743774414 48.5
65.7126344401296762 -17.561773617888818 0.913610100746154785 0.406000018119812012 53
65.7442674841119583 -17.4087668777523206 1.42368423938751221 0.324800014495849609 46
65.915063470308155 -17.0620427174744194 1.30456125736236572 0.406000018119812012 48.5
67.1217070071024864 -14.7388714229142934 2.72820782661437988 0.406000018119812012 49.5
66.9379142151975799 -15.9680341272329755 2.15887975692749023 0.487200021743774414 46
66.7771143868388179 -16.5186559936892863 2.87657427787780762 0.406000018119812012 51
66.9079324361026551 -16.5366494385515352 0.723652005195617676 0.406000018119812012 46.5
67.5137003507932008 -14.9477641910327073 3.25057291984558105 0.406000018119812012 47
67.8470512560557211 -14.0829461637521316 5.6722102165222168 0.406000018119812012 46.5
67.136126855876654 -16.6985977641611747 7.61958837509155273 0.406000018119812012 46
68.9835130473440046 -12.338007395355854 2.5619969367980957 0.406000018119812012 46.5
62.8565363647064572 -31.2446960805310034 3.37645244598388672 0.406000018119812012 46
69.8464550209584445 -7.87665178282876344 -2.92486381530761719 0.406000018119812012 47
69.4608721639931446 -14.3715940000792965 -1.59612774848937988 0.406000018119812012 46.5
70.2217555349309777 14.0608092681160119 -1.15725994110107422 0.406000018119812012 47.5
72.1861988853858776 10.5481868047176146 6.86395740509033203 0.406000018119812012 47.5
72.1415807513757983 10.5589839699123722 8.02018260955810547 0.406000018119812012 47.5
45.0793763262022225 57.9411119206421006 1.38154089450836182 0.324800014495849609 49.5
45.0067117624003714 57.9411119206421006 2.90766406059265137 0.243600010871887207 54
44.8636487706275986 58.0145131708978639 3.57779788970947266 0.162400007247924805 46
45.6433449301459575 57.6053587870673951 0.746627748012542725 0.324800014495849609 51
45.1801109227056088 57.9451863181773348 1.83383500576019287 0.243600010871887207 55
45.1801109227056088 57.9451863181773348 1.83383500576019287 0.162400007247924805 47
44.9180026064193214 58.2525529791800665 1.51476025581359863 0.243600010871887207 47
72.7937823678778386 11.1911787434069137 0.381616294384002686 0.406000018119812012 46
69.0600353900534571 27.3427535131304644 2.70024895668029785 0.406000018119812012 45.5
68.8389339967153688 27.9006286915034707 6.36074256896972656 0.406000018119812012 47.5
68.4572685827863836 29.3647631270780494 4.49480390548706055 0.406000018119812012 49.5
63.4991726636252949 -39.4684287407075658 1.18266701698303223 0.324800014495849609 46
68.8950762026322394 29.0633905495556313 6.71146965026855469 0.406000018119812012 46
69.064181177795291 29.5713500007636583 1.787933349609375 0.406000018119812012 53
69.5178337595015421 28.7078561585452334 1.38977551460266113 0.406000018119812012 52
69.4078365726223154 28.8770576683205462 2.73294639587402344 0.324800014495849609 48
69.695772647993067 28.5012405952224483 0.518499851226806641 0.406000018119812012 49.5
70.0848742526563626 27.7290268297180944 0.775953173637390137 0.406000018119812012 50
71.6139187633571339 25.086320019586978 1.7126619815826416 0.406000018119812012 47
68.2124331240134296 33.2516097952409666 4.99977636337280273 0.406000018119812012 47
68.3000101491266634 32.8429732644620671 6.32856845855712891 0.324800014495849609 45
69.1677900546230546 31.9365171963303887 -1.5220566987991333 0.406000018119812012 48.5
67.4556745419285164 35.3801516179615874 -3.9815361499786377 0.406000018119812012 46
71.3032471281689197 27.5041007149056398 0.390783756971359253 0.406000018119812012 47.5
67.7724062104182821 35.4845171370565069 -0.0104269450530409813 0.406000018119812012 47
67.7534910978444174 35.4845171370565069 -1.60105359554290771 0.324800014495849609 46.5
68.455927345760287 34.2945042784535801 1.18504154682159424 0.406000018119812012 49
68.4649737945982935 34.2945042784535801 -0.407203406095504761 0.324800014495849609 48
68.9427871187945414 33.4564803301875529 -1.66688859462738037 0.324800014495849609 45.5
67.2476027383637955 36.4038256688003798 -6.26483535766601562 0.406000018119812012 45
65.307744195970983 40.735219610233095 5.61437892913818359 0.324800014495849609 46.5
66.5243349318004391 38.9214049530695902 5.21530055999755859 0.324800014495849609 49.5
66.2938603310531249 40.07066433316988 -1.35740303993225098 0.406000018119812012 47.5
65.7593572135182143 40.8935699790552221 2.40820670127868652 0.324800014495849609 48.5
65.4648300240246783 41.4273768961625279 -3.48304057121276855 0.406000018119812012 46.5
65.4662489395080769 41.5533548843847811 -1.22127687931060791 0.324800014495849609 48
65.578557213637481 42.499847791663484 0.799192070960998535 0.406000018119812012 48.5
65.578557213637481 42.499847791663484 0.799192070960998535 0.324800014495849609 50.5
65.6005273821027686 42.5406370823992361 -2.45284247398376465 0.406000018119812012 48.5
65.646369103848059 42.5406370823992361 -0.0106620630249381065 0.324800014495849609 50.5
65.6056379930395366 42.8768437149269204 -0.34197583794593811 0.324800014495849609 46.5
65.9213902015435735 42.5257535606485888 0.577634453773498535 0.406000018119812012 46
65.9488332675987294 42.4865412475451834 0.219290614128112793 0.324800014495849609 49
66.0950167094101459 42.2818464541444072 -3.14171552658081055 0.406000018119812012 45.5
65.8660590030908537 42.7037817981982926 -2.05554604530334473 0.324800014495849609 48.5
65.3950392867275099 43.5794259930147874 -1.51106119155883789 0.406000018119812012 47
65.6039175806355388 43.2847713209862945 -0.718051910400390625 0.324800014495849609 50
72.2185020619820079 31.1452225502320559 -2.05410981178283691 0.406000018119812012 46.5
65.6070545454823417 43.4145526457780235 0.80456089973449707 0.324800014495849609 47
69.8016693891982243 36.5629702714210154 -2.06339931488037109 0.406000018119812012 46.5
65.1421800044487043 44.6360497579976183 1.08220338821411133 0.324800014495849609 46.5
79.3365494523495158 -10.6798822821192978 -2.76816391944885254 0.487200021743774414 45
79.3107149173655586 -10.7999934230615953 -3.03011250495910645 0.406000018119812012 49
79.3895374098909912 -10.5195649976100878 -3.83026552200317383 0.406000018119812012 48
63.1988940124090206 48.1794117895417955 11.6940250396728516 0.324800014495849609 45.5
68.0099655308434734 42.8491340577141671 -3.85007882118225098 0.406000018119812012 45.5
68.3305996529570621 42.4770575592078501 -1.68973195552825928 0.324800014495849609 46.5
68.7796986810941604 41.8724515752092756 2.0865943431854248 0.324800014495849609 46.5
65.6903174765189846 47.376269832467095 5.05901145935058594 0.324800014495849609 45.5
64.5098460052976606 49.4144112500555153 2.52710151672363281 0.324800014495849609 48
64.0475805252321777 50.1107840469132242 2.95083212852478027 0.324800014495849609 46
64.9752193863810135 49.1131109405212385 3.52830719947814941 0.324800014495849609 46.5
64.6592213617291236 49.5967540990022115 4.23172950744628906 0.324800014495849609 47.5
68.1095337826446467 49.0401305126054865 3.48665428161621094 0.324800014495849609 45.5
64.0250343994308935 54.6594224601926086 7.59070158004760742 0.324800014495849609 45.5
79.2227771217967529 29.5792802186093127 2.44519329071044922 0.406000018119812012 51
79.1217482319050305 29.4947075803859811 5.19349336624145508 0.324800014495849609 46
79.259428251012622 29.7959590404097661 -0.00576740223914384842 0.406000018119812012 48.5
63.1397442882424897 58.626494966692178 10.9192638397216797 0.324800014495849609 45
96.0266721554603748 12.7140109201112281 2.61579990386962891 0.406000018119812012 48
96.1764778490605323 12.4087852727387329 -0.509083807468414307 0.406000018119812012 45.5
