
X Y Z V_r Mag
8.09067558649030616 5.8095326335482369 -1.33895564079284668 0.974400043487548828 48
8.13236347608789778 5.76432226285914595 -1.28053319454193115 0.893200039863586426 46
8.12519751239786814 5.83011336328920304 -1.58321702480316162 0.974400043487548828 51
8.15445977353098073 5.83011336328920304 -1.42484784126281738 0.893200039863586426 48.5
8.11788617946800706 5.89624240496464402 -1.83691751956939697 0.974400043487548828 48
8.08876950080878387 5.98163977658864532 -1.68279910087585449 0.893200039863586426 46.5
8.61709963063748852 5.59495216821677666 -1.25084173679351807 0.974400043487548828 46
8.72684842174089326 5.56905731848775343 -1.22815072536468506 1.05560004711151123 46
8.69517368246360256 5.59771679474663841 -1.31914925575256348 0.974400043487548828 49.5
8.74332809611731321 5.71015218297461047 -1.09470105171203613 0.974400043487548828 47.5
8.72362816174278421 6.2184879057385638 -0.504339993000030518 0.974400043487548828 45.5
8.7128938117533874 6.36319097069016948 0.485065937042236328 1.05560004711151123 46.5
8.75045428514953905 6.30515974868811746 0.560815930366516113 0.974400043487548828 54.5
8.83051564020601809 6.19989381110299753 0.472560256719589233 0.893200039863586426 50.5
8.8257363494446448 6.33671505093805632 0.466953128576278687 1.05560004711151123 50
8.84890057421495335 6.30545954028577693 0.451397180557250977 0.974400043487548828 58
8.86114779340217495 6.28643444684525932 0.475841939449310303 0.893200039863586426 53.5
8.82924800574722113 -7.84660482516850433 -0.947457671165466309 0.893200039863586426 45.5
10.05191024547889 6.29436323178210611 -1.24326765537261963 0.974400043487548828 47.5
10.6128878858566154 5.73294507722757984 -1.45686662197113037 1.05560004711151123 49
10.5765309088223169 5.8301136378585543 -1.33014309406280518 0.974400043487548828 46
10.6362030737793649 5.82638350214565559 -1.54112899303436279 1.05560004711151123 47
10.0704178703063771 -7.82392487735419184 -1.36144506931304932 0.974400043487548828 49
12.8244266745078654 -1.39274936523052495 -0.0659611299633979797 1.29920005798339844 55
12.8246575066568571 -1.38468947307062606 -0.144232422113418579 1.21800005435943604 64
12.8245960547897475 -1.39274936523052495 0.000879057624842971563 1.13680005073547363 61
10.1770143997802922 -7.75200427939073489 -1.65675413608551025 0.974400043487548828 47.5
7.44262658781479214 -10.5229952039639674 -0.532815039157867432 0.730800032615661621 45
12.8992192759766535 -1.39273997243226999 -0.145070984959602356 1.29920005798339844 66
12.8934173372018694 -1.45272993632050507 0.000884168432094156742 1.21800005435943604 74.5
12.8999069333851377 -1.39273997243226999 0.057499326765537262 1.13680005073547363 71.5
12.8967040868425258 -1.40733212581048939 0.212294042110443115 1.05560004711151123 50.5
7.47499040657575975 -10.5841752503351092 -0.671108543872833252 0.730800032615661621 49.5
7.38387690081289705 -10.6441652142233458 -0.728523373603820801 0.649600028991699219 46
12.9737810452964499 -1.40079047179391392 -0.145909547805786133 1.29920005798339844 65.5
12.9743709692734743 -1.40079047179391392 -0.0774045884609222412 1.21800005435943604 74.5
12.9737188788745961 -1.40894408338759214 0.000889279181137681007 1.13680005073547363 71.5
12.9650689898730036 -1.46112719758713272 0.27312132716178894 1.05560004711151123 50.5
13.0483437627205845 -1.40884107352321131 -0.14674811065196991 1.29920005798339844 59.5
13.0423023379370893 -1.46952456563073031 -0.0671116113662719727 1.21800005435943604 67.5
13.0422928906757107 -1.46952456563073031 0.0689003691077232361 1.13680005073547363 64
13.1082008065276927 -1.47792182689735774 -0.480458915233612061 1.29920005798339844 56.5
7.62766262883283552 -10.7677161673950348 -0.339237511157989502 0.730800032615661621 46
13.2747290155229667 0.0713300455257269705 0.0461577847599983215 1.29920005798339844 56.5
7.57216983310972402 -10.8902732296836646 -0.538356661796569824 0.730800032615661621 48
7.33794791930144008 -11.0412275120753183 -0.686625540256500244 0.649600028991699219 46.5
13.3493944065991048 0.106765453530758045 -0.069172389805316925 1.29920005798339844 59.5
13.3495734509824029 0.106765453530758045 -5.83547034693765454e-07 1.21800005435943604 67.5
13.3488469137641452 0.106765453530758045 0.139253020286560059 1.13680005073547363 63.5
11.9140960621326375 5.88711383609445615 -1.27229297161102295 1.05560004711151123 49
7.42711777069178858 -11.0735793833933123 -0.660507917404174805 0.730800032615661621 46.5
7.45229620023242756 -11.0502244404334586 -0.760483503341674805 0.649600028991699219 46.5
13.4245918973231095 0.0922670185137814819 -0.0494251586496829987 1.29920005798339844 58.5
13.42430304876215 0.0721360326562291571 0.116238705813884735 1.21800005435943604 66.5
13.4237276354621962 0.0922670185137814819 0.160170122981071472 1.13680005073547363 63
7.51899897440835474 -11.093850789666126 -0.788513839244842529 0.730800032615661621 46
7.52595864528862091 -11.093850789666126 -0.71906125545501709 0.649600028991699219 46.5
13.4954232557651395 -0 0.351548999547958374 1.29920005798339844 50.5
13.492373058088651 0.0303651759122043272 0.45274651050567627 1.21800005435943604 58.5
13.492373058088651 0.0303651759122043272 0.45274651050567627 1.13680005073547363 55
13.4679092680501036 -1.62847311429371255 -0.494108289480209351 1.21800005435943604 49
13.4686469403261579 -1.68275555143683642 -0.211005926132202148 1.13680005073547363 46
13.714357440733755 -0.329293449115868553 -0.428493618965148926 1.21800005435943604 48
13.7837854344253667 -1.33156919301509591 -0.865931987762451172 1.21800005435943604 47.5
13.7881607097803371 -1.33156919301509591 -0.793223917484283447 1.13680005073547363 45.5
14.2247514938441242 -1.45172717043599175 -0.868671298027038574 1.21800005435943604 49
13.609713072438657 -4.44468380295014498 -0.475532650947570801 1.13680005073547363 47.5
8.9875923214068596 -11.1501954927814957 -0.31933295726776123 0.812000036239624023 49
9.12758538303253353 -11.0302624219809875 -0.475532650947570801 0.730800032615661621 48
13.6229327743936164 -4.66409087596567584 -0.148241356015205383 1.21800005435943604 65
13.6323041956958733 -4.63889902709857704 -0.0304344538599252701 1.13680005073547363 69
13.6322661166768953 -4.63889902709857704 0.0441780760884284973 1.05560004711151123 61.5
8.14731538306136471 -11.8617619808509769 0.529043674468994141 0.730800032615661621 48
8.08291466605921194 -11.8995497541516251 0.653619229793548584 0.649600028991699219 46.5
13.6972787874353514 -4.66305989712688707 -0.407519310712814331 1.29920005798339844 54
13.7021362665984068 -4.66305989712688707 -0.181577697396278381 1.21800005435943604 76
13.7029246411613777 -4.66305989712688707 -0.106580272316932678 1.13680005073547363 80
13.7032673193140582 -4.66305989712688707 0.0444081686437129974 1.05560004711151123 72
13.7019457739172328 -4.66305989712688707 0.195393502712249756 0.974400043487548828 48
8.74374810245227252 -11.4984762474924818 -0.926030278205871582 0.730800032615661621 48
13.7502074930268581 -4.75449274868535188 -0.170615538954734802 1.29920005798339844 52
13.7511490125775317 -4.75449274868535188 0.0565420277416706085 1.21800005435943604 75
13.7506323777649531 -4.75449274868535188 0.13193020224571228 1.13680005073547363 79
13.7496880696582302 -4.75449274868535188 0.208306849002838135 1.05560004711151123 71.5
13.7005973602768609 -5.11343936402132382 -0.192432060837745667 1.13680005073547363 63
13.7411865053258566 -4.98002940205793632 -0.51937258243560791 1.05560004711151123 57
9.19030305240618439 -11.3690873064963025 0.415730178356170654 0.812000036239624023 51
8.58265730293637574 -11.8369359402309193 0.339977085590362549 0.730800032615661621 52
8.16135778281494062 -12.1311688700405806 -0.342965811491012573 0.649600028991699219 49
13.9789028305076055 -4.54634153053685708 0.105230428278446198 1.29920005798339844 46.5
14.0212855713561435 -4.39938907702455495 0.372779279947280884 1.21800005435943604 61
9.41898958018442123 -11.2859484297448276 0.00400879513472318649 0.812000036239624023 54
9.31745051068553209 -11.3649353735076915 0.336710095405578613 0.730800032615661621 49.5
12.8591211992302981 -5.36712901890293992 4.91300058364868164 1.13680005073547363 51
13.1450891328611821 -5.38374551741347585 -4.06479597091674805 1.05560004711151123 46.5
9.78338450809387616 -11.0388938438323621 -0.853726804256439209 0.812000036239624023 47
7.95229592534214014 -12.4457573843910296 -0.405896246433258057 0.730800032615661621 48
7.94367238918017993 -12.4568350500647185 -0.161166802048683167 0.649600028991699219 50.5
14.0677257544732974 -4.75046286248869265 0.233862012624740601 1.21800005435943604 56.5
14.0212816311111705 -4.86922443405090988 0.46564069390296936 1.13680005073547363 60.5
13.9697842332935274 -4.98798600561312711 0.698317348957061768 1.05560004711151123 53.5
8.11849417678526919 -12.4105842282517091 -0.768089532852172852 0.730800032615661621 47.5
8.07511796544922156 -12.4532641680318807 -0.480819553136825562 0.649600028991699219 49
14.1372556679159462 -4.7744550375361996 0.313380390405654907 1.21800005435943604 53.5
14.1279128082751235 -4.80802542451887671 0.201467901468276978 1.13680005073547363 58
14.1133685397882136 -4.85465096199481572 0.0284914188086986542 1.05560004711151123 51
10.3122562388365608 -10.7425238344564491 -1.00558507442474365 0.893200039863586426 45.5
13.9445377917479956 -5.51821464530987882 0.314955174922943115 1.21800005435943604 51
13.9842422647793292 -5.42262057366898098 0.190209373831748962 1.13680005073547363 57.5
14.0095046500665497 -5.35889119257504909 -0.126806840300559998 1.05560004711151123 52.5
14.305434648249415 -4.70187870039056488 0.708897948265075684 1.21800005435943604 56.5
14.3091336198656691 -4.70187870039056488 0.629838109016418457 1.13680005073547363 59.5
14.2937198982672502 -4.74143777599481187 0.681176960468292236 1.05560004711151123 51
14.3504939293222034 -4.84643186775577828 -0.312940150499343872 1.21800005435943604 56.5
14.3665020235626901 -4.78585146940883099 -0.470916956663131714 1.13680005073547363 59.5
15.0068657143906048 2.55697262247172441 -0.23769107460975647 1.21800005435943604 56.5
14.9968026063955566 2.6083403760481656 -0.305149674415588379 1.13680005073547363 56.5
13.9721218415458868 -5.94914686790854397 1.08999764919281006 1.05560004711151123 46.5
15.0518238537583304 2.6097180224087233 -0.849695026874542236 1.29920005798339844 50.5
15.0656117897920083 2.569568514371666 -0.717393755912780762 1.21800005435943604 64.5
15.0656117897920083 2.569568514371666 -0.717393755912780762 1.13680005073547363 64.5
15.0809049866612668 2.55236158235578436 -0.376523673534393311 1.05560004711151123 51
15.118604645362625 2.77621115959937104 -0.333308219909667969 1.05560004711151123 50
15.167242168009011 2.71832048016257488 -1.1260678768157959 1.29920005798339844 55.5
15.1543674622007263 2.71832048016257488 -1.28778469562530518 1.21800005435943604 69
15.1543674622007263 2.71832048016257488 -1.28778469562530518 1.13680005073547363 69
15.0891142461375374 2.7315161764387037 -2.42550802230834961 1.29920005798339844 51.5
15.0891142461375374 2.7315161764387037 -2.42550802230834961 1.21800005435943604 65
15.11429087308737 2.7315161764387037 -2.26333093643188477 1.13680005073547363 65.5
15.1485748179085142 2.7315161764387037 -2.02117156982421875 1.05560004711151123 52
15.2426963902925277 2.91040825707616868 -1.59679174423217773 1.29920005798339844 50
15.2052907970367706 2.99423113387072659 -1.78710258007049561 1.21800005435943604 64
15.2224231592467127 3.24375039502662066 -1.05637037754058838 1.05560004711151123 53
15.3275160844201324 3.58983853828158894 -0.492787450551986694 1.29920005798339844 48
15.3231411192899891 3.63510514265685014 -0.223340496420860291 1.21800005435943604 64
15.3246511522089541 3.63510514265685014 -0.0601308457553386688 1.13680005073547363 65.5
15.320556436300107 3.65281816176021312 -0.0010727675398811698 1.05560004711151123 55
15.3964533503878815 3.54365343733621962 -0.906856775283813477 1.29920005798339844 46.5
15.372333285710063 3.65241512207589158 -0.884236335754394531 1.21800005435943604 62.5
15.3914199642547036 3.62868529995087252 -0.606193780899047852 1.13680005073547363 64
15.3705602081546999 3.71173967738843968 -0.632066011428833008 1.05560004711151123 53.5
15.5027970737522782 3.30613024845022618 -1.24209654331207275 1.21800005435943604 55.5
9.36077480559491093 -12.8430444266720336 -0.492062360048294067 0.730800032615661621 45.5
15.4083213209908152 3.4235328444869868 -2.46245932579040527 1.21800005435943604 49.5
15.4215061947269589 3.4235328444869868 -2.37848806381225586 1.13680005073547363 51
10.9009503999695667 -11.644004129383438 -0.887181580066680908 0.812000036239624023 49.5
15.5201285348841029 3.68027806692467196 -1.78429234027862549 1.21800005435943604 52
15.5295296285148403 3.68027806692467196 -1.70053398609161377 1.13680005073547363 54
11.1928041039972364 -11.4780552463269192 -0.760212600231170654 0.893200039863586426 48.5
11.2358202947931396 -11.437943223799131 -0.72960585355758667 0.812000036239624023 47.5
15.6342829862160588 3.61083152746923908 -1.59584236145019531 1.21800005435943604 49
15.5553221276677558 3.73978979630742625 -2.01532626152038574 1.13680005073547363 50
14.6520820244286085 6.61918614271007311 -1.23227119445800781 1.05560004711151123 49.5
9.29684197208111129 -13.1537434214950864 -0.750587046146392822 0.730800032615661621 49.5
9.08711608154795591 -13.3008364468886437 -0.72642672061920166 0.649600028991699219 46.5
15.7677475529028452 3.71467309912168409 0.139161109924316406 1.21800005435943604 48.5
15.7661298036948772 3.62762626355643425 0.84232717752456665 1.13680005073547363 52.5
15.6400424558276416 3.51628728783344124 2.33769607543945312 1.05560004711151123 47.5
15.4555395123420585 -5.03344976234262464 -0.81630784273147583 1.21800005435943604 58
15.466874103584269 -5.02124745988846133 -0.662234902381896973 1.13680005073547363 61.5
15.7256220132553839 3.51426310679921405 2.28701543807983398 1.05560004711151123 53.5
15.5016356428126443 -5.11793769425249678 -0.910233736038208008 1.21800005435943604 60
15.4999443826994572 -5.1424547610513125 -0.793349206447601318 1.13680005073547363 63.5
15.4960472166032694 -5.1935319835488416 -0.471448987722396851 1.05560004711151123 55.5
16.2210150627518779 2.57378604691211788 -0.187002554535865784 1.21800005435943604 50
15.5664630132817994 -5.16604424248628469 -0.881982207298278809 1.13680005073547363 51.5
16.3883416138864035 -2.33217666020563996 -0.84489816427230835 1.21800005435943604 51
16.3797066444635284 -2.38602798628498869 -0.861824929714202881 1.13680005073547363 47.5
16.4750291426976716 -2.33024614116490314 -0.604898810386657715 1.21800005435943604 51
16.4790026634805749 -2.31984325660613067 -0.532292306423187256 1.13680005073547363 48
16.3324248162055454 3.37108731110603577 1.27016592025756836 1.13680005073547363 53.5
16.4628796101612309 2.95584368430242117 1.57372212409973145 1.13680005073547363 47
12.0133620098520293 -11.7601787568952147 -1.46387565135955811 0.893200039863586426 47
17.0048681878220016 -1.6709843033211822 -0.672506928443908691 1.21800005435943604 48.5
10.9701314235908445 -13.0900893122066009 -0.846043825149536133 0.812000036239624023 45.5
17.0555568818864565 -1.92297784857528464 -0.625142574310302734 1.21800005435943604 47
15.866987307072872 -6.53726621290213927 -0.695347785949707031 1.13680005073547363 49.5
15.8431026460551667 -6.59306690940097528 -0.712895810604095459 1.05560004711151123 45.5
11.4106385508884145 -12.8019674852138081 -0.942133009433746338 0.812000036239624023 50
11.1436026766562808 -13.0037084648634487 -1.30550801753997803 0.730800032615661621 46
17.156908974499796 -1.61666434408337767 -0.767707109451293945 1.21800005435943604 47.5
12.1478764762117155 -12.2327602035642258 -0.592613518238067627 0.893200039863586426 51
11.840149563558402 -12.5086709182877875 -0.952117264270782471 0.812000036239624023 50
17.2271998527738823 -1.6236933909948712 -0.861893534660339355 1.21800005435943604 48
17.2438770494935412 -1.6236933909948712 -0.409825652837753296 1.13680005073547363 45
12.1905431322203821 -12.2859466585278607 -0.775765717029571533 0.893200039863586426 47
11.8879029050539504 -12.5803763934282635 -0.753346025943756104 0.812000036239624023 45
16.5245337537596413 6.06103863539479448 -0.918820440769195557 1.13680005073547363 46.5
12.9029631223447812 -12.2252449353252164 -0.0872522443532943726 0.893200039863586426 48.5
13.8257412805734283 -11.5162733102008943 0.473639816045761108 0.974400043487548828 48.5
11.4338329711137163 -14.0957210310146976 0.0259867832064628601 0.812000036239624023 47.5
17.992902501712809 2.62355106839401175 -1.23412501811981201 1.21800005435943604 55
17.992902501712809 2.62355106839401175 -1.23412501811981201 1.13680005073547363 54
14.508869022191206 -11.0180035320227692 0.496947824954986572 1.05560004711151123 47.5
14.3987107731985908 -11.1182086075517077 1.10144734382629395 0.974400043487548828 53
14.1627641422776165 -11.3687212963740514 1.52279937267303467 0.893200039863586426 47.5
18.0279611625691416 2.63434768445006595 -1.71547472476959229 1.21800005435943604 54.5
18.0368084842035685 2.63434768445006595 -1.61980652809143066 1.13680005073547363 53.5
14.2770291449301556 -11.4155066326169532 0.861799240112304688 1.05560004711151123 47.5
14.1642176409004055 -11.5618592817530672 0.767073094844818115 0.974400043487548828 55
13.7676934811912854 -12.0009172291614128 1.14831936359405518 0.893200039863586426 52.5
13.7210334371160378 -12.2177181961888408 0.318182021379470825 0.974400043487548828 56
13.4346080787263649 -12.5208076158274277 0.617490530014038086 0.893200039863586426 57
12.883836297329271 -13.0787676837984659 0.770216822624206543 0.812000036239624023 50
10.6218586103632671 -14.9891494803083543 -0.377050727605819702 0.730800032615661621 49
13.7183640012366332 -12.3344465578659719 -0.265399038791656494 0.893200039863586426 56
13.0015302132690049 -13.0837353674559616 0.422605544328689575 0.812000036239624023 47.5
14.1023201310737765 -11.9794837763914384 -0.890056788921356201 0.974400043487548828 54
14.0580959763586204 -12.0489300591531272 -0.607383131980895996 0.893200039863586426 54
14.3766462872857019 -11.8002066708699065 0.164850518107414246 0.974400043487548828 49.5
14.3553259267876374 -11.8257733979488062 -0.18894195556640625 0.893200039863586426 49
17.9113697580063409 6.48680749552775104 0.0818230509757995605 1.21800005435943604 56.5
17.9044558345347404 6.5010903744169859 0.262343168258666992 1.13680005073547363 65
17.9075429081326263 6.48680749552775104 0.37921607494354248 1.05560004711151123 62
17.9818858815347014 6.5123457164923888 0.0821451842784881592 1.21800005435943604 67.5
17.9811475116694197 6.5123457164923888 0.182541623711585999 1.13680005073547363 76
17.9798683262642527 6.5123457164923888 0.281629115343093872 1.05560004711151123 73
18.0039965586418518 6.42392120584643678 0.595778405666351318 0.974400043487548828 51.5
18.0566440390955911 6.52588846842934078 -0.102099969983100891 1.21800005435943604 67.5
18.0844952047866165 6.44911330997722931 -0.00130775466095656157 1.13680005073547363 75.5
18.0842291178736119 6.44911330997722931 0.0981753095984458923 1.05560004711151123 72
18.0776182133805676 6.44911330997722931 0.498672038316726685 0.974400043487548828 49.5
13.1140199035896909 -14.0234625360181955 0.0706868693232536316 0.812000036239624023 46.5
18.1150670751735916 6.47430541410802274 -1.20556461811065674 1.21800005435943604 56.5
18.1273099939982565 6.47430541410802274 -1.0048377513885498 1.13680005073547363 64.5
18.1325640243622814 6.47430541410802274 -0.905088424682617188 1.05560004711151123 60.5
11.346764273206686 -15.5474856577631293 -1.02583539485931396 0.730800032615661621 49
11.6351074171471325 -15.4314691490685938 -0.95736539363861084 0.730800032615661621 47.5
16.6535880710972144 -10.058744969378596 -1.31515634059906006 1.05560004711151123 47
14.9065760319123441 -12.5393172510712798 0.899717926979064941 0.974400043487548828 48
14.8501850153488384 -12.7318648136703167 -0.743172645568847656 0.974400043487548828 52.5
14.8681815960975765 -12.7318648136703167 -0.132121533155441284 0.893200039863586426 52.5
14.9255616387989569 -12.7806463992360833 0.0723435953259468079 0.974400043487548828 49
15.043390826220655 -12.6357745188220694 0.395178765058517456 0.893200039863586426 48.5
18.8424802435634646 5.7849499651716787 -0.755587518215179443 1.13680005073547363 46.5
18.8846451060157783 5.91086257442710039 -0.686961472034454346 1.13680005073547363 47.5
13.8431836298451838 -14.3593538327954455 0.421608090400695801 0.893200039863586426 45
19.0224690059102777 6.64803343489269238 -0.989939272403717041 1.13680005073547363 49
19.0585053909328259 6.67274693532709673 -1.51997148990631104 1.13680005073547363 47.5
15.1101023828543077 -13.5879471724813445 -0.397670209407806396 0.974400043487548828 47.5
14.9441800316683491 -13.7631935939582082 -0.592993974685668945 0.893200039863586426 50
12.9599116884381971 -15.6502673788467366 -0.464167028665542603 0.812000036239624023 47.5
14.5403497600109937 -14.2906765768403776 -0.717509806156158447 0.974400043487548828 48
14.7277620387949302 -14.1122343077752994 -0.312919169664382935 0.893200039863586426 53
16.1572914525271223 -12.575258979619246 0.174488067626953125 0.974400043487548828 45
16.0847703307227086 -12.8658365887400645 -1.06819558143615723 0.974400043487548828 45
15.1226546986792396 -14.1257668934959888 0.50800400972366333 0.893200039863586426 50
15.6805166443000239 -13.6239922489810379 0.330000966787338257 0.974400043487548828 53
15.2601023511487845 -14.0679142525206267 0.907607018947601318 0.893200039863586426 55
15.3562563018321452 -13.9874371641596476 0.371071577072143555 0.812000036239624023 45.5
15.4487782025728215 -13.9389270895482955 1.32819283008575439 0.893200039863586426 51.5
14.6577709474769993 -14.838870797615332 1.67730975151062012 0.893200039863586426 46.5
18.5124002171993283 -10.6760295898020825 -0.451722264289855957 1.05560004711151123 45.5
13.9522072617526387 -16.1676274973910452 0.913438379764556885 0.812000036239624023 46
18.1387472772234162 -11.4211107613586318 0.804129898548126221 1.05560004711151123 48
18.1549009460594206 -11.4211107613586318 0.245676591992378235 0.974400043487548828 46.5
13.505949597975075 -16.6398159132866397 0.899110257625579834 0.812000036239624023 46.5
12.9369718487257703 -17.0847594444731072 0.921024799346923828 0.730800032615661621 46.5
16.8144831723565424 -13.4272558644527766 -0.554655671119689941 0.974400043487548828 45
16.3034516514591488 -14.1650164217102894 -0.331326156854629517 0.974400043487548828 45.5
16.1661358424444224 -14.3188666381808467 0.431449800729751587 0.893200039863586426 46.5
21.6386147714017518 0.463153272107493408 -1.16684591770172119 1.21800005435943604 46
16.8163090946153453 -13.6210397978279811 -1.21848869323730469 0.974400043487548828 50
16.5598714001058269 -13.9379341419015272 -1.14471042156219482 0.893200039863586426 47
20.8062400807062247 6.33263824520080121 0.246146649122238159 1.13680005073547363 45
17.2153913015154281 -13.2903867034471759 -0.241699561476707458 1.05560004711151123 45.5
17.2230213983504896 -13.2686437395151557 -0.610852181911468506 0.974400043487548828 50.5
13.924505323016648 -16.6985962997912978 0.572314798831939697 0.812000036239624023 48
13.6006346451460711 -16.9296152915690108 1.21382105350494385 0.730800032615661621 46
20.7541462264416481 6.74992532127659217 0.185992777347564697 1.13680005073547363 47.5
14.0804661514589977 -16.6389068222660548 1.10359597206115723 0.812000036239624023 47.5
13.7618897604529362 -17.0244795298673957 0.622529327869415283 0.812000036239624023 46.5
14.1648235053612392 -16.7999450448573029 0.142327472567558289 0.812000036239624023 50.5
13.7682611472537708 -17.1212254584317272 0.446428239345550537 0.730800032615661621 48
18.6374845037054371 -11.6386343181743559 1.84090101718902588 1.05560004711151123 49.5
19.191341583757648 -10.9704499397694981 0.925896584987640381 1.13680005073547363 60.5
19.2416450981464173 -10.8819785692874866 0.925896584987640381 1.05560004711151123 64.5
19.285574266883021 -10.7935071988054752 1.04042232036590576 0.974400043487548828 56
19.2365750603650945 -11.0076382839625744 1.27520143985748291 1.21800005435943604 48.5
19.2504274498900685 -11.0076382839625744 1.04546129703521729 1.13680005073547363 69.5
19.2943501724517823 -10.9188670074790046 1.16034698486328125 1.05560004711151123 73.5
19.279056737264515 -10.9188670074790046 1.39153242111206055 0.974400043487548828 65
19.2378924710349786 -11.2229689931259013 0.352309048175811768 1.13680005073547363 63
16.300730484291261 -15.1782861903560367 0.285495758056640625 0.893200039863586426 47.5
12.1680545760433159 18.6464953583706397 0.649887144565582275 0.730800032615661621 52
12.3322299781489608 18.5268059569062515 0.921553611755371094 0.649600028991699219 58
12.2613590669080779 18.5769084970541343 0.856301665306091309 0.568400025367736816 52.5
10.3969050888897723 19.6986487014761948 0.208050891757011414 0.487200021743774414 46
19.2833015459439956 -11.0820140266098459 -2.20584559440612793 1.05560004711151123 67
12.3294873974686556 18.6394560518130312 0.277316451072692871 0.730800032615661621 58.5
12.3166228173926733 18.6394560518130312 0.627704024314880371 0.649600028991699219 64.5
12.3818546714984876 18.5891848188294198 0.808935999870300293 0.568400025367736816 59
19.4333844660774879 -10.8810138119525561 2.61299991607666016 1.13680005073547363 56.5
19.3809242403869995 -10.8109583534671536 3.22236156463623047 1.05560004711151123 57.5
19.3379570498094147 -10.7605184233576647 3.6242680549621582 0.974400043487548828 46.5
12.3708619364252286 18.7020051972627748 0.278247028589248657 0.730800032615661621 53.5
12.3633885016856322 18.7020051972627748 0.512126028537750244 0.649600028991699219 60
12.5019740316834085 18.6011253370438006 0.761228978633880615 0.568400025367736816 54
19.5981848416684663 -10.9511436873126211 1.49452972412109375 1.13680005073547363 58
19.5681728260773831 -10.9511436873126211 1.8463674783706665 1.05560004711151123 61.5
19.5361110234273525 -10.8864771135492848 2.46475362777709961 0.974400043487548828 53.5
12.3132199733630738 18.7139441290764559 2.10308074951171875 0.649600028991699219 49
11.6510307602989727 19.2172187683650222 1.09636294841766357 0.568400025367736816 45.5
19.909418122749166 -10.6322066304419796 0.449385970830917358 1.13680005073547363 48.5
10.5322937434021995 19.9639496746187035 -0.377059280872344971 0.568400025367736816 45.5
10.3175333017592461 20.0655043147608936 -0.74478679895401001 0.487200021743774414 45
17.2271477684811565 -14.6922652927485409 0.620693743228912354 0.974400043487548828 52
17.205956878679185 -14.6724529527274967 1.30259203910827637 0.893200039863586426 49
17.4549986597296076 -14.539295298190277 0.597970306873321533 1.05560004711151123 47.5
17.3993022953482637 -14.5904100082229782 0.899920523166656494 0.974400043487548828 55.5
17.2954865579606221 -14.6954791344013067 1.15529537200927734 0.893200039863586426 53
17.4629796088307607 -14.7267343983701817 1.19718539714813232 0.974400043487548828 49.5
17.6690439173348963 -14.5123506483939089 0.679862678050994873 0.893200039863586426 46.5
10.2353197265226346 20.4379174977381233 -0.891835272312164307 0.568400025367736816 47.5
10.1532786008656295 20.4893695977324271 -0.60191655158996582 0.487200021743774414 47
17.6809017835625539 -14.6316281615092532 -0.0610214024782180786 0.974400043487548828 51
10.201495377960109 20.556548542081206 -0.245645835995674133 0.568400025367736816 49
10.2044492388440791 20.556548542081206 -0.00625789957121014595 0.487200021743774414 50
18.1757883991096278 -14.2452029582566517 -0.57005155086517334 0.974400043487548828 50
18.239328599466706 -14.1643791116849815 -0.554307639598846436 0.893200039863586426 47
23.0735935082412098 -0.582083540318903747 2.08593440055847168 1.21800005435943604 52.5
23.0014559224386481 -0.556020098215072145 2.77570104598999023 1.13680005073547363 48.5
18.4329180894246605 -14.0452993559536452 0.194337114691734314 0.974400043487548828 52.5
18.4418516224328179 -14.0337156039075008 -0.183277741074562073 0.893200039863586426 48.5
23.1290018849554357 -0.479376122897766765 2.31991028785705566 1.29920005798339844 51.5
23.1035387927166234 -0.479376122897766765 2.56109142303466797 1.21800005435943604 59.5
23.0758931516045145 -0.557819488462855895 2.7846837043762207 1.13680005073547363 56
23.1334051901117554 -0.0524642741692685835 2.98302435874938965 1.21800005435943604 45
23.238739936453829 -0.482468903538823934 2.69967198371887207 1.21800005435943604 62.5
23.2283552784076903 -0.459076471852093049 2.79156327247619629 1.13680005073547363 59
23.4181062203525485 -0.375478500486216171 1.58963215351104736 1.29920005798339844 54.5
23.4094371350240706 -0.375478500486216171 1.71256434917449951 1.21800005435943604 63
23.4107545270178612 -0.281608875364662115 1.71256434917449951 1.13680005073547363 60
18.2344187058937699 -14.7697988277195194 0.659299850463867188 0.974400043487548828 55
18.068119850715668 -14.9663383553177738 0.792075276374816895 0.893200039863586426 52.5
23.4750109263472346 -0.376678124492444422 1.83970975875854492 1.29920005798339844 53
23.4780029485650346 -0.267794604131347203 1.82050096988677979 1.21800005435943604 61.5
23.4545405361872845 -0.376678124492444422 2.08450579643249512 1.13680005073547363 58
18.506587788690851 -14.5639065477586502 -0.0369264706969261169 0.974400043487548828 54
18.391390879325396 -14.6904468552053338 0.741650402545928955 0.893200039863586426 50.5
23.5346794455524062 -0.162369331949243578 2.05745100975036621 1.29920005798339844 50
23.511943095889368 -0.250934422103376464 2.2948155403137207 1.21800005435943604 57.5
23.495659893364639 -0.188938858995483433 2.46147608757019043 1.13680005073547363 53.5
18.7455600748809523 -14.3593532836567412 0.744012296199798584 0.974400043487548828 50.5
18.5477339851434948 -14.5866703483856828 1.16244125366210938 0.893200039863586426 46
23.5959089608029302 -0.269500297826130886 2.20237612724304199 1.29920005798339844 48.5
23.5741278473062223 -0.162884795389419773 2.43393373489379883 1.21800005435943604 56
23.5328726533428139 -0.162884795389419773 2.80489110946655273 1.13680005073547363 52
19.2383182155817209 -13.8363229828976237 -0.365154296159744263 1.05560004711151123 45
18.4637812684627107 -14.7840163378906109 1.48716771602630615 0.974400043487548828 49
18.3287800247278128 -14.9735550088892069 1.24036264419555664 0.893200039863586426 45
14.0995328588514415 -19.0308671849529354 0.848110735416412354 0.730800032615661621 49
23.6030907806449939 -0.190138483001711683 2.8475639820098877 1.21800005435943604 52.5
23.5433970835194266 -0.252527672736648334 3.30081653594970703 1.13680005073547363 47.5
18.4474724974394242 -14.8308016741335109 2.23355388641357422 0.974400043487548828 49
13.932677566517091 -19.2426086625326036 0.923684835433959961 0.730800032615661621 51
18.3570814270071914 -15.0295803872524445 2.43963193893432617 0.974400043487548828 49.5
13.2346490361467328 -19.8991615424250519 1.1283261775970459 0.730800032615661621 45.5
15.0498043480002632 -18.7152661695422253 1.68757307529449463 0.812000036239624023 47.5
14.1253411250380161 -19.4463077511527018 1.38618206977844238 0.730800032615661621 50
13.6528922827268087 -19.9203237511830373 0.042808234691619873 0.730800032615661621 48
23.3701835111884613 6.14510527805375961 1.70962202548980713 1.21800005435943604 47
23.3606892750282746 6.14510527805375961 1.83480572700500488 1.13680005073547363 50.5
23.3763953793392645 6.02445075912050676 2.78211069107055664 1.21800005435943604 48.5
23.3695247295540121 6.08821762703458536 2.69980597496032715 1.13680005073547363 53.5
23.3695247295540121 6.08821762703458536 2.69980597496032715 1.05560004711151123 47
23.4644515118595862 6.23798186448211034 2.15587449073791504 1.21800005435943604 63.5
23.4644515118595862 6.23798186448211034 2.15587449073791504 1.13680005073547363 67
23.4598787939730791 6.18315585200131146 2.35443568229675293 1.05560004711151123 59
18.5087771957777818 -15.8538552756979438 0.470264524221420288 0.974400043487548828 50.5
18.7761375429524335 -15.5401286487244779 -0.31905817985534668 0.893200039863586426 50
23.5906705102014023 6.31217006577500062 1.19970405101776123 1.21800005435943604 65.5
23.5943169321761488 6.25717536045847034 1.39945149421691895 1.13680005073547363 69
23.5864770090480143 6.25717536045847034 1.52591335773468018 1.05560004711151123 61
18.9596738685585748 -15.3649096131570548 -1.50095558166503906 0.893200039863586426 46.5
14.2608214678097305 -19.8133702209829998 1.36450231075286865 0.730800032615661621 47
23.7421692664300288 6.14459010539015438 0.170546233654022217 1.21800005435943604 61
23.7421692664300288 6.14459010539015438 0.170546233654022217 1.13680005073547363 64
23.7512596199572741 6.10781450376188317 0.21903565526008606 1.05560004711151123 55
18.4864739612241067 -16.0831964454301897 1.02800369262695312 0.974400043487548828 48
18.2242374664430962 -16.3436902902971006 1.49554550647735596 0.893200039863586426 47
23.8784237604897918 5.90209016300107603 0.382376134395599365 1.05560004711151123 49
23.8922460528344089 6.11742067386431643 0.770352780818939209 1.21800005435943604 53.5
23.8924624326266901 6.03416948525829966 1.26282846927642822 1.13680005073547363 56
23.8774926300281969 6.03416948525829966 1.51980686187744141 1.05560004711151123 46.5
23.873176821009821 6.38962029826367228 1.34417867660522461 1.21800005435943604 47.5
23.8508136739135992 6.46693903372184842 1.37113749980926514 1.13680005073547363 48.5
23.6234235483559232 7.30267478702958606 2.93511176109313965 1.13680005073547363 47.5
14.2790061017696583 -20.4884795737896077 0.287752866744995117 0.730800032615661621 47
20.1100225026930772 -14.8248033405484296 -1.82064986228942871 0.974400043487548828 45.5
15.8159319973547809 -19.7666037837871365 1.32671689987182617 0.730800032615661621 49.5
15.0076911144316671 -20.4507586224941029 2.60495543479919434 0.730800032615661621 49
21.5003032387232658 15.0560664201898504 -0.338231772184371948 0.974400043487548828 52.5
21.533258374870254 15.0101437775138891 -0.277390956878662109 0.893200039863586426 48.5
21.5557145596237163 15.0990830933009281 -0.611957907676696777 1.05560004711151123 52
21.5117850122513339 15.1582951838628919 -0.689108550548553467 0.974400043487548828 60
21.5157200476445496 15.1582951838628919 -0.552745461463928223 0.893200039863586426 56
21.6071991624154478 15.1157093992046718 -1.26662302017211914 1.05560004711151123 47
21.5559383256684889 15.2014816480871069 -1.10299921035766602 0.974400043487548828 54.5
21.5559383256684889 15.2014816480871069 -1.10299921035766602 0.893200039863586426 50.5
25.7882632306213466 -8.70918181287025028 -0.562362730503082275 2.27360010147094727 46.5
15.1368296118830781 23.6630473193472994 1.39726340770721436 0.649600028991699219 47
15.3424708084621511 23.6486228968587149 0.768939852714538574 0.730800032615661621 57
15.3344531010101974 23.6486228968587149 0.914990901947021484 0.649600028991699219 64.5
15.3140832733613728 23.6486228968587149 1.20893990993499756 0.568400025367736816 60.5
15.3952218770829141 23.7115188086227597 0.4761199951171875 0.730800032615661621 58.5
15.3990966754196403 23.7115188086227597 0.327702164649963379 0.649600028991699219 66
15.3952218770829141 23.7115188086227597 0.4761199951171875 0.568400025367736816 61.5
16.1774497742928034 -23.278448609340618 0.355629771947860718 0.730800032615661621 48
27.9310825376604228 5.94167741962184426 1.04008519649505615 1.21800005435943604 50.5
27.9405852134433736 5.94167741962184426 0.742164194583892822 1.13680005073547363 51
28.0222291914197967 5.95727253170281124 0.296892911195755005 1.13680005073547363 48
28.0880466923610221 6.35554358561372101 -0.329858571290969849 1.13680005073547363 46.5
22.7317094544837985 18.1525260431642685 0.75183260440826416 0.893200039863586426 48.5
22.6855154502443739 18.3342021087817812 -0.636450409889221191 0.974400043487548828 56.5
22.7070633410216445 18.3159736318392632 -0.308300226926803589 0.893200039863586426 59.5
22.6941072640848063 18.3342021087817812 0.123322315514087677 0.812000036239624023 50
22.7390785464175842 18.3813342113389844 -0.789598166942596436 0.974400043487548828 54.5
22.7475810374248724 18.3813342113389844 -0.486554414033889771 0.893200039863586426 57.5
22.7520597110322029 18.3813342113389844 -0.181467384099960327 0.812000036239624023 49
22.8059072744853104 18.428465115277028 -0.487801969051361084 0.974400043487548828 47.5
22.793269114977992 18.450451750928579 -0.057979293167591095 0.893200039863586426 51
24.7664128322280632 -14.34255946280072 -6.72873592376708984 1.05560004711151123 45.5
22.3953135722021734 19.0450379751944006 -0.310677856206893921 0.893200039863586426 45.5
26.5474979036205099 10.0182582006801706 7.97749757766723633 1.13680005073547363 48.5
26.3054850146558223 10.0366741164902429 8.72137069702148438 1.05560004711151123 48.5
16.4626317095988561 24.8943069691535896 0.527058899402618408 0.649600028991699219 48
16.613065846888226 24.8895466435121051 0.148934438824653625 0.649600028991699219 51.5
16.5121726506384086 24.9568561146033332 -0.0958876237273216248 0.568400025367736816 49.5
16.7982058203786266 24.8544586266334875 0.276112139225006104 0.649600028991699219 47.5
16.6906357292984673 25.0143059537591412 0.461326628923416138 0.649600028991699219 49.5
16.6962035257400174 25.0143059537591412 -0.164031460881233215 0.568400025367736816 46
16.8351790054457062 25.008870843904301 0.3946513831615448 0.730800032615661621 48.5
16.4882926128560285 25.2386902355099316 0.409037500619888306 0.649600028991699219 55.5
16.244670753709137 25.3969265379269196 0.359711676836013794 0.568400025367736816 51.5
16.2890014114230368 25.4601020049077 0.04739384725689888 0.649600028991699219 48.5
22.8069211817166426 20.0599941795456651 0.285776883363723755 0.893200039863586426 45.5
23.2657332367068541 19.8720945970082568 0.406800776720046997 0.893200039863586426 49
23.5704525224052652 19.6256498316522965 0.472621560096740723 0.893200039863586426 51
23.4332631763249637 19.7904746251603179 0.418251514434814453 0.812000036239624023 46
23.5160827532330359 19.7965950093508134 -0.807037711143493652 0.974400043487548828 46.5
23.5294139597707499 19.7965950093508134 0.155137151479721069 0.893200039863586426 53
23.4495240291457989 19.8849726656425574 0.519892752170562744 0.812000036239624023 47.5
23.677082458742003 19.7216185318423243 0.796400010585784912 0.893200039863586426 51
23.4389269716733821 19.9681387634903587 1.43903970718383789 0.812000036239624023 45.5
30.8657675066918635 -0.123560021825571589 1.44885516166687012 1.13680005073547363 48
30.8007972421339247 -0.166033779328111836 2.46848654747009277 1.05560004711151123 49.5
23.6312261430787203 19.8931635139170275 0.798337757587432861 0.893200039863586426 48.5
30.9259939089540836 -0.212884237844097546 1.72864854335784912 1.13680005073547363 54.5
30.9104245968558828 -0.166436767769021721 1.99214482307434082 1.05560004711151123 56
30.8703167713892483 -0.212884237844097546 2.53552150726318359 0.974400043487548828 46
30.9745049409484245 -0.166839766458614036 2.15749120712280273 1.13680005073547363 49
30.9913513848755287 -0.213399701284273741 1.89555621147155762 1.05560004711151123 50.5
30.0344157964342848 8.3822874744821636 -8.23004722595214844 1.13680005073547363 46
27.3958142791107626 18.09039092303302 -1.15316319465637207 0.974400043487548828 46
27.588498331283887 18.6839538339978084 -1.91710913181304932 1.05560004711151123 45
27.452782142624752 18.9508674601977773 -1.048789381980896 0.974400043487548828 51.5
27.6280312551991187 18.6839538339978084 -1.22161924839019775 0.893200039863586426 46
27.7033392950919648 18.7259406742157957 -0.875619411468505859 1.05560004711151123 56
27.7149186629446938 18.7259406742157957 -0.353475332260131836 0.974400043487548828 61.5
27.717173321000832 18.7259406742157957 -0.00455923285335302353 0.893200039863586426 55.5
27.8927305550729514 18.5877889244514947 -0.644507944583892822 1.05560004711151123 56.5
27.8814989438141581 18.6129245416583267 -0.326841354370117188 0.974400043487548828 61
27.7793200802889011 18.7679275144337865 -0.00456945551559329033 0.893200039863586426 53.5
28.0958117752976193 18.4068447613378048 -0.879546046257019043 1.05560004711151123 53
28.065134614935527 18.4068447613378048 -1.58003032207489014 0.974400043487548828 57
28.0742353080514313 18.2724882302331473 -2.62937617301940918 0.893200039863586426 48.5
27.8528170749666124 18.670956607508284 -3.10189199447631836 0.974400043487548828 52
31.4809636992264643 11.7546120735022708 -3.861175537109375 1.13680005073547363 45
27.8566255736213968 19.0922627601617272 1.90382075309753418 0.974400043487548828 51
27.774463995870903 19.4099447757786052 1.02139341831207275 0.974400043487548828 45.5
27.9040326553395666 19.3807140420141835 0.231628045439720154 0.974400043487548828 46
27.9666811150882175 19.8131080696973783 -0.285079538822174072 0.974400043487548828 53
28.0082219468458078 19.7360142639787099 -0.897215425968170166 0.893200039863586426 49.5
28.0695097053016305 19.7792007282029267 -0.899178743362426758 0.974400043487548828 51.5
28.1481118972419786 19.5946291936298529 -1.91232597827911377 0.893200039863586426 47
27.395663869766917 21.0925686168693503 -0.108429878950119019 0.974400043487548828 53
27.1976010156105126 21.3474767586955032 -0.0801430195569992065 0.893200039863586426 53
27.3682477110874771 21.2465692522982224 -0.429932445287704468 0.974400043487548828 55
27.3311787312827335 21.2985274408100587 0.0448857247829437256 0.893200039863586426 56
27.4491995643058253 21.3907297921637571 -0.135233446955680847 0.974400043487548828 47.5
27.5056482370559578 21.4368286230374068 0.408950716257095337 0.974400043487548828 46
27.7977038985618599 21.0576856894728124 0.356645196676254272 0.893200039863586426 46
26.1606131152195758 23.168721809753837 0.578988373279571533 0.893200039863586426 50.5
26.9183706708082013 22.408749459012494 -0.00716218026354908943 0.893200039863586426 48.5
16.2881965146111725 31.0002289879268531 0.6566353440284729 0.568400025367736816 47
16.0463880952013369 31.1315302542882577 0.30325964093208313 0.487200021743774414 47
16.3343294894653432 31.0666113069590004 -0.256050020456314087 0.568400025367736816 46.5
16.3361770996283653 31.0666113069590004 -0.0717905983328819275 0.487200021743774414 47.5
15.1719559040765564 31.6956116104789167 1.57504069805145264 0.568400025367736816 50
15.1235818217972557 31.7483570465246423 0.774530708789825439 0.487200021743774414 54.5
15.3365834290761711 31.6472616274369969 0.721783995628356934 0.406000018119812012 47
15.1640759556569389 31.8160480112329935 0.593571305274963379 0.568400025367736816 56.5
15.1701895861580418 31.8160480112329935 0.40854114294052124 0.487200021743774414 60
14.8949183894528527 31.9481927489232902 -0.129775553941726685 0.406000018119812012 51.5
27.1959046374839879 22.5212313196525002 1.01618278026580811 0.974400043487548828 52.5
27.0643273602771792 22.6801423991326025 0.994517147541046143 0.893200039863586426 56
27.0252403940216261 22.7419411522637525 0.544265925884246826 0.812000036239624023 48.5
13.3372790144825384 32.656226833161341 -1.88243818283081055 0.487200021743774414 48.5
27.5150049875666944 22.2726684788859082 0.113432101905345917 1.05560004711151123 47
27.4039541379427263 22.4053755403291213 -0.427174240350723267 0.974400043487548828 67.5
27.4061999988184049 22.4053755403291213 -0.24375578761100769 0.893200039863586426 71
27.4061999988184049 22.4053755403291213 -0.24375578761100769 0.812000036239624023 62
14.8720635480037746 32.1106853005427624 0.941139519214630127 0.487200021743774414 55.5
14.8441024082190456 32.1106853005427624 1.31021034717559814 0.406000018119812012 50.5
27.4537541824372724 22.4528450371380757 -0.798063874244689941 1.05560004711151123 51
27.4477958264194761 22.4528450371380757 -0.981817185878753662 0.974400043487548828 71.5
27.4585338684828635 22.4528450371380757 -0.611870646476745605 0.893200039863586426 75
27.4585338684828635 22.4528450371380757 -0.611870646476745605 0.812000036239624023 66.5
35.5483156817310828 -0.315404211630846809 -0.142996087670326233 1.21800005435943604 46.5
27.6199724153512243 22.367045148750897 -0.809440732002258301 0.974400043487548828 65
27.5459420103084014 22.4603337183881884 -0.746442675590515137 0.893200039863586426 68.5
27.5503157358531752 22.4603337183881884 -0.56227409839630127 0.812000036239624023 60
35.6223462580329056 -0.405103282742052151 0.157873868942260742 1.21800005435943604 53
35.6219474093328401 -0.284907803247157587 -0.369171977043151855 1.13680005073547363 49
27.727296506879 22.365262554901868 0.364315003156661987 0.974400043487548828 49.5
27.6043795503229532 22.5077164565254471 0.735875189304351807 0.893200039863586426 50.5
35.6988590836669673 -0.285507615250271685 0.00243274075910449028 1.21800005435943604 48.5
27.3016781436011264 22.9209082368108739 1.93401873111724854 0.893200039863586426 47
20.862310359115952 28.8362691402774409 2.77915191650390625 0.730800032615661621 46.5
21.0641539628763717 28.742586954023448 2.15756773948669434 0.649600028991699219 46.5
27.4533997950520146 22.7723630379491766 2.75337767601013184 0.974400043487548828 48
27.4777808645799162 22.8081264663558514 2.14749479293823242 0.893200039863586426 52.5
21.0017996778452662 28.8566162956344598 2.46390748023986816 0.730800032615661621 62.5
20.9302337861042602 28.8968501525919699 2.5977177619934082 0.649600028991699219 62.5
21.0226750858368874 28.8566162956344598 2.27894973754882812 0.568400025367736816 48
27.65715006037059 22.7439477141445323 1.73710501194000244 0.893200039863586426 50
20.7841376705572216 29.0515069777875325 3.04174232482910156 0.730800032615661621 63
20.7262182570831115 29.0515069777875325 3.41417479515075684 0.649600028991699219 63
20.6940814990826354 29.0783857814678299 3.38010954856872559 0.568400025367736816 49.5
21.2409752734789521 29.0381032099010881 -1.2686469554901123 0.730800032615661621 50
21.2701908265285127 29.0381032099010881 0.606200516223907471 0.649600028991699219 50
20.5409464110492337 29.6215181672767969 1.42858672142028809 0.649600028991699219 46
35.8134108642060909 -7.23638701757449532 -3.17650747299194336 1.21800005435943604 49
35.8402692523750801 -8.44400205351631783 -0.504615902900695801 1.13680005073547363 48.5
35.747466325375683 -9.14823998908638814 0.196224555373191833 1.21800005435943604 52.5
35.736473037015287 -9.18973906161752652 0.251569539308547974 1.13680005073547363 52.5
35.7550524190798171 -9.20841758227700247 1.98295032978057861 1.21800005435943604 49.5
35.7651125786969359 -9.26386214373576955 1.47933816909790039 1.13680005073547363 49.5
20.9929192991833773 30.5811038916975342 1.53592252731323242 0.649600028991699219 50.5
35.746830263727901 -10.2871212773823544 0.423532068729400635 1.13680005073547363 53.5
21.2524919894389406 30.5173751405400608 0.928145051002502441 0.730800032615661621 53
21.2309801782066501 30.5452661155352203 -0.268832743167877197 0.649600028991699219 56
35.7534910454583326 -10.531439310766169 -0.449799984693527222 1.21800005435943604 54.5
35.7390194722304599 -10.582675857612001 0.393891900777816772 1.13680005073547363 56
21.1201413277855217 30.704665164339044 0.767416715621948242 0.730800032615661621 48
20.9661398749780368 30.8024803901356314 1.02655422687530518 0.649600028991699219 51.5
36.8634832688327521 -6.59786491730259606 -1.94983005523681641 1.13680005073547363 48
36.3427831515417878 -9.53157200723249076 0.481593847274780273 1.29920005798339844 52.5
36.3240325310658321 -9.53157200723249076 1.26270520687103271 1.21800005435943604 65.5
36.2897651854659884 -9.61608840926706421 1.56989490985870361 1.13680005073547363 65.5
36.2596745921757275 -9.61608840926706421 2.15580654144287109 1.05560004711151123 51.5
36.3940326439972779 -9.63528239336671533 0.397854596376419067 1.29920005798339844 55.5
36.3571699702496929 -9.71996749252716796 1.09589624404907227 1.21800005435943604 68.5
36.3433226162905214 -9.71996749252716796 1.48582696914672852 1.13680005073547363 68.5
36.3130084889349831 -9.78583368076307281 1.76791715621948242 1.05560004711151123 55
36.5475977313321465 -9.29149069335264244 -1.05694127082824707 1.21800005435943604 62
36.4888003519212702 -9.53190978283056545 -0.941242694854736328 1.13680005073547363 61
36.4430692976592283 -9.73933017375269472 -0.473231017589569092 1.05560004711151123 46
37.2565900648034329 -5.44143957838088621 -3.34326267242431641 1.29920005798339844 45.5
37.219276625455592 -5.44143957838088621 -3.73582220077514648 1.21800005435943604 56.5
37.2893521573557933 -4.84643168470954322 -4.53121042251586914 1.21800005435943604 48
37.4378431737963879 -5.10673807402499769 -2.61626744270324707 1.13680005073547363 46.5
36.8260582609051923 -9.32736639440669002 1.65603935718536377 1.21800005435943604 47.5
36.8431085055604512 -9.29885686900350983 1.42032086849212646 1.13680005073547363 47
36.8824015105037617 -9.14104248911066364 2.78208422660827637 1.21800005435943604 47.5
36.8824015105037617 -9.14104248911066364 2.78208422660827637 1.13680005073547363 48
32.6602066294538034 19.3473399299316888 5.79236888885498047 1.05560004711151123 45.5
31.9291714380604965 21.6230027517053287 2.2055354118347168 0.974400043487548828 46.5
14.2683665604377765 35.1427409295773998 -7.68709611892700195 0.893200039863586426 46
15.1718265829616392 34.9734831983904968 -6.66041421890258789 0.812000036239624023 50.5
14.9512795058626224 34.9976541895885376 -7.42456769943237305 0.812000036239624023 48
32.1452789826281276 22.1532409732051043 1.6645054817199707 0.974400043487548828 45
31.921692186529377 22.4746155442848909 2.93595099449157715 0.974400043487548828 51
31.913596059946169 22.4550468759833848 3.16479659080505371 0.893200039863586426 47
31.852223756446989 22.6745200520470682 3.14687037467956543 0.974400043487548828 48
36.0663775531490316 -16.1654350811366747 -0.347611099481582642 1.13680005073547363 48
36.0026439403462248 -16.3086668615683763 0.250605016946792603 1.05560004711151123 45
36.1097645104950544 -16.2554906295462729 -0.0647931471467018127 1.13680005073547363 47
35.9660639605634387 -16.7126461641606561 1.11157572269439697 1.13680005073547363 46.5
35.975620345558518 -17.4234627294442035 0.422423303127288818 1.13680005073547363 47.5
35.9554199835629547 -17.4484390234944406 0.872052907943725586 1.05560004711151123 46
35.896437806455971 -18.0941950246785552 -0.293253868818283081 1.13680005073547363 47
35.8624394839757272 -18.0941950246785552 1.58919954299926758 1.05560004711151123 47
36.0878358259850955 -17.8763158648008798 0.425593435764312744 1.13680005073547363 48
36.0044911140814321 -18.037363755474761 0.637003183364868164 1.05560004711151123 48
36.2258519565033552 17.8115562387214865 -2.14870762825012207 1.13680005073547363 51
36.3446341230352274 17.5993936289579302 -1.8734438419342041 1.05560004711151123 54.5
36.6566855390030639 16.8737399403307435 -4.23023796081542969 1.13680005073547363 50.5
36.79016466388277 16.9650041587580134 -2.23678302764892578 1.05560004711151123 53
35.9196147694174357 -19.0028076157954047 1.04746949672698975 1.05560004711151123 46
20.3435614612966056 35.3315692748854175 1.56844484806060791 0.568400025367736816 46.5
38.0946516235602957 14.8175019008191544 0.0696677491068840027 1.13680005073547363 51.5
37.6479525315208008 15.9105544367637588 -0.501597464084625244 1.05560004711151123 50
20.0278358207794547 35.6314695829418895 -0.222935527563095093 0.649600028991699219 50.5
20.4351429444742934 35.3965143649351006 0.507172703742980957 0.568400025367736816 55
20.5826245038287929 35.304575366584622 0.841533422470092773 0.487200021743774414 47.5
38.2647913469967236 14.5427816968780839 1.10264742374420166 1.13680005073547363 52.5
19.7609973468693099 35.8605961054615108 -0.65046989917755127 0.649600028991699219 48
20.4768079613131242 35.4614627583973032 0.295934110879898071 0.568400025367736816 53
20.772355036076398 35.2772473674445877 0.963097035884857178 0.487200021743774414 45
35.9831162560393594 -19.6856304218095914 0.861402392387390137 1.05560004711151123 45
36.2433469608750443 -19.5363638158098816 0.362123697996139526 1.13680005073547363 47
36.1947276001359128 -19.623832392283088 0.477210849523544312 1.05560004711151123 49
36.1902461396637136 -19.7935947519077864 -0.205296784639358521 1.05560004711151123 49.5
36.4477236732971832 19.1685973563581484 -3.44731926918029785 1.05560004711151123 46.5
37.8232775271883881 -16.7770965155127207 1.37431561946868896 1.13680005073547363 48
37.9797898328878034 -16.3928742620149315 2.99750685691833496 1.21800005435943604 46.5
38.011393119847142 -16.3928742620149315 2.56585502624511719 1.13680005073547363 52
38.0963322376022617 -16.252941411849136 2.16498613357543945 1.05560004711151123 45.5
37.9828103140603375 -16.9775060440227286 1.30804181098937988 1.21800005435943604 48.5
38.0263043883081693 -16.8370671153497433 1.77596545219421387 1.13680005073547363 55.5
37.9368906254328024 -16.909887300587588 2.73656392097473145 1.05560004711151123 50.5
38.1254916947747375 -16.8674044818197508 0.909683644771575928 1.21800005435943604 49
38.0948209490502947 -16.8674044818197508 1.77916538715362549 1.13680005073547363 55
38.0558433908095068 -16.898669365011262 2.25338530540466309 1.05560004711151123 49
37.2358779759695935 18.8761923149260937 -1.52623653411865234 1.13680005073547363 51.5
37.1918045942326501 18.9962565912654995 -1.03090488910675049 1.05560004711151123 58
37.1659794088328397 19.0432382646157059 -1.09354269504547119 0.974400043487548828 53
37.3109827826097558 18.9100816931020397 -1.31225895881652832 1.13680005073547363 64
37.3577039330508711 18.8368678812371542 -0.998527050018310547 1.05560004711151123 69.5
37.3628704490828198 18.8368678812371542 -0.781733334064483643 0.974400043487548828 63.5
37.3014733692496492 19.0644664624946323 -1.68880796432495117 1.13680005073547363 62
37.3778490196867423 18.9439710712779892 -1.31461071968078613 1.05560004711151123 68
37.3906660152402353 18.9439710712779892 -0.877440214157104492 0.974400043487548828 62
38.237488773733098 -17.3718784243069493 -0.335017621517181396 1.21800005435943604 49
38.1952299816286995 -17.4663478538046917 0.226208850741386414 1.13680005073547363 56.5
36.8975443336214042 19.9278013223847417 -2.33535552024841309 1.05560004711151123 54
36.6981476396505144 20.3791552633183954 -1.39137446880340576 0.974400043487548828 50.5
38.3057706982787849 -17.4028999513430094 -0.335615873336791992 1.21800005435943604 48
38.2634364432779819 -17.4975380779666239 0.22661280632019043 1.13680005073547363 56.5
36.9139688355153766 20.18946701303841 -0.223742514848709106 0.974400043487548828 50
38.4213056347883892 -17.3022453342825493 1.02866744995117188 1.13680005073547363 50.5
37.2385595057150596 19.7461545687139335 -0.0402293577790260315 1.05560004711151123 50
39.9145630468915869 13.9809142562940725 -0.80743706226348877 1.05560004711151123 46
38.3147997790254138 -17.9135312693289706 2.59269857406616211 1.13680005073547363 48
38.2396967820154856 -18.1362001642764916 3.28731203079223633 1.13680005073547363 46
35.1316640061035486 23.5680425065459076 -3.50944137573242188 0.974400043487548828 45.5
38.2172169206791565 -18.5614722605245177 1.81436467170715332 1.21800005435943604 46
38.1882851585136507 -18.5933556941240425 2.07791829109191895 1.13680005073547363 54.5
38.1936043418028319 -18.5614722605245177 2.25743436813354492 1.05560004711151123 52
38.0765742031125995 -18.9402219230675151 2.49050188064575195 1.13680005073547363 48
37.8198205178616718 -19.3075280817779316 3.41184282302856445 1.05560004711151123 45.5
39.6520287859058342 15.6993207904543137 1.55039525032043457 1.05560004711151123 48
39.671232175782265 15.9245655277458145 0.405119359493255615 1.21800005435943604 49
39.668304992744396 15.9245655277458145 0.629523932933807373 1.13680005073547363 59
39.6587228612920413 15.9245655277458145 1.07536065578460693 1.05560004711151123 57
39.7337603197907185 15.9525036462033647 0.852489650249481201 1.21800005435943604 57
39.7437250060435758 15.9257466793361999 0.887519001960754395 1.13680005073547363 68
39.7381507956276181 15.9257466793361999 1.10935330390930176 1.05560004711151123 66.5
39.7216657734773406 15.9525036462033647 1.29905641078948975 0.974400043487548828 50.5
39.8816410223058782 15.7820934435295968 0.889073312282562256 1.21800005435943604 56.5
39.8816410223058782 15.7820934435295968 0.889073312282562256 1.13680005073547363 67.5
39.8759840869612461 15.7820934435295968 1.1142202615737915 1.05560004711151123 66
39.8516568587350335 15.7820934435295968 1.78360700607299805 0.974400043487548828 49.5
39.8871828104316037 15.9815291956258125 -0.673851072788238525 1.13680005073547363 54.5
36.1211681960523805 23.411625609815097 -0.677962243556976318 0.974400043487548828 47
36.4547035663272112 23.037466903188129 0.308711707592010498 1.05560004711151123 47.5
36.3243376130368318 23.2206888621842502 -1.05246078968048096 0.974400043487548828 50.5
40.2409114029934827 -14.7682246179464531 5.94090127944946289 1.21800005435943604 49
38.5702050742878484 -19.5215272320712891 1.99373400211334229 1.05560004711151123 47.5
40.3996807507182041 -15.1567585421844058 4.16668319702148438 1.21800005435943604 48.5
40.3493940387159853 -15.2542644942070353 4.29610252380371094 1.13680005073547363 54
40.3493940387159853 -15.2542644942070353 4.29610252380371094 1.05560004711151123 48.5
40.5702000649013499 -14.9822059055014005 3.91449356079101562 1.21800005435943604 54.5
40.5150217030657274 -15.0473223382670707 4.2239837646484375 1.13680005073547363 58
40.4192033853657549 -15.2806562223440565 4.30353546142578125 1.05560004711151123 50
40.7359347047783089 -14.8123941786885709 3.66422200202941895 1.13680005073547363 67
40.668806860986443 -14.8123941786885709 4.34637975692749023 1.05560004711151123 58.5
36.6971038679364128 -23.357379003972401 0.0741418302059173584 0.974400043487548828 45
40.8386543785977381 -14.8107074839058974 3.40996813774108887 1.21800005435943604 66.5
40.8820413094140562 -14.6364638664481781 3.63501524925231934 1.13680005073547363 69.5
40.7281795137129308 -14.8107074839058974 4.54301118850708008 1.05560004711151123 61
40.9479413189278461 -14.8634719195787586 2.76872372627258301 1.21800005435943604 60
40.927382650775705 -14.8361994940382473 3.18734836578369141 1.13680005073547363 63.5
42.7430564140057214 -5.60458673479640268 -7.74984359741210938 1.21800005435943604 49
40.9901023508851026 -15.3140953944925151 1.93141329288482666 1.13680005073547363 48.5
40.3282566206882862 -16.1407768113284433 6.17434215545654297 1.21800005435943604 54
40.5425062433156143 -15.9379205810230253 5.22526979446411133 1.13680005073547363 59
40.5713348448278808 -15.9379205810230253 4.99651098251342773 1.05560004711151123 52.5
40.6931200038573664 -16.0145929227865018 4.38239717483520508 1.21800005435943604 55.5
40.5836891891649074 -16.1683681634716905 4.81150674819946289 1.13680005073547363 60
40.6254737530703878 -15.9926250312600438 5.04077339172363281 1.05560004711151123 53.5
36.9449680195185692 -23.941853196996 0.240117281675338745 1.05560004711151123 46
40.3837851853115808 -16.2235508677581919 7.12435531616210938 1.21800005435943604 48
36.9742526784715864 -23.9826404132077613 -1.59615421295166016 1.05560004711151123 52
36.6807021188114604 -24.4510513587782228 -1.21751940250396729 0.974400043487548828 50.5
36.7009533553650229 -24.4926352003066192 -2.14049005508422852 1.05560004711151123 48.5
41.081566941452607 -16.0409653605198166 3.61315155029296875 1.21800005435943604 45.5
40.6356430531002673 -17.3991701907795537 4.16816520690917969 1.13680005073547363 45
37.1351909625058099 -24.5836463658948361 -1.15100014209747314 1.05560004711151123 48.5
37.1502653017692452 -24.5836463658948361 -0.452546477317810059 0.974400043487548828 47.5
40.6136975920986245 -18.2011100832315726 3.26157784461975098 1.21800005435943604 46
40.6776324235114473 -18.2011100832315726 2.33245420455932617 1.13680005073547363 50.5
37.0854995507192982 -24.8034735447959633 -0.918736815452575684 1.05560004711151123 46.5
37.087724018449947 -24.7421340193929176 -1.9282766580581665 0.974400043487548828 45.5
41.0156462860590949 -17.6954740102318517 1.63614785671234131 1.21800005435943604 47.5
41.0711072592536937 -17.516731848512336 2.1020057201385498 1.13680005073547363 53.5
41.0291254698271857 -17.6675455474631775 1.59960126876831055 1.05560004711151123 48
41.3171274122265118 -16.8803099473271985 3.57082200050354004 1.21800005435943604 50.5
41.3171274122265118 -16.8803099473271985 3.57082200050354004 1.13680005073547363 56.5
41.2287651095897445 -17.0873273381296862 3.60733628273010254 1.05560004711151123 50.5
41.2441855120440408 -17.216829477372265 3.74441766738891602 1.21800005435943604 48.5
41.1673796270975885 -17.3177093375912428 4.10689449310302734 1.13680005073547363 55
41.1566084602681528 -17.4578202545620478 3.58899712562561035 1.05560004711151123 49.5
36.6676903886759789 -25.8252442160583975 0.244616925716400146 0.974400043487548828 47
36.7915642458134116 -25.7673821229377609 -0.823858559131622314 1.05560004711151123 52.5
36.8849793763614855 -25.6270369044032407 -1.00453090667724609 0.974400043487548828 53
41.817332072214171 -16.3465852113056656 3.01660871505737305 1.21800005435943604 51.5
41.6752829684882684 -16.5546428834137878 3.75694060325622559 1.13680005073547363 57
41.764367141169032 -16.5546428834137878 2.58486771583557129 1.05560004711151123 51
41.6918380432725186 -16.9934105600120873 2.18410062789916992 1.21800005435943604 55.5
41.6488758003824131 -16.9934105600120873 2.88977932929992676 1.13680005073547363 62.5
41.5787358996368113 -17.0610011886896302 3.44769406318664551 1.05560004711151123 57.5
36.9084360815646662 -25.8534154691599198 -1.06011092662811279 0.974400043487548828 51.5
41.6666724396703714 -17.3319919176002983 1.41881299018859863 1.21800005435943604 56.5
41.6479860650896327 -17.3319919176002983 1.88945674896240234 1.13680005073547363 63
41.6479860650896327 -17.3319919176002983 1.88945674896240234 1.05560004711151123 57.5
37.028611635084772 -25.8174462939254461 -0.92954552173614502 0.974400043487548828 54
41.7874757962882413 -17.0499615854306903 2.89939594268798828 1.21800005435943604 56.5
41.7115348118081073 -17.0499615854306903 3.84024953842163086 1.13680005073547363 62.5
37.0752834436317116 -25.8603328521481046 -1.40267479419708252 0.974400043487548828 56
36.8963940657640137 -26.265502199326999 -0.932633757591247559 1.05560004711151123 53.5
36.911432084774134 -26.1862528392428224 -1.97904586791992188 0.974400043487548828 52.5
41.9526720547313658 -16.6925982407755669 4.49678516387939453 1.21800005435943604 55
42.0225769932256696 -16.6925982407755669 3.78824853897094727 1.13680005073547363 61
42.1658098394826268 -16.4828067547332147 3.04174709320068359 1.05560004711151123 55.5
37.0230321847786072 -26.1275450725182807 -2.35312008857727051 0.974400043487548828 51.5
41.6608948749507633 -16.7201895929188176 7.10688638687133789 1.05560004711151123 46
42.7491155371269969 -15.8636672810528552 -0.466321766376495361 1.13680005073547363 53.5
36.4136489205364953 -27.4024338917324641 -1.58520054817199707 0.974400043487548828 47.5
42.9837669450879645 -16.4517960054975845 1.52867722511291504 1.21800005435943604 46.5
43.0164531932337368 -16.3079362992585359 2.05885672569274902 1.13680005073547363 52
35.7465398797005491 28.9100465657991776 -2.64517998695373535 0.974400043487548828 48
42.9611413978000769 -16.4785893694877785 3.21124410629272461 1.13680005073547363 46.5
41.131240949675167 -21.0084269767359473 1.14325392246246338 1.13680005073547363 57
41.0857705166127403 -21.0603851638177346 1.69105207920074463 1.05560004711151123 58
41.0033171203674556 -21.0257463724298752 3.3295738697052002 0.974400043487548828 46
41.4830086827071014 -20.4758465242190617 1.12933778762817383 1.21800005435943604 46.5
41.3133559861538657 -20.82857926581109 0.86754608154296875 1.13680005073547363 61
41.1980131228554498 -21.0425319123505119 1.14510989189147949 1.05560004711151123 62
41.1694028877485678 -21.0945744479952388 1.21449470520019531 0.974400043487548828 50.5
41.1912045593269269 -21.25039312865729 0.167482033371925354 1.13680005073547363 58
41.2806795723148028 -21.0766368479650801 -0.0600404702126979828 1.05560004711151123 59.5
41.2534028889533033 -21.1287637321727431 -0.233839407563209534 0.974400043487548828 48.5
42.013999406536648 -19.6778335064309324 1.6992877721786499 1.21800005435943604 49
41.5836706125004412 -20.6408406886442393 -0.186739608645439148 1.05560004711151123 60
41.4091982264020473 -20.9773130776103329 -0.715286433696746826 0.974400043487548828 47.5
42.0767123939534713 -19.7851599814169212 0.589649021625518799 1.21800005435943604 48
41.6924378034802814 -20.5754042567393007 -0.802029073238372803 1.13680005073547363 59.5
41.5697643439074724 -20.8252609026132838 -0.716441929340362549 1.05560004711151123 59.5
41.4812163609997597 -20.9763370140719765 -1.24574971199035645 0.974400043487548828 47.5
41.2606747534280274 -21.6038093167443783 0.250849455595016479 1.05560004711151123 54
41.2578227244535682 -21.9244531510483824 0.579758882522583008 1.13680005073547363 58.5
41.2731757127746022 -21.8894207358935766 0.777240931987762451 1.05560004711151123 60
41.26790529562156 -21.8894207358935766 1.01930379867553711 0.974400043487548828 48.5
41.3192111168797851 -21.9245565983884951 1.50893270969390869 1.05560004711151123 60.5
41.1793807915847125 -21.959645245918594 3.50327801704406738 0.974400043487548828 49.5
27.6023617302123014 -37.6150301522632162 3.66870403289794922 0.812000036239624023 47
27.8264816485429733 -37.5799415047331209 1.91706252098083496 0.730800032615661621 48.5
41.5209300583805216 -21.7429639320199186 -0.722219705581665039 1.13680005073547363 51.5
41.5265347756518324 -21.7429639320199186 -0.236488059163093567 1.05560004711151123 53.5
27.9118407853844133 -37.640163315506463 1.18870937824249268 0.730800032615661621 48
40.2077481196622841 -24.030624031117835 3.18884658813476562 0.974400043487548828 46.5
41.3028611219256945 -22.4119169349110265 1.76930868625640869 1.05560004711151123 58
41.1180669965829537 -22.8173763655635859 -0.150680556893348694 0.974400043487548828 48.5
41.7151976753650828 -21.8473312205617773 -0.972903013229370117 1.13680005073547363 51
42.0578291434055913 -21.1275644437512788 3.20091915130615234 1.13680005073547363 51
42.1441010036150701 -21.1275644437512788 1.72674000263214111 1.05560004711151123 49
41.7810450094671921 -21.4150387992693254 -5.32004594802856445 1.05560004711151123 50
42.2907899097052749 -21.0409851831084396 -2.90200281143188477 1.05560004711151123 49.5
41.4455706420168895 -22.8512560222684158 2.61625432968139648 1.13680005073547363 46.5
41.2534504367978982 -23.2848879601752188 3.1373131275177002 1.13680005073547363 49
41.0599390269641162 -23.5399835480191726 3.71839046478271484 1.05560004711151123 53.5
40.7924830269343772 -24.1475873412173847 3.72426486015319824 1.13680005073547363 55
40.853560771651054 -24.1475873412173847 2.98051214218139648 1.05560004711151123 61.5
40.944093860453755 -24.0822272376855437 2.15182709693908691 0.974400043487548828 55.5
41.1111841413537533 -23.9952350924263982 1.49658846855163574 1.13680005073547363 57.5
41.0859897963067837 -24.0487958850434218 1.31808578968048096 1.05560004711151123 63
28.2154768904360935 -38.3435763146089528 1.34080326557159424 0.812000036239624023 49.5
28.3258545398641424 -38.1947963351172177 2.63515806198120117 0.730800032615661621 53
41.2907867286682801 -23.8720878250827013 -0.695910215377807617 1.13680005073547363 57.5
41.2858088324446868 -23.8720878250827013 -0.946279704570770264 1.05560004711151123 62
41.2954824586165117 -23.8422849688716134 -1.2323838472366333 0.974400043487548828 55
27.8725994827674732 -38.6900679332364135 1.21938514709472656 0.812000036239624023 49.5
28.1099387481484548 -38.4754873685165677 2.18135952949523926 0.730800032615661621 52.5
41.1194861815475363 -24.261849590571309 -1.7324225902557373 1.13680005073547363 56.5
41.1194861815475363 -24.261849590571309 -1.7324225902557373 1.05560004711151123 61
41.2031413334946279 -24.1245408945616759 -1.66081047058105469 0.974400043487548828 53
41.4006160467429964 -23.9830339383013467 -0.652429938316345215 1.13680005073547363 52.5
41.4038134115515888 -23.9830339383013467 -0.401251137256622314 0.974400043487548828 48
40.9628448904346669 -24.8590415213649578 0.937675774097442627 1.13680005073547363 45
41.1716105545039852 -24.5296637127224422 0.00980159454047679901 1.05560004711151123 51
41.0749464891608724 -24.6853695858989042 -0.535840272903442383 0.974400043487548828 45.5
42.2360682203104361 -22.7026533745366628 -2.16892576217651367 1.05560004711151123 48
41.7305321567898275 -23.8374865186082587 -1.2420724630355835 1.05560004711151123 55
41.6745038007777282 -23.8374865186082587 -2.49314045906066895 0.974400043487548828 47.5
41.5076343893024315 -24.3861031297716266 0.92567068338394165 1.05560004711151123 48.5
47.0930365615623856 -8.99707957863978258 5.19127130508422852 1.21800005435943604 45
41.604608609426414 -24.2568644617496219 3.68123221397399902 1.05560004711151123 48
41.7018030552801804 -24.4275190063590841 2.0969092845916748 1.13680005073547363 57.5
41.7241034169978064 -24.4275190063590841 1.59267663955688477 1.05560004711151123 62
41.7241034169978064 -24.4275190063590841 1.59267663955688477 0.974400043487548828 55
41.7744264434018859 -24.5380410758146681 0.429409027099609375 1.13680005073547363 58
41.8191411965630095 -24.4653895848426046 0.0825786590576171875 1.05560004711151123 62.5
41.759804084217059 -24.5380410758146681 1.18572115898132324 0.974400043487548828 55
37.2651864033433995 -30.8889922449559435 2.13976097106933594 0.893200039863586426 47.5
38.3305211414472566 -29.7543942275861646 0.350676506757736206 4.38479995727539062 48
41.6451272787193716 -24.5032620896017299 -4.46646928787231445 1.13680005073547363 53
41.6715559001502243 -24.5032620896017299 -4.21275234222412109 1.05560004711151123 57.5
41.7412773888616258 -24.5032620896017299 -3.45423388481140137 0.974400043487548828 50
44.9998570220456955 -17.4625907897979395 6.27110147476196289 1.21800005435943604 51.5
45.0058354672232852 -17.3896019045741248 6.4290308952331543 1.13680005073547363 56.5
44.9301071964353156 -17.3896019045741248 6.93852567672729492 1.05560004711151123 50
44.9587898942310602 -17.3493870605908711 7.36673784255981445 1.21800005435943604 50
45.0092296898208915 -17.264102152287407 7.25829887390136719 1.13680005073547363 54.5
44.9238208275406876 -17.0447981023642043 8.23941135406494141 1.05560004711151123 48.5
25.1936833175899757 39.4984194628940983 -14.0129680633544922 0.893200039863586426 46
47.8116658736847242 -14.6713371476895009 1.13902473449707031 -3.4104001522064209 49
47.7922036599479085 -14.746350375543047 0.975358784198760986 -3.49160003662109375 49.5
47.8311226730229464 -14.7684590710953305 2.02152538299560547 -3.4104001522064209 53
47.8415075501414151 -14.7684590710953305 1.75870704650878906 -3.49160003662109375 53.5
47.8201643548366846 -14.9786631600344027 2.53029918670654297 -3.4104001522064209 47
47.8333622544794821 -14.9786631600344027 2.26720094680786133 -3.49160003662109375 51
36.986833564715532 -33.8697105025139535 1.53227102756500244 0.893200039863586426 47.5
48.0262650335130488 -14.6682544364980796 1.8392937183380127 -3.49160003662109375 45
36.9252709710534077 -34.0270850990509786 1.93514811992645264 0.893200039863586426 48.5
48.1368676480413171 -14.8568927288095018 1.5082324743270874 -3.4104001522064209 48
48.1368676480413171 -14.8568927288095018 1.5082324743270874 -3.49160003662109375 47
48.1773860009072123 -14.8790014243617854 2.29794788360595703 -3.32920026779174805 50.5
48.189140041944043 -14.8790014243617854 2.03665661811828613 -3.4104001522064209 56
48.199602650175116 -14.8790014243617854 1.77187108993530273 -3.49160003662109375 53.5
48.2400444609220926 -14.9579604764546499 2.11199450492858887 -3.32920026779174805 52.5
48.2217753418794928 -15.0906113083826696 1.49549448490142822 -3.4104001522064209 56.5
48.336829647700732 -14.7558258754214808 1.05795276165008545 -3.49160003662109375 53.5
48.4786601005255022 -14.5752845065004148 -0.521161019802093506 -3.49160003662109375 48.5
48.5572541119216226 -14.3032631376725021 0.707526803016662598 -3.5728001594543457 48
48.3316115481749762 -15.17340258402891 2.07681751251220703 -3.32920026779174805 48
48.6072121535622799 -14.3941422425526842 0.798437952995300293 -3.5728001594543457 48
48.6015194386181903 -14.2695046628184929 3.51770973205566406 -3.5728001594543457 48
48.3989433952398258 -14.5256876115549645 5.68059968948364258 -3.49160003662109375 45.5
48.49683619763411 -14.4367288947737862 5.03592300415039062 -3.5728001594543457 49.5
47.5956851520346973 -18.7201310174437729 4.85783100128173828 1.21800005435943604 48.5
47.4710034336065476 -18.899885361918539 5.35621786117553711 1.13680005073547363 55.5
47.5382400198256931 -18.7201310174437729 5.39105129241943359 1.05560004711151123 51.5
47.5403013435464885 -18.9274753107073224 5.36403703689575195 1.05560004711151123 58
47.5733471653685811 -19.2319239544615037 4.66214704513549805 1.21800005435943604 54.5
47.4727915911940315 -19.3671333294342816 5.10626697540283203 1.13680005073547363 61.5
47.5940563964308652 -19.1932927044692789 4.60967254638671875 1.05560004711151123 56
47.7401990961727947 -19.3953244935806453 2.69350910186767578 1.21800005435943604 49
47.8081652108212225 -19.2212308229268309 2.73566627502441406 1.13680005073547363 56
47.7902112926646083 -19.1889912542872345 3.23086118698120117 1.05560004711151123 51.5
48.2143243158564729 -18.5388675044329254 -1.41256201267242432 1.13680005073547363 47
51.1122572870105856 -8.49655062381340542 1.08463704586029053 4.14120006561279297 48.5
47.6278237743405342 -19.3438999339410387 6.57531404495239258 1.21800005435943604 48
47.7883261271149777 -19.065430668069105 6.21416664123535156 1.13680005073547363 54.5
47.676076858070509 -19.065430668069105 7.02365827560424805 1.05560004711151123 49.5
37.5116404684549991 -36.0784957903516101 0.649379849433898926 0.974400043487548828 52
37.5499610374314656 -36.0394709165924425 0.599701225757598877 0.893200039863586426 57.5
37.5516037667008646 -36.0394709165924425 -0.486150920391082764 0.812000036239624023 51.5
51.1138913873656477 -10.2131957364724251 0.277187138795852661 4.54720020294189453 47.5
48.4572264153214149 -18.8957148160118003 3.44460153579711914 1.13680005073547363 45
37.6074444024216916 -36.0914015151745602 0.326940089464187622 0.974400043487548828 54.5
37.6074444024216916 -36.0914015151745602 0.326940089464187622 0.893200039863586426 60
37.6082625795940402 -36.0914015151745602 -0.213221475481987 0.812000036239624023 53.5
51.2021162787384014 -10.1365699332607324 -0.658367812633514404 4.62840032577514648 47
51.1568402969063811 -10.3779168364336076 -0.341646134853363037 4.54720020294189453 51
51.4146479305716539 -8.90374386029658993 -1.44826149940490723 4.14120006561279297 45
48.6405580056992122 -18.7859211118345648 2.45469141006469727 1.13680005073547363 46
37.4920872668711453 -36.3194474828801575 0.284704655408859253 0.893200039863586426 49.5
51.1912626668790622 -10.5887956280732585 -0.089096367359161377 4.62840032577514648 45.5
51.2080649035468269 -10.4516181399859427 -1.08336210250854492 4.54720020294189453 47
51.2316198890364092 -10.675945708865072 1.36679732799530029 4.62840032577514648 46
51.2463569431140513 -10.4666134400637958 2.18719911575317383 4.54720020294189453 45.5
51.3295424295619256 -10.6584858876315387 0.235892340540885925 4.62840032577514648 48.5
51.3825372011652917 -10.2719765653388162 1.6438528299331665 4.54720020294189453 51
51.3776310033411221 -10.0623443905359835 2.73300409317016602 4.46600008010864258 45.5
51.4077719809694571 -10.6343719682473825 -0.633521139621734619 4.62840032577514648 49
51.4285949108304123 -10.3588361121916215 2.01107120513916016 4.54720020294189453 50
51.408514751418501 -10.437560642493267 2.11478805541992188 4.46600008010864258 46.5
51.3525942686921582 -10.9320625207088984 2.74440360069274902 4.70960044860839844 46
51.4709645277573031 -10.6889818036017896 0.784957647323608398 4.62840032577514648 50
51.5052491634753906 -10.7042301493684562 2.15669512748718262 4.62840032577514648 47.5
51.7300920004621929 -10.2530826741004191 -2.59077048301696777 4.54720020294189453 46
51.8322043753001722 -10.0155595233490597 -0.97547382116317749 4.46600008010864258 48.5
51.8563334902321103 -10.1487165867994769 -1.92096245288848877 4.46600008010864258 47.5
54.4572205170644494 -9.46968897561078826 0.248716235160827637 1.21800005435943604 53
54.486797993796749 -9.28319619490948078 0.580338954925537109 1.13680005073547363 51.5
54.4834611847907198 -9.73844902064034734 0.581126391887664795 1.21800005435943604 52.5
54.518746640541913 -9.51712063380761286 0.867893815040588379 1.13680005073547363 51
54.3390434347233651 -9.75164488470885793 4.90965557098388672 1.21800005435943604 46
54.7934080386475983 -9.56870381015975369 1.74497675895690918 1.21800005435943604 48
54.8650467892891882 -9.54678290860378986 1.99033653736114502 1.21800005435943604 47
54.2759429148175627 13.7006824291720957 2.2834937572479248 1.21800005435943604 48
54.2627825423160175 13.7006824291720957 2.57732653617858887 1.13680005073547363 50.5
54.3851369462687089 13.7190235555798186 1.12057101726531982 1.21800005435943604 55.5
54.3699356679886492 13.7190235555798186 1.70556473731994629 1.13680005073547363 58
54.3401924177242677 13.7610849461436828 2.23305296897888184 1.05560004711151123 48.5
54.5217386644532027 13.4776393405294233 1.16801834106445312 1.21800005435943604 52.5
54.4087159664050048 13.9268939852137379 1.16801834106445312 1.13680005073547363 55.5
54.5788139293894901 13.4956337006228466 1.75612330436706543 1.21800005435943604 49
54.4308599995739328 14.0087489402819454 2.25817966461181641 1.13680005073547363 52
54.6602909151639054 13.5136271454850974 1.46290111541748047 1.21800005435943604 48.5
54.5280396087674717 13.9640813836679349 2.05014181137084961 1.13680005073547363 51.5
36.2520637397168386 43.7618415075031564 4.4373016357421875 0.812000036239624023 58
36.3466116910894286 43.6336329874616453 4.90206193923950195 0.730800032615661621 60.5
36.3466116910894286 43.6336329874616453 4.90206193923950195 0.649600028991699219 51.5
36.2997618794713333 43.8194205310623559 4.44314002990722656 0.812000036239624023 56
36.2997618794713333 43.8194205310623559 4.44314002990722656 0.730800032615661621 58.5
36.3095509239134202 43.6910433224752666 5.50138044357299805 0.649600028991699219 49.5
36.4453770309077143 43.8770024833613093 3.55892682075500488 0.812000036239624023 53
36.5516363058318134 43.7484565776483407 4.02156400680541992 0.730800032615661621 56
36.491816111948566 43.512789083841227 6.41149044036865234 0.649600028991699219 46.5
36.5499353926659794 43.7057584750578769 5.34883594512939453 0.812000036239624023 50
36.4565506664644587 43.5412898158748973 7.05528402328491211 0.730800032615661621 53.5
54.4620759644617536 -19.836004205363448 4.35102653503417969 0.974400043487548828 53
54.4578088359009556 -19.7924245549671909 4.59598731994628906 0.893200039863586426 51
54.3766063244457101 -20.0143235860529103 5.46367597579956055 0.893200039863586426 56.5
54.5983429631311878 -19.8435009968964664 4.60784769058227539 0.893200039863586426 51.5
58.8725780195103496 2.1215135013205062 2.1497044563293457 1.29920005798339844 50
58.8908084728758112 2.29093992677318559 1.31411540508270264 1.21800005435943604 58.5
58.8918112633367912 2.1215135013205062 1.53509724140167236 1.13680005073547363 55.5
58.9666432868486581 2.02095231792242513 1.6738210916519165 1.29920005798339844 55
58.9739128990025918 2.12421265533451997 1.2313007116317749 1.21800005435943604 63.5
58.9739128990025918 2.12421265533451997 1.2313007116317749 1.13680005073547363 60
59.0551191591962947 1.48440720027449724 1.76052582263946533 1.29920005798339844 48.5
59.0636916539880374 1.75765628689219078 1.09589672088623047 1.21800005435943604 57.5
59.0685803496242485 1.75765628689219078 0.789713382720947266 1.13680005073547363 54.5
58.9872541158201926 1.89298752298893058 4.31295108795166016 1.21800005435943604 49
58.9872541158201926 1.89298752298893058 4.31295108795166016 1.13680005073547363 46
59.1871567390899145 2.52471440981044148 1.03405380249023438 1.21800005435943604 49
59.2566632124480535 2.84667884547453065 -2.59317812378867529e-06 1.21800005435943604 50.5
59.2534309915129356 2.84667884547453065 0.618815362453460693 1.13680005073547363 47
56.4021947393632175 25.6235209914168323 0.173168301582336426 1.05560004711151123 49.5
56.294795582070833 25.7940536258039934 -3.55858492851257324 1.05560004711151123 45.5
56.5846493480823867 25.5769241975624091 0.639292776584625244 1.13680005073547363 49.5
56.6095282790568106 25.4915643170487023 1.39703559875488281 1.05560004711151123 51.5
60.068623954215191 15.7527779493482072 -0.143944516777992249 0.974400043487548828 54
59.9946792752978553 16.0321375583021677 0.139712050557136536 0.893200039863586426 51
60.141079386876811 15.7718032363219844 0.178036794066429138 0.974400043487548828 56.5
60.1356617550573844 15.7718032363219844 0.826563358306884766 0.893200039863586426 53.5
60.2822327147216797 15.5030153925755911 0.878484427928924561 0.974400043487548828 45.5
55.9945578905603654 27.8726442151569564 -0.477611958980560303 1.13680005073547363 51
56.0509291349087704 27.7632171206498874 -0.00852556154131889343 1.05560004711151123 56
56.0425699432900828 27.7632171206498874 0.967996656894683838 0.974400043487548828 49
55.9958945073024168 27.9060649902054685 -2.75725603103637695 1.13680005073547363 53
56.0571099104430246 27.796506686822724 -2.61648964881896973 1.05560004711151123 58
56.109467984486642 27.796506686822724 -0.986234307289123535 0.974400043487548828 51
57.3281137856938372 25.3617806841583615 1.24812853336334229 1.13680005073547363 53
57.2467686804601712 25.5733247306434635 0.320603728294372559 1.05560004711151123 55
56.7428234327411118 26.5762002102765393 -2.29072475433349609 0.974400043487548828 47
57.3152463722402103 25.6039151428022826 0.320987224578857422 1.13680005073547363 60.5
57.4072070568157002 25.392118050628369 0.594885826110839844 1.05560004711151123 61.5
57.4096537475591049 25.392118050628369 0.269629508256912231 0.974400043487548828 50.5
57.4811823267054862 25.3831868730497199 -1.31537544727325439 1.13680005073547363 59
57.4877090082059539 25.3831868730497199 -0.989777624607086182 1.05560004711151123 60
57.3009423413922789 25.1618587912940406 -6.56038761138916016 1.13680005073547363 49
57.5745626193696083 24.9102402033811003 -4.91993331909179688 1.05560004711151123 50.5
56.6013004125673831 26.4042071434132701 8.25295925140380859 1.05560004711151123 47
57.6951823926008629 25.5043473570396309 2.9524071216583252 1.13680005073547363 49.5
57.8061496229125211 25.2518290663758691 2.9524071216583252 1.05560004711151123 50
57.7807002136376369 25.6215441183005943 1.52576160430908203 1.13680005073547363 54.5
57.7711244544722717 25.6215441183005943 1.85324776172637939 1.05560004711151123 55
57.7945867317804129 25.8180464720210274 0.323671728372573853 1.13680005073547363 57.5
57.7609130112226552 25.8892359383960873 0.561023592948913574 1.05560004711151123 58
57.7722262225361618 25.8180464720210274 1.63974463939666748 0.974400043487548828 45.5
57.8602923811105825 25.8486368841798502 0.652418375015258789 1.13680005073547363 59.5
57.9515006262648384 25.6348154393658625 0.933241665363311768 1.05560004711151123 60.5
57.9515006262648384 25.6348154393658625 0.933241665363311768 0.974400043487548828 48.5
58.0061491638581828 25.712723368953835 0.211965590715408325 1.13680005073547363 49.5
58.006409784557718 25.712723368953835 -0.121122308075428009 1.05560004711151123 50.5
58.3878973057054438 25.8950834161429704 1.87303328514099121 1.13680005073547363 48.5
58.3878973057054438 25.8950834161429704 1.87303328514099121 1.05560004711151123 49.5
58.4527160256923324 25.9894313215315655 0.79379504919052124 1.13680005073547363 48.5
58.3768461918674717 26.1653056645256292 0.567006051540374756 1.05560004711151123 50.5
58.5751951692729449 25.8358157081266597 -1.96472203731536865 1.13680005073547363 46
58.5443112687549103 25.955870613833568 -1.12218987941741943 1.05560004711151123 48.5
46.2193136442518764 44.6042514542443058 3.89344143867492676 3.16680002212524414 49.5
45.9907785765069264 44.9419796967318206 2.44745993614196777 3.08560013771057129 46.5
46.2844479263248516 44.6079325197425263 4.29687023162841797 3.16680002212524414 54.5
46.1277848041109593 44.8252965655885873 3.6743619441986084 3.08560013771057129 50.5
58.2301711184558499 27.5649812213676952 -0.00878112390637397766 1.05560004711151123 60
46.4741871899560692 44.3616444803363663 5.69601345062255859 3.16680002212524414 52.5
46.2302448977212848 44.8210583130724061 3.75326752662658691 3.08560013771057129 46
58.1666004399035685 27.8549860690484152 0.998173952102661133 1.13680005073547363 64.5
58.1666004399035685 27.8549860690484152 0.998173952102661133 1.05560004711151123 68.5
58.1598067881361587 27.8549860690484152 1.33671855926513672 0.974400043487548828 61
46.5683810296225857 44.4132309362668778 5.36489009857177734 3.24800014495849609 50
46.4856093904856209 44.4132309362668778 6.04022645950317383 3.16680002212524414 49.5
58.125698244192769 27.8873775646326898 3.69170904159545898 1.13680005073547363 63
58.125698244192769 27.8873775646326898 3.69170904159545898 1.05560004711151123 67.5
58.2777217041276927 27.6533688987257626 2.98824787139892578 0.974400043487548828 60.5
46.3416284152786773 44.7637216741889077 5.31840944290161133 3.24800014495849609 46
46.3389440910969839 44.8121934897538097 4.91857290267944336 3.16680002212524414 46
58.0777735635175603 28.3802480132513288 1.07541203498840332 1.13680005073547363 61
58.1511037065689464 28.1782821150642313 2.01396465301513672 1.05560004711151123 65
58.2756649456214788 27.9197657653847386 2.01396465301513672 0.974400043487548828 57
57.987916851918051 28.542581879039254 -3.47116661071777344 1.13680005073547363 52.5
57.9517169932648244 28.7286060737737081 -2.36470770835876465 1.05560004711151123 56
58.0810718218370141 28.542581879039254 -1.11196017265319824 0.974400043487548828 47
47.3779303615469871 45.0838128847603699 4.42541074752807617 3.24800014495849609 45
47.4909969944837087 45.1353940933654911 3.7472689151763916 3.24800014495849609 47
59.8525985446701299 27.7210057017693501 6.70093250274658203 1.05560004711151123 47.5
59.7325363628995873 27.9597178026433824 7.47789669036865234 1.05560004711151123 46.5
60.1127486078823594 28.3720475228734479 -2.6570737361907959 1.05560004711151123 49.5
60.0977907989131594 28.4539698451528693 -3.76666951179504395 1.05560004711151123 48.5
37.5859501287518611 57.8641026060145549 -6.44456195831298828 0.730800032615661621 46
38.4850552402522865 57.5452844772379848 -4.50902128219604492 0.730800032615661621 48
38.342384337865461 57.5452844772379848 -5.59396934509277344 0.649600028991699219 46.5
68.3239356655635675 -17.6821385457618412 -0.115474149584770203 1.21800005435943604 46
68.3106532924680323 -17.6821385457618412 1.35197365283966064 1.13680005073547363 45.5
68.1766628895294104 -18.4601703996053992 1.60863757133483887 1.21800005435943604 46
68.1074376624168139 -18.5661111192588031 2.84590053558349609 1.13680005073547363 46
69.1897095788355045 -18.1499399163866642 1.66327250003814697 1.21800005435943604 46.5
69.1206120192789086 -18.0247679169633059 4.10506868362426758 1.13680005073547363 47
42.5503213278025072 -58.9538911492132414 2.54389572143554688 0.730800032615661621 46.5
42.6199673488989674 -58.9418706202503344 3.58823132514953613 0.730800032615661621 46.5
72.9273105705839271 8.22094002864533913 2.29232621192932129 1.21800005435943604 48
73.1962444620095596 6.34650875667467673 2.06927132606506348 1.21800005435943604 51
73.1834728858394925 5.87809783541504061 3.44630599021911621 1.13680005073547363 48
73.9397307763745744 3.55205062233358237 -3.23573567584389821e-06 1.21800005435943604 47
62.3954283459337091 -39.747816469185949 -2.57334351539611816 1.05560004711151123 47
62.592823109774308 -39.5843811741630063 -2.45478224754333496 1.05560004711151123 47
62.480561668314941 -40.5012970170511579 -1.5332869291305542 1.05560004711151123 46.5
50.1989415803998895 55.2041142187809584 3.55853056907653809 0.812000036239624023 45.5
74.3598443996353069 7.68998978541721723 1.66688692569732666 1.21800005435943604 45.5
72.2340643721105522 20.9757278362031911 4.86310005187988281 1.13680005073547363 46.5
72.1261431195811156 21.9677050385709336 2.81823039054870605 1.13680005073547363 47
63.2417660033032476 -42.0480559164269891 2.15448641777038574 1.05560004711151123 46.5
62.9224465486848104 -42.5322398974018796 1.99397599697113037 0.974400043487548828 45
71.4449834336413829 26.2641414946343161 -0.908224761486053467 1.13680005073547363 46
64.6728283503651511 -41.674179129602301 -1.41115009784698486 1.05560004711151123 48
64.5569535060862449 -41.8472606303712951 -1.58424210548400879 0.974400043487548828 45.5
73.3646826173527273 23.4308195939147481 3.60985326766967773 1.13680005073547363 47
75.1686606031982052 16.4618891748740275 5.88721609115600586 1.13680005073547363 46
64.4943968034613988 -42.3843016541132727 0.157849729061126709 1.05560004711151123 46
73.1383084797679288 24.847146912004245 -0.984842777252197266 1.13680005073547363 46
42.2698101500015184 64.6854689244567567 -4.45123910903930664 0.730800032615661621 47.5
41.8769294549517426 64.6854689244567567 -7.2713775634765625 0.649600028991699219 47.5
71.5704819728253767 29.0233903635103623 7.02223873138427734 1.13680005073547363 48
71.4711320791946463 29.2365838820403212 7.14860010147094727 1.05560004711151123 48
71.4690509140852868 29.9341569950478217 4.66494178771972656 1.13680005073547363 51
71.4855179024929015 29.7983571901448165 5.24589872360229492 1.05560004711151123 51
71.7223490306362237 29.0309822251581657 7.09912633895874023 1.05560004711151123 45.5
72.3353359636700617 28.6395344336729956 2.82831335067749023 1.05560004711151123 47
72.2095877691814394 29.2903227386022564 0.398453682661056519 1.13680005073547363 49.5
71.4914741400990579 31.1899068817940908 0.398837178945541382 1.13680005073547363 48.5
70.0306130546942711 34.308897569973503 1.61649692058563232 1.05560004711151123 51
71.0799834980708454 32.2150332881938937 2.35236835479736328 1.05560004711151123 52
71.7370366656951006 30.93738920128445 2.02442407608032227 1.05560004711151123 48
73.0710765351561946 27.9734113370093631 -2.99936652183532715 1.13680005073547363 48
39.4241966324022286 67.6940940515246439 2.42549848556518555 -3.89760017395019531 45.5
71.6699407158332065 31.3398583571873317 4.88601398468017578 1.05560004711151123 47
39.434442067917999 67.7588770426931859 2.83941984176635742 -3.81640005111694336 46
39.0448371236165173 67.9353324516585388 3.83333802223205566 -3.89760017395019531 46.5
71.4891038195371351 32.2031121361757968 2.58285236358642578 1.05560004711151123 48.5
70.806845636752314 34.9450038012534989 -1.51288628578186035 1.05560004711151123 46.5
71.2984018927651704 34.138554011859668 -0.0107745099812746048 1.05560004711151123 48.5
69.8609743796801297 37.6848971629816987 -2.76106476783752441 1.05560004711151123 47.5
69.4863372369583914 38.3264724744469021 -4.79384279251098633 1.05560004711151123 48
69.297608542503113 38.7834495957078076 -3.73304939270019531 0.974400043487548828 45
66.8211620325598403 -43.3155838178027111 1.67783236503601074 1.05560004711151123 46
75.2641071432226312 26.3753408942666354 -2.77410101890563965 1.13680005073547363 47
45.0253139825978295 66.3151965156116745 3.88303303718566895 -0.487200021743774414 47.5
45.3379646779408176 65.8940203091009096 6.51994132995605469 -0.568400025367736816 47.5
70.0993659907388178 39.0590791514150126 -0.727653741836547852 1.05560004711151123 52.5
69.8885506581824956 39.4200873284242377 1.30756092071533203 0.974400043487548828 49.5
44.7975424915706384 66.5478125343046116 4.08356904983520508 -0.487200021743774414 50
44.9412248725472097 66.3771771175499765 5.14420747756958008 -0.568400025367736816 50.5
69.9651786114758494 39.4569307801435016 -0.361438602209091187 1.05560004711151123 50.5
69.9024554765773303 39.4569307801435016 2.9839026927947998 0.974400043487548828 48
44.4002359797524662 66.8711616236870867 4.58546686172485352 -0.568400025367736816 46.5
70.2101022185296557 40.0886302638949843 0.407897204160690308 1.05560004711151123 47.5
69.9140988164081421 40.6038823161779092 -0.259064823389053345 0.974400043487548828 46
74.8783076293314451 30.6303172466261664 -1.96944916248321533 1.13680005073547363 49
70.2565334444907705 40.1258167166103021 1.67159867286682129 1.05560004711151123 49
75.0760715218230814 30.3145651441860515 -2.3687441349029541 1.13680005073547363 49
74.1446915311908299 32.4494998852514271 5.9090733528137207 1.13680005073547363 47.5
73.8430397285210631 33.3114397259534201 4.78288793563842773 1.05560004711151123 49
79.5379537788217874 -15.9149510852882887 4.23439693450927734 1.21800005435943604 45
74.9233301671378911 31.363009472921437 0.598067045211791992 1.13680005073547363 47
79.5026641380425048 -17.3897698351938921 4.82163810729980469 1.21800005435943604 45.5
71.4229103942884933 39.2619642324764229 -1.89515173435211182 1.05560004711151123 48
71.8459226366945529 38.5945136235039854 -2.68099761009216309 1.05560004711151123 48.5
71.7367869509056391 38.9259611835895285 -3.06744170188903809 1.05560004711151123 49
70.987868842436697 40.5348828283008586 0.841581046581268311 0.974400043487548828 46.5
70.1758897857008321 42.0648963168295253 -1.10452759265899658 0.974400043487548828 46
70.8217519703965053 45.9259407610674444 2.6250150203704834 0.974400043487548828 45.5
84.4238876222954673 1.35316221157326355 5.28559494018554688 1.21800005435943604 51
84.4469086457997236 1.74431066335616003 4.7789311408996582 1.13680005073547363 48
68.1850676634390709 50.9201939951843059 -2.0484623908996582 0.974400043487548828 45
69.9636281934340047 49.2119400365305566 8.40707588195800781 0.974400043487548828 47
75.7299648252682829 41.6819755968990293 4.29984474182128906 1.05560004711151123 48
86.4682379867867468 1.78606265144167931 4.89332008361816406 1.21800005435943604 47.5
74.9707609046562311 43.541824575438973 0.620644807815551758 1.05560004711151123 48
74.7038979571561867 43.9101803941911299 2.84856295585632324 0.974400043487548828 47
87.1781370096898627 4.19264325199501364 4.09688425064086914 1.21800005435943604 47
70.3654901892709432 55.4935265553339008 -1.3442310094833374 0.893200039863586426 45
77.1314743645855856 65.6204096732787434 6.47109556198120117 0.893200039863586426 49.5
77.253589284547175 65.5166319022960266 7.20117378234863281 0.974400043487548828 45.5
77.0925233308999083 65.6689076301340293 7.53262424468994141 0.893200039863586426 52
76.901273776930978 65.7831144260125171 8.43677234649658203 0.812000036239624023 47
76.8705129354746362 66.098381016429272 7.04061603546142578 0.893200039863586426 48
