
X Y Z V_r Mag
6.93733661747249197 -10.2261759516983695 -0.66282188892364502 -3.08560013771057129 46.5
6.84046015707910282 -10.2926700641924 -0.640074670314788818 -3.16680002212524414 46.5
7.36969386121924686 -9.98478201601105297 -0.997122704982757568 -2.67960023880004883 48
6.97411034649966322 -10.2694836534261391 -0.949735164642333984 -3.08560013771057129 46
6.87549865410275007 -10.3550497193159181 -0.709214985370635986 -3.16680002212524414 47
7.42775806057568921 -10.016759013884073 -1.16986441612243652 -2.67960023880004883 46
9.95130146024970941 -8.29711515772693176 -1.55948173999786377 -0.162400007247924805 47
8.71491657656849839 -10.0893353586566352 -0.69141387939453125 -1.70520007610321045 45.5
8.69412436672492461 -10.0976764097137259 -0.819540202617645264 -1.78640007972717285 45.5
10.3901138374548498 -8.37449011674176624 -1.46426641941070557 0 46.5
10.5027218001613818 -8.34873642163884533 -1.49714720249176025 0 47.5
8.24665699943000696 -10.945577043007674 -0.750080108642578125 -2.59840011596679688 46.5
11.1007871285506319 -7.90304277878084616 -1.6401447057723999 0.487200021743774414 47
8.23242107757243069 -11.0364287414810534 -0.929787218570709229 -2.59840011596679688 45.5
8.3692176358550423 -11.0010501688551869 -1.20363116264343262 -2.35480022430419922 45
11.4042525450086192 -7.60104081012783883 -2.16398859024047852 0.730800032615661621 45
11.493879752518918 -8.08725816544341392 -1.13885307312011719 0.568400025367736816 47
11.4354169967629868 -8.17535465962035701 -1.09764778614044189 0.487200021743774414 47.5
10.3388604621831401 -9.85241226397003445 -1.11516356468200684 -0.812000036239624023 47
13.3978584480137251 -5.00854824029581369 -0.785796523094177246 2.27360010147094727 48
13.3978584480137251 -5.00854824029581369 -0.785796523094177246 2.19239997863769531 50.5
12.0119950297150435 -7.5611535979304918 -1.93561100959777832 0.893200039863586426 45
13.4897679688813579 -4.98978549346173583 -0.698729574680328369 2.27360010147094727 47.5
13.4962858612256582 -4.96819248014707959 -0.726185739040374756 2.19239997863769531 49.5
7.97365563200933281 -12.1344109387097667 -0.937757194042205811 -3.24800014495849609 46.5
8.48623916769256326 -11.9913202066038806 -0.531051456928253174 -2.76080012321472168 45.5
8.38500169686505537 -12.0592857163533207 -0.59614640474319458 -2.84200000762939453 45.5
10.8651741475755141 -10.1960725352384394 -0.862394034862518311 -0.730800032615661621 47.5
12.7032230395118511 -7.67269844704059611 -1.58538353443145752 1.05560004711151123 45.5
10.8624357672519789 -10.2473096011919527 -1.41427135467529297 -0.730800032615661621 46.5
9.69599828163891608 -11.6314364826138679 -0.468851864337921143 -1.94880008697509766 45.5
10.6270047744903238 -10.8880612488137505 -0.563500940799713135 -1.13680005073547363 45
10.6420950187184822 -10.9512562874411472 -0.95174175500869751 -1.13680005073547363 45
12.7566739389105557 -8.2153540969159593 -1.96602010726928711 0.893200039863586426 46
11.9688968674063592 -9.47337201541042084 -1.0443805456161499 0.0812000036239624023 46.5
11.9571225289307392 -9.59089696105194633 -1.19690322875976562 0 47
12.1049679757687461 -9.45064546302374353 -0.738711059093475342 0.162400007247924805 45.5
12.0210478695342005 -9.52941685232725355 -1.03695023059844971 0.0812000036239624023 49
12.2013267565728718 -9.42531291488188394 -0.996814131736755371 0.162400007247924805 48.5
12.1327398469114698 -9.49674605249979287 -1.14497601985931396 0.0812000036239624023 47.5
9.0568433620491593 -12.5925223730565534 -0.653927147388458252 -2.59840011596679688 47
8.9786721270139509 -12.6643022725794463 -0.156647026538848877 -2.67960023880004883 47.5
12.1400012454951902 -9.73125118507986286 -1.13275694847106934 0.0812000036239624023 46
12.5771233698420186 -9.1923723162461517 -1.73835408687591553 0.487200021743774414 46
12.6256757890249673 -9.23635540578700365 -1.82881879806518555 0.487200021743774414 46.5
12.7037964138809247 -9.19728355862207536 -2.11049461364746094 0.487200021743774414 47
13.0118242845301957 -9.11278567643329218 -1.68825459480285645 0.568400025367736816 47
11.9901045664457016 -10.6537531833808483 -0.580913245677947998 -0.406000018119812012 46.5
13.0364958425134425 -9.5225189418356404 -1.34589529037475586 0.406000018119812012 47
13.1559918474677708 -9.40797519216039646 -1.81261241436004639 0.568400025367736816 45.5
13.0912545380812784 -9.54423423623189393 -1.5499492883682251 0.487200021743774414 45.5
11.9747240436491644 -11.2208040817133554 -0.692954957485198975 -0.649600028991699219 48.5
12.0866196562654729 -11.2163703594144142 -0.597200512886047363 -0.649600028991699219 48.5
14.2875554154494839 -8.1050646843489087 -1.55681848526000977 1.38040006160736084 45.5
14.3929066968894848 -8.00609671058936989 -0.9983176589012146 1.29920005798339844 47
14.431982851179793 -8.08598373129912851 -1.03218173980712891 1.29920005798339844 46
14.4764388106495669 -8.10384707128330106 -1.40816664695739746 1.29920005798339844 45.5
9.9650409046280739 -13.5028313760178786 -0.782007038593292236 -2.51719999313354492 45
10.6096801336449325 -13.1934249245225832 -0.818999648094177246 -2.11120009422302246 45
14.0459721853221602 -9.33431106796773591 -1.69818699359893799 0.812000036239624023 47
13.9686197845377471 -9.42115172006364432 -1.84988749027252197 0.730800032615661621 48
13.9601795660625232 -9.75453113128030225 -1.54029667377471924 0.649600028991699219 49.5
12.8242244181899725 -11.4198271565503227 -0.327842354774475098 -0.406000018119812012 46.5
15.3138204582535185 -7.73054264572341054 -0.840399026870727539 1.62400007247924805 46
15.2357175851526687 -7.87433674823964225 -0.921085894107818604 1.54280006885528564 49
14.0104298737611295 -9.70717501016295969 -2.11170029640197754 0.649600028991699219 47
15.4844361012921006 -7.54227805326365175 -0.953291714191436768 1.62400007247924805 49.5
15.4137596705893607 -7.68670006800176608 -0.945072650909423828 1.54280006885528564 49.5
15.2375740852488324 -8.00141072698333033 -1.1645810604095459 1.46160006523132324 45.5
13.7062694952504458 -10.445807215237398 -0.765359103679656982 0.324800014495849609 47
13.3253416463410108 -11.045444907807779 -0.767506599426269531 -0.0812000036239624023 48
15.5716175723798198 -7.56208135299344697 -0.703781425952911377 1.62400007247924805 48.5
15.5672452866356981 -7.56208135299344697 -0.794645905494689941 1.54280006885528564 47
15.3765644886225594 -7.8781603331071155 -1.28510737419128418 1.46160006523132324 45
13.8080464380124788 -10.4371011173150325 -0.748625099658966064 0.324800014495849609 47.5
15.6997223135268555 -7.43392002026914867 -1.00777316093444824 1.78640007972717285 45
15.4585688384278264 -7.97749416623793728 -0.390253245830535889 1.54280006885528564 47
15.3568030897979177 -8.14056641002857262 -0.812306225299835205 1.46160006523132324 46.5
13.9396250122519003 -10.390963374339357 -0.689047515392303467 0.324800014495849609 47
13.8098489874838357 -10.5757785839687433 -0.448362797498703003 0.243600010871887207 46.5
15.7673924918804005 -7.46596228723358823 -1.01211690902709961 1.78640007972717285 47
15.7297930160282586 -7.54675801833263549 -0.997843682765960693 1.70520007610321045 49
14.9656410437352925 -8.82420403706081657 -1.88112878799438477 1.13680005073547363 45
14.1695710725779787 -10.305097171495154 -1.0152660608291626 0.487200021743774414 49.5
14.1230044897649183 -10.3862396689085017 -0.818113446235656738 0.406000018119812012 49
14.4826405901844772 -9.93728427431006978 -1.46428406238555908 0.730800032615661621 46
14.2797154715715493 -10.2698485308306431 -1.12275242805480957 0.487200021743774414 49.5
14.2673987223165106 -10.2896702414841865 -1.09756875038146973 0.406000018119812012 48
13.0997991174346353 -11.8905527053118814 -0.547767519950866699 -0.487200021743774414 46.5
13.0907812590946406 -11.8905527053118814 -0.732277631759643555 -0.568400025367736816 45
15.5248868326642953 -8.76820652772514109 -0.847899496555328369 1.29920005798339844 47
15.4208350033894721 -8.85073607275842278 -1.57633793354034424 1.21800005435943604 47
14.5795124252139008 -10.2782741490097802 -0.646062374114990234 0.568400025367736816 46
14.5244653944751132 -10.3496510528223489 -0.739697396755218506 0.487200021743774414 45.5
15.7253486351519918 -8.47802266082697109 -1.46363210678100586 1.46160006523132324 45
15.6020008340379697 -8.72441169456302568 -1.3296133279800415 1.38040006160736084 49
15.5848505772083961 -8.74457079732324871 -1.39663255214691162 1.29920005798339844 49
15.8335066085897935 -8.43252121873889848 -1.48076307773590088 1.46160006523132324 48.5
15.7412152379090085 -8.54048628102203189 -1.80949020385742188 1.38040006160736084 47.5
15.9589136081396532 -8.38408724607626787 -1.31370246410369873 1.54280006885528564 47.5
15.973283614613381 -8.38408724607626787 -1.12559175491333008 1.46160006523132324 49.5
18.0744742809292447 0.0316210187082617833 -0.134319737553596497 0.487200021743774414 48.5
18.07350162747586 -0.0406555954820508672 -0.229201704263687134 0.406000018119812012 61.5
18.0727974397185136 -0 -0.282184958457946777 0.324800014495849609 61.5
18.0745649169741434 -0.0587247490296290281 -0.110905066132545471 0.243600010871887207 47
16.0459021828143058 -8.41887634225688686 -1.03638708591461182 1.54280006885528564 46.5
15.9819824622483981 -8.50279294372873728 -1.30434322357177734 1.46160006523132324 46.5
18.1447715814542931 -0.217729560575609132 -0.377383172512054443 0.243600010871887207 47.5
16.5066014272077979 -7.62014051635969114 -1.27131187915802002 1.86760008335113525 48
16.487788860002734 -7.70440387532720639 -0.972435176372528076 1.78640007972717285 50
16.4281020198150394 -7.87065320518203571 -0.566499114036560059 1.70520007610321045 48
18.2226689413609897 0.291505674266001324 -7.96640051703434438e-07 0.487200021743774414 60
18.2213573752065656 0.364382092832501614 -7.96640051703434438e-07 0.406000018119812012 72
18.2202840282726228 0.375769033233517291 0.175194114446640015 0.324800014495849609 70.5
18.220365362877164 0.364382092832501614 0.190103843808174133 0.243600010871887207 55.5
16.5668710932610743 -7.65149943764750162 -1.3723597526550293 1.86760008335113525 47.5
16.4910030813697652 -7.81843292806838175 -1.34498739242553711 1.78640007972717285 47.5
16.4957080642234715 -7.90304305335019741 -0.568830430507659912 1.70520007610321045 46.5
15.3279970232201705 -9.95198014125580421 -0.949026942253112793 0.893200039863586426 47.5
18.2966771783338551 0.292705298272229519 -0.189637824892997742 0.568400025367736816 46
18.2953601439782396 0.365881622840286913 -0.189637824892997742 0.487200021743774414 63.5
18.2974146546130179 0.292705298272229519 -0.0948205813765525818 0.406000018119812012 75.5
18.2974146546130179 0.292705298272229519 -0.0948205813765525818 0.324800014495849609 74.5
18.2966771783338551 0.292705298272229519 -0.189637824892997742 0.243600010871887207 60
15.3846334787326331 -9.99276632020556832 -1.04798388481140137 0.893200039863586426 48.5
15.1178944776062316 -10.3854048865555573 -1.11051225662231445 0.649600028991699219 45
18.3646355873042317 0.461522525358759039 -0.409615546464920044 0.487200021743774414 57
18.3686124335640528 0.378861774548234997 -0.301899820566177368 0.406000018119812012 69.5
18.3724029099982324 0.293904891770752019 -0.0952091887593269348 0.324800014495849609 68.5
15.1802774480511786 -10.4139617012860928 -1.22927963733673096 0.649600028991699219 45
15.1213671743777986 -10.52462589470246 -0.989463388919830322 0.568400025367736816 46
18.394899568934882 1.08128138983909183 -0.927912592887878418 0.406000018119812012 55
18.4312262822842392 -0.737761289442450563 0.38487929105758667 0.324800014495849609 53
18.5234141786012358 0.148152069891604232 -0.191969439387321472 0.487200021743774414 50
18.5244090998337292 -0.148152069891604232 0.00126236770302057266 0.406000018119812012 61
18.5240998081138279 -0.178245459088336389 0.0404164232313632965 0.324800014495849609 60
14.4487595998900336 -11.688642770889258 -0.75430762767791748 0 48
18.5971381643439386 0.148751866640865482 -0.290381193161010742 0.487200021743774414 51.5
18.5991561018815119 -0.148751866640865482 -0.0963750109076499939 0.406000018119812012 63.5
18.5973648374919982 -0.297503733281730964 0.0976416617631912231 0.324800014495849609 62.5
14.4955526777339898 -11.7357748734464611 -0.951944112777709961 0 47
18.6734009441508633 0.14935167864397958 -0.193523839116096497 0.406000018119812012 57
18.6750011444091797 -0 -8.16310205209447304e-07 0.324800014495849609 56.5
18.7419765127668079 -0.499057254043129672 -0.227533727884292603 0.406000018119812012 47
18.822706015522332 -0 -0.293893903493881226 0.487200021743774414 49
18.8196545894347089 0.0423425495802248267 -0.446591675281524658 0.406000018119812012 61.5
18.8245468320800811 -0.0611614605047691925 -0.115506939589977264 0.324800014495849609 60.5
18.8893653041634586 -0.0425112467061006735 -0.632556498050689697 0.487200021743774414 53.5
18.8936254291031069 -0 -0.490879684686660767 0.406000018119812012 66
18.8969388794553552 -0.0425112467061006735 -0.337580770254135132 0.324800014495849609 65.5
18.8974039986042861 -0.181853666464986241 -0.255124598741531372 0.243600010871887207 50
18.9734707775913023 -0.201544158947532442 -0.131951063871383667 0.487200021743774414 47.5
18.9717957258062597 -0.130410926377815095 -0.323398590087890625 0.406000018119812012 60
18.9723925467053043 -0.182575296928941144 -0.256136983633041382 0.324800014495849609 59
17.1434230651300759 -8.59881774663630694 -0.89633786678314209 1.62400007247924805 45
17.19143769526098 -8.67576194256588451 -0.84338831901550293 1.62400007247924805 47
19.3233028149141965 0.618999702626380377 -0.805811703205108643 0.406000018119812012 50.5
19.3272684836067548 0.618999702626380377 -0.704309046268463135 0.324800014495849609 48.5
16.567916577052511 -10.0467588152115095 -1.37747657299041748 1.13680005073547363 45
19.3895452791050573 0.665091064355630146 -0.966365516185760498 0.406000018119812012 49
19.3937456746236592 0.621398950638836878 -0.909485697746276855 0.324800014495849609 48
17.6847524771425775 -8.21415438269749032 -0.164848893880844116 1.78640007972717285 46.5
17.7443124743073959 -8.24574760554901687 -0.572446525096893311 1.86760008335113525 45.5
17.6956862506906099 -8.3631596153580805 -0.317611902952194214 1.78640007972717285 49.5
19.5711772692886079 -0.105181592120619324 -0.372319847345352173 0.406000018119812012 50.5
19.5667930098875935 -0.0342451695276434973 -0.565775454044342041 0.324800014495849609 49.5
17.592904155764657 -8.73651102564495297 0.534464478492736816 1.70520007610321045 46.5
17.5643419912959615 -8.80035287125112653 0.412591278553009033 1.62400007247924805 48.5
17.454654595683337 -9.0090665972713122 -0.542500138282775879 1.54280006885528564 47
19.6476062117529864 -0 -0.306773722171783447 0.406000018119812012 53.5
19.6472014423448726 -0.063841845606174466 -0.325527399778366089 0.324800014495849609 52.5
18.0212487017267016 -7.9663222358052268 -0.920847058296203613 1.94880008697509766 46.5
17.5473266725649957 -9.0089442363453287 -0.0766517147421836853 1.78640007972717285 48
17.6182619214676208 -8.8684490731519805 0.151959419250488281 1.70520007610321045 52
17.6548017865062974 -8.78957459556975174 0.356349021196365356 1.62400007247924805 51
17.2179072066650392 -9.46493730986759374 -1.74191975593566895 1.46160006523132324 45
17.277720712581921 -9.43042972592537154 -1.27397382259368896 1.38040006160736084 45.5
18.1435092495523378 -7.91743835837870158 -0.408991098403930664 1.94880008697509766 45
17.815245819581893 -8.55083342704899785 1.24109649658203125 1.86760008335113525 48.5
17.8036861632749677 -8.6572240049897129 0.34825703501701355 1.78640007972717285 54
17.778979004691962 -8.70918219421657192 0.313163578510284424 1.70520007610321045 52
17.3200914430408375 -9.50092603005444047 -1.33673655986785889 1.46160006523132324 45.5
17.8769916006462992 -8.65524601953392114 0.718001484870910645 1.86760008335113525 53
17.9113002905306402 -8.5832224515091049 0.72748178243637085 1.78640007972717285 56
17.9937923695032467 -8.42427388759226936 0.520267784595489502 1.70520007610321045 49.5
17.7340837344154423 -8.90111957934277598 -1.13488662242889404 1.62400007247924805 51
17.7196104207882748 -8.98059386130119286 -0.616432487964630127 1.54280006885528564 47
18.4359000754452573 -7.57854785619759586 -0.828079819679260254 2.03000020980834961 45.5
18.0330969600413518 -8.52337339484854617 0.402572065591812134 1.86760008335113525 51.5
18.0207924029607263 -8.53583811171729323 0.626917362213134766 1.78640007972717285 55
17.8045848383546605 -8.99952557923464624 0.0884093716740608215 1.62400007247924805 46.5
18.5002624390130634 -7.60703892634551693 -0.934852421283721924 2.11120009422302246 45.5
18.1043485390974936 -8.55541647670240835 0.195228025317192078 1.86760008335113525 48.5
18.0601205296323357 -8.64800214784543009 0.2116079181432724 1.78640007972717285 52.5
18.0422876223584367 -8.64800214784543009 -0.82982867956161499 1.70520007610321045 46.5
18.5495148506063572 -7.71590326427158768 -0.624780893325805664 2.11120009422302246 46.5
18.5377500284010601 -7.76111363496067952 -0.35627371072769165 2.03000020980834961 49
18.4588993732876112 -7.94446680497754976 0.405598908662796021 1.94880008697509766 45
18.1263602080717341 -8.68039117230553536 -0.309687823057174683 1.78640007972717285 48.5
17.7992945107329774 -9.32338311099483441 -0.519306421279907227 1.54280006885528564 47
16.6884090910199845 -11.1719849347265701 -0.832936584949493408 0.812000036239624023 46.5
16.6225119913201489 -11.2523589270627333 -1.04237377643585205 0.730800032615661621 47
18.6086372473698418 -7.79007330823603272 -0.253079801797866821 2.03000020980834961 48.5
18.2399612815531817 -8.61950182552071098 0.196690410375595093 1.78640007972717285 47.5
17.9043897858198804 -9.27749830883773363 -0.625737190246582031 1.54280006885528564 47.5
16.7388644103114537 -11.2136718689430008 -1.04626333713531494 0.812000036239624023 47.5
16.684536919561868 -11.2943457672807206 -1.04626333713531494 0.730800032615661621 47
16.5034680394417066 -11.5363674622938799 -1.25636589527130127 0.649600028991699219 46
18.2492493526161255 -8.74517004493380412 0.741207897663116455 1.70520007610321045 45.5
18.0126750706713281 -9.23101282520790534 -0.628063321113586426 1.54280006885528564 46
17.8757219780747221 -9.5017689579648259 -0.487299412488937378 1.46160006523132324 45
18.4829191762838079 -8.45246508224633786 -0.207850649952888489 1.94880008697509766 45.5
18.4623401503677407 -8.49818154002291237 0.169052183628082275 1.86760008335113525 48
18.602000215571401 -8.37404076969686884 -0.0333782881498336792 1.86760008335113525 46.5
18.567153511839809 -8.43777015150582521 0.474224478006362915 1.78640007972717285 46.5
18.8124306762641389 -8.43547338841070271 0.570824563503265381 1.94880008697509766 50
18.853815468318146 -8.35815465891106335 0.255912810564041138 1.86760008335113525 47.5
18.9152307282795249 -8.38854825775636037 0.579952538013458252 1.94880008697509766 51.5
18.8837895295292668 -8.4661481491324615 0.465678542852401733 1.86760008335113525 53
18.9656130762668376 -8.41894185660165917 1.01372337341308594 1.94880008697509766 52.5
18.9710549453514048 -8.41894185660165917 0.906194210052490234 1.86760008335113525 52.5
19.0522024469912168 -8.43370224090987541 0.780215978622436523 1.94880008697509766 52.5
19.0140745200812518 -8.52749689048440729 0.685034990310668945 1.86760008335113525 50.5
19.174228425937752 -8.3672927845584244 0.439362466335296631 2.03000020980834961 47.5
19.1347021442195171 -8.45096571240400962 0.547753632068634033 1.94880008697509766 51.5
19.1050895347458152 -8.53463864024959307 -0.105568274855613708 1.86760008335113525 48.5
19.1624988971835926 -8.5652282744619157 0.659913003444671631 2.03000020980834961 48.5
19.227931400227213 -8.39728262202148557 0.878817081451416016 1.94880008697509766 48.5
19.2038649217713306 -8.49437620233861068 0.239090681076049805 1.86760008335113525 49
19.5510791566358719 -7.86633284832602264 -0.178163617849349976 2.11120009422302246 45
19.2315877107101514 -8.61952039255811009 -0.0747151225805282593 1.86760008335113525 50
19.2729233835911948 -8.52471356880861642 -0.198279082775115967 1.78640007972717285 46
19.5292570165524104 -8.1189732694395822 0.113912321627140045 2.11120009422302246 45.5
19.2932695509800638 -8.6501951532798671 -0.516163468360900879 1.86760008335113525 48
19.5884773362937139 -8.34689937475263299 0.557570040225982666 2.11120009422302246 48
19.5253928744706258 -8.34689937475263299 1.66683471202850342 2.03000020980834961 50
19.5143927351003867 -8.43207181735214917 1.33366942405700684 1.94880008697509766 47.5
19.7074737273825669 -8.25342292531609623 0.622172117233276367 2.11120009422302246 48
19.6612638335338232 -8.35225031956745312 0.751803159713745117 2.03000020980834961 49.5
19.6236351994130231 -8.44840670316336961 0.654218018054962158 1.94880008697509766 48.5
18.8342524836450593 -10.085736234949378 -0.662955701351165771 1.54280006885528564 45
18.6663631267538221 -10.4035865029469896 -0.472120106220245361 1.38040006160736084 45
19.6884733245954955 -8.47805053700477451 0.767593860626220703 1.94880008697509766 45
18.7513928694322978 -10.4079260939581228 -0.403598099946975708 1.38040006160736084 47
18.3846268433916897 -11.0270945018139876 -0.714977741241455078 1.13680005073547363 45.5
18.3736776631505627 -11.1651720940191268 -1.03566157817840576 1.13680005073547363 45
20.1780719867006297 -7.64932479785193653 -0.945119917392730713 2.27360010147094727 47.5
19.9447720365978931 -8.29171692978163222 0.116335980594158173 2.11120009422302246 46
19.9451108504281081 -8.29171692978163222 0.00294476514682173729 2.03000020980834961 47
20.1416178956248508 -8.19981527286301315 0.375143319368362427 2.11120009422302246 45
20.6582293862772524 -7.70949309238916758 -0.0616354756057262421 2.27360010147094727 46
20.6837971427761254 -7.78548060241706352 1.04042232036590576 2.19239997863769531 45.5
21.0034556483341817 -7.61050610446366704 -0.676442384719848633 2.35480022430419922 46.5
20.9652797545998268 -7.74456272575330296 -0.036568857729434967 2.27360010147094727 50
20.7595020892927238 -8.1020470491923291 1.70950555801391602 2.19239997863769531 46.5
20.6225160318415917 -8.52935252955304257 1.21839916706085205 2.11120009422302246 45.5
21.0480248851353586 -7.73692483512773865 0.0366922840476036072 2.27360010147094727 49
20.6755612112265688 -8.65885466879562138 0.652734994888305664 2.11120009422302246 45
20.7055475825297677 -8.60841473868613249 0.236969172954559326 2.03000020980834961 45.5
20.776156768942478 -8.63720498265067071 0.00306746363639831543 2.11120009422302246 47.5
20.7381709992272114 -8.7271758678866167 0.121183313429355621 2.03000020980834961 50.5
19.6749676002149769 -10.8471148512585582 -1.2189185619354248 1.38040006160736084 45.5
19.1855952081420469 -11.6962150806727863 -1.16683638095855713 1.13680005073547363 46.5
18.9772783323639054 -11.9970552281804732 -1.4776921272277832 1.05560004711151123 45.5
20.8454113293256071 -8.66599595880014917 0.00307768862694501877 2.11120009422302246 52.5
20.8241752586085838 -8.7167732788712442 -0.0477123446762561798 2.03000020980834961 53
20.7690796635112527 -8.84653754127515235 0.121587261557579041 1.94880008697509766 46
19.7563001759520276 -10.8324949485001856 -1.4058220386505127 1.38040006160736084 46.5
19.3054052954153939 -11.675962654125593 -0.777089178562164307 1.13680005073547363 47
21.4064290058087288 -7.40132416500432111 0.0880190432071685791 2.35480022430419922 47.5
20.9507214170675589 -8.60421623771056865 0.239346787333488464 2.11120009422302246 52.5
20.9143530062052001 -8.69478693494962585 -0.11427103728055954 2.03000020980834961 52
20.8492482727204802 -8.85045532082925845 -0.0293401647359132767 1.94880008697509766 45.5
21.4656547684623469 -7.45138884032251703 0.357879728078842163 2.35480022430419922 45.5
21.0782761142309205 -8.48220215931530497 -0.429134786128997803 2.11120009422302246 47.5
21.2496397705353779 -8.41527679906867476 -0.949489951133728027 2.19239997863769531 46
21.4353718999957756 -8.19910327592217847 0.0453758314251899719 2.27360010147094727 48.5
21.3822528668869332 -8.3367587349093295 -0.0156473461538553238 2.19239997863769531 48
21.4048655679602078 -8.47045950335517439 0.483456194400787354 2.27360010147094727 45
21.841733050778867 -8.39495892157553669 -0.153151720762252808 2.27360010147094727 47.5
21.8037111395631413 -8.48268054040077857 0.449858665466308594 2.19239997863769531 45.5
22.0790501771043637 -8.36644884989375193 0.811623573303222656 2.19239997863769531 45
22.1358318538299663 -8.43447085943759234 0.744759023189544678 2.35480022430419922 45
22.1898363449472882 -8.28639377271993638 0.798051893711090088 2.27360010147094727 48
22.1850824592834996 -8.28639377271993638 0.920770943164825439 2.19239997863769531 46.5
22.3019932728659391 -8.23834395880853876 -0.0389004312455654144 2.35480022430419922 47
22.2737098184678253 -8.31261680373108192 0.18153911828994751 2.27360010147094727 51
22.3018678846151666 -8.23834395880853876 0.0842879191040992737 2.19239997863769531 47
22.4197119854104301 -8.12127831752189344 -0.473139852285385132 2.35480022430419922 47
22.3446146563183419 -8.33883916786284729 -0.0666669383645057678 2.27360010147094727 50.5
22.3589116379930886 -8.29711516916732172 -0.243898540735244751 2.19239997863769531 47.5
22.4534625572903295 -8.25444486457866233 -0.33437114953994751 2.27360010147094727 47
22.8350261734346702 -8.4797565970303701 0.892194747924804688 2.35480022430419922 47
22.8595317847298531 -8.40970113663823682 0.927068173885345459 2.27360010147094727 45.5
23.2372398956200321 -8.51124639923602366 0.389770030975341797 2.35480022430419922 45
23.3768760431841329 -8.33850189993206392 0.521250784397125244 2.35480022430419922 45
23.49875998876362 -8.20500784550362994 0.704412877559661865 2.35480022430419922 46.5
15.024107199026405 -21.2295313249878603 -0.940177798271179199 -2.76080012321472168 46
24.5582076129937263 -8.38384371259477668 1.97644650936126709 2.35480022430419922 46
24.6869446055443866 -8.45366450032555328 0.548021972179412842 2.43600010871887207 49.5
24.6922346954337684 -8.39495849685106954 1.01401352882385254 2.35480022430419922 48.5
24.771696548835493 -8.43216545265139672 0.626311838626861572 2.43600010871887207 48
24.7901033695240365 -8.37329075205103734 0.685182869434356689 2.35480022430419922 45.5
25.0925493582247938 -8.40970997171749524 0.752578198909759521 2.43600010871887207 47.5
16.9336019616316662 -20.4435228153269577 -0.466980189085006714 -1.94880008697509766 47
16.8320836886296767 -20.5264647287289677 -0.497748464345932007 -2.03000020980834961 45.5
15.523829380692197 -21.5151323364809031 -1.00617218017578125 -2.59840011596679688 45.5
15.5451393807088696 -21.5151323364809031 -0.591852724552154541 -2.67960023880004883 47.5
25.1974500185874604 -8.35059184131417709 0.508606433868408203 2.43600010871887207 46.5
16.9648841388865108 -20.5012734647517902 -0.883843421936035156 -1.94880008697509766 46.5
15.7207902188706807 -21.7582405477044709 -0.598540306091308594 -2.51719999313354492 46
17.8910681055896958 -20.1165629690293173 -0.435032784938812256 -1.54280006885528564 46
17.753358685580185 -20.2410508147985233 -0.271672874689102173 -1.62400007247924805 45
17.4981987591716219 -20.4563811426155269 -0.55249476432800293 -1.78640007972717285 45
25.5029060962726213 -8.55265145798168902 1.18728995323181152 2.43600010871887207 47
18.0761412465712539 -20.0511378273589251 -0.452808737754821777 -1.54280006885528564 45.5
18.0791049138366162 -20.0511378273589251 -0.312924295663833618 -1.62400007247924805 45.5
16.1387157862771247 -21.6402487000976187 0.491459697484970093 -2.51719999313354492 46.5
16.397032654183505 -21.5447286886534002 -0.132903188467025757 -2.35480022430419922 46.5
16.3828021966688198 -21.5447286886534002 -0.695822358131408691 -2.43600010871887207 45
16.171273846841558 -21.7138927015982297 0.228887200355529785 -2.51719999313354492 47
25.9329813586412961 -8.00326682628930897 -0.742158889770507812 2.51719999313354492 46
14.4381500617875922 -23.0793318041061646 0.291404277086257935 -3.4104001522064209 49
14.4232193087745539 -23.0793318041061646 0.71823275089263916 -3.5728001594543457 50
14.2578438691173783 -23.2691335361397016 0.742538392543792725 -3.4104001522064209 56
14.4743223407586878 -23.142911876436262 0.435508757829666138 -3.49160003662109375 62.5
14.4693756846235839 -23.142911876436262 0.576937377452850342 -3.5728001594543457 58.5
14.5176999060407006 -23.2064919487663559 0.293009817600250244 -3.49160003662109375 63
14.5140873654136691 -23.2064919487663559 0.436705201864242554 -3.5728001594543457 58
14.7607655953082535 -23.1431552206746396 0.12912963330745697 -3.5728001594543457 47.5
26.2043956959700459 -8.51529455084897613 1.6060492992401123 2.51719999313354492 46
14.7304909258331289 -23.2636884097470258 2.77833700180053711 -3.5728001594543457 47
26.5800022523961701 -8.16051883809772605 1.0677635669708252 2.51719999313354492 46.5
26.657057242113801 -8.18251506889942704 0.926169216632843018 2.51719999313354492 46.5
26.7025867897554257 -8.27792136048697813 1.02396500110626221 2.51719999313354492 47
15.3428010340180165 -23.480771282276244 -0.23330359160900116 -3.32920026779174805 46.5
18.2373059750386055 21.399717084138679 0.684471189975738525 -1.38040006160736084 45.5
19.0279447659016476 -20.8119157843611333 -0.203792557120323181 -1.46160006523132324 45
26.9463098068285838 -8.31278519053638831 -0.184567451477050781 2.51719999313354492 45
27.0857096067221832 -8.31449077554747085 -0.97781139612197876 2.59840011596679688 45
16.9785443197842447 22.9770283103777899 2.14658308029174805 -1.94880008697509766 45.5
19.7168096148260261 21.8044443191274269 2.14226245880126953 -1.13680005073547363 46
19.7787732644481729 21.9448556995804438 0.65268629789352417 -1.05560004711151123 47.5
19.9871923543217385 21.8635825576839693 0.369603812694549561 -0.974400043487548828 47.5
20.1316247436466682 21.7303131753479377 0.389799207448959351 -1.05560004711151123 48.5
15.2808568388350849 -25.2962147427522908 2.94737744331359863 -3.5728001594543457 48
15.5962004929014189 -25.2410332435201674 2.48988890647888184 -3.5728001594543457 57.5
15.6202734797810638 -25.2410332435201674 2.33409523963928223 -3.65400028228759766 54.5
15.4650775207866626 -25.4239730748802657 2.33997440338134766 -3.49160003662109375 53
15.9302153738918424 -25.1852503230034515 1.71869301795959473 -3.65400028228759766 54
21.9468855508318015 20.3424179297935481 -0.161172866821289062 -0.243600010871887207 47.5
21.9883914627226424 20.393401950058248 -0.787353873252868652 -0.243600010871887207 54.5
22.021196653391236 20.3596628659496979 -0.742371737957000732 -0.324800014495849609 53.5
22.0152434214313999 -20.3596628659496979 0.901846826076507568 -0.406000018119812012 53
22.0083282450752691 -20.3596628659496979 1.05720674991607666 -0.487200021743774414 59
22.0526209646208819 -20.3146774204716287 0.997925400733947754 -0.568400025367736816 60
22.1436977325086488 -20.220957742392315 0.877313613891601562 -0.649600028991699219 54
16.3055165658586034 -25.0718882797774931 2.35173320770263672 -3.24800014495849609 48
16.1574540344545134 -25.1131249381323904 2.87537288665771484 -3.32920026779174805 49.5
21.9315533540540173 20.5233060116404289 -1.51871371269226074 -0.243600010871887207 54.5
22.0634459641406622 20.4105612432190355 -1.05779933929443359 -0.324800014495849609 53.5
22.070280686670916 -20.4105612432190355 0.904101431369781494 -0.406000018119812012 60
22.070280686670916 -20.4105612432190355 0.904101431369781494 -0.487200021743774414 67
22.1000491208195093 -20.3654633358504817 1.15820050239562988 -0.568400025367736816 66.5
22.1923363757607817 -20.2715093621659861 1.03525924682617188 -0.649600028991699219 58.5
16.2744518452170439 -25.1759067884964693 2.41280126571655273 -3.32920026779174805 49.5
22.4372421556820392 20.133685717057034 -0.476865381002426147 -0.0812000036239624023 46
22.1034311835219839 20.4953686940101534 -0.633058905601501465 -0.243600010871887207 50
22.1694004382703582 -20.4162505428016594 0.846768558025360107 -0.406000018119812012 60.5
22.1694004382703582 -20.4162505428016594 0.846768558025360107 -0.487200021743774414 66
22.1628837820200886 -20.4162505428016594 1.00291502475738525 -0.568400025367736816 64.5
22.2476794220572955 -20.3220622675534486 1.03784096240997314 -0.649600028991699219 57.5
22.4437433197964396 20.236645385298246 0.554283082485198975 -0.0812000036239624023 47.5
22.3098626353327951 20.3046296363126828 1.88221454620361328 -0.162400007247924805 53
22.4586751141966978 19.9609314784063514 3.27411270141601562 -0.243600010871887207 51
22.2671540768768494 20.3726138873271232 1.63741493225097656 -0.324800014495849609 48
22.0375597922537771 -20.6483277942190178 1.24222123622894287 -0.406000018119812012 53.5
22.1862857773650859 -20.512359292190137 0.750000834465026855 -0.487200021743774414 54.5
22.3030210609216795 -20.3726138873271232 1.04042255878448486 -0.568400025367736816 53
22.3097743286568893 -20.3726138873271232 0.883893430233001709 -0.649600028991699219 51
22.359880291378019 20.4231667927145857 1.00996959209442139 -0.0812000036239624023 58
22.4000582525600791 20.3550138445742661 1.41453063488006592 -0.162400007247924805 65.5
22.389602389080757 20.3550138445742661 1.57134068012237549 -0.243600010871887207 64
22.474896306990896 20.2338530478803769 1.88688504695892334 -0.324800014495849609 53
22.4446735617500686 -20.3550138445742661 0.00826302636414766312 -0.406000018119812012 47.5
18.2527633080019172 24.0239142194612612 2.7889554500579834 -1.86760008335113525 45.5
22.4075711535580737 20.4737196981020446 1.16975367069244385 0 54
22.4152270906436542 20.4737196981020446 1.01246953010559082 -0.0812000036239624023 65.5
22.4732564561332886 20.405398052835853 1.10146284103393555 -0.162400007247924805 69.5
22.4649972944558627 20.405398052835853 1.25872969627380371 -0.243600010871887207 66.5
22.4805022913625727 20.405398052835853 0.94209599494934082 -0.324800014495849609 54
20.0305075024556736 22.8346121067448848 -0.00621131248772144318 -1.21800005435943604 45
22.4628976420374116 20.5242713178757192 1.17264199256896973 0 58
22.4705724823817192 20.5242713178757192 1.01496946811676025 -0.0812000036239624023 66.5
22.5360088539663117 20.4557809797737953 0.944422125816345215 -0.162400007247924805 66
22.5940818046022542 20.3872906416718784 1.03364205360412598 -0.243600010871887207 60
22.5109493438483668 20.4557809797737953 1.42153322696685791 -0.324800014495849609 48.5
22.566395594520877 20.5061651880353821 1.42503452301025391 0 56
22.5389945026483929 20.5595666598792235 1.03618788719177246 -0.0812000036239624023 62
22.6025509565519798 20.5061651880353821 0.630528867244720459 -0.162400007247924805 57.5
22.2990719746752966 20.9045105179611568 1.45354282855987549 0 48
22.5934191052915558 20.6253758430368528 0.700906753540039062 -0.0812000036239624023 55
22.6580846296211647 20.556548114973328 0.632078051567077637 -0.162400007247924805 52
19.7292957657150652 23.4817833727933554 0.562535464763641357 -1.46160006523132324 45
18.7315885375184585 24.2867416666697196 -0.487256765365600586 -1.78640007972717285 48.5
22.570620915631487 20.7802767489458837 2.07599353790283203 -0.162400007247924805 45.5
19.7841528736424976 23.5391966279664366 -0.236893951892852783 -1.46160006523132324 45.5
22.7385360013715427 20.7076994584344405 2.08105683326721191 -0.0812000036239624023 47.5
22.6360420810672345 20.7770332735854524 2.47087550163269043 -0.162400007247924805 50
22.6090114850440038 20.9704524542087292 1.97050356864929199 -0.0812000036239624023 47.5
22.7938614679090676 20.7580836666960273 2.0861203670501709 -0.162400007247924805 48
21.7125338219313058 21.9589326288133044 -1.08681631088256836 -0.568400025367736816 50
21.7692144397211678 21.9125976206287127 -0.865725278854370117 -0.649600028991699219 50.5
21.694797998732323 21.9936838849517464 -0.65091317892074585 -0.730800032615661621 46
22.8073381662224648 20.8781377987465859 1.83828151226043701 -0.0812000036239624023 45
21.7726717785174166 22.012230193079688 -0.929044663906097412 -0.568400025367736816 51
21.8795601073710841 21.9232058754357908 -0.32942962646484375 -0.649600028991699219 53.5
21.7921404955448743 22.012230193079688 -0.12248152494430542 -0.730800032615661621 48
21.7328398479047813 22.1508889933076141 1.06035745143890381 -0.568400025367736816 46.5
24.1753749866073484 -19.5829609888655547 -0.908090412616729736 0 47.5
22.0530056712835361 21.904912867783672 1.61412477493286133 -0.487200021743774414 47
22.4458512678310171 21.4070739389704094 2.58586454391479492 -0.568400025367736816 47
22.1352874981512144 21.780453135580359 2.09919285774230957 -0.649600028991699219 46.5
24.1842125108689672 -19.7120216313156185 0.00850846339017152786 0 49
22.048979998715815 21.9576949817186602 2.26763653755187988 -0.324800014495849609 45
22.4599449575747272 21.4586564594068747 2.91839027404785156 -0.406000018119812012 46.5
22.280668723517902 21.7432643666628174 2.05968165397644043 -0.487200021743774414 59.5
22.264957732997928 21.7432643666628174 2.2230832576751709 -0.568400025367736816 61.5
22.2301683746768255 21.7432643666628174 2.54757809638977051 -0.649600028991699219 54.5
22.101982892353714 22.0104784379927025 2.27308773994445801 -0.324800014495849609 52
22.2446296350893711 21.842429685713995 2.49207019805908203 -0.406000018119812012 63.5
22.3017540114757011 21.7955323594966828 2.39003396034240723 -0.487200021743774414 69
22.3988908078553308 21.6782890439533986 2.5430748462677002 -0.568400025367736816 67.5
22.3988908078553308 21.6782890439533986 2.5430748462677002 -0.649600028991699219 57
22.2953005296729856 21.9379011169735598 2.11436772346496582 -0.324800014495849609 56
22.2789877374258083 21.8948088112080761 2.6620633602142334 -0.406000018119812012 68.5
22.2972986848440122 21.8477990231002757 2.88560247421264648 -0.487200021743774414 72.5
22.3466068803048259 21.8125416820194253 2.76852750778198242 -0.568400025367736816 68.5
22.4132169524403579 21.7302745528307746 2.87496280670166016 -0.649600028991699219 55.5
30.199902811997454 -8.39908214192701941 0.493708670139312744 2.67960023880004883 47
22.2242949350752674 22.1160440082017331 2.11942601203918457 -0.324800014495849609 55.5
22.2767199423868654 21.9903846672460439 2.77515077590942383 -0.406000018119812012 66
22.2817054091358173 21.9000670159341411 3.38280344009399414 -0.487200021743774414 68
22.3092337875303492 21.8647253262903511 3.42965984344482422 -0.568400025367736816 64
22.5771360932700915 21.6134066443789692 3.26562929153442383 -0.649600028991699219 50.5
22.3301810085701682 22.1688274644757755 1.46840977668762207 -0.324800014495849609 49.5
21.8856134111291603 22.4719169024666563 2.87802433967590332 -0.406000018119812012 50.5
22.2631273680230137 22.0428682175185315 3.27342343330383301 -0.568400025367736816 61
22.0569954069394605 22.2947867114330265 2.94645190238952637 -0.649600028991699219 56
22.1614049600513106 22.1688274644757755 3.10891127586364746 -0.730800032615661621 53.5
22.7330614735144003 21.8862337236229614 1.08689308166503906 -0.324800014495849609 45.5
22.6763533980741165 21.9177985099559329 1.54071307182312012 -0.406000018119812012 50.5
22.1323522511641535 22.3912703049504813 2.40222644805908203 -0.487200021743774414 64
22.1309356264545443 22.3478687237426463 2.78839731216430664 -0.568400025367736816 70.5
22.1775686091392963 22.2926303476599479 2.85915136337280273 -0.649600028991699219 70
22.2141694016274478 22.2216095784107672 3.11631345748901367 -0.730800032615661621 62
21.7982452353506346 22.9269631431228404 0.955758988857269287 -0.406000018119812012 47.5
22.1432755183781929 22.4919164041641544 2.3476865291595459 -0.487200021743774414 67
22.1467356039191259 22.4444567599141145 2.7369849681854248 -0.568400025367736816 74.5
22.2082958301252553 22.3455825010598659 3.03137016296386719 -0.649600028991699219 73.5
22.2747206526735475 22.2032035683097533 3.54643154144287109 -0.730800032615661621 63
22.1340797820154869 22.6641442337818511 1.70139539241790771 -0.406000018119812012 52.5
22.2929435674975061 22.4540340983278632 2.30579400062561035 -0.487200021743774414 65.5
22.234517002012403 22.4302480452575992 2.99764561653137207 -0.568400025367736816 70
22.2167443180872013 22.3271751486197978 3.79330277442932129 -0.649600028991699219 68.5
22.3532904098478902 22.1091363288090577 4.24170827865600586 -0.730800032615661621 58.5
22.1594963629821606 22.6342763163130911 2.80826711654663086 -0.406000018119812012 47
22.3622422823373235 22.5071174606034639 2.14471745491027832 -0.487200021743774414 55
22.3485394094118348 22.3799586048938401 3.30459880828857422 -0.568400025367736816 55
21.7942493901335972 21.8713231820553453 7.60894441604614258 -0.649600028991699219 50
22.0100439353544175 22.5985128881447572 4.01312589645385742 -0.730800032615661621 50
21.6980431178810491 23.3488519109669959 -0.204273253679275513 -0.649600028991699219 45.5
23.1995180277492707 22.0260733670274398 1.49506080150604248 -0.324800014495849609 47.5
30.9382401907482922 -8.26778117301575044 0.264186561107635498 2.76080012321472168 46.5
30.9239096488867986 -8.32380679567897452 -0.163752332329750061 2.67960023880004883 46.5
23.3740722186521914 21.9051755024257595 2.05576181411743164 -0.324800014495849609 45
31.011670218786854 -8.2871438542412772 0.0984802991151809692 2.76080012321472168 45.5
30.9995964055128468 -8.31923347226350884 0.474883764982223511 2.67960023880004883 45.5
20.5223596556045287 -25.5111800925846985 1.48766458034515381 -2.03000020980834961 47
19.757571488062144 26.2842443643042181 -2.78871822357177734 -1.05560004711151123 47.5
19.6185612822310667 26.3914596692103842 -2.75733113288879395 -1.13680005073547363 49
19.5733171555051868 26.525835546967329 -2.68719387054443359 -1.05560004711151123 47
19.7986803008282664 26.3770461920762678 -2.49386072158813477 -1.13680005073547363 48
32.2968649430966579 -7.79289436532210189 0.289940029382705688 2.84200000762939453 45.5
32.357952081893302 -7.81048572672593355 -0.921621203422546387 2.76080012321472168 45.5
20.2008407710509843 26.5579058068968834 -0.703049421310424805 -1.21800005435943604 45
24.9200327814592661 -22.2913932177662595 0.994159936904907227 -0.243600010871887207 45.5
24.7623954670226887 -22.4711288090589534 0.880180716514587402 -0.324800014495849609 56.5
24.8276825803805359 -22.3958906545643401 0.955409407615661621 -0.406000018119812012 58.5
24.9264161153336943 -22.2913932177662595 0.818624794483184814 -0.487200021743774414 54.5
32.4262236574488654 -8.18005935255364136 0.727429986000061035 2.76080012321472168 45
32.4279835088459905 -8.20513873738518029 0.0638551414012908936 2.67960023880004883 45
24.8235458644312672 -22.5215130173205402 0.706206321716308594 -0.243600010871887207 49.5
24.8833505951212182 -22.4461061657000478 0.95755159854888916 -0.324800014495849609 62
24.8833505951212182 -22.4461061657000478 0.95755159854888916 -0.406000018119812012 65
24.9321637675728844 -22.3874563922174445 1.05578887462615967 -0.487200021743774414 59.5
24.9230737045130688 -22.496321676835759 1.30997550487518311 -0.243600010871887207 51.5
24.9230737045130688 -22.496321676835759 1.30997550487518311 -0.324800014495849609 62
25.0242345889064737 -22.3913556369102444 1.1726231575012207 -0.406000018119812012 63.5
24.9798554419063841 -22.4375406944774731 1.23443520069122314 -0.487200021743774414 58
25.0356146112110771 -22.4876249967375017 1.23719072341918945 -0.243600010871887207 49
24.9787061275875395 -22.5465371879714702 1.31289958953857422 -0.324800014495849609 55.5
25.0800928198080939 -22.4413368464822405 1.17524063587188721 -0.406000018119812012 54.5
25.1281074950602523 -22.3908406825674113 1.11099541187286377 -0.487200021743774414 50.5
31.521062100914925 -11.618325714070405 2.33301591873168945 2.43600010871887207 49
31.6121817977700168 -11.4668372223259141 1.78534042835235596 2.35480022430419922 50.5
31.5956345446957521 -11.6062441954368403 2.46444439888000488 2.51719999313354492 49.5
31.5956345446957521 -11.6062441954368403 2.46444439888000488 2.43600010871887207 59.5
31.6350725389674032 -11.4923747938100984 2.49198174476623535 2.35480022430419922 62
31.6792452862529252 -11.3363315397290059 2.64111113548278809 2.19239997863769531 49.5
24.7756918108409074 22.7991289192633033 3.23968696594238281 -0.162400007247924805 46
31.7053734152953304 -11.5179136642551914 2.49751949310302734 2.51719999313354492 52
31.6909299704267866 -11.5179136642551914 2.67456817626953125 2.43600010871887207 63
31.7009177585222766 -11.4967798777152748 2.64698028564453125 2.35480022430419922 66.5
31.6592921046944724 -11.5179136642551914 3.02614593505859375 2.27360010147094727 62.5
31.6918728283069626 -11.4840996057913234 2.80558347702026367 2.19239997863769531 51.5
23.9950930244283853 23.9341309435070109 0.776494741439819336 -0.649600028991699219 46
31.7756742916232575 -11.5434525347002843 2.50305747985839844 2.51719999313354492 51.5
31.7611988210530072 -11.5434525347002843 2.68049836158752441 2.43600010871887207 61.5
31.7561046437283849 -11.5222718878476247 2.82792925834655762 2.35480022430419922 64
31.8049624441748762 -11.3867157479905927 2.82792925834655762 2.27360010147094727 60.5
31.8343403824157498 -11.3867157479905927 2.47539758682250977 2.19239997863769531 50.5
24.0936235867927131 23.8342450453160204 2.39308333396911621 -0.487200021743774414 47
24.0846953948567872 23.9106640711114729 1.58378493785858154 -0.568400025367736816 51
24.0846953948567872 23.9106640711114729 1.58378493785858154 -0.649600028991699219 49.5
31.8832481512709158 -11.5689914051453773 1.97932469844818115 2.51719999313354492 48.5
31.8690385531146312 -11.5477638979799746 2.30527257919311523 2.43600010871887207 54
31.941517707517999 -11.4119078521213844 1.95157516002655029 2.35480022430419922 52
31.85902972066431 -11.4119078521213844 3.01187992095947266 2.27360010147094727 52.5
24.148808515461134 23.9634475273855152 1.41102051734924316 -0.568400025367736816 47.5
24.163860412221144 23.8868598044641871 2.22002816200256348 -0.649600028991699219 46
24.5106422711481819 23.5735725930856823 4.27678442001342773 -0.324800014495849609 47.5
24.375466966595269 23.5735725930856823 4.98988723754882812 -0.406000018119812012 45.5
24.7038704605179262 23.6251564253534987 3.39019370079040527 -0.324800014495849609 49
24.6398361964047119 23.7625119859660145 2.85379743576049805 -0.406000018119812012 49.5
24.7270611590020053 23.7625119859660145 1.95908939838409424 -0.487200021743774414 46
32.9480073736378785 -9.58484271399243504 1.57553279399871826 2.76080012321472168 49
32.98172119705292 -9.46465659845647878 1.59658646583557129 2.67960023880004883 54
33.0703774062672977 -9.20282256103886276 1.2573082447052002 2.59840011596679688 53
24.9797341950627754 23.6767402576213115 0.711087882518768311 -0.406000018119812012 48.5
24.8163218847648039 23.8359043908938411 1.0395578145980835 -0.487200021743774414 50
24.5933273725501707 24.042387590814954 1.48752903938293457 -0.568400025367736816 46.5
33.0791685587154376 -9.36057172975726282 1.79697775840759277 2.67960023880004883 58.5
33.1344536070329312 -9.20140759648473683 1.588348388671875 2.59840011596679688 57.5
33.1489582633520428 -9.22291626314318513 1.07943987846374512 2.51719999313354492 48
24.910367200271569 23.8662768235882083 0.352810293436050415 -0.487200021743774414 48
33.2558240218141634 -8.82914287115401919 2.51920986175537109 2.84200000762939453 47.5
33.2063879046616961 -9.19558678914625283 1.73981702327728271 2.76080012321472168 51
33.189961752446834 -9.24300894323936539 1.80089259147644043 2.67960023880004883 56.5
33.189961752446834 -9.24300894323936539 1.80089259147644043 2.59840011596679688 57
33.189961752446834 -9.24300894323936539 1.80089259147644043 2.51719999313354492 47
33.4062144214605112 -8.66255634510918604 2.10134339332580566 2.84200000762939453 45
33.2667293775575601 -9.12484738198035039 2.34363150596618652 2.67960023880004883 49.5
33.2484598978226913 -9.24150026044316597 2.13663268089294434 2.59840011596679688 49.5
28.5758924414887581 20.2900104342781766 -1.93496203422546387 0.812000036239624023 45
28.4469616944748616 20.676210929925503 -0.738568782806396484 0.730800032615661621 46.5
26.3145486859443025 23.2640731993880792 4.98027133941650391 0 48.5
26.3751498722081941 23.405927304262395 3.87166857719421387 -0.0812000036239624023 48.5
26.0962042413698576 23.9733437237596689 1.65612125396728516 -0.243600010871887207 47
25.9389609317829546 24.1151978286339848 2.02566671371459961 -0.324800014495849609 45.5
28.2130538288253909 21.4820310069044673 -1.01082897186279297 0.568400025367736816 45.5
26.3432996654625811 23.4554117945193106 4.43587732315063477 0 48
26.3345555034471523 23.3132577836434365 5.1755070686340332 -0.0812000036239624023 45.5
23.8003641134351973 26.3473574532753858 1.77824628353118896 -1.13680005073547363 46.5
29.1931442117021547 20.642921226467994 -2.61778664588928223 0.893200039863586426 46.5
29.2808902657261925 20.642921226467994 -1.31221139430999756 0.812000036239624023 46.5
26.082200008706188 24.5423070193173416 2.82841110229492188 -0.324800014495849609 47.5
29.0768870253751501 21.0946224042019743 0.396772712469100952 0.730800032615661621 47.5
27.5718484593288302 23.9526498740674683 0.373518764972686768 0 45
28.854775147141126 -23.3579881818411828 0.26829192042350769 0 48.5
25.4078068803722701 26.9208352371845869 2.82447028160095215 -0.893200039863586426 45.5
25.3067624731620739 27.1156784355236802 1.60419774055480957 -0.974400043487548828 45.5
30.1860661941167479 21.5765646541694842 -1.23240125179290771 0.812000036239624023 45
28.8453857626984664 -23.3069578203714194 -1.73062455654144287 0.0812000036239624023 47
29.0110772642225747 -23.2052911959750148 -1.92663633823394775 0.0812000036239624023 49
25.7725681705973422 26.8293190756360573 2.32124233245849609 -0.812000036239624023 47
30.8902735881393689 20.9512218503751342 -2.73279404640197754 0.974400043487548828 46.5
30.8479261410122234 21.1665879484771544 -2.5750577449798584 0.974400043487548828 46.5
30.9649929820980496 21.208921555009443 -1.797660231590271 0.974400043487548828 47
34.7918058720788181 15.4397920792634817 -1.65930461883544922 2.11120009422302246 45.5
34.8103558858804192 15.6705396091851199 0.0650658532977104187 2.19239997863769531 47.5
34.7851088573621041 15.6705396091851199 -1.32708406448364258 2.11120009422302246 52.5
34.5104294566227949 15.7230132578003516 -4.37583255767822266 2.03000020980834961 51
30.1544867346204768 -23.408017614085658 -0.320120424032211304 0.243600010871887207 46
34.8179601473520108 15.8208178507081154 -0.688414633274078369 2.19239997863769531 47.5
34.7624375715345764 15.8208178507081154 -2.08257436752319336 2.11120009422302246 55
34.6883798426223109 15.8208178507081154 -3.07904744148254395 2.03000020980834961 55
34.7341030544626079 15.6439688294162131 -3.44540047645568848 1.94880008697509766 49
30.4790443928003967 -22.9425757351658461 -2.78003406524658203 0.406000018119812012 46
30.4610745020759595 -23.042949504007197 -2.05132651329040527 0.324800014495849609 47
34.8305999072077839 15.8518393777441737 -2.08665776252746582 2.11120009422302246 52
34.8266766271602748 15.7847923229742584 -2.59782028198242188 2.03000020980834961 53
34.8867738702801873 15.6746435901379702 -2.45442438125610352 1.94880008697509766 47.5
30.8699856914223254 22.6810608135940797 1.19128119945526123 0.649600028991699219 45.5
30.6341881553324562 -22.9875616353994054 -1.38713395595550537 0.324800014495849609 47.5
30.4541597189785307 -23.5102371877890199 0.37247765064239502 0.243600010871887207 47.5
30.5442460735275745 -23.5175290414251243 -0.278588771820068359 0.243600010871887207 48
33.0653275052306412 21.3245055960006589 -1.52976047992706299 1.13680005073547363 45.5
33.0903028007889688 21.4538579023665505 -1.03268122673034668 1.13680005073547363 46
32.2483214061396595 -22.8479384923123305 -0.493115693330764771 0.649600028991699219 48
32.0147665164751771 -23.1788532953786763 0.145515546202659607 0.568400025367736816 47.5
32.0404687395443588 23.2228363849195283 1.50612926483154297 0.730800032615661621 46.5
31.3180392270109245 24.2273613766388287 0.612832427024841309 0.487200021743774414 48.5
31.3576833191451918 24.1580837910030155 1.11487269401550293 0.406000018119812012 45
32.0911975897990587 23.2271573061681025 2.18176746368408203 0.812000036239624023 45
32.0906927135944358 23.2668194744603802 1.71708798408508301 0.730800032615661621 47
32.5818616882786785 -22.632224781783858 0.557196438312530518 0.649600028991699219 46.5
31.1325419769132559 24.5905443412153204 -0.419256627559661865 0.487200021743774414 45.5
31.8106533381464764 -23.6931877836024221 0.906069099903106689 0.406000018119812012 47.5
32.4339760637807757 -22.9780017712275004 0.33332902193069458 0.730800032615661621 50.5
32.4339760637807757 -22.9780017712275004 0.33332902193069458 0.649600028991699219 55
32.2295701213468107 -23.2064903318579532 1.6661832332611084 0.568400025367736816 50.5
32.46613807424675 -22.8885932040242785 1.4576723575592041 0.487200021743774414 46
32.0306810966385811 -23.5243874596916207 0.837336301803588867 0.406000018119812012 48.5
32.4046254142129939 -23.1457697997013376 0.494144409894943237 0.730800032615661621 55.5
32.4365733969706227 -23.0910281381668909 0.838916182518005371 0.649600028991699219 64
32.4231714409812426 -23.0910281381668909 1.25419211387634277 0.568400025367736816 64
32.4828340834112979 -23.0213569325775929 0.955642044544219971 0.487200021743774414 57.5
32.2356303347155659 -23.3846425045789239 -0.23078639805316925 0.406000018119812012 47
32.4617845749441187 -23.1893592626151488 0.704510927200317383 0.730800032615661621 57
32.4976598428038699 -23.1345145083926624 0.840496063232421875 0.649600028991699219 67
32.5494946872607755 -23.0647120939276853 0.748030006885528564 0.568400025367736816 67.5
32.6153752044731604 -22.9749661324727121 0.631072044372558594 0.487200021743774414 59.5
27.5258204513475278 28.7726907458711629 3.53020381927490234 -0.649600028991699219 45.5
27.4385927951011226 28.7726907458711629 4.15412998199462891 -0.730800032615661621 48
32.6147805305700871 -23.1080672552777777 0.542330801486968994 0.730800032615661621 57
32.5266779732725695 -23.2329487255289564 0.496005594730377197 0.649600028991699219 64
32.5696343740883307 -23.1780008786184375 0.00817566458135843277 0.568400025367736816 64.5
32.5689032533571918 -23.1780008786184375 0.218028128147125244 0.487200021743774414 57
27.6276682413625885 28.8266738261514348 3.12051081657409668 -0.649600028991699219 52
27.6035205827493115 28.8266738261514348 3.32735347747802734 -0.730800032615661621 54.5
32.6718624487384162 -23.1514224166278701 0.750842154026031494 0.730800032615661621 51
32.7415912189242704 -23.0613390609211457 -0.406834691762924194 0.649600028991699219 55
32.5985268044467631 -23.221487248844209 -1.44956862926483154 0.568400025367736816 56
32.3031099510582465 -23.5167604703273589 -2.73381972312927246 0.487200021743774414 48
27.6794033386726213 28.8806541607381853 3.12635421752929688 -0.730800032615661621 52.5
27.42349216167527 29.2015503180797182 2.28845572471618652 -0.812000036239624023 46
32.9180563523627114 -22.7836271712490124 -2.70618700981140137 0.649600028991699219 46.5
32.5771431275749137 -23.3201254343043942 -2.21743941307067871 0.568400025367736816 51
32.4679344166501522 -23.5607975523105431 -0.858911514282226562 0.487200021743774414 50.5
32.9071950469439258 -23.0171020552684986 -1.83563888072967529 0.730800032615661621 47
32.8245108544150455 -23.1477097928147622 -1.66587316989898682 0.649600028991699219 53.5
32.7438549329524804 -23.2381305341929476 -1.96704745292663574 0.568400025367736816 51
32.456793776883579 -23.6048368742266881 -2.32556676864624023 0.487200021743774414 46.5
32.8857512352725792 -23.1908962570389789 -1.66898119449615479 0.649600028991699219 51.5
32.8745068529060944 -23.1908962570389789 -1.87746548652648926 0.568400025367736816 47
29.6964220421010658 27.2881528081603726 2.76766872406005859 -0.243600010871887207 46.5
29.7461073790577579 27.4248127740140575 1.81623852252960205 -0.243600010871887207 45.5
36.3017139841998073 22.2566239067861957 -1.26029658317565918 1.29920005798339844 46.5
36.4698782478889711 22.1358290085515854 -1.05311477184295654 1.29920005798339844 45
36.6392318071981933 22.1494171726386213 -0.975085735321044922 1.38040006160736084 45
30.6640890355008651 30.106058149343859 4.42481660842895508 -0.406000018119812012 48.5
30.8553989222677245 29.9441105530590583 4.18744373321533203 -0.487200021743774414 48.5
36.4225420756574607 23.2280845707243486 -3.61624431610107422 1.13680005073547363 45
36.3068910701400611 23.6722783521607774 -0.809752464294433594 1.05560004711151123 46
36.3269064614484876 23.7132342654984107 -1.94149386882781982 1.21800005435943604 45.5
36.2486859226443059 23.7132342654984107 -3.0734710693359375 1.13680005073547363 45.5
32.6461944319410904 28.7278910951813202 1.08829617500305176 0 47
36.1273700603969203 -24.1781758924061521 -1.57443773746490479 0.812000036239624023 47.5
32.4885301555193351 29.0387878719375507 -0.157453417778015137 0 47
32.7376878138562546 28.7501968805232089 0.671376824378967285 -0.0812000036239624023 48
36.1670120430659168 -24.2198628266225811 -2.03129863739013672 0.812000036239624023 49.5
36.1953912755776059 -24.1926372613948146 -1.84135079383850098 0.730800032615661621 46.5
32.542568087992791 29.0887690815095468 -0.383889317512512207 0 45.5
32.9255430790820185 28.6251378473208504 1.35382676124572754 -0.0812000036239624023 47
36.1807572358135658 -24.2015504246498878 -3.24967575073242188 0.812000036239624023 46.5
36.1437027548600582 -24.4360932842982876 -1.35382544994354248 0.730800032615661621 47.5
36.8375196087274972 -23.5437605483349621 -0.751185119152069092 0.893200039863586426 45
36.1738135390352085 -24.4780801245162749 -2.03829121589660645 0.812000036239624023 45.5
36.3035180026314848 -24.3032366950554426 -1.81194794178009033 0.730800032615661621 47
43.0241429360184711 -10.9355116218196748 0.835415959358215332 2.84200000762939453 47.5
42.8707593881689704 -11.3627233898968498 2.08487439155578613 2.76080012321472168 53.5
42.8510837689214341 -11.2628557038528356 2.87973284721374512 2.67960023880004883 54
42.778728424078551 -11.2628557038528356 3.80638813972473145 2.59840011596679688 48.5
37.402540863080425 -23.7907020975965331 -2.53227138519287109 0.974400043487548828 45
42.8640451700525205 -11.687584100348948 2.02478933334350586 2.84200000762939453 50.5
42.9312008754829506 -11.3819173739965027 2.32158565521240234 2.76080012321472168 57.5
42.8973129593362756 -11.4819537571663943 2.45178031921386719 2.67960023880004883 57.5
42.8683362752084705 -11.4819537571663943 2.91485428810119629 2.59840011596679688 51.5
42.9823634915059358 -11.5013164383919229 2.2223670482635498 2.84200000762939453 49.5
43.0706956200897153 -11.1617325551673794 2.24360466003417969 2.76080012321472168 57
42.9905144627548665 -11.4011113580961538 2.55598640441894531 2.67960023880004883 55.5
42.9428755114151244 -11.5792537230664081 2.55598640441894531 2.59840011596679688 48.5
43.1081091366757008 -11.4203043659492209 1.63036167621612549 2.76080012321472168 49.5
43.1526468000775267 -11.1136067389339832 2.39321565628051758 2.67960023880004883 49.5
43.7204791095598608 -9.29459240941470988 0.469310730695724487 3.00440025329589844 49.5
43.7129887756123736 -9.29459240941470988 0.935519039630889893 2.92320013046264648 56.5
43.8058197872819406 -8.88683685299206871 0.405311346054077148 2.84200000762939453 56.5
43.7968720739258472 -8.93710808597568196 -0.228562965989112854 2.76080012321472168 47
39.2642168644175129 -21.3485169403744095 0.807543814182281494 1.54280006885528564 47
39.4103748820152617 -21.0915750829026116 0.24075084924697876 1.46160006523132324 50
43.8709540198052608 -8.95210338605353506 0.00610425276681780815 3.00440025329589844 58
43.8384236570751753 -9.06959974299548755 0.857734620571136475 2.92320013046264648 63.5
43.8609442971713435 -8.95210338605353506 0.937088727951049805 2.84200000762939453 63
43.8913275580627058 -8.83460702911158258 0.549457728862762451 2.76080012321472168 53
39.4091123506510499 -21.2444603480282979 0.628820896148681641 1.54280006885528564 53
39.4490402797456241 -21.1773195726328964 0.308311164379119873 1.46160006523132324 54
39.2835012268918504 -21.4850481265284827 0.00915735773742198944 1.38040006160736084 48
43.9537235799029986 -8.91665875602189928 -0.293540775775909424 3.00440025329589844 59
43.9543700590529554 -8.91665875602189928 0.17123115062713623 2.92320013046264648 64.5
43.9407674422715644 -8.91665875602189928 1.10678982734680176 2.84200000762939453 63
43.9501190464112597 -8.78775671240876122 1.63858211040496826 2.76080012321472168 53.5
39.5126194984015129 -21.2127928293795662 0.541204154491424561 1.54280006885528564 51.5
39.5369978787144234 -21.1623528992700756 0.709362983703613281 1.46160006523132324 50.5
38.755310291540269 -22.5242310122262772 -1.48578929901123047 1.29920005798339844 46.5
43.9805826876326762 -9.13366682222652138 -0.735051274299621582 3.00440025329589844 54
44.0281627170863175 -8.93156970753681456 -0.0612578988075256348 2.92320013046264648 59
43.9801181834324382 -9.09998396977823809 1.09332859516143799 2.84200000762939453 57.5
43.9983386301035537 -8.86420400264024444 1.95654356479644775 2.76080012321472168 50.5
39.6875952606640681 -21.0180999277296259 1.17906379699707031 1.54280006885528564 45
39.1502861736577898 -22.034199309919547 -0.0704425349831581116 1.38040006160736084 48
39.0025437232049441 -22.2755930857989171 -0.924913227558135986 1.29920005798339844 53
38.7746661486203195 -22.6854011239197142 -0.392039388418197632 1.21800005435943604 49.5
44.0985122762032091 -8.94647990064923171 -0.530745148658752441 2.92320013046264648 48.5
44.0540030384267709 -9.14891439243010574 -0.736278355121612549 2.84200000762939453 45.5
39.309093545612825 -21.9022873746252422 -0.291454136371612549 1.38040006160736084 49
39.0676538301436764 -22.3127795385142349 -0.92645728588104248 1.29920005798339844 51.5
38.7479916850959611 -22.8526048499299037 -1.16262626647949219 1.21800005435943604 50
38.6766996078440783 -23.2108771969425867 -1.97249269485473633 1.13680005073547363 46.5
38.7271167620518142 -23.4974352649582698 0.413840562105178833 1.21800005435943604 45.5
38.770187371970728 -23.4295072420289792 -0.145153194665908813 1.13680005073547363 49.5
38.854223315981038 -23.287990527592946 -0.330457746982574463 1.05560004711151123 46.5
38.9746747961838054 -23.2244845089051388 -0.699108660221099854 1.13680005073547363 45
38.5392808276419601 -23.950249649808427 0.00928006879985332489 1.05560004711151123 45
39.528334056616707 -22.5730960563880032 -0.70141977071762085 1.29920005798339844 45.5
38.7789983450028259 -23.7848071098181038 -1.73147666454315186 1.13680005073547363 45
39.4729547006060812 -22.8211161855663356 -0.665272653102874756 1.29920005798339844 45.5
38.9174740118458757 -23.8974214673309966 -0.741094470024108887 1.05560004711151123 45
27.8541639406246162 -36.580646102465245 2.56995224952697754 -2.19239997863769531 48.5
27.952830608799637 -36.5115934434705025 2.47904419898986816 -2.27360010147094727 51
39.5350387209640459 -23.5699742702057016 -1.42826259136199951 1.21800005435943604 47
27.9983545360843884 -36.5710561557887246 2.48308157920837402 -2.19239997863769531 49.5
28.2417569336706293 -36.3981433607258893 2.25696253776550293 -2.27360010147094727 50.5
39.6138764201353197 -23.6083602859118358 -0.949618697166442871 1.21800005435943604 46
40.9300687577432569 21.7137432105031856 -1.25120937824249268 1.70520007610321045 46
40.7583944441673509 21.9917532596107215 -1.85442245006561279 1.62400007247924805 45.5
40.9728674167696738 21.7198728325699904 -2.17996001243591309 1.70520007610321045 47.5
36.3989740748488302 -29.0533987363114079 0.495342373847961426 0.243600010871887207 46
36.5538909299474639 -28.8380590421520466 1.18745124340057373 0.162400007247924805 49
36.6320613835790212 -28.8844976120806471 -0.0254441313445568085 0.243600010871887207 50
36.6537638682456119 -28.8495214293011344 0.655153453350067139 0.162400007247924805 53
36.7598277209869693 -28.6746405154035742 1.64395642280578613 0.0812000036239624023 48.5
36.6909559701159438 -28.9309361820092477 -0.0254850387573242188 0.243600010871887207 48
36.7184847033472153 -28.8959037668544418 -0.0732649341225624084 0.162400007247924805 49.5
38.3869606149069682 28.7906832755022393 1.24013626575469971 0.730800032615661621 45.5
38.5338755143766889 28.4068074984955459 3.49193620681762695 0.649600028991699219 46.5
38.6364150759426082 28.4511935867259886 2.99379515647888184 0.568400025367736816 47.5
42.9264022738220774 21.9292515650838347 -1.44314348697662354 1.78640007972717285 46.5
42.5618475787617712 22.62726669995007 -3.06367230415344238 1.78640007972717285 48.5
42.7655321600721123 22.1444229186761312 -3.69108223915100098 1.70520007610321045 46
42.5523885387878522 23.0547398018016878 -2.27504706382751465 1.70520007610321045 46.5
42.9217520447904803 22.4735278740251765 -0.257642894983291626 1.62400007247924805 46
36.6327632000649146 -31.8221033027047469 0.264660775661468506 -0.0812000036239624023 50.5
36.5772118802904913 -31.8221033027047469 2.03400111198425293 -0.162400007247924805 57
36.786134344560466 -31.597747772559913 1.74309313297271729 -0.243600010871887207 58.5
36.7451238004708429 -31.6280660874443491 2.03400111198425293 -0.324800014495849609 57
36.9848303995729424 -31.3794559053919713 1.45873725414276123 -0.406000018119812012 46
42.7992974967928959 22.7690544782119524 -2.1133267879486084 1.70520007610321045 46.5
36.8264629068298817 -31.6769507656981517 1.53053963184356689 -0.0812000036239624023 60.5
36.8151453906122086 -31.6769507656981517 1.78221070766448975 -0.162400007247924805 69.5
36.8151453906122086 -31.6769507656981517 1.78221070766448975 -0.243600010871887207 71
36.8429913884487306 -31.6465855905009725 1.74578726291656494 -0.324800014495849609 64.5
36.6902801424628038 -31.9204724712154615 2.04028868675231934 -0.0812000036239624023 66
36.6754009754360055 -31.9204724712154615 2.29224467277526855 -0.162400007247924805 74.5
36.8998484323370022 -31.6954234084420285 1.7484813928604126 -0.243600010871887207 74
36.9110658112043524 -31.6954234084420285 1.49309825897216797 -0.324800014495849609 65.5
36.7601439232446126 -31.9696570554708188 1.787711501121521 -0.0812000036239624023 67
36.9287735330807578 -31.7747201222057498 1.787711501121521 -0.162400007247924805 75
36.9155047731249226 -31.7747201222057498 2.04343247413635254 -0.243600010871887207 72
36.7150421930276778 -31.9696570554708188 2.55137896537780762 -0.324800014495849609 61.5
36.7185503837246614 -31.7442612263830846 4.54013347625732422 -0.406000018119812012 52
36.8166956852027525 -32.0188391380943003 1.79046165943145752 -0.0812000036239624023 64
37.0248115747756117 -31.7930965603295377 1.49769937992095947 -0.162400007247924805 70.5
37.0135596282441597 -31.7930965603295377 1.75386953353881836 -0.243600010871887207 68
36.6612970264821953 -32.0188391380943003 3.8241267204284668 -0.324800014495849609 51
36.8846899219872668 -32.0680237223496647 1.53998732566833496 -0.0812000036239624023 60.5
37.279884249821734 -31.6219555570044761 1.21340084075927734 -0.243600010871887207 61.5
37.1816885120341212 -31.6769502623210073 2.3028404712677002 -0.324800014495849609 55.5
37.3541131772640682 -31.6704559806937844 0.450753062963485718 0 54
37.1272737160207029 -31.8907721962116497 1.75925791263580322 -0.0812000036239624023 64
37.1143890735018687 -31.8907721962116497 2.01283001899719238 -0.162400007247924805 65.5
37.1143890735018687 -31.8907721962116497 2.01283001899719238 -0.243600010871887207 63.5
36.8660134886822135 -32.117208306605022 2.81653165817260742 -0.324800014495849609 56.5
37.1851835166616596 -31.9702563488429341 1.0332413911819458 0 52.5
37.3849765465811643 -31.7189564043830892 1.47451961040496826 -0.0812000036239624023 67.5
37.374090751042452 -31.7189564043830892 1.72853302955627441 -0.162400007247924805 70.5
37.3106019810289382 -31.774119806825496 2.05600738525390625 -0.243600010871887207 66
37.0800545638920269 -31.9396100141527093 3.29144072532653809 -0.324800014495849609 56
37.2134034789540067 -31.9884478320937653 2.27328968048095703 0 54
37.4712015630957325 -31.7674568280723939 -0.0602854117751121521 -0.0812000036239624023 59
37.6512879465180461 -31.5403271850504261 0.924320042133331299 -0.162400007247924805 66.5
37.6123554360430958 -31.5403271850504261 1.9453728199005127 -0.243600010871887207 66
37.4393486278544998 -31.6937931600652725 2.65796232223510742 -0.324800014495849609 56
37.3322178467099306 -31.8712868802058154 3.34166669845581055 -0.0812000036239624023 60
37.5137093022679551 -31.7421786578901646 2.40742683410644531 -0.162400007247924805 65.5
37.576517205912225 -31.6745505414391104 2.31696820259094238 -0.243600010871887207 64
37.5137093022679551 -31.7421786578901646 2.40742683410644531 -0.324800014495849609 53
37.5020951475649653 -31.8644552086169845 2.50504636764526367 0 50.5
37.4642826997474998 -31.8644552086169845 3.01822614669799805 -0.0812000036239624023 61
37.4194305006429033 -31.8644552086169845 3.53107762336730957 -0.162400007247924805 62.5
37.5564660910192671 -31.8644552086169845 1.48128342628479004 -0.243600010871887207 51.5
38.2844676145694933 -30.9162182806697317 2.5520179271697998 -0.324800014495849609 50
37.7846245846243747 -31.684785707978687 1.95428287982940674 0 49
37.7367075786636477 -31.684785707978687 2.72724509239196777 -0.0812000036239624023 59
37.5237544417945017 -31.8389545757676089 3.69751763343811035 -0.162400007247924805 61.5
37.2250089474543557 -31.9129556323062893 5.59326696395874023 -0.243600010871887207 59
37.285949660902574 -31.5737841231706646 6.94814777374267578 -0.324800014495849609 52
37.6162579344060006 -31.961456055995594 2.51267218589782715 0 53
37.7533441301075925 -31.732939365353694 3.24599885940551758 -0.0812000036239624023 56
37.8586304065176051 -31.6217690834197924 3.10140371322631836 -0.162400007247924805 59.5
37.3149177396830041 -31.732939365353694 6.59154653549194336 -0.243600010871887207 58.5
36.9139907309116992 -31.961456055995594 7.65854692459106445 -0.324800014495849609 53
37.8994726308166534 -31.7810930227286974 1.96022295951843262 0 60
38.1249384624145122 -31.5584150646091537 0.897634744644165039 -0.0812000036239624023 57
37.7251451600726782 -31.9357304936450532 2.67825222015380859 -0.162400007247924805 61
37.7314746594206198 -31.5584150646091537 5.53649520874023438 -0.243600010871887207 55.5
37.7314746594206198 -31.5584150646091537 5.53649520874023438 -0.324800014495849609 51
37.7169728775611901 -32.0099564796849023 1.74439108371734619 0.0812000036239624023 53.5
37.9568937332056535 -31.8292442309069514 1.96319293975830078 0 66.5
38.0440248427565066 -31.7177365633015924 2.07801342010498047 -0.0812000036239624023 67
37.7629538828962126 -31.9841159914699489 2.94214057922363281 -0.162400007247924805 63.5
37.3134134465533336 -32.0584544365401882 6.13559484481811523 -0.243600010871887207 51
44.3630234163991801 22.0041797407904802 -2.32787322998046875 1.86760008335113525 48
37.815424031636752 -31.9841159914699489 2.16580581665039062 0.0812000036239624023 57.5
38.1015806843012896 -31.7657215235507202 2.08115720748901367 0 67
38.1015806843012896 -31.7657215235507202 2.08115720748901367 -0.0812000036239624023 67.5
38.0513939642518224 -31.7657215235507202 2.85535073280334473 -0.162400007247924805 61.5
37.2119104055371963 -32.2930821347815495 6.12807941436767578 -0.243600010871887207 51
38.1015806843012896 -31.7657215235507202 2.08115720748901367 0.0812000036239624023 58.5
37.9824988845070237 -31.9255515456569618 3.2657012939453125 0 62.5
38.0884242261804786 -31.8137064837998516 3.12022852897644043 -0.0812000036239624023 62
38.0170473734132202 -31.8137064837998516 3.89461755752563477 -0.162400007247924805 58
37.4931292187830181 -32.0125421493236004 6.48369455337524414 -0.243600010871887207 52.5
36.4900499554098374 -32.6090491458948506 8.81488323211669922 -0.324800014495849609 45.5
37.8772151157142645 -32.0808919093473932 2.95104289054870605 0.0812000036239624023 55.5
37.8903957320247429 -32.1292798682861118 3.47387433052062988 0 55
38.0978884204551846 -31.749677685065997 4.533111572265625 -0.0812000036239624023 57.5
37.8044382885846417 -31.8616914440489793 5.97472715377807617 -0.162400007247924805 54.5
37.0343967465325221 -32.3906453059130754 7.70323514938354492 -0.243600010871887207 45.5
38.141627911618265 -31.9737052030319653 1.71424472332000732 0.0812000036239624023 52
38.0970777186371308 -32.0218588604069723 3.27555274963378906 0 48.5
38.4083216317224299 -31.5668966772988142 3.98093914985656738 -0.0812000036239624023 48.5
38.3083908548463441 -31.7974939481892527 2.98370265960693359 0.0812000036239624023 49.5
38.1010534116064008 -31.9576589239307758 4.69257688522338867 0 54
37.7562669307533554 -32.2260533250497332 5.56313419342041016 -0.0812000036239624023 45
38.2974455348617155 -31.8453077792763359 3.76624011993408203 0.0812000036239624023 52
38.4606323780965766 -31.8931240423995881 2.47164392471313477 0 60
38.4431257667290609 -31.8931240423995881 2.73049426078796387 -0.0812000036239624023 55
38.6293334625752749 -31.736846484371366 1.74584734439849854 0.0812000036239624023 54.5
38.7717970282919637 -31.7093027533267708 1.13049232959747314 0 57.5
38.7531898284776801 -31.7093027533267708 1.64946973323822021 -0.0812000036239624023 56
38.9970833017620109 -31.5686768567489366 -0.420747667551040649 0 49
38.7846328110345482 -31.83201040749044 -0.0786745473742485046 -0.0812000036239624023 48
39.0231002355980294 -31.4997085458404484 1.58014047145843506 0.0812000036239624023 45
39.0407848043081316 -31.6158651916814328 1.14757335186004639 0 51
45.5633969869153503 22.5333876250666556 -3.09503579139709473 1.86760008335113525 45.5
45.5923421405297447 22.8406104403299643 -0.80316084623336792 1.86760008335113525 45.5
39.8160550726181484 32.2851642272718564 3.42649126052856445 0.324800014495849609 48.5
39.8183625681389231 32.3001480845766267 4.27796125411987305 0.324800014495849609 45.5
43.5356935420738012 -28.38216047459035 0.705131828784942627 0.974400043487548828 50
43.5867931189051205 -28.2652545504387191 1.6332848072052002 0.893200039863586426 49
43.4421793084440182 -28.6637697761095289 -0.606797397136688232 1.05560004711151123 46.5
43.6020495484081749 -28.4231163879279869 0.436472386121749878 0.974400043487548828 53.5
43.7457871847351925 -28.188967145372974 0.943876504898071289 0.893200039863586426 52.5
43.6669357115459391 -28.4640723012656203 -0.106612116098403931 0.974400043487548828 48.5
43.8021657370391111 -28.2295856644588596 1.21526658535003662 0.893200039863586426 48
47.2504928270049973 22.333801512882463 1.12612223625183105 2.03000020980834961 45.5
47.3863550703597411 22.1892204929352488 -1.64149951934814453 2.03000020980834961 47.5
47.3510154971954833 22.1892204929352488 -2.45817780494689941 1.94880008697509766 47.5
41.1345948469212814 32.1782946947961364 3.60902738571166992 0.406000018119812012 45
44.6669331143941477 -28.43156864553114 -0.46206974983215332 1.13680005073547363 49
44.8195042930440124 -28.1933707234368605 -0.220206707715988159 1.05560004711151123 54
44.815943345132176 -28.1933707234368605 0.606460392475128174 0.974400043487548828 51.5
44.7695600934882663 -28.4122065692162131 0.289204299449920654 1.13680005073547363 51
44.8829886550480097 -28.2333050819566935 -0.220518618822097778 1.05560004711151123 56.5
44.9043528715326943 -28.2001751769086297 0.0108446432277560234 0.974400043487548828 55
44.946473017052007 -28.2732394404765266 -0.220830529928207397 1.05560004711151123 53
44.946981539369169 -28.2732394404765266 0.0543028563261032104 0.974400043487548828 52.5
44.8771666937892917 -28.3661343834867701 1.00635254383087158 0.893200039863586426 45
47.0197167021891715 -28.1846360359807271 0.743797004222869873 1.21800005435943604 48.5
47.0563622729506434 -28.0613196896881476 2.01048779487609863 1.13680005073547363 48
47.1500847279536828 28.0997076578874534 1.13402247428894043 1.46160006523132324 45
46.9128686479055261 28.4770230683327199 1.50072073936462402 1.38040006160736084 47
47.0786806431711682 -28.223192701305905 1.02924430370330811 1.21800005435943604 52.5
47.1601062686519512 -28.0997076578874534 0.583881855010986328 1.13680005073547363 54.5
47.2368797823123572 -27.9762226144690054 0.134744033217430115 1.05560004711151123 46
47.0505585468767862 28.43349067294265 0.17990480363368988 1.38040006160736084 47.5
47.1483629247805638 -28.2617493666310828 0.745832085609436035 1.21800005435943604 55
47.296300615672024 -28.014441885542432 0.708355724811553955 1.13680005073547363 56
47.6148813244279197 -27.4786090098503486 0.0112434560433030128 1.05560004711151123 46.5
47.2849799773264294 -28.1764835942860579 -0.848174870014190674 1.21800005435943604 51
47.5135302128581429 -27.7981372569604446 -0.480395495891571045 1.13680005073547363 49.5
54.3935898463273801 -9.72525315657183675 1.44316565990447998 2.92320013046264648 45
54.4673946518429517 -9.73844902064034734 1.44512391090393066 3.00440025329589844 48
54.7485585073451659 -8.56731869487560971 1.0617518424987793 3.08560013771057129 45
54.6537138276605745 -9.16294473186777125 0.971077084541320801 3.00440025329589844 52.5
54.7828326852107352 -8.75229334158880867 1.57764279842376709 3.16680002212524414 49
54.8376195754562872 -8.49568886168485626 0.953478574752807617 3.08560013771057129 55.5
54.7904464559233233 -8.75229334158880867 1.28638613224029541 3.00440025329589844 59
54.8054206217087412 -8.49568886168485626 2.10708117485046387 2.92320013046264648 56
54.8363997391286588 -8.43327155576227305 1.44904017448425293 2.84200000762939453 45
52.7306369834053754 17.3103995091962481 0.283788025379180908 2.59840011596679688 46.5
52.6098770800618567 17.6294212950227802 -1.28638434410095215 2.51719999313354492 47.5
54.8881231366445306 -8.66689549375858626 0.87142181396484375 3.16680002212524414 51.5
54.8881231366445306 -8.66689549375858626 0.87142181396484375 3.08560013771057129 57.5
54.8794789822717632 -8.50716905437040793 2.10992836952209473 3.00440025329589844 60
54.8227064044094661 -8.50716905437040793 3.26796078681945801 2.92320013046264648 58.5
54.64066037943293 -8.5905045879642401 5.40205192565917969 2.84200000762939453 48.5
52.6964731823634764 17.6532438662935292 0.159137830138206482 2.59840011596679688 52
52.752327313336032 17.4796281713063806 -0.484976887702941895 2.51719999313354492 51.5
54.9770010372976827 -8.60209782933693035 -0.675320148468017578 3.16680002212524414 50
54.9209258903607846 -8.77594782588779765 -1.89665317535400391 3.08560013771057129 51
54.7510929470295125 -8.2683058359592625 5.55659341812133789 3.00440025329589844 53.5
54.8684249529384047 -8.31002983513147342 4.16197299957275391 2.92320013046264648 57.5
52.7442284264394061 17.6770676492922192 -1.57811164855957031 2.67960023880004883 46.5
52.8169627016137539 17.5032176527413519 0.963636994361877441 2.59840011596679688 51
52.7931143314717062 17.4197696543969336 2.52217507362365723 2.51719999313354492 47
55.0059631205562383 -8.69028816188003717 -2.02450370788574219 3.16680002212524414 45.5
55.027566869931519 -8.78777536882420485 0.132969126105308533 3.08560013771057129 50
54.7585823847425601 -8.61369107070961881 5.70770597457885742 3.00440025329589844 53
54.8157976759231147 -8.61369107070961881 5.12919282913208008 2.92320013046264648 53.5
52.8947102099988129 17.5268071341763232 -0.486285895109176636 2.59840011596679688 46.5
55.0895122162261544 -8.70198449594076173 1.7496802806854248 3.08560013771057129 46
54.9709217402460979 -8.92511230352898544 3.49004077911376953 3.00440025329589844 49
54.9884847921088564 -8.92511230352898544 3.20143747329711914 2.92320013046264648 47
48.2679508755797855 -28.2526015352431408 1.54849135875701904 1.29920005798339844 48.5
48.3802995536052123 -28.0009079803634648 2.38715362548828125 1.21800005435943604 47.5
48.2592810188067389 -28.4514938130584589 0.595846652984619141 1.29920005798339844 48.5
48.3507006875983976 -28.2274663027194137 2.05449295043945312 1.21800005435943604 47
48.9246485470465515 -28.3011869553074469 1.82329368591308594 1.29920005798339844 45
49.2816940280266778 -28.1512909410165619 1.49006891250610352 1.38040006160736084 56.5
49.3892884216576959 -27.9242644011696548 2.08199620246887207 1.29920005798339844 55.5
49.4320936654053753 -27.8887915043185757 1.44363486766815186 1.21800005435943604 48.5
49.3685351066952833 -28.1884792852096382 -0.282936304807662964 1.46160006523132324 57
49.3611558125141627 -28.1884792852096382 0.899159073829650879 1.38040006160736084 64
49.475959535250368 -27.9611528393611728 1.49203729629516602 1.29920005798339844 63.5
49.4412460054352252 -27.9611528393611728 2.37908339500427246 1.21800005435943604 54.5
49.4335290086670938 -28.2256676294027109 0.306593805551528931 1.46160006523132324 58
49.4307704550313289 -28.2256676294027109 0.605418503284454346 1.38040006160736084 65
49.4200258667972818 -28.2256676294027109 1.19525492191314697 1.29920005798339844 64
49.531460814029181 -27.9980412775526908 1.78883576393127441 1.21800005435943604 55.5
49.4996101711042158 -28.2628559735957872 0.0116576077416539192 1.46160006523132324 54
49.4996101711042158 -28.2628559735957872 0.0116576077416539192 1.38040006160736084 59.5
49.4958972938202777 -28.2628559735957872 0.606216132640838623 1.29920005798339844 58
49.455460149839567 -28.2628559735957872 2.09024715423583984 1.21800005435943604 50.5
49.5569384035417286 -28.300042426311105 -0.87937474250793457 1.38040006160736084 46
53.088918578212315 22.4499394665567849 1.99318361282348633 2.19239997863769531 47
50.4702845584208291 -28.0213403380225046 1.61798357963562012 1.54280006885528564 46.5
50.5898380199507258 -27.8409299572729374 0.783479809761047363 1.46160006523132324 49.5
50.4183154668306983 -28.1079373207822982 1.73211908340454102 1.38040006160736084 51
50.3486290916581325 -28.2666984558419117 1.03543579578399658 1.29920005798339844 46.5
50.5067248395408228 -28.144439647729417 0.831801235675811768 1.54280006885528564 53
50.5975470143494945 -27.9782465509649008 0.914579987525939941 1.46160006523132324 58
50.4626810820037051 -28.2094717290720496 1.21415209770202637 1.38040006160736084 56.5
50.2077178118180854 -28.6719220852863437 0.914579987525939941 1.29920005798339844 50
50.5777016949311005 -28.1809438313564371 -0.375004321336746216 1.54280006885528564 54
50.541934387391251 -28.2460602612620093 -0.288162052631378174 1.46160006523132324 59
50.4323949731129915 -28.4414095509787295 0.264475733041763306 1.38040006160736084 57.5
50.4117069484271028 -28.4775853453707128 0.311845064163208008 1.29920005798339844 51.5
50.5860582707665003 -28.282648793451969 -1.49785029888153076 1.54280006885528564 51
50.5860582707665003 -28.282648793451969 -1.49785029888153076 1.46160006523132324 56
50.6047554694492092 -28.282648793451969 -0.592872917652130127 1.38040006160736084 55.5
50.6319044863653929 -28.2174480149834608 1.13430881500244141 1.29920005798339844 50
50.5299652700050999 -28.5150927067362794 -1.84791743755340576 1.54280006885528564 45
50.6570492729076562 -28.1669053625685493 -3.20803403854370117 1.46160006523132324 46.5
50.7006285420731331 -28.2539521986104845 -0.981454253196716309 1.38040006160736084 45
51.6928769128728831 -27.775278570456571 2.23752260208129883 1.54280006885528564 51.5
51.6054085986983466 -27.9440583345570985 2.15350461006164551 1.46160006523132324 53.5
51.5439589826975819 -28.0467938431400263 2.28553175926208496 1.38040006160736084 49
51.790468434069787 -27.8107518272032408 1.32279706001281738 1.62400007247924805 50
51.7305533190700615 -27.8989232993106206 1.74357390403747559 1.54280006885528564 58
51.7817912774518447 -27.8107518272032408 1.62736904621124268 1.46160006523132324 59
51.8989457170440929 -27.5903231469347858 1.64740145206451416 1.38040006160736084 52
51.7853650215821304 -27.9345090208078766 2.05069589614868164 1.62400007247924805 50
51.7784635214153468 -28.0154359629276755 0.626157462596893311 1.54280006885528564 59.5
51.8685731322035295 -27.8462250839499106 0.710443615913391113 1.46160006523132324 59.5
51.8565283735927167 -27.8462250839499106 1.32448434829711914 1.38040006160736084 51.5
51.5893874849522831 -28.522570406642366 0.317500293254852295 1.62400007247924805 46.5
51.8871473466955422 -27.970092932340151 -0.707334339618682861 1.54280006885528564 55
51.8447083177314241 -28.051122961904472 -0.602843582630157471 1.46160006523132324 54.5
51.7650396573520197 -28.1542520904408882 1.67973029613494873 1.38040006160736084 48.5
52.7195078641558297 -28.0126229155444193 -0.191294610500335693 1.62400007247924805 45.5
52.7482585399792967 -28.0029982620624374 2.55035042762756348 1.54280006885528564 53.5
52.7965180846275928 -28.18771072698231 -0.0571228228509426117 1.62400007247924805 53
52.8874752665888295 -28.00073997395112 0.946608126163482666 1.54280006885528564 54.5
52.744109165927334 -28.3428452656689451 -2.39754605293273926 1.62400007247924805 49.5
52.8533905985534247 -28.2230340307282006 -0.992734313011169434 1.54280006885528564 50.5
60.1370132245845355 6.77660724681449178 0.944911718368530273 3.24800014495849609 52.5
60.1712140585027271 6.53458555942826003 -2.64563186647137627e-06 3.08560013771057129 56.5
60.1370132245845355 6.77660724681449178 0.944911718368530273 3.00440025329589844 50.5
60.2181491695213467 6.78500461485808959 -0.313996016979217529 3.16680002212524414 61.5
60.2901733470918515 6.79340198290168651 0.63289719820022583 3.24800014495849609 54.5
60.2926773371770324 6.79340198290168651 -0.314384639263153076 3.16680002212524414 60
60.327831969740636 6.46737934309725393 0.426069587469100952 3.00440025329589844 52.5
60.3472953573814976 6.80179935094528432 -1.58196866512298584 3.16680002212524414 51.5
60.403558038240611 6.47537371245125914 -0.207086235284805298 3.08560013771057129 52
60.4462913212155399 6.02748737126178113 0.691655218601226807 3.00440025329589844 47.5
65.9827513426197214 -8.15498934073801607 2.3126220703125 3.16680002212524414 46
65.9963072287917214 -8.29630923757037841 1.1111370325088501 3.08560013771057129 48.5
65.9322408215040241 -8.36281271843266616 2.92896747589111328 3.00440025329589844 48
66.0645642808796083 -7.88122534172558176 2.98670363426208496 3.24800014495849609 45.5
66.084514967183992 -8.06431610995996806 1.83416545391082764 3.16680002212524414 55
66.0634566050985228 -8.2557291858413695 1.73884832859039307 3.08560013771057129 58
66.0684680690465029 -8.16418380172417812 1.96578574180603027 3.00440025329589844 55
66.0378124013665513 -8.52204303054593026 1.39386069774627686 2.92320013046264648 45
66.2127334623738619 -7.82344679967738621 0.472748875617980957 3.24800014495849609 46.5
66.1280229916203837 -8.381669308280566 1.54540169239044189 3.16680002212524414 57.5
66.1589314310639054 -8.07339717666388523 1.83623087406158447 3.08560013771057129 60
66.1216751407364995 -8.07339717666388523 2.88107466697692871 3.00440025329589844 55.5
65.9879134740369722 -7.99841206356793499 5.21313762664794922 2.92320013046264648 45.5
66.2266490401067642 -8.18257085319278943 1.62447822093963623 3.16680002212524414 55.5
66.1824764738166209 -8.39109712366151683 2.24312901496887207 3.08560013771057129 56
66.0163673936078652 -8.08247824336780063 5.66349458694458008 3.00440025329589844 49
66.2527023590057951 -8.55083351857211582 1.74472272396087646 3.16680002212524414 49.5
66.2678014595736045 -8.40052589812846584 1.8950122594833374 3.08560013771057129 50
65.0381726957032811 -28.0191741645919734 5.43255615234375 2.11120009422302246 45
65.2363071647899488 -27.6464135326905271 4.944793701171875 2.03000020980834961 45
74.339464655598988 -5.56149426672039127 0.645482003688812256 3.16680002212524414 48.5
74.1963500152364617 -4.60197348033479603 5.60588741302490234 3.08560013771057129 47.5
74.4274279425598451 -5.37126184858588651 -0.773318111896514893 3.24800014495849609 48
74.4173619538248516 -4.94230690928909766 2.55352902412414551 3.16680002212524414 53
74.4339259379534326 -5.17543459368952607 1.3023841381072998 3.08560013771057129 50.5
74.5727758503740716 -4.26585732126866723 0.891225934028625488 3.24800014495849609 48
74.4782027951529528 -5.57268450940348892 1.42590177059173584 3.16680002212524414 50.5
74.4620448887626623 -5.07795707389530637 3.11589980125427246 3.08560013771057129 49
69.9615377855709397 -27.4106445836011474 3.58354043960571289 2.27360010147094727 46
69.9094606317543281 -27.3730442480955212 4.71010732650756836 2.19239997863769531 48
69.9134127310845201 -27.353287028825239 5.83120393753051758 2.27360010147094727 45.5
69.6516695354142001 -27.4003343061365996 8.24360561370849609 2.19239997863769531 47.5
72.686943997375522 22.671689756846348 3.0071718692779541 2.67960023880004883 45
73.0185274725575653 21.9600941077002965 1.98105251789093018 2.67960023880004883 48
70.8572098061701752 -27.7551189416767627 5.17541313171386719 2.27360010147094727 47.5
70.7600004455992178 -27.7551189416767627 6.36801433563232422 2.19239997863769531 46
73.1161857609931047 21.9816884380898117 0.39040026068687439 2.67960023880004883 47
70.6724316547737175 -28.0877130042258685 6.76841926574707031 2.27360010147094727 47.5
70.7930068136655422 -27.7824117759190692 6.76841926574707031 2.19239997863769531 46.5
71.8822556001907316 -27.6250839767726433 6.99661350250244141 2.27360010147094727 48.5
71.9255040645830377 -27.3835215075808591 7.48473834991455078 2.19239997863769531 46
71.7347427646637783 -27.5454867668739318 9.28078174591064453 2.27360010147094727 47.5
71.9989163272630321 -27.235986915560737 8.06951332092285156 2.19239997863769531 46
72.8339983354963749 -27.8070776564465199 7.27088832855224609 2.35480022430419922 47.5
72.9627224940357166 -27.5526849685268864 6.94128608703613281 2.27360010147094727 47
72.8307727976444568 -27.8924739378967281 7.76717472076416016 2.43600010871887207 47
73.0326073127997262 -27.5790753543248535 6.94793462753295898 2.35480022430419922 53.5
73.0815077192543612 -27.4027886510656735 7.128875732421875 2.27360010147094727 53
73.1398941213153364 -27.6054684248009288 6.54960012435913086 2.43600010871887207 46.5
73.1024992409044216 -27.6054684248009288 6.95458364486694336 2.35480022430419922 53
73.1514464448624864 -27.4290130158355829 7.13569831848144531 2.27360010147094727 52
78.2765766173388613 -5.91690726661616928 1.98597323894500732 3.16680002212524414 45
73.2555681495131097 -27.808482908109827 5.14646244049072266 2.35480022430419922 50
73.186478592612076 -27.0921740682043897 8.7137298583984375 2.19239997863769531 46.5
78.4347425642285856 -5.02877306928635814 -0.814509987831115723 3.24800014495849609 50
78.4121244674839772 -5.02877306928635814 2.0521543025970459 3.16680002212524414 53
78.3660219373358871 -5.78505339415950282 1.80572652816772461 3.08560013771057129 49.5
73.1603442740851762 -27.9725501979053703 6.56212329864501953 2.35480022430419922 52
73.2422759877731266 -27.6582518810749676 6.96788120269775391 2.27360010147094727 53
73.3200041983852202 -27.3439535642445719 7.37877941131591797 2.19239997863769531 50.5
78.5554556531783845 -4.19791983237029243 -1.08345413208007812 3.24800014495849609 51
78.5127584711665918 -5.03357132124962448 -0.407650768756866455 3.16680002212524414 54
78.4932614987717017 -4.85660982948694286 2.23105239868164062 3.08560013771057129 50.5
73.2464825804026702 -28.1073836083060122 5.88932466506958008 2.35480022430419922 52
73.34966293730551 -27.6846422668729382 6.56838464736938477 2.27360010147094727 55
73.2718676591315869 -27.6846422668729382 7.38581991195678711 2.19239997863769531 52
78.4819181915862742 -5.03836957321289169 -4.09464311599731445 3.24800014495849609 46.5
78.6222671132412643 -4.40857337656128045 -0.816064357757568359 3.16680002212524414 49.5
78.6070120164499428 -4.61522525358759061 1.09522795677185059 3.08560013771057129 46
73.1046181826798716 -28.2522637591683825 7.68679475784301758 2.35480022430419922 47
73.2990683455739429 -27.7110326526709052 7.80433797836303711 2.27360010147094727 50
73.2074744090330967 -27.7110326526709052 8.62130069732666016 2.19239997863769531 48
82.3298674626047244 -5.27829193384207684 -0.427469819784164429 3.32920026779174805 48.5
82.3776185560361967 -4.48448631097910866 0.258729010820388794 3.24800014495849609 54
82.322189662130441 -4.83499788471080905 2.43509483337402344 3.16680002212524414 54
82.1967219044346393 -5.60818517970720709 4.30086421966552734 3.08560013771057129 52
82.4329554381367444 -4.83939360561041099 -0.140739023685455322 3.32920026779174805 53.5
82.4217708278361272 -4.95289750680809604 0.866964995861053467 3.24800014495849609 62
82.4087118801378438 -4.83939360561041099 2.00397849082946777 3.16680002212524414 63
82.3353441825230874 -4.95289750680809604 3.87181925773620605 3.08560013771057129 59.5
82.2909566770801177 -5.46882433043394034 4.11361265182495117 3.00440025329589844 47.5
82.5132393004112004 -4.71985398268085898 0.55784904956817627 3.32920026779174805 54.5
82.491011834325505 -4.95739586802365917 1.29596066474914551 3.24800014495849609 63.5
82.4606558993537959 -4.95739586802365917 2.58596324920654297 3.16680002212524414 65.5
82.4580950806747666 -4.84378887938145031 2.86754631996154785 3.08560013771057129 60.5
82.4663715140755471 -5.14329821307454615 1.96636974811553955 3.00440025329589844 48.5
82.5605060918035321 -5.10661661522140697 1.05464506149291992 3.32920026779174805 52.5
82.57724537546612 -4.63110170773115382 1.72569859027862549 3.24800014495849609 59.5
82.5584113272158504 -4.84818460028105225 2.00761890411376953 3.16680002212524414 60.5
82.5478133652706418 -4.96189468685480772 2.15985321998596191 3.08560013771057129 57
82.4430387079404881 -4.55874074354785552 5.07838916778564453 3.00440025329589844 46.5
82.5972432223588555 -4.85257987405209157 -3.16046023368835449 3.32920026779174805 45
82.6259086434279908 -5.29748591794172885 -0.858033418655395508 3.24800014495849609 47.5
82.6654397052551246 -4.56287361291465388 1.20235240459442139 3.16680002212524414 49
84.5276454183896959 -4.8778185787034456 1.06795847415924072 3.16680002212524414 47.5
83.9259164244819118 16.4250856872959545 -3.12062454223632812 3.00440025329589844 47
86.3330075426113268 -4.14945751995573531 2.70564055442810059 3.16680002212524414 47.5
86.4097831108642822 -4.55322047905928695 1.87628412246704102 3.16680002212524414 58
86.3793304842902643 -4.61811198232378928 2.86132979393005371 3.08560013771057129 53
86.5034476362952489 -4.55716591670876969 0.525612056255340576 3.24800014495849609 58
86.4932404520431533 -4.55716591670876969 1.42915070056915283 3.16680002212524414 60
86.4603251953758161 -4.55716591670876969 2.78116869926452637 3.08560013771057129 55.5
86.5682631146301986 -4.62611572374034363 -1.19396853446960449 3.32920026779174805 47.5
86.5644705858550765 -4.7777916491088801 0.809787273406982422 3.16680002212524414 57
86.5402775255687828 -4.50694178237935095 2.71268033981323242 3.08560013771057129 52.5
86.6803357905571232 -3.81686492177650472 1.36064112186431885 3.16680002212524414 45.5
88.3101388584756961 -4.53415773720312032 3.60712552070617676 3.32920026779174805 48.5
88.3604304311495667 -4.72215939947739471 1.54453587532043457 3.24800014495849609 54.5
88.4402790069189706 -4.65975171063237337 1.46132206916809082 3.24800014495849609 61.5
88.4315039251977737 -4.65975171063237337 1.92018330097198486 3.16680002212524414 63.5
88.4315039251977737 -4.65975171063237337 1.92018330097198486 3.08560013771057129 59
88.515161882272281 -4.66369714828185611 1.46255934238433838 3.24800014495849609 63
88.5063793706406585 -4.66369714828185611 1.92180907726287842 3.16680002212524414 65
88.4675085927294447 -4.96279411503627443 2.77369189262390137 3.08560013771057129 61
88.5941209387405308 -4.61220779742544096 1.39121735095977783 3.32920026779174805 51
88.5728174431529425 -4.88938374678995125 1.75409388542175293 3.16680002212524414 60.5
88.5403680668361943 -4.66764298729834337 3.30803656578063965 3.08560013771057129 57
88.386109520889633 -4.25742258223886871 6.47272777557373047 3.00440025329589844 47
88.5236500419442365 -4.26102127121131868 5.55404329299926758 3.08560013771057129 46
94.2681514781507275 -4.91241033388256909 4.43096446990966797 3.16680002212524414 53
94.3362122054469836 -4.97539956633514535 4.51176977157592773 3.24800014495849609 54.5
94.4217833057212061 -4.97539956633514535 2.05025506019592285 3.16680002212524414 58
94.3841445251454729 -4.91630931020289896 3.44882631301879883 3.08560013771057129 54.5
94.4897232455419243 -4.92020788992305302 2.47120094299316406 3.16680002212524414 57
94.4945789984705016 -4.54173035992897223 2.96142077445983887 3.08560013771057129 53.5
94.5528124635444982 -4.54532941499389143 3.45429635047912598 3.16680002212524414 49
73.5227236533363993 -60.1432416140214983 2.63642144203186035 0 48
73.5387206278989396 -60.1432416140214983 2.14421224594116211 -0.0812000036239624023 51
73.6250734829754805 -60.1907135252293557 0.661323010921478271 0 49.5
73.3426293218776948 -60.4640375945443154 2.99494481086730957 -0.0812000036239624023 52.5
73.2737653116170122 -60.6782225982579035 2.71841812133789062 -0.0812000036239624023 50
96.310372673361698 -5.0176763489286591 4.02626800537109375 3.08560013771057129 51
96.4697471559175597 -4.30064593790628624 4.59878253936767578 3.32920026779174805 49.5
96.562308721585012 -4.63889898920228561 0.507500410079956055 3.24800014495849609 58.5
96.5861732438114586 -5.02937288128947202 2.52602958679199219 3.32920026779174805 46.5
96.6266482719163236 -4.6424980442672048 1.51705026626586914 3.24800014495849609 51.5
98.4150112594685567 -4.7288698744382307 2.05581855773925781 3.16680002212524414 55
98.3461225841665794 -4.3347973849017114 4.62086343765258789 3.08560013771057129 50
98.4638910756436019 -4.33809651871122082 3.59651589393615723 3.32920026779174805 48.5
98.3830387168416252 -5.12684134029507899 4.62438011169433594 3.08560013771057129 54
98.5891788389826331 -4.39072935462842118 1.60817790031433105 3.24800014495849609 55
98.5741589116143189 -4.73606761847559987 1.54762637615203857 3.16680002212524414 56
100.321332611262321 -4.35777764508975451 4.10992145538330078 3.24800014495849609 48
100.409852742945063 -4.82603850371154408 3.14680290222167969 3.16680002212524414 55.5
100.446360286202818 -4.82963719268399405 4.19833040237426758 3.24800014495849609 53
100.499712055980197 -4.82963719268399405 2.6278538703918457 3.16680002212524414 55
100.518245643885479 -4.42716742662699492 2.6278538703918457 3.08560013771057129 50
100.4432656012564 -4.83323624774891325 5.77208232879638672 3.16680002212524414 47
