
X Y Z V_r Mag
4.94264768672712673 4.80860649150311215 0.239866092801094055 0.893200039863586426 55
4.92276220256939734 4.82843757439796128 0.250208824872970581 0.812000036239624023 56
4.97943476245423611 4.88092079099241438 0.180207312107086182 0.893200039863586426 56.5
4.99637232230448891 4.86087415202941031 0.24247334897518158 0.812000036239624023 57
4.98296158600887029 4.87133326801010824 0.301394760608673096 0.730800032615661621 45
5.03510021792572982 4.9334036739088365 0.108622066676616669 0.893200039863586426 46
5.00732318863140335 4.96159455204545807 0.108622066676616669 0.812000036239624023 46.5
7.23625877564550368 -3.10666673940651794 0.0284556858241558075 0.730800032615661621 51
7.23547769096985061 -3.10666673940651794 0.110059723258018494 0.649600028991699219 48
7.31759468921568423 -3.10645110784370715 0.0726276487112045288 0.812000036239624023 58
7.30225906833947569 -3.14221453601203926 0.0775062590837478638 0.730800032615661621 66.5
7.28565926211158743 -3.17897139274060203 0.125739917159080505 0.649600028991699219 63
7.25447227800005212 -3.25149167763749736 0.0541999377310276031 0.568400025367736816 46
7.29520001001730112 -3.33732027431207268 -0.207335039973258972 0.893200039863586426 46.5
7.38609930400781334 -3.1357573611099312 0.114890903234481812 0.812000036239624023 73
7.35355726041832902 -3.20896180222314698 0.168501019477844238 0.730800032615661621 81
7.335848723466321 -3.2520822264405207 0.0995733588933944702 0.649600028991699219 78
7.29765264159608407 -3.33732027431207268 0.0848016738891601562 0.568400025367736816 60
7.46094867594198874 -3.15291735797385408 0.0579841136932373047 0.812000036239624023 72
7.37773226527862303 -3.34219361670294246 0.093877546489238739 0.649600028991699219 78
7.32343921193709679 -3.46061779997194474 0.0369991958141326904 0.568400025367736816 61
7.88645326600649632 -2.14830797824610809 -0.138772487640380859 0.893200039863586426 50.5
7.27933522680524714 -3.72046488672007891 -0.00668762205168604851 0.568400025367736816 54
7.97424235235558321 -2.11131677353683056 -0.127673149108886719 0.893200039863586426 58
7.99141987192159853 -2.04533812436380469 -0.127673149108886719 0.812000036239624023 65.5
8.0238606821249725 -2.11594671925420164 -0.667882442474365234 0.893200039863586426 56
8.04832959949866655 -2.02440133513700937 -0.657132983207702637 0.812000036239624023 63.5
7.65320931426036122 -3.26234459763086404 -0.301882117986679077 0.730800032615661621 66
7.59320737497195619 -3.39550151998314442 -0.345552116632461548 0.649600028991699219 63.5
7.54769981777006471 -3.50681238476200319 -0.200334221124649048 0.568400025367736816 49
8.10824365849492246 -2.04893709934599677 -0.786290526390075684 0.893200039863586426 55
7.74695014579886987 -3.24345063369832465 0.157480001449584961 0.730800032615661621 68
7.73248754487454004 -3.2696921436797024 0.278846651315689087 0.649600028991699219 64
8.19439876393692401 -2.11065145886767613 -0.471818387508392334 0.893200039863586426 54.5
8.19900545395894476 -2.11065145886767613 -0.383527278900146484 0.812000036239624023 63
7.78609917166683019 -3.3348928469514858 0.284224182367324829 0.730800032615661621 65.5
8.25560220291105828 -2.18809197775049924 -0.39973178505897522 0.812000036239624023 49
7.74675336524119196 -3.55564946384456126 0.669081509113311768 0.649600028991699219 48
8.26795145073394444 -2.2072857177885048 -1.07679808139801025 0.812000036239624023 46.5
7.38927860936791792 -6.53807214437991302 -0.813746988773345947 0.568400025367736816 47.5
7.37743177540519923 -6.70103178863787452 -0.412681907415390015 0.568400025367736816 54.5
7.33422858160254432 -6.7546300711734828 -0.291026562452316284 0.487200021743774414 60
7.34611126671179182 -6.7409188826178621 -0.308699488639831543 0.406000018119812012 55
7.45167067227577018 -6.72881017089309452 -0.445220261812210083 0.568400025367736816 66
7.43290104406305474 -6.75141535623763911 -0.415784776210784912 0.487200021743774414 72
7.43290104406305474 -6.75141535623763911 -0.415784776210784912 0.406000018119812012 66
7.53314459354842203 -6.74739465417129392 -0.489915043115615845 0.568400025367736816 68
7.48837031272090936 -6.8017989238374037 -0.418887615203857422 0.487200021743774414 74
7.4422521257099028 -6.85620319350351437 -0.347838371992111206 0.406000018119812012 69
7.29653207790224201 -7.01055949348643193 -0.358186870813369751 0.324800014495849609 48.5
10.1841501691057044 -0.0548072683557024876 -0.565768957138061523 0.974400043487548828 54
10.1878458839806854 -0.0701023199898520161 -0.492849349975585938 0.893200039863586426 59.5
10.1924325689277193 -0.0701023199898520161 -0.386552035808563232 0.812000036239624023 53.5
7.5145254645213635 -6.87512570955021385 -0.551881968975067139 0.568400025367736816 59
7.48820287764340708 -6.90699040045469292 -0.510213792324066162 0.487200021743774414 66
7.50596989579965523 -6.87512570955021385 -0.658090889453887939 0.406000018119812012 62
10.2537544310704423 -0.0706177768756383051 -0.656638383865356445 0.974400043487548828 62
10.2595206428828778 -0.109136564262350105 -0.553141474723815918 0.893200039863586426 66.5
10.2599964028236634 -0.116840321739692457 -0.542648196220397949 0.812000036239624023 59.5
7.60193322561179485 -6.82039328660710265 1.12626731395721436 0.568400025367736816 47
6.93690748040236027 -7.39560717824866565 1.66130924224853516 0.487200021743774414 48.5
10.3437695088918566 0.0995865272659944289 -0.344989269971847534 0.974400043487548828 67.5
10.3478158420303643 0.0711332337614245802 -0.20038682222366333 0.893200039863586426 71.5
10.3495305807234423 0.0827732174678395133 -0.0536280311644077301 0.812000036239624023 63.5
6.90902994839808482 -7.61513600704123483 -1.18216943740844727 0.324800014495849609 47
10.4208170425349564 0.0560162490514557673 -0.289946705102920532 0.974400043487548828 67.5
10.4226631538421248 0.0416865109220135935 -0.216761395335197449 0.893200039863586426 72.5
10.4232743585844272 0.0560162490514557673 -0.181230008602142334 0.812000036239624023 65
6.6621085865571148 -7.78886402508497788 -1.90539634227752686 0.406000018119812012 46
6.92565425823400016 -7.72633425870195722 -1.00980377197265625 0.324800014495849609 45
10.4970180706759741 0.0236173573744354291 -0.249094948172569275 0.974400043487548828 65
10.4977301140835539 -0 -0.218320831656455994 0.893200039863586426 70
10.4997468114831207 -0.0341139606519622884 -0.0644261762499809265 0.812000036239624023 63
7.2187776775439314 -7.6061011499779001 -0.53522956371307373 0.406000018119812012 50
10.5743482799642479 -0.042286319111664486 -0.109585791826248169 0.974400043487548828 64.5
10.5746766249690971 -0.0726796109731733392 0.0396528244018554688 0.893200039863586426 69
10.5736875776339119 -0.0726796109731733392 0.149957522749900818 0.812000036239624023 62
7.45919845143792681 -7.38556992234665088 -1.28232741355895996 0.406000018119812012 49
10.6113236793030659 0.578906445793589741 -0.697991669178009033 0.974400043487548828 54.5
10.616902730312308 0.511034655597099929 -0.6653861403465271 0.893200039863586426 58
10.6133082007646191 0.511034655597099929 -0.720451414585113525 0.812000036239624023 50
7.76099975077960647 -7.27558974518058665 -0.505165457725524902 0.487200021743774414 55
10.6570152797144839 1.13246169835109622 -0.413754582405090332 0.974400043487548828 50
8.16352065276511496 -6.94755200503205117 0.337757974863052368 0.568400025367736816 56.5
8.06877096195405663 -7.03332425200775546 0.67299044132232666 0.487200021743774414 56.5
10.7573743670494224 0.91365435570673259 -0.290071606636047363 0.974400043487548828 61
10.7630649010378754 0.863720513518919986 -0.224558576941490173 0.893200039863586426 62.5
10.7679466687758207 0.805689291516867634 -0.205417841672897339 0.812000036239624023 52.5
8.20336162994998652 -7.02447698885309268 0.0397613644599914551 0.568400025367736816 63.5
8.19490253535098745 -7.03257436866733165 0.162718057632446289 0.487200021743774414 65.5
10.8378082158925029 0.869718557280796722 -0.226117998361587524 0.974400043487548828 60
10.8437908949776531 0.800412859747483441 -0.19276002049446106 0.893200039863586426 62
10.8469853379362 0.731107162214169826 -0.272073686122894287 0.812000036239624023 51.5
8.27610119318780058 -7.05423286069471356 -0.0978670641779899597 0.568400025367736816 59.5
8.2098152967237894 -7.13169216970253395 0.0593134649097919464 0.487200021743774414 61
7.98813963320381504 -7.36407009672599688 0.475101113319396973 0.406000018119812012 52
10.8746430465342883 1.16169290474661779 -0.543256402015686035 0.974400043487548828 46.5
8.24302730716353693 -7.18087675395789216 -0.624512910842895508 0.487200021743774414 48
9.99656432236413472 4.25702888768451171 -1.87004101276397705 0.974400043487548828 46
10.9636408362729441 0.951976362909384366 -0.665556967258453369 0.893200039863586426 47.5
11.059005715930768 0.798941488352122309 -0.519706130027770996 0.893200039863586426 47.5
10.5888614465700925 3.396101072670759 -1.10595595836639404 0.974400043487548828 47
10.5399856695919709 3.48547215353051643 -1.28094100952148438 0.893200039863586426 47
11.2162349314368761 0.611520860588060322 -0.620180130004882812 0.974400043487548828 48
11.2315508208154426 0.53982531141566692 -0.351224273443222046 0.893200039863586426 51
10.7832686091034127 3.2973394463594774 -1.05086314678192139 0.974400043487548828 49.5
11.3148060048399 -0.471250659071976885 -0.0934239178895950317 0.893200039863586426 53.5
11.315450341955632 -0.462759656205815106 -0.0455536022782325745 0.812000036239624023 48.5
11.3690076514039315 -0.465824281690399022 -0.69905620813369751 0.893200039863586426 50.5
8.77301901876827017 -7.25660211293850921 -0.579553782939910889 0.568400025367736816 46.5
8.75171826176162071 -7.29364012921970239 -0.412611275911331177 0.487200021743774414 48
8.83441803775002299 -7.27996630497672292 -0.794212460517883301 0.568400025367736816 57.5
8.80885473903427396 -7.31581408075462658 -0.747378170490264893 0.487200021743774414 58.5
11.2596126600067201 0.738960882940973063 2.4652712345123291 0.974400043487548828 45
11.1576380071243015 0.67689971503772739 2.9071342945098877 0.893200039863586426 46.5
8.84924696597871474 -7.36362973586883829 -0.932890236377716064 0.568400025367736816 57.5
8.83701375327245486 -7.38960882940973107 -0.838675796985626221 0.487200021743774414 58
11.5919556752107749 0.806223479418971434 0.342334657907485962 0.974400043487548828 52
11.5899935177084021 0.806223479418971434 0.403330028057098389 0.893200039863586426 54
8.92072677294571292 -7.39110822213284102 -0.965804398059844971 0.568400025367736816 54.5
8.95903767195799361 -7.34462326476093619 -0.965804398059844971 0.487200021743774414 54
11.6585448704827304 0.935697267469234317 -0.304675430059432983 0.812000036239624023 45
8.97964861401233883 -7.36130584641811669 -1.43774640560150146 0.568400025367736816 51.5
11.7372845418445806 0.941695311231111054 -5.14701639531267574e-07 0.974400043487548828 49
9.13976603026010004 -7.39966518778321536 -0.600221753120422363 0.568400025367736816 51
9.10085907626180379 -7.47029233612554844 -0.140484035015106201 0.487200021743774414 50.5
10.9307440834209899 4.19650463757832437 -1.82501626014709473 0.974400043487548828 48
10.8908792007921971 4.20835080451573607 -2.02510285377502441 0.893200039863586426 47
11.9144994793283008 0.445552700355788256 0.227628886699676514 0.893200039863586426 49.5
9.30567592049823844 -7.39110834035020048 -0.990728378295898438 0.487200021743774414 49
11.2527133280553731 4.03069565857031353 -1.06298327445983887 0.974400043487548828 50.5
12.4140217216614079 -0.938115231482496759 0.120528832077980042 0.893200039863586426 50.5
12.4161743769298756 -0.896110071863877589 0.195217311382293701 0.812000036239624023 46.5
12.4945332137860738 -0.868640820735259611 0.0879525616765022278 0.974400043487548828 51
12.4958551403347844 -0.851424516180146251 0.0657506361603736877 0.893200039863586426 58.5
12.4890413170395931 -0.921854852996518814 0.22286069393157959 0.812000036239624023 53.5
12.5701497301363538 -0.834479985827579096 0.234501972794532776 0.974400043487548828 48
12.5709276104639258 -0.8470759101419576 0.11940360814332962 0.893200039863586426 54.5
12.5707231940820225 -0.828182023670389844 0.225913256406784058 0.812000036239624023 51
12.3901792382143334 2.71965136869721347 -1.2843172550201416 0.974400043487548828 46.5
12.4259628704451828 2.65114228325258505 -1.06273496150970459 0.893200039863586426 46
12.794732246143548 3.86514928465004592 -1.25939488410949707 0.974400043487548828 46.5
12.8110686580348698 3.88528027050759883 -1.0058591365814209 0.893200039863586426 46.5
11.9551693004267534 -6.1047214613027414 0.192200660705566406 0.730800032615661621 45.5
11.9565961479209086 -6.1047214613027414 0.0530856363475322723 0.649600028991699219 47.5
11.9921524271718081 -6.1995567487417178 0.0616653300821781158 0.730800032615661621 46
12.0228793593903944 -6.13882639691730869 0.123329967260360718 0.649600028991699219 47.5
13.6598460670425457 2.51018783536752732 -1.30769789218902588 0.974400043487548828 47
13.6532988958381676 2.55376748528710262 -1.29159927368164062 0.893200039863586426 47
13.8038096039072418 3.20605630671941233 0.32661736011505127 0.974400043487548828 53.5
13.8101306326971649 3.17417287383490976 0.3681601881980896 0.893200039863586426 52.5
13.8979448905271017 3.13398604545921033 0.296293020248413086 1.05560004711151123 61
13.891345762926429 3.15891547991172716 0.338057905435562134 0.974400043487548828 72
13.891345762926429 3.15891547991172716 0.338057905435562134 0.893200039863586426 70.5
13.8975547084549156 3.11439863267509054 0.47013169527053833 0.812000036239624023 54.5
13.9672941722752189 3.17554130746417895 0.190438598394393921 1.05560004711151123 63.5
13.9672941722752189 3.17554130746417895 0.190438598394393921 0.974400043487548828 74.5
13.9644579182197877 3.17554130746417895 0.339837163686752319 0.893200039863586426 73
13.9644579182197877 3.17554130746417895 0.339837163686752319 0.812000036239624023 57
14.0264347959368578 3.25694617496059902 0.1070103719830513 1.05560004711151123 53
14.0264347959368578 3.25694617496059902 0.1070103719830513 0.974400043487548828 64
14.0256540609630918 3.25694617496059902 0.182600989937782288 0.893200039863586426 63
14.0264347959368578 3.25694617496059902 0.1070103719830513 0.812000036239624023 48
14.1890218871607949 3.33949450606707332 -1.89985358715057373 0.974400043487548828 47
14.6116016434090241 3.03438997893413909 -0.22181585431098938 0.974400043487548828 46.5
14.6056923300337722 3.35891326236253462 -0.625682175159454346 0.974400043487548828 45.5
15.3733351479331688 1.87985736858601138 -1.07346665859222412 0.893200039863586426 47
15.9266464456811789 -3.62443970842472263 -0.726541101932525635 0.812000036239624023 49
15.9791124596167275 -3.71495434203423702 -0.804817080497741699 0.893200039863586426 46
15.9899594774621097 -3.71495434203423702 -0.54860234260559082 0.812000036239624023 51.5
15.9752046748355276 -3.79089539764488137 -0.450105190277099609 0.730800032615661621 45.5
16.0793011326099133 -3.64119670123637018 -0.669143855571746826 0.812000036239624023 46
16.3350531377923076 2.70499353306266999 -0.76137465238571167 0.974400043487548828 47.5
16.3713784332941614 2.51858509663415475 -0.604433000087738037 0.893200039863586426 47.5
16.1538698193534316 -3.71159908977664932 -0.0847523808479309082 0.812000036239624023 49.5
16.4327240321485277 2.57367363984016517 -0.751212060451507568 0.974400043487548828 46
16.2455650926334911 -3.53906132689419595 0.882729530334472656 0.893200039863586426 49.5
16.2671915333774422 -3.53906132689419595 0.275827109813690186 0.812000036239624023 52
16.4150194085011059 -3.86945096268651945 -0.583180546760559082 0.812000036239624023 46.5
16.9087338186289813 -0.921358138090756729 -0.740503907203674316 0.893200039863586426 49.5
16.9124086729332639 -0.881114909070700558 -0.704711318016052246 0.812000036239624023 46.5
16.5861038583437939 -3.92104372966031889 -1.39161968231201172 0.812000036239624023 48
17.5911275505603548 2.3144449895728334 -1.07062327861785889 0.893200039863586426 45.5
11.5796777545142753 -13.8364543290579807 1.08131182193756104 0.324800014495849609 48
11.1319006199511534 -14.308914559078314 0.8708038330078125 0.406000018119812012 46.5
10.8869915772968699 -14.4427275181820747 1.51776611804962158 0.324800014495849609 49
17.6005176278800128 -4.44546153255652055 1.61564421653747559 0.812000036239624023 49
11.428862860399251 -14.1858503515853318 0.54166114330291748 0.487200021743774414 48
11.4182738683700258 -14.1858503515853318 0.731650173664093018 0.406000018119812012 68
11.4753346303133377 -14.1380252019010655 0.763929307460784912 0.324800014495849609 71
11.3963940963686223 -14.1858503515853318 1.01709830760955811 0.243600010871887207 61
17.5166353868249942 -4.8776593844895757 2.06542015075683594 0.893200039863586426 50
17.5051199136383175 -4.8776593844895757 2.16084551811218262 0.812000036239624023 57
17.5022248697540022 -4.8296374214917881 2.28839969635009766 0.730800032615661621 53.5
11.5677386749558622 -14.1756261249183684 0.359295934438705444 0.487200021743774414 51.5
11.5431100696673656 -14.1756261249183684 0.835627257823944092 0.406000018119812012 71
11.451450431963865 -14.2442289292009221 0.925351977348327637 0.324800014495849609 73.5
11.4344504505475957 -14.2442289292009221 1.11594223976135254 0.243600010871887207 64
17.5053244091090363 -4.87928042978787602 2.71971440315246582 0.893200039863586426 53
17.5293974592708928 -4.82876552651477731 2.65403294563293457 0.812000036239624023 61.5
17.4965194044475751 -4.89764948552354795 2.74325370788574219 0.730800032615661621 58
11.4624049558602348 -14.3163828139893656 1.13802170753479004 0.406000018119812012 59
11.4901913381406473 -14.3026060221876126 1.02546942234039307 0.324800014495849609 62.5
17.8251024813942394 -4.51187138574648738 -1.52028989791870117 0.893200039863586426 49
17.8128661231056249 -4.59486953080876326 -1.41120195388793945 0.812000036239624023 57
17.8391335270061298 -4.59486953080876326 -1.02714443206787109 0.730800032615661621 53.5
11.8157320201753464 -14.1650167572950512 -0.378589719533920288 0.406000018119812012 53.5
11.8634549976764649 -14.1235176847639146 -0.432664543390274048 0.324800014495849609 56
11.9829338131903089 -14.0013259712000089 -0.880170166492462158 0.243600010871887207 45.5
17.9188295897402412 -4.64132656457291493 0.741169452667236328 0.893200039863586426 56
17.9234513215848565 -4.61354805146823832 0.800478577613830566 0.812000036239624023 63.5
17.9014428640072154 -4.66679020158553381 0.967001080513000488 0.730800032615661621 59
17.9806417337645286 -4.6322260971132021 1.09499657154083252 0.893200039863586426 49.5
17.952879516849233 -4.6322260971132021 1.48209452629089355 0.812000036239624023 58
17.9445806277481701 -4.6322260971132021 1.57940614223480225 0.730800032615661621 54
18.1014549724836549 -4.55522619864137734 0.585578501224517822 0.730800032615661621 45.5
18.2330967295626323 -0.824733114662824507 -4.29377460479736328 0.893200039863586426 50
18.028240282594755 -4.66958266341764006 2.17716574668884277 0.812000036239624023 51.5
18.4109950935450399 -0.903307724378129673 -3.82098913192749023 0.893200039863586426 48
18.9326502191359189 -1.06225627304111203 -0.690659642219543457 0.893200039863586426 50.5
18.936717795662716 -0.910505376892381757 -0.788902461528778076 0.812000036239624023 45
19.0158530262832706 -1.11644503317523491 -0.231174275279045105 0.812000036239624023 47.5
19.1023985618980561 1.63061933234789103 1.99126040935516357 0.974400043487548828 57
19.0973207615939984 1.54150128907333883 2.10755324363708496 0.893200039863586426 58
19.1460827307332728 1.54150128907333883 1.60529601573944092 0.812000036239624023 47
19.2074932211646754 1.70224918222254606 1.6115422248840332 0.974400043487548828 60
19.2058102647125075 1.63696405733617012 1.69697749614715576 0.893200039863586426 61.5
19.2141935009152078 1.6248742193942487 1.6115422248840332 0.812000036239624023 50.5
10.9715471847903459 16.0228690358084478 0.472741425037384033 0.730800032615661621 46.5
19.4280045720206473 1.55949534408970458 0.608789384365081787 1.05560004711151123 52
19.4287414196071637 1.63747011129418985 0.304432511329650879 0.974400043487548828 68.5
19.4280045720206473 1.55949534408970458 0.608789384365081787 0.893200039863586426 69.5
11.0178415758812598 16.0847324474002207 0.372223347425460815 0.812000036239624023 61
11.1154844842278457 16.0116311031460157 0.56892472505569458 0.730800032615661621 63.5
11.1404189595321021 15.9970108342951747 0.48652765154838562 0.649600028991699219 54
19.5080274505587781 1.56549346412084578 0.408347517251968384 1.05560004711151123 52.5
19.5099070257750924 1.56549346412084578 0.30560341477394104 0.974400043487548828 68.5
19.5056418677640657 1.56549346412084578 0.509746074676513672 0.893200039863586426 70
11.0613364614926564 16.1465974322839116 -0.338962972164154053 0.812000036239624023 61.5
11.0966273781866498 16.1245826804447105 -0.208186760544776917 0.730800032615661621 64
11.2109426246190012 16.0463080072386717 -0.106763623654842377 0.649600028991699219 54
19.5840228979140747 1.48063972694320012 0.629540681838989258 0.974400043487548828 55
8.98977104374237257 16.4490970659908768 5.89353561401367188 0.730800032615661621 47.5
10.8857001820186063 16.3615244434638285 1.69637143611907959 0.812000036239624023 53
10.8857001820186063 16.3615244434638285 1.69637143611907959 0.730800032615661621 56
10.577572777713744 16.615401668181633 1.05784153938293457 0.649600028991699219 47.5
10.2460168254502317 -16.8273768266838744 0.966516017913818359 0.243600010871887207 49.5
10.08915716074128 -16.9308995785105516 0.793212175369262695 0.162400007247924805 46
19.6478209852988286 1.90018520601088836 1.54676234722137451 0.893200039863586426 47
10.1801628234357526 -16.9655858823133627 0.757112026214599609 0.324800014495849609 46
10.3095302647142564 -16.8913598977035626 0.659980177879333496 0.243600010871887207 52.5
10.3095302647142564 -16.8913598977035626 0.659980177879333496 0.162400007247924805 47.5
10.4328075435455059 -17.083307483605541 0.563770890235900879 0.243600010871887207 45.5
9.53657922049046647 17.6822783139557238 -0.633000314235687256 0.649600028991699219 46.5
9.43095493858690759 17.9078612291656647 -0.654282987117767334 0.730800032615661621 46.5
9.26198772885924981 17.9989567504670589 -0.561825573444366455 0.649600028991699219 49
9.61703870350372725 17.8802145970595632 -0.957161605358123779 0.730800032615661621 46.5
9.40728955629543329 17.9894261350813771 -0.994533360004425049 0.649600028991699219 49
11.8349772624784979 17.8888742598703345 0.155013114213943481 0.730800032615661621 46
16.3889566541538514 16.2571394247014069 -0.847099363803863525 0.893200039863586426 46.5
16.4619147962928309 16.1820887100277169 -0.869133293628692627 0.812000036239624023 47.5
16.5805631621635321 16.1853975464793685 -0.445532351732254028 0.893200039863586426 46
16.7166193662651033 16.0463925219256005 -0.385500788688659668 0.812000036239624023 47.5
23.5418631197985562 0.376678124492444422 0.491268664598464966 0.974400043487548828 50
23.526489408074994 0.376678124492444422 0.982321798801422119 0.893200039863586426 53.5
16.6701800293098401 16.4472971702208746 2.48878955841064453 0.812000036239624023 50.5
23.6139657668247871 0.377877717990966866 0.61521071195602417 0.974400043487548828 52
16.6638900501798695 16.4996762957149521 2.86637377738952637 0.812000036239624023 47.5
17.7730702364036226 17.2322835022777596 1.85662126541137695 0.893200039863586426 45.5
17.7255820011431595 17.2726110784307032 1.9342491626739502 0.812000036239624023 46
21.1344910143706031 13.4909009661027923 -1.61077463626861572 0.974400043487548828 48
21.091062446427923 13.5631119789537031 -1.5731656551361084 0.893200039863586426 51
21.0564782627082145 13.5311716947211593 -2.92781662940979004 0.893200039863586426 46.5
21.173503223020866 13.6883025137150458 -1.77168822288513184 0.974400043487548828 47
21.2352873748997446 13.6883025137150458 -0.72018897533416748 0.893200039863586426 49.5
15.4763555055731796 19.9702669114490625 0.704684913158416748 0.812000036239624023 52
15.3041802761250096 20.077650918247933 1.22297406196594238 0.730800032615661621 50.5
21.3082970919683241 13.5166824271505952 -2.42452740669250488 0.974400043487548828 51
21.3616694922037311 13.5166824271505952 -1.89760804176330566 0.893200039863586426 53.5
15.1910595731077489 20.2734397782432154 0.917518019676208496 0.812000036239624023 63
15.172794655612428 20.2734397782432154 1.18172025680541992 0.730800032615661621 62.5
15.2313730482613465 20.2164207288669111 1.38712060451507568 0.649600028991699219 47.5
15.2433878447264028 20.3334209785546278 0.788569211959838867 0.812000036239624023 60.5
15.3073705040115691 20.2762332320524443 0.994718492031097412 0.730800032615661621 60.5
15.3073705040115691 20.2762332320524443 0.994718492031097412 0.649600028991699219 46.5
15.2763421154711931 20.2563840079767843 2.56171536445617676 0.893200039863586426 50.5
15.2146557662785646 20.2914351679717129 2.64991426467895508 0.812000036239624023 62.5
15.2706746448184632 20.2181463788914115 2.87804460525512695 0.730800032615661621 61.5
15.4878064568454441 20.1034334916352897 2.49597620964050293 0.649600028991699219 46
15.120243825777429 20.510906990255954 2.18210577964782715 0.893200039863586426 53.5
15.2763030462959684 20.4086400809869914 2.05004525184631348 0.812000036239624023 65.5
15.2912592424469391 20.3958567173283747 2.06568646430969238 0.730800032615661621 64
15.4774084083516659 20.248848035254241 2.1247704029083252 0.649600028991699219 48.5
21.9666717295879188 13.1285523546262883 -1.74040341377258301 0.974400043487548828 47.5
22.0472707840033557 13.070858521036623 -0.996529757976531982 0.893200039863586426 49.5
15.3876837433584797 20.4107962388330577 2.13100147247314453 0.812000036239624023 56
15.6047780727140548 20.2665616548588936 1.91832172870635986 0.730800032615661621 54.5
11.304491418012514 23.019839602276857 -0.466885894536972046 0.649600028991699219 45
22.0898407909652654 13.1090768201536125 -1.40238487720489502 0.974400043487548828 51
22.0623639908936511 13.1219351593592553 -1.68599390983581543 0.893200039863586426 53
22.2224212357296054 13.0666971696280516 -1.03223514556884766 0.974400043487548828 47.5
22.1909273131568696 13.0666971696280516 -1.56978583335876465 0.893200039863586426 48.5
22.1597298368254307 13.2821022749303328 -2.43612289428710938 0.974400043487548828 45
17.9422705918759995 18.6779563241207818 1.61599564552307129 0.812000036239624023 47.5
22.3103963918672079 13.1416262384001143 -2.61622142791748047 0.974400043487548828 45
18.156308924548906 18.6278730743766019 0.8071785569190979 0.893200039863586426 46
21.8750316096597111 14.7792182689735778 0.133190914988517761 0.893200039863586426 46.5
21.9218012724990068 14.8212040414218649 -0.831960976123809814 0.974400043487548828 48
21.9305385469286627 14.8212040414218649 -0.555895030498504639 0.893200039863586426 52.5
21.8407353063164003 14.963461133783726 -0.0523444749414920807 0.812000036239624023 45.5
21.7789793812013315 15.2245743873262231 -1.66708600521087646 0.974400043487548828 47
21.8419283496927825 15.1181088321700958 -1.80655920505523682 0.893200039863586426 51.5
12.1182635199534374 23.7052212652314971 0.317655831575393677 0.649600028991699219 45
14.4666881466961801 -22.6171626109600368 -0.318508684635162354 0.324800014495849609 47.5
14.623052499708125 -22.5165076816722731 -0.309355080127716064 0.243600010871887207 53.5
14.6673131833689734 -22.4762457099571691 -0.781534671783447266 0.162400007247924805 47.5
16.4320389958883482 21.3177024538835518 -0.706650078296661377 0.812000036239624023 54.5
16.4012788067869266 21.3479832812328176 -0.46623644232749939 0.730800032615661621 53.5
14.6552673558004845 -22.579403593436318 -0.59103471040725708 0.324800014495849609 55.5
14.7753043498455359 -22.5020192568770803 -0.55249476432800293 0.243600010871887207 61
14.7831326879404834 -22.5020192568770803 -0.271672874689102173 0.162400007247924805 54.5
16.4541654581029988 21.3770838421918477 -1.13174629211425781 0.812000036239624023 54
16.4119315953121259 21.4074490181040531 -1.17036724090576172 0.730800032615661621 53
14.682033324474272 -22.6422995052003628 -0.874217391014099121 0.324800014495849609 55.5
14.7560404121071418 -22.6018126039840901 -0.646051526069641113 0.243600010871887207 60.5
14.761501779721744 -22.6018126039840901 -0.506184875965118408 0.162400007247924805 54
14.5841263014790758 -22.7796259831506518 -1.2031254768371582 0.243600010871887207 51.5
14.7724805083899628 -22.664594454348169 -1.07033693790435791 0.162400007247924805 46
16.853083607539979 21.2787153601045134 0.558963477611541748 0.812000036239624023 54.5
16.8571617601180392 21.2787153601045134 0.41831052303314209 0.730800032615661621 53.5
15.2113143258571384 -22.4729289772532361 -0.840219676494598389 0.243600010871887207 48
19.3510812759354529 18.8506157910601786 3.37499523162841797 0.893200039863586426 46
16.7700894711271005 21.4463602141929925 0.135496750473976135 0.812000036239624023 57
16.7823582269278759 21.4327521176103843 0.436168491840362549 0.730800032615661621 56
14.8185568205651474 -22.8309840414735348 -0.597620010375976562 0.243600010871887207 47.5
16.7946190954920205 21.5224986775407388 0.113535203039646149 0.812000036239624023 52
16.9461943246712536 21.3962770178372992 0.562051713466644287 0.730800032615661621 50.5
17.8623230983932579 21.4202695284695679 0.720829248428344727 0.812000036239624023 45.5
25.4386952881138839 12.0269333850363278 -1.86163449287414551 0.974400043487548828 49.5
25.5075613796951046 11.9212175920239947 -1.57762062549591064 0.893200039863586426 49.5
25.6586389913664092 12.1442049743109575 -1.46055376529693604 0.974400043487548828 47
25.6855109662555847 12.1442049743109575 -0.868057012557983398 0.893200039863586426 47
26.175901188506721 11.9769247185291405 -0.903059899806976318 0.974400043487548828 50.5
26.2117536192880003 11.8833549941656322 -1.08163237571716309 0.893200039863586426 49.5
26.0880122754191675 12.8762208972044618 0.654649555683135986 1.05560004711151123 48
26.0961785490716309 12.8762208972044618 0.0495983250439167023 0.974400043487548828 61
26.1174975780062191 12.8325850172930096 0.105150535702705383 0.893200039863586426 61
26.1568010981471026 12.7525859041220126 0.0575353652238845825 0.812000036239624023 47.5
26.1418634286469747 12.9495100199627924 -0.306310951709747314 1.05560004711151123 61.5
26.1632803544603014 12.9094073706892587 -0.103431254625320435 0.974400043487548828 74
26.1632803544603014 12.9094073706892587 -0.103431254625320435 0.893200039863586426 73.5
26.1837476646271234 12.8656590260272239 0.258576035499572754 0.812000036239624023 59.5
26.2090668433821712 12.9827995861356253 -0.307098388671875 1.05560004711151123 63
26.2275563653472226 12.9425938441740573 -0.408792316913604736 0.974400043487548828 75.5
26.2104054645575104 12.9827995861356253 -0.155542925000190735 0.893200039863586426 75
26.2104054645575104 12.9827995861356253 -0.155542925000190735 0.812000036239624023 60.5
26.2208311237299405 13.0673904555732499 -1.2911221981048584 1.05560004711151123 58
26.2128062827086232 13.0673904555732499 -1.44489943981170654 0.974400043487548828 71
26.2040014504548395 13.0673904555732499 -1.59664034843444824 0.893200039863586426 70.5
26.2040014504548395 13.0673904555732499 -1.59664034843444824 0.812000036239624023 56.5
26.0027914754073031 12.9648802111228854 -4.48629426956176758 0.974400043487548828 61.5
26.0027914754073031 12.9648802111228854 -4.48629426956176758 0.893200039863586426 61.5
25.8564694550837473 13.0089659471765753 -5.15459918975830078 0.812000036239624023 48
25.5110220457209138 12.9648047302919842 -7.06238222122192383 0.974400043487548828 48
25.2379960434364747 12.9648047302919842 -7.98329782485961914 0.893200039863586426 45
26.4900153298565044 13.0753380501790932 -0.719150125980377197 0.974400043487548828 54
26.4576769715968716 13.1159561576492898 -1.07959997653961182 0.893200039863586426 54
26.5832257220646504 13.0307840506345372 -1.08234012126922607 0.974400043487548828 53.5
26.636925046351525 12.9308320138825099 -0.953153789043426514 0.893200039863586426 52.5
26.2280959528515822 14.1536860044611359 -2.69551920890808105 0.974400043487548828 46.5
26.2531165816934973 14.2396925508554837 -1.87371063232421875 0.893200039863586426 47
26.4333008150875521 14.7021054238247562 -1.79409635066986084 0.974400043487548828 47.5
26.4333008150875521 14.7021054238247562 -1.79409635066986084 0.893200039863586426 49
25.7765796678735661 16.3962943298001527 -1.75770914554595947 0.893200039863586426 46.5
26.1547891099187808 15.8001813683731971 -2.69016885757446289 0.974400043487548828 50.5
26.185813562742819 15.8001813683731971 -2.36920332908630371 0.893200039863586426 53
26.6937352730080555 14.9665639676672004 -3.00150942802429199 0.974400043487548828 54.5
26.6937352730080555 14.9665639676672004 -3.00150942802429199 0.893200039863586426 56
26.6789003382297736 14.8781863113754547 -3.52682042121887207 0.812000036239624023 45.5
26.6119960282370407 15.2842543621778013 -2.89377593994140625 0.974400043487548828 56
26.6740676282704392 15.2842543621778013 -2.25085830688476562 0.812000036239624023 47
30.2112130274485331 2.62041143673552801 -6.31400537490844727 0.974400043487548828 46
26.566177295999335 16.5474454139457698 -1.80079019069671631 0.974400043487548828 61
26.5768048021943848 16.5474454139457698 -1.63646221160888672 0.893200039863586426 63.5
26.5949062008343482 16.5474454139457698 -1.30981147289276123 0.812000036239624023 53.5
26.5087805410315376 16.5870330061513016 -3.11216950416564941 0.893200039863586426 64
26.4463701661460817 16.5870330061513016 -3.60423827171325684 0.812000036239624023 54
25.2590299342405231 16.45736286025803 -9.13163566589355469 0.974400043487548828 49.5
25.0756906093742344 16.45736286025803 -9.62367630004882812 0.893200039863586426 51
26.2800295941531239 17.2738293207177449 2.82056117057800293 0.974400043487548828 47.5
26.4358491025212707 17.100222995886412 2.38934922218322754 0.893200039863586426 49.5
26.6891860567946679 16.9945076118680092 0.772415757179260254 0.974400043487548828 51
26.7594341386938588 16.875858501242913 0.927723050117492676 0.893200039863586426 53.5
26.8354385587236841 16.9158480751350631 0.434731245040893555 0.974400043487548828 52.5
26.7858282966215597 16.9990992608809819 0.160056129097938538 0.893200039863586426 55.5
26.9331111798002318 16.7453813614648475 0.821815073490142822 0.812000036239624023 46
26.8268538038757391 17.0750500932579605 -0.052030857652425766 0.974400043487548828 47.5
26.9023395058952239 16.9558386660301856 -0.0607043243944644928 0.893200039863586426 49.5
28.0834883597534848 -15.0759816586506457 0.219484508037567139 0.730800032615661621 54.5
28.0842991547620997 -15.0759816586506457 0.0521545857191085815 0.649600028991699219 59
28.0841201780899539 -15.0759816586506457 -0.11300329864025116 0.568400025367736816 51.5
28.1244175209534788 -15.1593635108071023 0.115448780357837677 0.730800032615661621 56
28.1244175209534788 -15.1593635108071023 0.115448780357837677 0.649600028991699219 60.5
28.1244175209534788 -15.1593635108071023 0.115448780357837677 0.568400025367736816 53
28.1303919706194847 -15.2949949870601127 -0.587291479110717773 0.730800032615661621 47.5
28.0263730596832268 -15.4950864965716288 -0.159384965896606445 0.649600028991699219 51.5
28.4926070103365774 -14.7612242902264761 -0.829340159893035889 0.730800032615661621 45
28.4967347069046717 -14.7411682789625811 -1.02184581756591797 0.649600028991699219 48.5
26.8900724463971272 17.3246547247465941 -3.46571874618530273 0.893200039863586426 49
27.7411844275362078 -16.3777001424497648 -1.50337076187133789 0.649600028991699219 49
27.7169055205520998 -16.1963525768960608 -3.0844578742980957 0.568400025367736816 47
22.1845127578967904 23.4967125950872457 -0.810919106006622314 0.812000036239624023 46.5
27.8119704698329429 -16.4723386561399003 0.24902854859828949 0.649600028991699219 50
27.7299294833217154 -16.6015968309796413 0.586182653903961182 0.568400025367736816 45
27.7717077381674784 -16.7273319301956818 -1.88530445098876953 0.649600028991699219 50.5
27.5987850334420912 -16.966757593437201 -2.2498784065246582 0.568400025367736816 47.5
22.1639805967869101 23.7253434050460861 2.31706070899963379 0.893200039863586426 49.5
22.1633566425825244 23.6602644586238782 2.9120783805847168 0.812000036239624023 53
17.1655618255112543 27.5934732830160527 1.85642969608306885 0.730800032615661621 55
28.2647631603829232 -16.1395787127075039 0.346181333065032959 0.649600028991699219 56.5
27.9382696587935371 -16.6602102840851636 -1.18033194541931152 0.568400025367736816 53.5
22.0164743903410596 24.004232180949991 1.86070704460144043 0.893200039863586426 63
22.0721647684826117 23.9308496776794257 2.12711930274963379 0.812000036239624023 67
21.9485092974603937 24.004232180949991 2.53977108001708984 0.730800032615661621 59.5
17.265103478346802 27.6570501215293376 1.18082940578460693 0.649600028991699219 52
22.1530775176550172 23.9858636848400479 1.79153001308441162 0.893200039863586426 65
22.0670874900042797 24.0594148852364889 1.86498463153839111 0.812000036239624023 69.5
21.9800771076043304 24.1329660856329333 1.94065558910369873 0.730800032615661621 62
27.9641200991968155 -16.8432248907854643 -1.89836645126342773 0.649600028991699219 49
27.7406873710092867 -17.2600150263653092 -1.35507595539093018 0.568400025367736816 47.5
22.3780164304806384 23.889342347093681 1.65059804916381836 0.893200039863586426 54.5
22.3030611707038844 23.9384889454418932 1.92949008941650391 0.812000036239624023 58.5
22.4530043508591177 23.7419025520490443 2.52694272994995117 0.730800032615661621 51
28.2606171919907823 -16.5992635921088123 -0.0513912960886955261 0.649600028991699219 56
28.2461748106817616 -16.5992635921088123 -0.904857099056243896 0.568400025367736816 54.5
16.7246801822459155 28.2664923748593964 0.642726123332977295 0.812000036239624023 60
16.6635384069837933 28.2993317502585953 0.7725943922996521 0.730800032615661621 69.5
16.7139724433152068 28.3639427494690466 0.430975019931793213 0.812000036239624023 66
16.7087023731208753 28.3639427494690466 0.60155254602432251 0.730800032615661621 75
16.5855624122449399 28.4380000412431144 0.505043387413024902 0.649600028991699219 72
28.5236250670459199 -16.444833067831123 0.161620169878005981 0.568400025367736816 64.5
16.501456657722116 28.5770024230668724 0.238481700420379639 0.812000036239624023 59.5
16.6171647370360915 28.5027764427472157 0.679403126239776611 0.730800032615661621 68
16.6276670604520014 28.5027764427472157 0.335220634937286377 0.649600028991699219 65
16.5690990952670774 28.3898355207414426 3.66577005386352539 0.730800032615661621 50.5
27.412534664032556 -16.7512015381518502 7.86803388595581055 0.649600028991699219 50
28.2688270985882326 -17.1951426581058833 2.03052663803100586 0.649600028991699219 53.5
28.0515315877019589 -17.4975385660899185 2.42288661003112793 0.568400025367736816 50.5
13.8325491166455414 30.1585427116141425 -1.73886168003082275 0.730800032615661621 49
28.6570195805848442 -16.7773500960397541 1.09388482570648193 0.649600028991699219 55.5
28.6975404326879051 -16.7399840601911123 0.353360205888748169 0.568400025367736816 52
28.6871975343801502 -16.511458371682739 3.64783573150634766 0.730800032615661621 49
28.9306531155675586 -16.3783014493304613 1.91280221939086914 0.649600028991699219 56
28.9749267956211689 -16.3783014493304613 1.04643356800079346 0.568400025367736816 51
29.0067078772620022 -16.4151880112980741 1.74444043636322021 0.649600028991699219 52.5
29.1745510589021926 -16.0648638769106142 2.15785503387451172 0.568400025367736816 47.5
15.1097062839506027 29.919763015197784 0.655932784080505371 0.649600028991699219 46
27.3241393821035388 -19.4565051605929256 -1.94833195209503174 0.568400025367736816 50
18.0582909343984461 28.3662200791555925 1.80597305297851562 0.730800032615661621 55
17.820763596084074 28.547164666517066 1.21883320808410645 0.649600028991699219 48.5
18.1302316308307425 28.4293939394766504 1.45836162567138672 0.730800032615661621 61.5
18.8475480907231301 28.0234009519309772 1.89460945129394531 0.812000036239624023 56
18.2559187701871686 28.4587569546532855 0.975338220596313477 0.730800032615661621 60
17.934456301959198 28.6743215773604483 0.518848657608032227 0.649600028991699219 53.5
27.066762105698718 -20.199673174853416 -1.86928081512451172 0.568400025367736816 50.5
26.937146882945747 -20.3771969817887246 -1.81401622295379639 0.487200021743774414 46.5
18.9832929246040578 28.0855377266285799 -0.217250600457191467 0.730800032615661621 50
27.041829732571582 -20.4223796953358061 -0.935916304588317871 0.568400025367736816 46
31.0020845686143751 12.3416726659660974 6.39176130294799805 0.974400043487548828 48
31.1036813468445352 12.3901916192731925 6.20055437088012695 0.974400043487548828 47.5
21.8567506470247253 26.0653550342265063 1.51075351238250732 0.812000036239624023 50
21.9165098625620374 26.0313160462614661 1.19992971420288086 0.730800032615661621 45.5
22.4694861670748303 25.6536984102756414 1.23512041568756104 0.893200039863586426 55
22.4694861670748303 25.6536984102756414 1.23512041568756104 0.812000036239624023 61.5
22.6106674298328194 25.495921342260317 1.79758358001708984 0.730800032615661621 56
22.4830175056567079 25.7100807385683687 1.77359247207641602 0.730800032615661621 54.5
15.2219511006453256 30.3770407017127013 -5.04482507705688477 0.730800032615661621 45.5
15.2551871376148807 30.4433667883695556 -5.05584001541137695 0.730800032615661621 45
34.5579550572020011 6.84509741235720259 -1.20618844032287598 0.974400043487548828 49.5
34.5902210418491052 6.76581056974302619 0.550320327281951904 0.893200039863586426 49.5
34.6250556266180283 6.97001651386344534 -0.616504311561584473 0.974400043487548828 47
34.6560625947866683 6.78020605781776453 0.917478621006011963 0.893200039863586426 47
23.0502475407965264 26.4706351892062131 4.59908914566040039 0.812000036239624023 50.5
23.0502475407965264 26.4706351892062131 4.59908914566040039 0.730800032615661621 53.5
23.2201571356851701 26.36004597133687 4.37405586242675781 0.649600028991699219 45
34.4383480854950861 8.5112462924590524 -0.186230957508087158 1.05560004711151123 47
34.4388512285292379 8.5112462924590524 -0.00241628102958202362 0.974400043487548828 58.5
34.4383611542383079 8.5112462924590524 0.183813154697418213 0.893200039863586426 57
23.1848114207990221 26.3848635066230663 4.97788047790527344 0.649600028991699219 48.5
34.4544965443728799 8.72026010466693435 -0.804593861103057861 1.05560004711151123 52.5
34.5111571683461023 8.52924065255247577 -0.186624690890312195 0.974400043487548828 63.5
34.5116613751183507 8.52924065255247577 -0.00242138956673443317 0.893200039863586426 61.5
15.9879781898264479 31.1805938230551227 -5.99648857116699219 0.812000036239624023 48.5
16.2898269394504602 31.0828629405779608 -5.68329620361328125 0.730800032615661621 51.5
34.5799551199579653 8.54723409741472651 -0.558602511882781982 0.974400043487548828 57.5
34.5844678184295802 8.54723409741472651 -0.00242649787105619907 0.893200039863586426 55.5
34.3063156557757907 10.0539938108260092 -1.35821199417114258 0.974400043487548828 45
34.4164349869460864 10.0347533739774981 -0.188199564814567566 0.974400043487548828 47
34.48116839871048 9.74804613472099746 1.11679255962371826 0.893200039863586426 46
34.5604346004881933 10.0767391464257834 -0.188987001776695251 0.974400043487548828 50.5
34.6355090181978795 9.78883231367076156 0.748529672622680664 0.893200039863586426 49
35.3638297575494036 6.92415947419527633 -1.69150197505950928 0.974400043487548828 51
35.3324468871861583 6.92415947419527633 -2.25387835502624512 0.893200039863586426 51
34.7185662662268726 11.8146964732786888 -0.300044327974319458 0.974400043487548828 48.5
31.6043379948019449 16.5780728014439838 -8.76902580261230469 0.893200039863586426 49
28.7208397289307484 -22.9245815581186605 -0.373312711715698242 0.649600028991699219 53
28.7763422355716294 -22.9713668943615588 -0.5648651123046875 0.649600028991699219 57.5
28.7763422355716294 -22.9713668943615588 -0.5648651123046875 0.568400025367736816 59.5
28.7794542838132408 -22.9713668943615588 -0.374074578285217285 0.487200021743774414 49
28.8349504522059874 -23.0181522306044606 -0.566015541553497314 0.649600028991699219 58
28.8399205728995938 -23.0181522306044606 -0.183647319674491882 0.568400025367736816 59.5
28.8985388915076236 -23.0649375668473624 -0.184020593762397766 0.649600028991699219 56.5
28.779792266553482 -23.2127897307374056 0.201665803790092468 0.487200021743774414 49.5
36.580559892598103 5.80570923887724177 0.926928162574768066 0.974400043487548828 45.5
36.5849178280509264 5.80570923887724177 0.735004663467407227 0.893200039863586426 45.5
28.9420027264831035 -23.1117229030902642 -0.95470350980758667 0.649600028991699219 53.5
28.9550634130551217 -23.1117229030902642 0.394040495157241821 0.487200021743774414 47
35.48247981527755 10.888023488139277 -0.84277111291885376 1.05560004711151123 47.5
35.5075938753961537 10.8369931266695154 0.189831152558326721 0.974400043487548828 58.5
35.4726580424054134 10.9436929733790169 0.437865942716598511 0.893200039863586426 56.5
28.9756826025130501 -23.158505859732113 -1.53592133522033691 0.649600028991699219 53.5
28.8567624110668994 -23.3301534392213163 -1.12109041213989258 0.568400025367736816 56.5
35.5467456259553671 10.9658016689313023 -0.142023324966430664 1.05560004711151123 59.5
35.5461771190914746 10.9658016689313023 0.246009662747383118 0.974400043487548828 70
35.5413734532092036 10.9658016689313023 0.634015858173370361 0.893200039863586426 68
35.5413734532092036 10.9658016689313023 0.634015858173370361 0.812000036239624023 50.5
28.7902254480024418 -23.3540430626158795 -3.09057426452636719 0.649600028991699219 46
35.6184131793769581 10.9879103644835858 -0.142309665679931641 1.05560004711151123 57.5
35.6178435263182394 10.9879103644835858 0.246505647897720337 0.974400043487548828 68
35.6431439724526271 10.880779402896847 0.775040149688720703 0.893200039863586426 66.5
35.6090615784553606 10.9879103644835858 0.828394532203674316 0.812000036239624023 49.5
29.2617153567168913 -22.9120521758773918 2.86628890037536621 0.568400025367736816 47.5
35.534929147396717 10.7533208623665306 4.08136510848999023 0.974400043487548828 47.5
35.5632042398614487 10.837331181603771 3.58237433433532715 0.893200039863586426 49
35.683278062819781 11.2238688484152487 1.16585671901702881 0.974400043487548828 53.5
29.6354771675290642 -22.8312198824846853 -1.0510871410369873 0.649600028991699219 45.5
29.5356442464064948 -22.948135182989013 -1.28826415538787842 0.568400025367736816 46.5
35.6053470782405341 11.2229307364628692 3.54331636428833008 0.974400043487548828 50
37.1457878066440301 7.39270145655889444 0.232395634055137634 0.974400043487548828 50
37.1707929674932771 7.26964752706431483 -1.65556878073402913e-06 0.893200039863586426 48
37.2501128295398658 7.19868313605539356 0.900301516056060791 0.974400043487548828 56
37.2360397694072134 7.28404301513905406 0.789075076580047607 0.893200039863586426 54.5
37.3344647900891857 7.21290992700425715 0.111476607620716095 1.05560004711151123 46.5
37.3333567477980921 7.21290992700425715 0.308497309684753418 0.974400043487548828 57.5
37.3308570579353542 7.23191627727304276 0.0855483189225196838 0.893200039863586426 56.5
37.3790752789774388 7.22713671795311985 -1.47762954235076904 0.974400043487548828 52.5
37.3508549327484758 7.22713671795311985 -2.07181334495544434 0.893200039863586426 51
23.127660181168924 30.2654203662898418 0.851923882961273193 0.812000036239624023 54
23.1194301845790413 30.2654203662898418 1.05187177658081055 0.730800032615661621 54
22.8875654394815484 30.5301228306802912 1.18401694297790527 0.812000036239624023 59.5
22.897047767337412 30.5301228306802912 0.983693718910217285 0.730800032615661621 59.5
22.7290088667109522 30.6541514546799299 1.02272164821624756 0.649600028991699219 47
22.769316973920116 30.590100980221127 2.97766280174255371 0.812000036239624023 55
22.7542127995652628 30.6761356392280007 2.06955838203430176 0.730800032615661621 55.5
28.8737547759202364 -25.0838828037813286 0.409410953521728516 0.568400025367736816 46
29.8386045166620875 -24.3990750911139429 0.667532920837402344 0.568400025367736816 47.5
31.11574810315091 -22.9029889971760774 2.22562074661254883 0.568400025367736816 52
31.0843072596957271 -22.9029889971760774 2.62850594520568848 0.487200021743774414 46.5
31.3557280871703767 -22.7680987175517835 1.39021587371826172 0.649600028991699219 51
31.3639881364033215 -22.7680987175517835 1.18941724300384521 0.568400025367736816 56
31.3557280871703767 -22.7680987175517835 1.39021587371826172 0.487200021743774414 50
31.2626671279395154 -22.9917611736369665 1.82955741882324219 0.649600028991699219 48
31.4472560961801157 -22.7830099636567311 1.15200424194335938 0.568400025367736816 53
31.5312915404386267 -22.6810616983175493 0.818377792835235596 0.487200021743774414 46
31.7169428201359018 -22.5011016117818095 -1.70053780078887939 0.649600028991699219 56
31.7436798792901804 -22.5011016117818095 -1.09321486949920654 0.568400025367736816 62.5
31.7550620504130094 -22.5011016117818095 -0.687294244766235352 0.487200021743774414 56.5
31.9213344824941068 -22.1886946926263278 3.1129145622253418 0.649600028991699219 52
32.0032912556168796 -22.2471757680296918 1.36108028888702393 0.568400025367736816 57
32.0656485160359424 -22.1886946926263278 0.675325095653533936 0.487200021743774414 52
31.8645077699872665 -22.5878097293468869 1.1400376558303833 0.649600028991699219 63
31.8257151526095363 -22.6561688595264918 0.823117375373840332 0.568400025367736816 68
31.8257151526095363 -22.6561688595264918 0.823117375373840332 0.487200021743774414 61.5
31.8138176441556375 -22.8121750724859496 -0.456409573554992676 0.649600028991699219 62
31.7848789076777649 -22.8562045761643517 -0.194845318794250488 0.568400025367736816 67
31.8170538021121985 -22.8121750724859496 -0.048044249415397644 0.487200021743774414 60
31.7396835341135599 -23.0323324091156891 -0.839646279811859131 0.649600028991699219 59.5
31.74786662556075 -23.0323324091156891 -0.430543690919876099 0.568400025367736816 62.5
31.7649522775618429 -23.0029231742881279 -0.673876166343688965 0.487200021743774414 54.5
31.6547043603522873 -23.258075445449407 1.23765861988067627 0.568400025367736816 63
31.7594696330937083 -23.0763717310318341 1.81863164901733398 0.487200021743774414 56
31.7454869855619712 -23.3468453643400693 1.85781300067901611 0.649600028991699219 55
31.6724799560964598 -23.5045943195045268 0.831016778945922852 0.487200021743774414 59
37.6938574740779657 11.537566865119242 2.87807917594909668 0.974400043487548828 49.5
37.4716443216036907 11.3795180039532227 5.34867238998413086 0.893200039863586426 49.5
32.2982349076284052 -22.7590360079064453 1.03733992576599121 0.649600028991699219 56
32.2381429282097116 -22.8479384923123305 0.948443233966827393 0.568400025367736816 60.5
31.9853681394211407 -23.1788532953786763 1.37940263748168945 0.487200021743774414 54
37.887285095025355 11.4011112360653311 -1.65180099010467529 0.974400043487548828 46
31.5003212813135001 -23.9799414279394973 0.923252880573272705 0.487200021743774414 48.5
32.4726116034482786 -22.756169057697246 1.33868312835693359 0.649600028991699219 52
32.4529249792623418 -22.756169057697246 1.75221920013427734 0.568400025367736816 56.5
32.2148890864800208 -23.0585930909258998 2.14665985107421875 0.487200021743774414 50.5
32.1850744903578416 -23.3108003269283728 -0.888816893100738525 0.649600028991699219 53.5
32.0311721190771905 -23.5243874596916207 -0.818370580673217773 0.568400025367736816 60.5
31.9006063466736371 -23.7081717367204661 -0.579925179481506348 0.487200021743774414 57
31.6178966081443242 -24.1161901632665412 -2.17917346954345703 0.487200021743774414 59
31.3576499881728807 -24.3410991012872806 -4.02727317810058594 0.568400025367736816 61
31.4926876655834675 -24.3410991012872806 -2.78056931495666504 0.487200021743774414 61
32.3193309969265528 -23.4027875250705542 -2.40233135223388672 0.649600028991699219 53.5
31.8748522666051315 -24.0221996175163923 -2.22003650665283203 0.568400025367736816 63
31.8348110572641332 -24.0821427232369558 -2.14383745193481445 0.487200021743774414 61
32.5869649252144455 -23.276538188442764 -0.543351829051971436 0.649600028991699219 59
32.412070807927158 -23.5167604703273589 -0.649826705455780029 0.568400025367736816 65
32.2775536503167686 -23.7019318126134024 -0.617064535617828369 0.487200021743774414 60
32.864618368972998 -23.0142712843382427 -0.525218844413757324 0.649600028991699219 59
32.6507907519129503 -23.3201254343043942 -0.33647233247756958 0.568400025367736816 63.5
32.4991486707220929 -23.5307135375597731 0.355625122785568237 0.487200021743774414 56.5
33.3984889861274326 -22.288712749722027 -1.94788217544555664 0.649600028991699219 46.5
31.0689690871072024 -25.5036724431685222 0.5673103928565979 0.568400025367736816 52.5
31.5465996883957835 -24.9159376242103363 0.219255298376083374 0.487200021743774414 52.5
31.6448091626291621 -24.9070628420325306 0.565622806549072266 0.487200021743774414 58
33.5347842920228345 -22.3718804327788163 -1.74355113506317139 0.649600028991699219 51.5
31.1642393813596428 -25.5383309425343086 2.16944456100463867 0.487200021743774414 56
32.7689081121176571 -23.6662339700539341 -0.537414431571960449 0.649600028991699219 57.5
32.1939003868618627 -24.4391120484783215 0.680712699890136719 0.487200021743774414 62
32.8297013816318497 -23.7101398498349987 -0.538411438465118408 0.649600028991699219 61
32.1599158793271869 -24.616034200554413 -0.201564118266105652 0.487200021743774414 66.5
31.9382934786145398 -24.8943816267531197 -0.681974291801452637 0.406000018119812012 51
39.2431024501549217 10.2520138699966239 -1.09808003902435303 0.974400043487548828 49
39.2806182602867509 10.1658198859264264 -0.1410798579454422 0.893200039863586426 48.5
32.9398389757972225 -23.6881349162335475 -0.412167727947235107 0.649600028991699219 58.5
32.0502481847721867 -24.8796399901451224 -0.340245872735977173 0.568400025367736816 68.5
32.0036762812453546 -24.940482802429969 -0.260027825832366943 0.487200021743774414 68
32.1366875643246388 -24.7528841312183587 -0.92662125825881958 0.406000018119812012 53.5
39.3191932245995872 10.3116010318269637 -0.30761873722076416 1.05560004711151123 47.5
39.347134211926253 10.1846108713364849 0.706667959690093994 0.974400043487548828 57.5
39.347134211926253 10.1846108713364849 0.706667959690093994 0.893200039863586426 56
33.3801264751048805 -23.1884033055616214 -0.698357343673706055 0.649600028991699219 49.5
25.4918871537041198 -31.6002315364510054 2.00290560722351074 0.406000018119812012 47.5
26.0035446040419274 -31.2091018421403277 1.49344611167907715 0.324800014495849609 48
39.4376532504323407 10.1423341149605299 0.57471930980682373 0.974400043487548828 56.5
39.4340147004140675 10.1423341149605299 0.785703480243682861 0.893200039863586426 54.5
31.7601119289115097 -25.4041805829819189 -2.10920071601867676 0.649600028991699219 55
31.8896879179486064 -25.2413332715525449 -2.10920071601867676 0.568400025367736816 69.5
31.9149206758277231 -25.2413332715525449 -1.68485915660858154 0.487200021743774414 69.5
31.8294250073936986 -25.4041805829819189 -0.202683940529823303 0.406000018119812012 55.5
25.8661614287982928 -31.4295311058686551 1.28531110286712646 0.324800014495849609 49.5
32.8873818745096926 -24.1457881797773943 -0.203057199716567993 0.649600028991699219 57.5
32.2613022455653393 -24.9309341636637356 -1.51563191413879395 0.568400025367736816 68.5
32.0345168033556504 -25.2317368458020077 -1.33771836757659912 0.487200021743774414 67.5
32.0155372403013061 -25.287818701793892 -0.414453327655792236 0.406000018119812012 53
32.4335651054545124 -24.8439604431521381 -1.26775741577148438 0.568400025367736816 63
32.2045346696128192 -25.1248851603341663 -1.5406947135925293 0.487200021743774414 61.5
26.912769591912479 -30.7280563375829132 1.50171232223510742 0.406000018119812012 49
26.912769591912479 -30.7280563375829132 1.50171232223510742 0.324800014495849609 47
32.2223564522544166 -24.6695111050841831 5.48064708709716797 0.649600028991699219 53
32.3857530278564241 -24.6695111050841831 4.41369199752807617 0.487200021743774414 57
32.6727997266649766 -24.4686234383586481 4.10186958312988281 0.649600028991699219 56.5
32.5247899168952941 -24.4993822358927211 4.99691247940063477 0.568400025367736816 63.5
32.4912396243703299 -24.4993822358927211 5.21060514450073242 0.487200021743774414 59
32.8065288217896409 -24.4876771013122472 3.6463019847869873 0.649600028991699219 58
32.8067229541032859 -24.5133562929033921 3.46763849258422852 0.568400025367736816 65.5
32.8018055749710271 -24.5441713228127583 3.29170751571655273 0.487200021743774414 61
25.5226399441705354 -32.211977931927521 0.439916104078292847 0.324800014495849609 47.5
33.3832314418978982 -23.9921160055626785 2.30629849433898926 0.649600028991699219 55
33.2747113872387459 -24.1773435792706444 1.90539848804473877 0.568400025367736816 61
33.1453850301524326 -24.3677163633593921 1.72591447830200195 0.487200021743774414 55.5
34.0616112423160828 -23.2420100875917228 -1.08542323112487793 0.568400025367736816 55
34.2951698106457954 -22.8296435302603129 -2.05212736129760742 0.487200021743774414 45.5
25.966213872779317 -32.0357269226840913 -1.01513731479644775 0.406000018119812012 46
26.0830113418531013 -31.9532536112178107 -0.478078752756118774 0.324800014495849609 51
34.2365976584973453 -23.1345140507770779 -0.636708915233612061 0.649600028991699219 50
33.6272636195234682 -24.0175501897687909 -0.346535056829452515 0.568400025367736816 55.5
32.9428397849775649 -24.8954223747313144 1.65619349479675293 0.487200021743774414 50
25.8725360585932762 -32.2230731421537868 -0.202852249145507812 0.406000018119812012 56
25.8733268396627274 -32.2230731421537868 0.0112696224823594093 0.324800014495849609 60.5
25.6577043577471464 -32.3883196710879062 0.65924537181854248 0.243600010871887207 52.5
33.101132470280163 -24.831965240351856 -1.28404057025909424 0.649600028991699219 49.5
32.7304728946973071 -25.3286045451588926 -1.06679415702819824 0.568400025367736816 59.5
32.6480345370027223 -25.4475910452689114 -0.697129309177398682 0.487200021743774414 57
25.4664523461574639 -32.6385143127874713 -0.383856266736984253 0.243600010871887207 50
32.5417145844180453 -25.7061828452715915 -0.636192262172698975 0.487200021743774414 57.5
32.6247261773400723 -25.7267079244287515 0.407908022403717041 0.568400025367736816 49.5
33.446461493587492 -24.9024794620378707 0.301354140043258667 0.487200021743774414 48.5
33.3384598280018949 -25.1665163579255236 0.586688876152038574 0.487200021743774414 47
32.8242408030395438 -25.8392460303144844 -2.51501107215881348 0.568400025367736816 48.5
32.1628952122623772 -26.7753369105869581 0.228254586458206177 0.487200021743774414 49.5
32.7421654144888947 -26.1527388240651888 -1.3003237247467041 0.568400025367736816 53.5
32.8007357736107821 -26.1995217807070375 -1.3026498556137085 0.568400025367736816 49.5
33.199078825030746 -25.6641950135531651 -1.78051853179931641 0.487200021743774414 48.5
29.1075376299550683 -30.0160591607907037 4.70031881332397461 0.487200021743774414 47
29.7086282922456988 -29.611218285789672 3.29830574989318848 0.406000018119812012 48.5
33.2616458480947372 -25.1396094309073383 6.18753337860107422 0.649600028991699219 47
33.2196518612209957 -25.1396094309073383 6.40916204452514648 0.568400025367736816 55
33.228333030663606 -25.2133480716013914 6.06527853012084961 0.487200021743774414 52
25.0694251382538909 -33.8776383531523138 0.672406375408172607 0.324800014495849609 51
25.2897558142564698 -33.7090928887087671 -0.864908218383789062 0.243600010871887207 46.5
33.29487224399832 -25.6644963076553374 3.96684813499450684 0.568400025367736816 54.5
33.4772854439387544 -25.4376103411197327 3.89232301712036133 0.487200021743774414 52
25.5929471061453917 -33.5421881224845748 1.69514012336730957 0.406000018119812012 46
25.4696616765610386 -33.6740985681448137 0.549829304218292236 0.324800014495849609 52.5
25.6388460240492257 -33.5421881224845748 -0.722536623477935791 0.243600010871887207 48
30.2333869767283296 -29.4788502107191093 2.49599289894104004 0.487200021743774414 51
28.3379746942159372 -31.3500198314102647 1.85086119174957275 0.406000018119812012 52.5
26.5559481814841014 -32.9251852183197684 -0.0634472295641899109 0.324800014495849609 53.5
25.9284651887122806 -33.3797631487701594 -1.67221629619598389 0.243600010871887207 47
33.253487579597369 -26.163392847104479 2.30716705322265625 0.568400025367736816 46.5
31.1493251321062417 -28.6944800320702669 1.40956962108612061 0.487200021743774414 49.5
28.6901611470972924 -31.1779107637626325 0.673106610774993896 0.406000018119812012 51.5
27.0319524306099339 -32.6287850078643586 -0.525783181190490723 0.324800014495849609 51.5
31.1812904389856413 -28.7452672390214445 1.85453271865844727 0.487200021743774414 48
30.5730404888749945 -29.3658976628940174 2.22166204452514648 0.406000018119812012 45
30.7901886116096613 -29.1609150350095163 4.04544448852539062 0.406000018119812012 45.5
33.6607506769489291 -26.2313039973657531 0.168747097253799438 0.568400025367736816 47
30.7975483663005178 -29.3509040865015436 3.34534072875976562 0.487200021743774414 51.5
30.7975483663005178 -29.3509040865015436 3.34534072875976562 0.406000018119812012 49.5
40.8574511374334719 12.446909654360196 1.81813967227935791 3.08560013771057129 46
33.27562360891244 -26.8383150658822416 0.0116582298651337624 0.649600028991699219 48
33.2725200876187444 -26.8383150658822416 0.454662084579467773 0.568400025367736816 60.5
33.2409034200776361 -26.8650251724366669 0.935498654842376709 0.487200021743774414 60.5
33.0575310325240679 -27.0573379396284963 1.63176071643829346 0.406000018119812012 48
41.0059840758465342 12.2332852516675246 1.68421828746795654 3.16680002212524414 51
40.970759838294228 12.4259354131111088 0.986764609813690186 3.08560013771057129 55
40.9966362787950231 12.3296103323893149 1.11227238178253174 3.00440025329589844 53
33.3087974995060279 -26.91215727499387 0.49049416184425354 0.649600028991699219 51
33.3047277832970394 -26.91215727499387 0.715286612510681152 0.568400025367736816 64
33.277853427156046 -26.9442656352344621 0.756157398223876953 0.487200021743774414 64
32.5870666265349271 -27.7416232478759639 1.57043564319610596 0.406000018119812012 51.5
40.9872296802078537 12.6460456634804075 0.731163442134857178 3.32920026779174805 47.5
40.9636853439465369 12.6942925524042423 1.1142202615737915 3.24800014495849609 51.5
40.9709090149888695 12.5227480584528337 2.23060703277587891 3.16680002212524414 54.5
41.0472637759448915 12.4476973423490929 0.766256093978881836 3.08560013771057129 57
41.0508500547647515 12.4476973423490929 0.541073739528656006 3.00440025329589844 54.5
41.026068568600941 12.5227480584528337 -0.672675073146820068 2.92320013046264648 45.5
33.2937921282587936 -27.0343400936548122 1.03819787502288818 0.568400025367736816 57
33.0783248697888723 -27.307739130889864 0.722388923168182373 0.487200021743774414 57.5
31.4820691188001831 -29.0499878975838612 2.3211517333984375 0.406000018119812012 47.5
41.1312423788442416 12.4479787215929534 0.345726490020751953 3.32920026779174805 48
41.1142665839492309 12.4694592715870769 0.990220904350280762 3.24800014495849609 51.5
41.1260817575319209 12.4694592715870769 0.0937595516443252563 3.08560013771057129 52.5
41.182858084371901 12.2761343216399883 0.345726490020751953 3.00440025329589844 47.5
25.1356463563735346 -34.8575625029593894 -0.0205093249678611755 0.324800014495849609 52
25.1344507317799319 -34.8575625029593894 -0.246110394597053528 0.243600010871887207 50
24.8924117822424975 -35.117438414722649 -0.66035151481628418 0.324800014495849609 59.5
25.138426908114397 -34.9452941087681239 -0.4343738853931427 0.243600010871887207 59
41.0631720153970292 13.1057589493692479 -1.34929895401000977 2.92320013046264648 47.5
41.156838370242717 12.8740370600506324 -0.373391121625900269 2.84200000762939453 47.5
24.4420253610840064 -35.5235045206587543 -0.658561646938323975 0.324800014495849609 59
24.6577079161994668 -35.3780047296912485 -0.399850249290466309 0.243600010871887207 59
41.198945988366475 12.9288164367363354 -1.31631898880004883 3.16680002212524414 49.5
41.154287817220677 13.128551805487584 -0.453560680150985718 2.92320013046264648 48
41.0709684565243904 13.3012959081913706 -1.57829844951629639 2.84200000762939453 48.5
41.091338691775988 13.3012959081913706 -0.904124438762664795 2.67960023880004883 47
23.7053284495368715 -36.1035174650908601 0.912955820560455322 0.324800014495849609 49
24.4169929757610653 -35.6338694358649448 0.527184605598449707 0.243600010871887207 49.5
41.2915177706259371 12.951262526540372 0.0324520058929920197 3.16680002212524414 46.5
41.1503721119752299 13.3243886703112633 -1.35399222373962402 2.84200000762939453 49
41.1887059663485289 13.1513446616059202 -1.80509305000305176 2.76080012321472168 46.5
30.2922223751154789 -30.8991708044474649 0.590051651000976562 0.487200021743774414 50
30.2281264627865625 -30.9478394318958436 1.10331618785858154 0.406000018119812012 53
41.4234266839151246 12.7786967122991459 -0.165502995252609253 3.16680002212524414 46
41.3242494329064911 13.0007936030173603 -1.5837787389755249 3.08560013771057129 45
40.9670763940309186 14.1654480299543319 0.511285901069641113 2.59840011596679688 46
29.9710581344483167 -31.2019046472416655 2.7201993465423584 0.487200021743774414 59
30.1504825530445402 -31.0285607325347641 2.7201993465423584 0.406000018119812012 62.5
41.1856206901219934 13.7504200523507958 0.633542299270629883 2.67960023880004883 48
41.1374914787961998 13.891505656676415 -0.680907130241394043 2.59840011596679688 48
29.9099025647017172 -31.4295315482303863 1.82022678852081299 0.406000018119812012 62.5
30.1152795830875455 -31.2558877275219338 1.36756551265716553 0.324800014495849609 53.5
30.0943342701400596 -31.3098680621086878 2.50462794303894043 0.487200021743774414 69
30.0747626300538187 -31.3098680621086878 2.72961163520812988 0.406000018119812012 72.5
30.0747626300538187 -31.3098680621086878 2.72961163520812988 0.324800014495849609 64
29.8474929423693354 -31.5380947598466683 3.64093184471130371 0.487200021743774414 64.5
29.8018035288689234 -31.5979910033477616 3.49289226531982422 0.324800014495849609 59.5
29.7736954363914705 -31.619650171669015 4.36432933807373047 0.487200021743774414 57
29.7964249638581933 -31.6523770823176243 3.95255589485168457 0.406000018119812012 60.5
29.1252115547515729 -32.2578249293169748 4.05923843383789062 0.324800014495849609 53
41.920273632609522 12.413883491718968 0.679650306701660156 3.24800014495849609 48
30.3327680902827623 -31.4718173029494963 1.15055012702941895 0.487200021743774414 45.5
30.1339124739984214 -31.4718173029494963 3.65346527099609375 0.406000018119812012 50
26.2463748758520232 -34.968685892166107 -0.44118461012840271 0.324800014495849609 48.5
30.9738270416796588 -30.8252270413802165 2.97787785530090332 0.406000018119812012 50.5
25.8124317372798089 -35.3789537634022935 0.698728322982788086 0.324800014495849609 53.5
25.6562229718601742 -35.4938915772994861 0.618114352226257324 0.243600010871887207 50.5
41.2375505704315231 14.9729828368675193 -0.538411974906921387 2.19239997863769531 48
30.5169680050667615 -31.3440288825967102 3.35889148712158203 0.406000018119812012 49
25.0424082442527443 -36.0261699820785282 0.0927313715219497681 0.243600010871887207 59
25.0424082442527443 -36.0261699820785282 0.0927313715219497681 0.162400007247924805 47
25.3838792186181514 -35.8515989711763652 1.38709449768066406 0.406000018119812012 50
24.844805921627156 -36.2525129915341822 0.305627167224884033 0.324800014495849609 66.5
24.7424073389198824 -36.3184166661135563 0.623227715492248535 0.243600010871887207 68
24.8349380342049351 -36.2525129915341822 0.764035820960998535 0.162400007247924805 57
41.2855640877242891 15.255229530163124 0.990410566329956055 2.03000020980834961 48
25.125527626562846 -36.1493376280929937 -0.366174370050430298 0.406000018119812012 57
24.8886379607352133 -36.3143779764178802 -0.150073602795600891 0.324800014495849609 74
24.8886379607352133 -36.3143779764178802 -0.150073602795600891 0.243600010871887207 75.5
24.8889675197580793 -36.3143779764178802 0.0780386105179786682 0.162400007247924805 64.5
41.3643354674588153 15.2812182596105526 0.53516077995300293 2.11120009422302246 48
41.3666810159798004 15.2812182596105526 0.303663253784179688 2.03000020980834961 47.5
25.1382491573823081 -36.2109214511002264 -1.28363800048828125 0.406000018119812012 53
24.8152641301367431 -36.4423715653821034 -0.983077406883239746 0.324800014495849609 69.5
24.9173761280345865 -36.3762429613015712 -0.838789522647857666 0.243600010871887207 71.5
24.9285643967883743 -36.3762429613015712 -0.381833016872406006 0.162400007247924805 60.5
35.517783987506462 -26.1431418320153632 2.54048585891723633 0.568400025367736816 49
25.5507323335286394 -36.0351414441292803 0.24394756555557251 0.243600010871887207 47.5
41.3623875672501242 15.6704914966263917 -1.28498804569244385 1.86760008335113525 46.5
41.3623875672501242 15.6704914966263917 -1.28498804569244385 1.78640007972717285 46.5
26.6661924957749576 -35.3111357436330735 -0.316763639450073242 0.406000018119812012 45.5
26.7956340002124875 -35.2116054518408106 -0.446481853723526001 0.324800014495849609 52.5
26.5947427089232136 -35.448529393116246 -0.909538686275482178 0.406000018119812012 45.5
27.2682072976496919 -34.944495615807881 -0.181314945220947266 0.324800014495849609 52
28.0566219148137463 -34.3130686859929952 0.380760252475738525 0.243600010871887207 45
27.3149060996124824 -35.0036239584273616 0.0484333112835884094 0.324800014495849609 49.5
41.6013694048141573 15.9159069203109897 0.844312787055969238 1.86760008335113525 48
41.732925642406137 15.8032922720215314 0.097359389066696167 1.86760008335113525 48
26.4690761392806699 -36.287659704285339 -0.921850621700286865 0.324800014495849609 48
25.5712848690852859 -36.9332477095441263 -0.548233985900878906 0.243600010871887207 50
25.1206795777263601 -37.326671012262473 -0.819097995758056641 0.324800014495849609 53
24.7517695201609627 -37.5740909466613218 -0.733210325241088867 0.243600010871887207 56.5
24.8286616348426428 -37.5291055040433505 -0.322132527828216553 0.162400007247924805 49
24.2902746074464595 -37.969035659609375 -0.301160365343093872 0.324800014495849609 46.5
24.2915508926102532 -37.969035659609375 0.169016644358634949 0.243600010871887207 51
27.7146790325607313 -34.9645715376399338 7.39432430267333984 0.649600028991699219 45.5
25.2978183126687846 -37.9269286719424557 0.963675618171691895 0.243600010871887207 46.5
24.2961833151473705 -38.847029668037905 0.73103255033493042 0.324800014495849609 52
24.6327861874430134 -38.6351576017470109 0.693546116352081299 0.243600010871887207 59.5
24.6327861874430134 -38.6351576017470109 0.693546116352081299 0.162400007247924805 55.5
24.6814832335328234 -38.698390907762807 -0.262861371040344238 0.324800014495849609 62.5
24.6819360479769365 -38.698390907762807 0.215921685099601746 0.243600010871887207 70
24.6819360479769365 -38.698390907762807 0.215921685099601746 0.162400007247924805 65.5
24.3766385121676308 -38.9741898126980999 -0.702084004878997803 0.324800014495849609 64
24.7181280629682334 -38.7616242137786031 -0.501498699188232422 0.243600010871887207 71.5
24.38570206904242 -38.9741898126980999 -0.225677728652954102 0.162400007247924805 67
24.3849204225511897 -39.0377698850281973 -1.42512404918670654 0.243600010871887207 63
24.6900338480665376 -38.8536294610422104 -1.18347632884979248 0.162400007247924805 59
25.2322003693105223 -38.6114271375301286 0.0974868237972259521 0.324800014495849609 48
23.3446680873032264 -39.6892502267550995 2.70286154747009277 0.162400007247924805 47
25.6445060866416483 -38.4259659129306002 0.494504213333129883 0.243600010871887207 46.5
24.4281891507039894 -39.8899441337977976 1.51530611515045166 0.162400007247924805 45
24.4546043447624122 -39.9890125980334048 0.341948628425598145 0.324800014495849609 52.5
24.4428729318091911 -39.9890125980334048 0.830863654613494873 0.243600010871887207 62.5
24.2095596554961787 -40.1120196676919178 1.47940957546234131 0.162400007247924805 61
37.3092266875733998 -28.3486267867093247 2.94609808921813965 0.649600028991699219 48.5
37.2750211727311296 -28.4307627086906827 2.5626528263092041 0.568400025367736816 56.5
37.3648790533724693 -28.2840914194382549 2.85984206199645996 0.487200021743774414 53
24.4937321097381897 -40.0529956690530895 0.342495739459991455 0.324800014495849609 55.5
24.2882663591419323 -40.1761995520251318 0.505733072757720947 0.243600010871887207 66.5
24.4890434431682706 -40.0529956690530895 0.588953018188476562 0.162400007247924805 64.5
24.0610291444877653 -40.2994034349971741 1.15221190452575684 0.0812000036239624023 47
37.2300981733140333 -28.4761797238014829 3.79180550575256348 0.568400025367736816 52.5
37.4048928036298065 -28.3292741329853364 3.11077499389648438 0.487200021743774414 48.5
24.2378686074520715 -40.2932654490521571 0.573862433433532715 0.324800014495849609 47
24.2308742640786186 -40.2932654490521571 0.817492246627807617 0.243600010871887207 58.5
24.2212850342948158 -40.2932654490521571 1.06430602073669434 0.162400007247924805 56.5
37.5934870208778378 -28.3744568465324143 0.173403739929199219 0.568400025367736816 51
37.3951527485248931 -28.6731231736624466 2.22160530090332031 0.568400025367736816 53
37.209402572535069 -28.8263923353637672 3.15920186042785645 0.487200021743774414 49.5
37.9030700412136738 -28.5742488986009846 2.80577921867370605 0.568400025367736816 48.5
37.8983979393896178 -28.8395112246771639 0.366898208856582642 0.568400025367736816 46.5
24.0311940554011301 -41.3290278188827997 2.00896739959716797 0.162400007247924805 46
24.5713302673345311 -41.1362939557349776 0.927879691123962402 0.243600010871887207 54
24.1315731553053965 -41.3938075152191232 1.01281046867370605 0.162400007247924805 54.5
24.3717992097836493 -41.3506188544400928 0.376332998275756836 0.243600010871887207 52
24.1891609428689875 -41.4585839167232209 0.265070319175720215 0.162400007247924805 52
24.6592117761655736 -41.2650440766935844 -0.570290684700012207 0.243600010871887207 47
24.6304189241609031 -41.2650440766935844 -1.32070803642272949 0.162400007247924805 48
24.6688443049516302 -41.3294207743403135 -1.3227684497833252 0.162400007247924805 47.5
46.0754422540270667 15.158295458432244 -3.03971147537231445 0.324800014495849609 46.5
46.0454259953933231 15.1816881265536949 -4.31172609329223633 0.324800014495849609 47.5
24.4126691807466258 -42.345923093727734 1.43335413932800293 0.162400007247924805 46
24.1702898334804672 -42.5638688590773455 1.63245093822479248 0.243600010871887207 46.5
24.2097956757696764 -42.5638688590773455 0.868086397647857666 0.162400007247924805 49.5
50.9988276019910813 2.45080695043637498 1.33002698421478271 0.893200039863586426 46.5
51.0722297683170154 2.72924814111539193 0.707889139652252197 0.974400043487548828 46.5
51.0752159260595207 2.72924814111539193 0.442875981330871582 0.893200039863586426 49
51.0889311893280649 2.18275937712381962 3.02611660957336426 0.974400043487548828 47.5
51.0373814955024585 2.2211657004749723 3.7753140926361084 0.893200039863586426 50
51.2329406357491948 2.25646993595139334 1.33588624000549316 0.974400043487548828 54.5
51.205808134671905 2.25646993595139334 2.13633990287780762 0.893200039863586426 57
51.1487945352369735 2.22441780617935647 3.24698209762573242 0.812000036239624023 47.5
51.2997149841005893 2.05433536542592821 1.87347030639648438 0.974400043487548828 46.5
51.2334671222316302 2.05433536542592821 3.20978069305419922 0.893200039863586426 49.5
45.9291739704031485 27.2118449686519597 1.25954699516296387 -2.51719999313354492 47
45.875094969926451 27.3319561038740595 -0.00727841677144169807 -2.59840011596679688 48
45.7854922621449489 27.4520672390961629 -1.27774631977081299 -2.67960023880004883 46.5
46.0089973214345775 27.2500642397253863 0.426550954580307007 -2.51719999313354492 49
45.9386476151354017 27.3703440720733617 -0.284364372491836548 -2.59840011596679688 50
45.7976898041624878 27.5841748851364379 -1.12281346321105957 -2.67960023880004883 46.5
40.27533616198766 35.0682533423440006 2.77318310737609863 0.974400043487548828 47.5
40.2331234179849559 35.0682533423440006 3.33007192611694336 0.893200039863586426 57.5
40.1831790362369432 35.0682533423440006 3.88659834861755371 0.812000036239624023 55
45.8290656537731138 27.6964701940157667 0.452702134847640991 -2.43600010871887207 46
46.1059212280265172 27.2347508310326525 -0.339527696371078491 -2.51719999313354492 46.5
40.1625880079556694 35.3315686456639853 2.49993777275085449 0.974400043487548828 58
40.2895519326671661 35.1174379265993579 3.33474254608154297 0.893200039863586426 67.5
40.2653462874715871 35.1174379265993579 3.61526679992675781 0.812000036239624023 65
40.5172754529200461 34.9033072075347235 2.77707242965698242 0.730800032615661621 46
45.9784106190604547 27.5677372350717 -1.28313004970550537 -2.43600010871887207 48.5
40.24488048156757 35.4145579210874928 1.34160661697387695 0.974400043487548828 56
40.2623401543723602 35.3810531359208937 1.66320657730102539 0.893200039863586426 65.5
40.4064669153332474 35.1666225108547152 2.50343918800354004 0.812000036239624023 62.5
39.4574495096975113 36.074726656733759 -5.04122495651245117 0.893200039863586426 51
39.2946342326936531 36.2894571725476567 -4.7641444206237793 0.812000036239624023 48
46.0759569504573108 27.6448486046485975 -2.12584924697875977 -2.59840011596679688 49
45.9990044656298736 27.7389244141928586 -2.52875375747680664 -2.67960023880004883 48
40.5931544074478126 35.264989177733554 -0.571915328502655029 0.893200039863586426 47
40.080560655121559 35.8361637356808416 -1.03380799293518066 0.812000036239624023 45.5
46.1265165859556703 27.6834052699737789 -2.40758633613586426 -2.59840011596679688 49
46.0093317240042552 27.7776122883937191 -3.37174010276794434 -2.67960023880004883 49
52.9185637299395708 -9.96575673428078979 0.363462477922439575 0.893200039863586426 55.5
52.9061098559628391 -9.96575673428078979 1.20409715175628662 0.812000036239624023 57.5
52.9457997229473065 -10.2289592167680645 0.128674030303955078 0.974400043487548828 45
52.9797959921689952 -9.97963675891535118 1.20577418804168701 0.893200039863586426 63.5
52.9725997852684927 -9.97963675891535118 1.48877120018005371 0.812000036239624023 65.5
52.9538137164174145 -9.97963675891535118 2.05096006393432617 0.730800032615661621 56
53.0591117640006971 -9.99351678354991435 0.927708864212036133 0.893200039863586426 60.5
53.0534821283751512 -9.99351678354991435 1.2074512243270874 0.812000036239624023 62.5
53.0306536142356322 -9.93278643172550524 2.25613665580749512 0.730800032615661621 53.5
52.9722764063694882 -10.0884823636800309 -4.03314828872680664 0.893200039863586426 45.5
53.0854787465191365 -10.0884823636800309 -2.06403231620788574 0.812000036239624023 49
45.614438266234167 29.0150115002970423 -3.11045575141906738 -2.92320013046264648 45.5
45.899251874692105 28.8722487248364637 -0.0517541393637657166 -3.00440025329589844 45.5
45.7287633176466528 29.1161822977287663 -1.21617710590362549 -3.08560013771057129 48
45.7973138751244733 28.9129043203185105 -2.64592599868774414 -3.16680002212524414 46
53.3137035704860835 -9.79122257859391709 1.46009910106658936 0.812000036239624023 47
45.8898513737785052 28.9528949112136331 -2.08372044563293457 -3.00440025329589844 48.5
45.7734488992284128 29.1564540505003507 -1.78404629230499268 -3.08560013771057129 50.5
45.7957463576012884 29.1967258032719315 -2.63472890853881836 -3.08560013771057129 46.5
31.291537527625394 -46.4717066759552253 0.145145595073699951 0.324800014495849609 51
31.4312211021982648 -46.3736946401818955 0.59966665506362915 0.243600010871887207 53.5
31.479019438804837 -46.4357751825042016 0.0191242024302482605 0.324800014495849609 49
31.4732981302853538 -46.4357751825042016 0.600469410419464111 0.243600010871887207 51
31.6944322383160006 -47.156029610690922 1.92206287384033203 4.62840032577514648 46.5
31.7859142901856906 -47.2182413618889143 0.741244077682495117 4.62840032577514648 49
31.936141158990214 -47.1186548329545332 0.609299838542938232 4.54720020294189453 52.5
32.1667553776119561 -46.9550483925623254 0.989595949649810791 4.46600008010864258 50
31.9711078204507118 -47.1807353752768464 0.909304022789001465 4.62840032577514648 49.5
31.9840312814468284 -47.1807353752768464 0.0194310080260038376 4.54720020294189453 52
32.2168673190346695 -47.0169133774460164 0.695590794086456299 4.46600008010864258 47.5
31.9577545122695348 -47.5579376869832586 0.48440396785736084 4.62840032577514648 47
55.7803718830594022 13.0172132964371539 1.54680442810058594 0.974400043487548828 47
55.7995288738520827 12.9599318297861643 1.32029449939727783 0.893200039863586426 45.5
55.7712107488773938 13.2421688125743575 2.47139763832092285 0.974400043487548828 53.5
55.7712107488773938 13.2421688125743575 2.47139763832092285 0.893200039863586426 52.5
55.8301436005441474 13.2594781316684092 2.77199029922485352 0.974400043487548828 55.5
55.7972142899616657 13.2594781316684092 3.37040162086486816 0.893200039863586426 54.5
55.8880859389639895 13.4924373024658788 1.89784741401672363 0.974400043487548828 50.5
55.8604841776310224 13.4349309101271874 2.86962223052978516 0.893200039863586426 49.5
42.6993353479730402 38.1882833217586537 -7.88368511199951172 1.21800005435943604 51
42.5222705862847334 38.1882833217586537 -8.78874111175537109 1.13680005073547363 54
42.5759144607364419 37.9209292095722645 -9.64495658874511719 1.05560004711151123 51
55.816073295650277 15.1091202319389488 -0.106441564857959747 0.893200039863586426 48.5
42.6979561331847677 37.9701137938276219 -9.35764026641845703 1.21800005435943604 53
42.0717307323248164 38.4331639620450289 -10.2601985931396484 1.13680005073547363 58
42.4158199711266164 37.9701137938276219 -10.563079833984375 1.05560004711151123 55.5
55.7517717375872621 15.4760048408912496 2.15480709075927734 0.974400043487548828 56
55.7541834496044899 15.5121806352832348 1.80368995666503906 0.893200039863586426 54
41.2814058544868061 38.548149136772011 -13.0761928558349609 1.13680005073547363 51
41.62867208304489 38.287346022897971 -12.7370977401733398 1.05560004711151123 50
55.7873053562879946 15.7640993274978189 -0.608684778213500977 0.893200039863586426 52.5
56.8756022291813537 13.0829670084820844 2.73548221588134766 0.974400043487548828 48
56.7560603569125703 13.2727868423105093 4.00796794891357422 0.893200039863586426 45.5
57.0342771540065669 12.968179316331419 1.08078253269195557 0.974400043487548828 52.5
57.0194525008627338 12.968179316331419 1.69082510471343994 0.893200039863586426 51
57.0875352671390459 13.1165556264407144 -0.00398967321962118149 0.974400043487548828 54
57.1174855954051637 12.9848045096572697 -0.135773748159408569 0.893200039863586426 53
57.0932179218609122 13.367874476144479 1.21947968006134033 0.974400043487548828 49
57.1247846212372536 13.2652701764372303 -0.783698439598083496 0.893200039863586426 48
57.7069280419853854 15.0395333682390291 2.79517793655395508 1.05560004711151123 47
57.6884272794405177 14.9574724222813771 3.52271318435668945 0.974400043487548828 58
57.6332587657720268 15.0395333682390291 4.03858852386474609 0.893200039863586426 56.5
57.7007723362531522 15.2974501042154891 3.10803103446960449 1.05560004711151123 58
57.7078916769824204 15.1629998591589086 3.59629917144775391 0.974400043487548828 68.5
57.7078916769824204 15.1629998591589086 3.59629917144775391 0.893200039863586426 66.5
57.7586117864321622 15.1629998591589086 2.66027426719665527 0.812000036239624023 49
57.8564438692286842 15.1820251461326858 2.03979849815368652 1.05560004711151123 58.5
57.8445194173397041 15.1820251461326858 2.35377621650695801 0.974400043487548828 69
57.8445194173397041 15.1820251461326858 2.35377621650695801 0.893200039863586426 67
57.8445194173397041 15.1820251461326858 2.35377621650695801 0.812000036239624023 48.5
57.8732728860994854 15.2010504331064613 -3.25861978530883789 1.05560004711151123 51.5
57.8080456884452687 15.3358380724147931 -3.74803924560546875 0.974400043487548828 61
57.7642327654450867 15.3358380724147931 -4.3716883659362793 0.893200039863586426 59
54.5418187786205877 -35.5903283133642958 -2.50991392135620117 0.649600028991699219 46
54.5683555878408058 -35.4437319953687435 -3.71713495254516602 0.568400025367736816 46.5
54.3647658169156998 -36.0063482714249901 -2.36165666580200195 0.649600028991699219 47
54.4150697475311134 -36.0063482714249901 -0.32474219799041748 0.568400025367736816 48
56.2276775253940997 -33.3268661351883182 -2.22003698348999023 0.649600028991699219 52.5
56.1671643440630532 -33.2614872903914787 -4.01037502288818359 0.568400025367736816 49
56.0468774009784312 -33.5123584566736739 -4.75876474380493164 0.649600028991699219 49.5
55.7506543122498641 -33.864172766643641 -5.66205501556396484 0.568400025367736816 47
57.0174458919399854 -32.5766603960040939 2.06458520889282227 0.730800032615661621 45
57.0381335372672282 -32.5766603960040939 1.37950360774993896 0.649600028991699219 51
57.1032429079016026 -32.6138468487194118 1.38107836246490479 0.730800032615661621 45.5
57.1199423971842606 -32.6138468487194118 0.0134522654116153717 0.649600028991699219 52
57.3153342570566622 -32.725409989820875 0.0134982820600271225 0.649600028991699219 47.5
55.404590204154907 -36.0731524858103469 2.2094414234161377 0.649600028991699219 46.5
55.382529639808773 -35.9739595825496465 3.80425882339477539 0.568400025367736816 46
55.4730108094988452 -36.1637069338826294 -0.826226115226745605 0.649600028991699219 45.5
55.5715137334793639 -36.0147488732853986 0.70432746410369873 0.568400025367736816 46
57.4266114370602452 -33.7303128933619689 -0.104428999125957489 0.649600028991699219 52.5
57.0494569077618721 -34.304552121006175 2.029327392578125 0.568400025367736816 49
57.4908682070754651 -33.7682959308758797 0.240924805402755737 0.649600028991699219 50.5
57.1118386564629859 -34.2765283640817557 2.98552489280700684 0.568400025367736816 47
57.3171016225204966 -34.1649441535959895 1.75186431407928467 0.649600028991699219 46.5
58.2958652099462427 -32.6000527895561945 2.09993767738342285 0.649600028991699219 48.5
58.789741091736019 -31.8842579158299309 -1.66460168361663818 0.649600028991699219 45.5
57.5961464942869839 -34.6136013258368749 0.650565266609191895 0.649600028991699219 46
66.0962681960842815 -15.3517508917436345 1.61947691440582275 0.893200039863586426 47
66.0151500270521154 -15.5637916499168885 2.60465240478515625 0.812000036239624023 50.5
66.3201750513828614 -14.4941418925380994 2.95931315422058105 0.812000036239624023 47
57.8788628447936162 -35.5400655839269746 3.78707551956176758 0.649600028991699219 46.5
67.6145711962483205 -8.7235774229758114 0.00464571733027696609 0.893200039863586426 47.5
67.526391406875149 -9.37954955341442265 -0.204512849450111389 0.812000036239624023 46.5
67.7007175029643236 -8.51143318266459126 1.49351537227630615 0.893200039863586426 48
67.7506506752347661 -8.07648018435207149 1.63772928714752197 0.812000036239624023 46
67.886941509604469 -7.64992498119103104 1.07134318351745605 0.893200039863586426 52.5
67.8462258027067691 -8.59851769381641695 1.23104953765869141 0.893200039863586426 49.5
67.8615017721929945 -8.53013981951171196 0.783416211605072021 0.812000036239624023 48
68.2732680941947621 -5.23664337831950277 0.406153887510299683 0.893200039863586426 48
68.2894031051703507 -5.85056325620549522 1.19636094570159912 0.893200039863586426 51
68.3029976020212501 -5.79916738572638302 0.415938913822174072 0.812000036239624023 48.5
68.2210630902508655 -6.95460884923032907 2.62875723838806152 0.893200039863586426 46.5
68.5404888677685875 -4.02623487045450279 2.38355040550231934 0.893200039863586426 45.5
68.4528375570580323 -8.45838784824423229 -1.91436862945556641 0.893200039863586426 48.5
68.417845754839405 -8.82914287115401919 -1.42997586727142334 0.812000036239624023 47.5
68.4778166972437816 -9.06316149306005414 -0.0612174086272716522 0.893200039863586426 46.5
68.4475667555832388 -9.20989839342388272 1.21023273468017578 0.812000036239624023 45.5
69.05417474752673 -8.75879726889456656 3.06765580177307129 0.893200039863586426 46
69.2340066868087973 -7.80947283847998186 3.27522492408752441 0.893200039863586426 46
69.2997927079135678 -8.82202036865273342 2.39184832572937012 0.893200039863586426 48.5
69.353632677631353 -8.27173592981597849 2.76807236671447754 0.812000036239624023 46.5
69.5505628653630339 -7.55485589222870413 1.46449553966522217 0.893200039863586426 46
55.9846713130635507 42.0951859954652718 -0.845298171043395996 0.893200039863586426 46.5
56.0801715202695235 42.0613888478040536 -1.83565950393676758 0.893200039863586426 46
56.4534079132780349 43.0094767189143852 2.78358721733093262 0.974400043487548828 46
56.6769047724273776 42.7875953904016129 1.2250370979309082 0.893200039863586426 52.5
56.6769047724273776 42.7875953904016129 1.2250370979309082 0.812000036239624023 47
56.4405275752874189 43.2148193062658805 1.46865212917327881 0.974400043487548828 47.5
56.5568212324487405 43.0548960440305279 1.67703735828399658 0.893200039863586426 54.5
56.8038261924211909 42.7261648938800676 1.73519003391265869 0.812000036239624023 49
56.3960934764405195 43.4204946506978615 0.15043090283870697 0.893200039863586426 50.5
56.5191880484739002 43.2604026999169164 -0.0145544083788990974 0.812000036239624023 45
70.5640483115006418 9.6868653104033573 -1.85539519786834717 0.974400043487548828 46
70.6111882135033539 9.49989456452240866 0.612051129341125488 0.893200039863586426 47
71.1077660201463573 8.5922195400326995 -3.13082819047849625e-06 0.974400043487548828 46.5
56.0090601573276743 44.7263293240139888 1.85245358943939209 0.893200039863586426 47
71.4763341188300103 -4.82530737319568193 4.41595172882080078 0.893200039863586426 46.5
71.0975438899859 14.4336554531580887 2.7513434886932373 0.974400043487548828 50.5
71.088878088130997 14.6332408836857315 1.73221409320831299 0.893200039863586426 49
71.2214473107525237 13.7856207737514964 4.37241411209106445 0.974400043487548828 46.5
71.3358178740100328 14.2543872508814733 -0.758848428726196289 0.974400043487548828 45.5
71.9865134636362285 12.8922283168770839 4.57803726196289062 0.974400043487548828 45
74.0425140623912057 -4.1524564274327771 1.5473397970199585 0.893200039863586426 46
71.3028472796636237 21.7275001861199897 3.56512284278869629 0.974400043487548828 46.5
74.3504767070166253 11.4305019937102159 0.389777153730392456 0.974400043487548828 45
75.0534246766047062 12.9974197892042262 2.11932516098022461 0.974400043487548828 47
75.6928996332388238 12.5213053261662619 -0.727080285549163818 0.974400043487548828 46.5
72.8148501866962334 25.9727966875008285 1.6025080680847168 0.974400043487548828 48
72.2968987044823024 27.4874555447527058 2.8910672664642334 0.974400043487548828 47
72.2139872649798633 27.8549866181871195 -0.00527188600972294807 0.893200039863586426 45
72.6471743695947367 27.6206311988363282 2.9050743579864502 0.974400043487548828 49
72.6387381581391764 27.3679442139067888 4.85390233993530273 0.893200039863586426 48
71.9696323705578465 30.4490083896308903 3.51868844032287598 0.974400043487548828 48.5
72.6332680811303106 29.2258061083060419 1.07295370101928711 0.974400043487548828 47
72.6407188460422191 29.2258061083060419 0.26157456636428833 0.893200039863586426 45.5
70.0810267367794921 -35.9325742322585882 3.29870295524597168 0.730800032615661621 45
70.1585244020412233 -35.7257255319084166 3.85166192054748535 0.649600028991699219 45
72.1756903786966291 32.7894211570075313 0.22159673273563385 0.974400043487548828 46
72.1233302093389312 32.8290458351428853 2.23726034164428711 0.893200039863586426 45.5
72.2847158984718305 32.4535692051603846 -4.25549745559692383 0.974400043487548828 47.5
72.3970361842586669 32.4535692051603846 -1.36321413516998291 0.893200039863586426 46.5
74.2708908061191835 29.9777389268484526 -1.08670365810394287 0.974400043487548828 46
75.0102917698456224 31.855776376479966 2.23408627510070801 0.974400043487548828 48.5
74.8960882536089656 32.0798976045843958 2.78963422775268555 0.893200039863586426 46.5
75.3470473049353444 31.3242657467382379 0.417245090007781982 0.974400043487548828 50.5
75.0735756770079803 31.9768546164619529 -0.00555795757099986076 0.893200039863586426 49
74.5714505548063187 33.312621212175209 0.417628556489944458 0.974400043487548828 48
74.4114642725183586 33.5269487383564808 3.11195659637451172 0.893200039863586426 46.5
81.0584251957284607 -14.2007806509442389 3.06473875045776367 0.812000036239624023 47
83.6718666831428948 -11.7342750624341026 5.58409595489501953 0.893200039863586426 45.5
83.8410098278633029 -11.659945567562044 4.15848350524902344 0.893200039863586426 45.5
83.7740688517126983 -11.7446681511592264 5.15079832077026367 0.812000036239624023 45.5
76.1350713868349231 38.8792311006152431 1.45138466358184814 0.974400043487548828 48
76.025220905954555 39.1142800382941473 0.699492454528808594 0.893200039863586426 48.5
76.0919137665836729 39.1485929044208874 0.70010608434677124 0.974400043487548828 50
76.2639650390136694 38.7850167889468906 1.61598563194274902 0.893200039863586426 50
90.1644574494787747 -9.86586988415403887 2.9321596622467041 0.893200039863586426 46
91.4344667443579056 -9.45629664382386004 2.26283645629882812 0.893200039863586426 45.5
93.1647318291642677 -6.99942593793411483 8.62972736358642578 0.893200039863586426 47
84.7239398891322253 47.8198846358033478 -3.48369216918945312 0.893200039863586426 49.5
84.6478658916822155 47.8198846358033478 -5.00210762023925781 0.812000036239624023 46.5
84.8597242612241018 47.8567243398416267 -0.438383519649505615 0.974400043487548828 52.5
