
X Y Z V_r Mag
3.65486683348102748 -2.9905481189777765 0.155563771724700928 4.54720020294189453 51
3.63554316923102849 -3.01239417631285633 0.184215307235717773 4.46600008010864258 56.5
3.6367144536645708 -3.01239417631285633 0.159427300095558167 4.38479995727539062 60.5
3.6377048379061665 -3.01239417631285633 0.13495694100856781 4.30360031127929688 61.5
3.62833620703481108 -3.02302198798938093 0.148802474141120911 4.22240018844604492 59.5
3.62833620703481108 -3.02302198798938093 0.148802474141120911 4.14120006561279297 55
3.63061047676010906 -3.02302198798938093 0.0750543773174285889 4.06000041961669922 49
3.74948387438422159 -2.99423117963228558 0.126303955912590027 4.70960044860839844 50
3.73056763724120444 -3.01642399887234847 0.155089437961578369 4.54720020294189453 64
3.72844352902837528 -3.02002283442479103 0.134808927774429321 4.46600008010864258 68
3.71385511068106489 -3.03801701218700426 0.133173629641532898 4.38479995727539062 69
3.70276786341544195 -3.05181254847136785 0.126303955912590027 4.30360031127929688 67
3.7084862861410941 -3.04521468329188982 0.117470823228359222 4.22240018844604492 61.5
3.69325005224776293 -3.06020983142706759 0.187139362096786499 4.14120006561279297 54.5
3.68686448798907396 -3.07100633808439527 0.126303955912590027 4.06000041961669922 46
3.82824841979609154 -3.01482127261716704 0.144888773560523987 4.79080009460449219 52.5
3.82262438199016641 -3.02152222917380264 0.153526350855827332 4.70960044860839844 60.5
3.80713486963019987 -3.04101592097492412 0.153526350855827332 4.62840032577514648 66.5
3.78983459029644276 -3.06355550211997096 0.131932124495506287 4.46600008010864258 70.5
3.79062933737727414 -3.06355550211997096 0.106679670512676239 4.38479995727539062 68
3.77738778672693121 -3.08000330457716665 0.102692186832427979 4.30360031127929688 62.5
3.78753853676993524 -3.06721056933268077 0.111331738531589508 4.22240018844604492 54.5
3.91471461201275472 -3.02842017207985359 0.0786283910274505615 4.87200021743774414 50
3.88608980781906954 -3.0612033152825151 0.172752514481544495 4.79080009460449219 57.5
3.88295035161706403 -3.06491461451300529 0.177474364638328552 4.70960044860839844 63.5
3.88143421220778073 -3.06800736387174711 0.155888304114341736 4.62840032577514648 67
3.86570639874861799 -3.08780095976769386 0.155888304114341736 4.54720020294189453 67
3.86744294313484538 -3.08780095976769386 0.104272074997425079 4.46600008010864258 63.5
3.86804918079179183 -3.08780095976769386 0.0786283910274505615 4.38479995727539062 57
3.96295847249666622 -3.0887474086061153 0.0722836330533027649 4.87200021743774414 49
3.94695049953292898 -3.1075850630599029 0.122977271676063538 4.79080009460449219 54
3.93904035245672191 -3.11135259395066077 0.23253495991230011 4.70960044860839844 57
3.93904035245672191 -3.11135259395066077 0.23253495991230011 4.62840032577514648 56.5
3.9373964638628105 -3.11135259395066077 0.258882701396942139 4.54720020294189453 52
14.505140586546835 -8.56972681872371389 -0.962434172630310059 -4.38479995727539062 46
17.631232926570771 -2.17895444795676552 -0.585215449333190918 -1.70520007610321045 45
17.6773995668674822 -2.40673997543002471 -0.582818746566772461 -1.70520007610321045 45.5
8.22731780572876481 17.2618983890732203 0.322044014930725098 -1.70520007610321045 54.5
8.41314954757555711 17.1734738784272665 0.237300977110862732 -1.78640007972717285 54
8.3333220365583518 17.2069318013743846 0.4928131103515625 -1.86760008335113525 48
8.10191825003722421 17.4015695079110309 0.429315954446792603 -1.46160006523132324 46.5
8.07958965058027978 17.4159648501208011 0.210744753479957581 -1.54280006885528564 59
8.21817033371444516 17.3511858101768333 0.195037469267845154 -1.62400007247924805 67
8.26291210292682443 17.3295927968621761 0.222524538636207581 -1.70520007610321045 68
8.26291210292682443 17.3295927968621761 0.222524538636207581 -1.78640007972717285 63
8.37135431391048002 17.2744106517247218 0.393980145454406738 -1.86760008335113525 54
8.29816814478201792 17.3972872046511355 0.0223402641713619232 -1.46160006523132324 56.5
8.29727677787077944 17.3972872046511355 0.123525850474834442 -1.54280006885528564 66.5
8.35698697632780352 17.3683840554810089 0.160318866372108459 -1.62400007247924805 71.5
8.29518943038492296 17.3972872046511355 0.22339378297328949 -1.70520007610321045 70.5
8.40405524804750748 17.3418895020750625 0.395519137382507324 -1.78640007972717285 63
8.44060839400385809 17.3081691613765827 0.842075824737548828 -1.86760008335113525 49
8.37818934836056073 17.4359642798391796 0.464323252439498901 -1.38040006160736084 46.5
8.33012135938220943 17.4649798908997909 -0.0778333023190498352 -1.46160006523132324 57.5
8.44555811570511672 17.4093666363669506 0.0949840620160102844 -1.54280006885528564 65.5
8.38950393662845251 17.4359642798391796 0.16094265878200531 -1.62400007247924805 67.5
8.50865856212300287 17.3755150901295714 0.341661304235458374 -1.70520007610321045 64.5
8.58288906357437398 17.3319916735386528 0.5988311767578125 -1.78640007972717285 56.5
8.67902403330176142 17.2884682569477341 0.453770726919174194 -1.86760008335113525 47.5
16.6133904065744673 -9.80002263572156274 -1.54185581207275391 -4.30360031127929688 45
8.35806162468001723 17.5326742986887467 -0.280748605728149414 -1.46160006523132324 49.5
8.41181037585633007 17.5035462228775529 -0.444937735795974731 -1.54280006885528564 53
8.68202210682612474 17.355478504170641 0.860538303852081299 -1.62400007247924805 52.5
8.7765434896739194 17.2656669370861202 1.48313701152801514 -1.70520007610321045 53
8.64270005450250167 17.3214957490575792 1.61250877380371094 -1.78640007972717285 47.5
12.9383751397761433 17.1062025062170342 0.280771881341934204 1.54280006885528564 46
13.7445791463555658 16.8480791768239371 -0.539702117443084717 2.03000020980834961 46
13.6814641835095312 16.9078723276369907 0.062280658632516861 1.94880008697509766 45
13.9240835599267321 16.8052686180631738 -0.183015793561935425 2.03000020980834961 46
13.7780663033750432 16.9061765925630674 0.822646915912628174 1.94880008697509766 47
13.7632524165737831 16.9889035398515986 1.24902641773223877 1.94880008697509766 45
14.3552241314077182 16.9819776356798435 1.30983054637908936 2.27360010147094727 45.5
14.53253843380147 17.1768389951608427 1.84178555011749268 2.51719999313354492 46
14.4987500788280474 17.3386278527022846 1.47675883769989014 2.59840011596679688 45
14.6803493323908825 17.2084324754211373 1.17461609840393066 2.51719999313354492 46.5
14.9482964614314806 17.0836719753735764 1.05935275554656982 2.59840011596679688 47.5
14.8101584598262974 17.1887411015519049 1.27751648426055908 2.51719999313354492 45
17.1729717681287646 17.048883214777721 1.12927699089050293 3.49160003662109375 46.5
17.1230294499925542 17.2322369243996363 0.584760069847106934 3.49160003662109375 46
17.2014709641861145 17.2072322412607939 2.41310739517211914 3.73520016670227051 46.5
17.317216583298535 17.1277954446924738 2.13427829742431641 3.65400028228759766 50
17.2968726954272256 17.1522375359442663 2.10272645950317383 3.5728001594543457 48
17.3648580968551265 17.2048522950924294 1.98254501819610596 3.73520016670227051 52.5
17.4592182819430413 17.0914608567385962 2.1291663646697998 3.65400028228759766 54
17.5140161411478879 17.0240389204201037 2.21743512153625488 3.5728001594543457 49
17.5126095687600625 17.1437275203421891 2.13567733764648438 3.73520016670227051 51.5
17.4964449594431599 17.1437275203421891 2.26430058479309082 3.65400028228759766 51.5
17.6509054083380867 17.0695770415891417 2.43531394004821777 3.73520016670227051 45.5
28.9247415991363219 7.32207440522153163 0.876992464065551758 -1.78640007972717285 48
28.9247415991363219 7.32207440522153163 0.876992464065551758 -1.86760008335113525 52
28.8958734885581556 7.43397569516378631 0.8871651291847229 -1.94880008697509766 53
28.9002061235464076 7.43397569516378631 0.732556462287902832 -2.03000020980834961 53.5
28.9195678893308425 7.32207440522153163 1.03361320495605469 -2.11120009422302246 52.5
28.9181057132781056 7.29969414723307963 1.21664059162139893 -2.19239997863769531 47.5
29.0051991128270643 7.34047176400454671 0.567139387130737305 -1.78640007972717285 53.5
28.9728204445069863 7.45265421582326137 0.73439711332321167 -1.86760008335113525 60.5
28.9728204445069863 7.45265421582326137 0.73439711332321167 -1.94880008697509766 63.5
28.9803386325146626 7.41899948027764644 0.777227103710174561 -2.03000020980834961 63.5
28.9803386325146626 7.41899948027764644 0.777227103710174561 -2.11120009422302246 60
28.9837355725473031 7.31803527364080342 1.37664425373077393 -2.19239997863769531 50.5
29.0312299842082346 7.51631818196080737 0.832335174083709717 -1.78640007972717285 54.5
29.0489981519694496 7.47133273648273732 0.578787088394165039 -1.86760008335113525 64.5
29.0743873236872581 7.35886912278756267 0.726012587547302246 -1.94880008697509766 68
29.077894584154695 7.35886912278756267 0.568560779094696045 -2.03000020980834961 67.5
29.0700935361572981 7.35886912278756267 0.88139951229095459 -2.11120009422302246 62.5
29.0482794295396971 7.41135214251197727 1.1267014741897583 -2.19239997863769531 52
29.094551303912553 7.57644843791743217 0.781122982501983643 -1.78640007972717285 54.5
29.1505882067596964 7.37726601370630952 0.569982171058654785 -1.86760008335113525 64.5
29.1532170903599237 7.37726601370630952 0.414171665906906128 -1.94880008697509766 68.5
29.1556678862668441 7.35471706002203085 0.600733935832977295 -2.03000020980834961 68
29.1520405841232311 7.35471706002203085 0.756525695323944092 -2.11120009422302246 62.5
29.1023652444075296 7.49001078212770022 1.20737326145172119 -2.19239997863769531 52
29.194242764117778 7.50868930278717528 0.581681013107299805 -1.78640007972717285 53
29.2277210540623997 7.39566337248932548 0.25899428129196167 -1.86760008335113525 61.5
29.2331629308541245 7.37305818642975463 0.287771522998809814 -1.94880008697509766 65
29.2331629308541245 7.37305818642975463 0.287771522998809814 -2.03000020980834961 64
29.2283760252529596 7.37305818642975463 0.602232038974761963 -2.11120009422302246 59
29.1708824387607741 7.59534251601552768 0.62689363956451416 -2.19239997863769531 50
29.2714285997528911 7.52736734843213906 0.269943028688430786 -1.78640007972717285 49.5
29.303058610868117 7.39139884640325828 -0.498655080795288086 -1.86760008335113525 53.5
29.308224308184009 7.37251433223258168 -0.473930150270462036 -1.94880008697509766 56.5
29.3421909615427765 7.25165344154024361 -0.00205869181081652641 -2.03000020980834961 55
29.303058610868117 7.39139884640325828 -0.498655080795288086 -2.11120009422302246 50.5
33.6018275138204174 8.70013831592930487 -1.02495253086090088 -4.14120006561279297 45
33.6139863461102877 8.70013831592930487 -0.482942253351211548 -4.22240018844604492 49.5
33.6283374161160751 8.6480676626668842 -0.41429370641708374 -4.30360031127929688 50
33.6741880464699292 8.4701595973536179 -0.362213224172592163 -4.38479995727539062 46.5
27.8031412030636389 20.7978867572314989 -0.508981466293334961 -5.03439998626708984 46.5
33.6600433840475475 8.7667638261846168 -1.08882570266723633 -4.14120006561279297 47
33.6898963225889432 8.66674618332636015 -0.95839160680770874 -4.22240018844604492 51
33.7057497380104323 8.62760884481660639 -0.725950062274932861 -4.30360031127929688 51
33.742734815822935 8.51019682928734866 -0.211153894662857056 -4.38479995727539062 47
27.9168945447553867 20.7558351896722115 -0.939419388771057129 -5.03439998626708984 48
27.9020420768310551 20.781926748678714 -0.792363941669464111 -5.1156001091003418 46.5
33.7548901768121894 8.64620207117426531 -1.45471096038818359 -4.22240018844604492 46.5
28.3048541159769265 20.566155021074163 -1.61841654777526855 -4.95320034027099609 46.5
28.0739864973827586 21.1904789313713557 -0.309354126453399658 5.19680023193359375 46.5
28.034110875295486 21.3457799615720738 -1.0044177770614624 5.19680023193359375 45.5
28.8605135487854554 20.463428874543439 -1.21614611148834229 -4.79080009460449219 47
28.9417400161421874 20.3838046376775104 -0.190660640597343445 -4.87200021743774414 47.5
28.9732730732658048 20.3041804008115854 1.20408499240875244 -4.95320034027099609 45
28.8550786011456033 20.5688452067760466 -1.66820168495178223 -4.79080009460449219 47
29.0836494584441105 20.3117346416913449 -0.224925205111503601 -4.87200021743774414 45.5
28.5929256043239342 21.2478897640419255 0.335170388221740723 -5.1156001091003418 48
28.4669275602736072 21.4081504033684489 0.682452142238616943 5.19680023193359375 48
28.4880746236867566 21.5067533300243738 0.615752518177032471 -5.1156001091003418 47
28.5646271710338304 21.4130711437703773 0.180110439658164978 5.19680023193359375 46.5
28.5252348317231252 21.8353358957306654 0.367382943630218506 5.1156001091003418 45
30.3821685320260464 19.2352789559838833 -2.88680100440979004 -4.22240018844604492 45
30.2485922156503513 19.3299451987951478 -3.57512903213500977 -4.30360031127929688 46.5
28.3490191570299217 22.3096778891877747 -0.130353003740310669 4.95320034027099609 48.5
30.4281281059471986 19.2481658165576413 -3.23415040969848633 -4.22240018844604492 48.5
30.2793261886979934 19.410788198485843 -3.63405966758728027 -4.30360031127929688 47.5
28.5564546351213551 22.1663341144915158 -0.0714731961488723755 5.1156001091003418 46.5
28.3847216056902028 22.3831639570624503 -0.352432966232299805 4.95320034027099609 47
30.5084989975265728 19.315260137774132 -2.8988044261932373 -4.22240018844604492 48
27.7349294891371301 23.0950216130592025 -3.10554862022399902 4.87200021743774414 45
28.1227518257489777 22.8279486465420547 -0.496394097805023193 4.79080009460449219 45.5
30.5511608229663025 19.5956604518048252 -0.571661591529846191 -4.46600008010864258 46.5
30.697669039913464 19.4906927716134426 -0.952187001705169678 -4.46600008010864258 46
29.907433814748007 20.6952248575457105 -0.627393722534179688 -4.62840032577514648 45.5
29.9129867806711722 20.6952248575457105 -0.247989103198051453 -4.70960044860839844 47.5
30.6614796785741177 19.6766330129550902 -1.14293515682220459 -4.38479995727539062 45.5
30.5671158146880337 19.6766330129550902 -2.66159868240356445 -4.46600008010864258 47.5
30.4886666124598236 19.8223858500880894 -2.4732048511505127 -4.54720020294189453 47
29.857103040934696 20.9064225762647844 -0.278320640325546265 -4.70960044860839844 45.5
28.1996001408542654 23.0699412524577632 1.07835352420806885 4.70960044860839844 45.5
30.6300117532058529 19.7171203231652932 -2.66707539558410645 -4.38479995727539062 47.5
30.6131239666097308 19.7810183982866619 -2.37145376205444336 -4.46600008010864258 49.5
30.471602456760845 20.0594314398869145 -1.782248854637146 -4.54720020294189453 51
30.3702017525581347 20.251125665251017 -1.27221381664276123 -4.62840032577514648 48.5
30.6573860630666388 19.7576076333754962 -3.0531613826751709 -4.38479995727539062 46
30.6664376764417348 19.9039602825116084 -1.72110438346862793 -4.46600008010864258 51
30.6355014643556416 19.9862836476506764 -1.25487720966339111 -4.54720020294189453 51
30.6435296268178554 19.9447474987233697 -2.8700110912322998 -4.38479995727539062 45.5
30.6802374601241112 20.0272395609883098 -1.63970720767974854 -4.46600008010864258 51.5
30.6083195066988765 20.1968065778662442 -0.525065362453460693 -4.54720020294189453 49.5
28.3803015082776398 23.2123497428846228 0.895050525665283203 4.79080009460449219 46
30.7808534126455413 19.9855326404111366 -1.91834080219268799 -4.46600008010864258 46
30.545007188661355 20.4034286583976758 -1.12479472160339355 -4.54720020294189453 48.5
30.545007188661355 20.4034286583976758 -1.12479472160339355 -4.62840032577514648 50
30.545007188661355 20.4034286583976758 -1.12479472160339355 -4.70960044860839844 46.5
30.7100989202142962 20.3208245603967654 0.185786187648773193 -4.62840032577514648 49.5
30.7960993188695547 20.3207125160805013 -0.528286635875701904 -4.46600008010864258 48
28.180639233259491 23.8066346086960827 -0.840178966522216797 4.62840032577514648 47.5
30.8671477304879964 20.3065706342736689 -1.41888701915740967 -4.46600008010864258 46
30.6164779599731425 20.6993029446066075 1.14931833744049072 -4.62840032577514648 45.5
28.7021644122077397 23.3005769530471269 0.647822737693786621 4.70960044860839844 45.5
28.4163416757771294 23.6563462224075494 -0.1991434246301651 4.62840032577514648 49.5
28.1985850413618984 23.9104671290935684 -0.529360353946685791 4.54720020294189453 48
28.7902591724642356 23.2830237339024322 1.31322026252746582 4.70960044860839844 45
28.5436708455589567 23.6209956433426527 0.101039208471775055 4.62840032577514648 46.5
31.2056003299949865 20.1059624190863353 -0.475829511880874634 -4.30360031127929688 46
31.1499755804290572 20.1894666469459452 0.574530363082885742 -4.38479995727539062 47.5
31.097514340895593 20.272970874805555 0.465705633163452148 -4.46600008010864258 47
31.4696150418568301 19.8351317173929047 -0.266296237707138062 -4.30360031127929688 47
31.2087549813496565 20.2302538631577029 0.768408656120300293 -4.38479995727539062 48.5
31.1684245359906029 20.2953328048130821 0.684730648994445801 -4.46600008010864258 48
28.1241041884394321 24.4444907133572968 0.963043332099914551 4.46600008010864258 47
28.8708156465499357 23.6955772648588869 -0.134960070252418518 4.70960044860839844 45.5
28.0661415997044514 24.6430269762566319 0.188434883952140808 4.46600008010864258 48
28.0825906927807729 24.624358016426136 -0.178246572613716125 4.38479995727539062 47
28.0306996954990524 24.6663631760447579 0.934433639049530029 4.30360031127929688 47
28.8861911621666394 23.7946019586403281 0.188813269138336182 4.70960044860839844 47
31.1635087217547841 22.1778232106603177 -0.206010416150093079 -4.87200021743774414 47.5
31.2093319505020652 22.0248727057592113 1.98622310161590576 -4.95320034027099609 45.5
31.0113589878443001 22.5038650259878779 0.822994768619537354 -4.79080009460449219 46
31.252997387231634 22.1542625261161774 -1.11554253101348877 -4.87200021743774414 48
32.5403903122797544 20.2686418313570087 -2.20575261116027832 -4.14120006561279297 46
32.4689625718314403 20.4221921482612281 -1.80574882030487061 -4.22240018844604492 47
28.4935763443291101 26.0344814381023539 1.4874645471572876 4.22240018844604492 46
28.4697091626416672 26.0344814381023539 1.8899768590927124 4.14120006561279297 45.5
32.9542381658703363 20.3115279472179324 -2.22729325294494629 -4.14120006561279297 47
32.9254862540306235 20.2873014110213497 -2.79973673820495605 -4.22240018844604492 48.5
33.0990743411022166 20.1954658957622009 -2.43253684043884277 -4.14120006561279297 48.5
32.9523206355591185 20.3265422369125801 -3.20918083190917969 -4.22240018844604492 47.5
34.1697763547875297 19.5608704403930318 -2.47010469436645508 -3.89760017395019531 45.5
34.0361535750734205 19.9141565069181397 -2.68184971809387207 -3.89760017395019531 45.5
31.314863335882805 24.2038382003655634 2.76758956909179688 5.1156001091003418 50
31.1746235893351091 24.3277824762789514 3.22610712051391602 5.03439998626708984 50.5
31.391358458562177 24.1145983217079269 2.67853808403015137 4.95320034027099609 46.5
31.2876314180639419 24.2893274235413905 3.34293913841247559 5.19680023193359375 47
31.2896889265070577 24.2495902825621812 3.60210585594177246 5.1156001091003418 53.5
31.3452320883268563 24.1601817153589629 3.71814155578613281 5.03439998626708984 54
31.2896889265070577 24.2495902825621812 3.60210585594177246 4.95320034027099609 48.5
31.2316762657608535 24.2057674275956352 4.96930551528930664 5.19680023193359375 45.5
31.3487266759819292 24.2953446919247327 3.6089022159576416 5.1156001091003418 52
31.3936117031344715 24.2953446919247327 3.19500613212585449 5.03439998626708984 51.5
31.3720589191095129 24.4657462699747406 3.03830504417419434 4.95320034027099609 47
33.2536873305656542 22.1639633401788778 -0.975585520267486572 -4.54720020294189453 46.5
31.4108013612545456 24.5716780866215707 2.7558906078338623 5.03439998626708984 47.5
31.2917947021757819 24.7215358509229794 2.76948213577270508 4.95320034027099609 47.5
33.13255184674113 22.4207463092288926 -1.88333976268768311 -4.54720020294189453 48
31.3954371384986359 24.7278811414955264 2.61939811706542969 5.03439998626708984 46
35.0468655277660943 19.5295395757075063 -0.574458003044128418 -3.81640005111694336 46
34.9914291271571685 19.7720021146959439 -0.841337978839874268 -3.73520016670227051 46.5
33.4125731426841526 22.3439698694531401 0.622117757797241211 -4.54720020294189453 49
33.4728745068779929 22.3604930707517759 1.2848283052444458 -4.54720020294189453 47
33.4091575926468423 22.8599149843553242 1.22576940059661865 -4.70960044860839844 47.5
33.3660963420560748 23.0847770277421525 0.356846839189529419 -4.62840032577514648 45
33.4780771681803415 22.9022485908876128 1.01788341999053955 -4.70960044860839844 45
30.8225654113849821 26.3839640689079431 4.30072212219238281 4.62840032577514648 45.5
30.670964265450646 26.8053257412957322 3.39589405059814453 4.46600008010864258 45
31.4262311107944718 26.1995222688303286 1.69695413112640381 4.79080009460449219 45.5
31.2127766834915867 26.3632692830105206 2.76461577415466309 4.70960044860839844 48.5
31.0541751683663136 26.5270162971907126 2.9762730598449707 4.62840032577514648 47
33.2541153521061972 23.9047121502338911 2.40400862693786621 -4.95320034027099609 45.5
31.2292027668498378 26.4115541492612067 3.19647812843322754 4.79080009460449219 46.5
31.3017775609607654 26.3397836216816934 3.07656168937683105 4.70960044860839844 50.5
31.1784714859071173 26.3397836216816934 4.14360857009887695 4.62840032577514648 48
31.5387841018174235 26.1311453631452864 3.41738033294677734 4.70960044860839844 46.5
31.194244699222395 26.1311453631452864 5.76995515823364258 4.62840032577514648 48
30.9826614127934157 26.7885326678784992 3.41458725929260254 4.38479995727539062 45.5
31.251169079306873 26.1788304173928594 5.78048419952392578 4.62840032577514648 45
34.204352021085441 23.5372462293419282 3.86657333374023438 -4.62840032577514648 45
36.2134889772902469 23.0754808311841799 1.71939313411712646 -4.46600008010864258 45
36.1270183132871239 23.3147944377156797 2.1358177661895752 -4.46600008010864258 45.5
35.9601674275301946 23.6841326408214847 2.38616681098937988 -4.46600008010864258 46
46.0463695706306524 3.69480441470486554 0.721270918846130371 -4.46600008010864258 46
46.1110381616398115 3.70080253473600651 1.2050318717956543 -4.30360031127929688 47.5
46.0959015674906567 3.70080253473600651 1.68749070167541504 -4.38479995727539062 51
46.1211209297509726 3.70080253473600651 0.722441792488098145 -4.46600008010864258 52
46.1854064435368485 3.86897318341321084 0.511911332607269287 -4.22240018844604492 47.5
46.2009168585844208 3.70680065476714793 0.240161791443824768 -4.30360031127929688 52.5
46.1857731789929602 3.70680065476714793 1.20698487758636475 -4.38479995727539062 54.5
46.2073097345335455 3.49250124191342204 1.00480377674102783 -4.46600008010864258 55.5
46.2152915064154186 3.49250124191342204 0.521392226219177246 -4.54720020294189453 57
46.2135067695455533 3.52146062202879051 0.483473986387252808 -4.62840032577514648 58.5
46.258561833591969 3.92744495396631477 -0.0379783324897289276 -4.22240018844604492 50.5
46.2661659579914755 3.7127987747982889 0.968456387519836426 -4.30360031127929688 55
46.2756763805215314 3.7127987747982889 -0.240548938512802124 -4.79080009460449219 55
46.3311508146445021 3.93378951759743156 0.446997314691543579 -4.22240018844604492 52
46.3409063139554291 3.71879658975237248 0.970020890235900879 -4.30360031127929688 56.5
46.3438673810623314 3.5038036619073134 1.48975265026092529 -4.38479995727539062 57
46.3677885318793983 3.5038036619073134 0.0380411632359027863 -4.46600008010864258 55
46.3656006443511046 3.53285676026475359 -2.03257945941004436e-06 -4.70960044860839844 60.5
46.350432100031405 3.71879658975237248 0.240939006209373474 -4.87200021743774414 47.5
46.3770278918797061 3.97505435434709353 1.61274826526641846 -4.22240018844604492 52.5
46.420122564220172 3.72479470978351346 0.727125406265258789 -4.30360031127929688 56
46.4329498685786888 3.29993531319883182 1.52389168739318848 -4.38479995727539062 57
46.4099744298714967 3.72479470978351346 -1.21284258365631104 -4.46600008010864258 52.5
46.4251916219685157 3.72479470978351346 -0.241326138377189636 -4.54720020294189453 62
46.4777663040792604 3.73079282981465488 1.45641160011291504 -4.22240018844604492 52
46.4678747873566707 3.94647929028831435 1.1766437292098999 -4.30360031127929688 53
46.5192995628446297 3.17117390534245658 1.45641160011291504 -4.38479995727539062 56
46.3578486793687645 4.4769513957775855 -2.67011761665344238 -4.46600008010864258 51
46.5005787837690008 3.73079282981465488 -2.03913623408880085e-06 -4.54720020294189453 62
46.4999511439056263 3.73079282981465488 -0.241714760661125183 -4.62840032577514648 61
46.5151686195112077 3.54425318832392211 -2.03913623408880085e-06 -4.70960044860839844 59.5
46.5440715792388602 3.92363049733808555 1.21675014495849609 -4.22240018844604492 52
46.6085862917167688 2.88433551441222402 1.59565865993499756 -4.38479995727539062 54
46.4716959566498673 4.58924638527936857 -1.5956571102142334 -4.46600008010864258 51.5
46.5753393147836476 3.73679094984579585 -2.04241473511501681e-06 -4.54720020294189453 61
46.5913243553309186 3.52075772305783596 0.280331552028656006 -4.70960044860839844 56.5
46.5727883444372637 3.73679094984579585 -0.487384110689163208 -4.79080009460449219 51
46.6093714523618345 3.74278906987693727 1.94894158840179443 -4.22240018844604492 50
46.6489058329197306 2.57901559346207732 2.73285865783691406 -4.38479995727539062 53.5
46.6625019307719242 3.49132042924458075 0.813580870628356934 -4.62840032577514648 50.5
46.6494701877798477 3.74278906987693727 -0.242491975426673889 -4.70960044860839844 52.5
46.5986105276038671 3.74278906987693727 -2.1911933422088623 -4.79080009460449219 47.5
46.6935778439195843 3.74878688483102041 1.70937061309814453 -4.22240018844604492 47.5
46.7100037607595056 3.49691526600643687 1.79240524768829346 -4.30360031127929688 50.5
46.7003335199174288 2.89359487672894433 2.82336926460266113 -4.38479995727539062 54
46.756067742600294 2.99902950786481659 1.46343600749969482 -4.46600008010864258 54
46.8054610606371284 3.53771149676856789 1.01781094074249268 -4.30360031127929688 52.5
46.8225183104179479 3.00382800388972937 1.71210563182830811 -4.38479995727539062 55
46.8523720239812462 2.89822467562798147 0.870598137378692627 -4.46600008010864258 54.5
46.8146634705782958 3.5025103873479857 -0.649761855602264404 -4.54720020294189453 53.5
46.8757240765760059 3.50810550868953452 1.30789065361022949 -4.30360031127929688 51.5
46.9115027840332388 3.26130411611841131 0.160301581025123596 -4.38479995727539062 54.5
46.9088173196984215 2.90285447452701817 -1.57706546783447266 -4.46600008010864258 53
46.8069861858747842 3.50810550868953452 -2.85480737686157227 -4.54720020294189453 51
46.9652514987744212 3.54901420420224989 0.2825813889503479 -4.30360031127929688 50.5
46.9685395697517194 3.46661586446952796 -0.590833127498626709 -4.38479995727539062 53
46.857550380710812 2.90748427342605531 -3.78505253791809082 -4.46600008010864258 50
46.7383368224828288 3.54901420420224989 -4.61980199813842773 -4.54720020294189453 48
47.0400376882198472 3.55466555791909045 0.283031374216079712 -4.30360031127929688 48
47.0433309950319583 3.47213600931068767 -0.59177398681640625 -4.38479995727539062 49
47.7355860872006659 7.4775652093210061 2.35388565063476562 -1.54280006885528564 45.5
47.7210120761444259 7.62868819253283004 2.15621495246887207 -1.62400007247924805 47.5
47.7197217464834296 7.73749674044534164 1.76077437400817871 -1.70520007610321045 46
47.7949951250439895 7.64051513389541359 2.15955781936645508 -1.46160006523132324 47.5
47.8151388586520838 7.64051513389541359 1.65456736087799072 -1.54280006885528564 54.5
47.8057975533482349 7.64051513389541359 1.90543794631958008 -1.62400007247924805 57
47.7949951250439895 7.64051513389541359 2.15955781936645508 -1.70520007610321045 56
47.8490101087442525 7.41650637006488278 1.69418215751647949 -1.78640007972717285 52
47.8798010875684596 7.6523426768318199 1.90838754177093506 -1.46160006523132324 50
47.8798010875684596 7.6523426768318199 1.90838754177093506 -1.54280006885528564 58
47.8689819370691367 7.6523426768318199 2.16290092468261719 -1.62400007247924805 61
47.8798010875684596 7.6523426768318199 1.90838754177093506 -1.70520007610321045 60.5
47.9073528343663781 7.56745139515539744 1.51494896411895752 -1.78640007972717285 55.5
47.9886985202003515 7.57914772921612201 1.26557636260986328 -1.46160006523132324 50.5
47.9727791632766412 7.57914772921612201 1.76896393299102783 -1.54280006885528564 58
47.9727791632766412 7.57914772921612201 1.76896393299102783 -1.62400007247924805 61
47.9813989528620368 7.57914772921612201 1.51729059219360352 -1.70520007610321045 60.5
47.9712240893151218 7.66417021976822621 1.40799796581268311 -1.78640007972717285 55.5
48.0316114952268478 7.78548109054035553 1.26752948760986328 -1.46160006523132324 49.5
48.0774360205626294 7.52393758515501609 1.09833765029907227 -1.54280006885528564 54.5
48.0371928424281549 7.67599776270463252 1.66225123405456543 -1.62400007247924805 56
48.0452545057018696 7.67599776270463252 1.4101707935333252 -1.70520007610321045 56
48.0278081560089163 7.67599776270463252 1.91428673267364502 -1.78640007972717285 53
48.2031296377787157 7.27967610161730772 0.166181862354278564 -1.54280006885528564 47
48.0896420409288581 7.79747733060263837 1.77442371845245361 -1.70520007610321045 48
48.0258843738890917 7.79747733060263837 3.04577732086181641 -1.78640007972717285 47.5
45.4448863208279761 24.7513845154076506 -2.82168412208557129 -3.65400028228759766 46
45.4471983413011884 27.101630247171407 -1.93811964988708496 -3.97880029678344727 45
45.5343828969574744 26.9825312861242708 -1.50515460968017578 -4.06000041961669922 47.5
45.7031687526273984 26.8551010319573962 -1.29406929016113281 -3.89760017395019531 45.5
48.9323868209059469 25.0327694823259215 -3.07971692085266113 -3.49160003662109375 46.5
49.5692883233800643 24.4581828319750549 0.0942112579941749573 -3.32920026779174805 45
49.4972575073017822 24.5674509384336055 -3.17561769485473633 -3.32920026779174805 45
49.6912404017280664 24.3791122117721493 -2.89317131042480469 -3.32920026779174805 45.5
50.0486042376393385 24.3320455172594308 -0.106232568621635437 -3.32920026779174805 47
52.8978950502727159 25.3286042705895369 -0.311883509159088135 -3.32920026779174805 45
55.5483469734494903 26.1969645351931391 1.0636371374130249 -3.24800014495849609 47
62.1986633496329091 7.89140276766516546 3.12296700477600098 -1.46160006523132324 49
62.3002358911572784 7.5305632772947888 1.63470280170440674 -1.54280006885528564 51.5
62.2671184768622936 7.69529434898561249 2.07105374336242676 -1.62400007247924805 50.5
62.2452771406597662 8.03260082911444151 1.30524873733520508 -1.70520007610321045 47
62.3222958625167607 7.61024383662907766 2.85277557373046875 -1.38040006160736084 47
62.3415124438601396 7.70448834234584634 2.07352828979492188 -1.46160006523132324 54.5
62.3684858999037957 7.61024383662907766 1.54241788387298584 -1.54280006885528564 57.5
62.3684858999037957 7.61024383662907766 1.54241788387298584 -1.62400007247924805 56.5
62.3778915732063197 7.37463257233715552 2.17630124092102051 -1.70520007610321045 51
62.4788651863533957 7.38343293907034592 1.19684624671936035 -1.38040006160736084 46.5
62.442912055122946 7.61932536523872717 1.54425859451293945 -1.46160006523132324 55.5
62.442912055122946 7.61932536523872717 1.54425859451293945 -1.54280006885528564 59
62.4501211862269798 7.61932536523872717 1.21829581260681152 -1.62400007247924805 58
62.4408404306471994 7.7136823357060802 1.09390115737915039 -1.70520007610321045 52
62.5416010942804803 7.55755481743492386 0.657149136066436768 -1.46160006523132324 51.5
62.5245559340612473 7.62840689384837667 1.21974790096282959 -1.54280006885528564 55.5
62.536006094008826 7.62840689384837667 0.236229583621025085 -1.62400007247924805 55
62.514099267694732 7.80947331134942146 -2.75381762548931874e-06 -1.70520007610321045 49.5
62.611765181790588 7.56655153986604923 -0.984720110893249512 -1.54280006885528564 48
62.6064282771249125 7.63748796055229384 -0.748228490352630615 -1.62400007247924805 48
62.5757634798524975 7.8660608716524143 0.924523353576660156 -1.70520007610321045 45
58.0268296596009421 26.7488887117331977 -3.19137716293334961 -3.08560013771057129 47
69.6444296648756591 14.8152057688521932 2.59338831901550293 -1.86760008335113525 48.5
69.6807978049219798 15.2140495539338367 0.612695455551147461 -1.78640007972717285 48.5
69.662107281555194 15.2140495539338367 1.72609484195709229 -1.86760008335113525 54.5
69.5939582649319419 15.401217123138645 2.59611845016479492 -1.94880008697509766 52
69.412841697588874 15.8278284204369371 5.41270256042480469 -1.70520007610321045 48.5
69.6161605135677917 15.7029188387649441 2.22910571098327637 -1.78640007972717285 55
69.6757559877552239 15.4977102403038103 1.75224566459655762 -1.86760008335113525 58.5
69.6205709183047361 15.6047755960226624 2.7253267765045166 -1.94880008697509766 50
69.5795259586136439 16.0052220443181703 3.34648847579956055 -1.70520007610321045 52
69.6660760643298005 15.8444553050337262 2.0658414363861084 -1.78640007972717285 61
69.6902187115917684 15.8444553050337262 0.950198948383331299 -1.86760008335113525 62.5
69.7210189719061333 15.7194145078124894 -0.74554908275604248 -1.94880008697509766 53.5
69.7416911574220535 15.6211681671386611 0.867360889911651611 -2.03000020980834961 47
69.7171769404355075 16.0220159261896029 1.48770284652709961 -1.70520007610321045 53
69.7573066379652005 15.861080498359577 1.32188022136688232 -1.78640007972717285 63
69.7893049261503364 15.7359084989362206 1.11215496063232422 -1.86760008335113525 66
69.8369093647975347 15.5302687855978494 1.0097278356552124 -1.94880008697509766 61
69.7734229037788793 15.7359084989362206 1.85833251476287842 -2.03000020980834961 50.5
69.8582672496985992 15.5465472302466665 2.87541508674621582 -1.70520007610321045 51
69.8304245260477074 15.877705691685426 1.3232656717300415 -1.78640007972717285 62
69.7972604904456375 16.0388098080610391 1.11332070827484131 -1.86760008335113525 67
69.8304245260477074 15.877705691685426 1.3232656717300415 -1.94880008697509766 64
69.842658091593961 15.877705691685426 0.205096662044525146 -2.03000020980834961 51.5
69.8252728510525742 16.2885550302599036 0.0684351399540901184 -1.70520007610321045 47.5
69.9479325403044641 15.6703425456130745 1.61789023876190186 -1.78640007972717285 58
69.8633360246422512 16.0556053983639941 1.4908217191696167 -1.86760008335113525 67.5
69.8544209000687317 16.0556053983639941 1.8622283935546875 -1.94880008697509766 64.5
69.8782534290355528 16.0556053983639941 0.371512413024902344 -2.03000020980834961 47
69.9685120423426667 15.910957769608066 1.7027442455291748 -1.78640007972717285 57
69.895480920767497 16.2338407908627929 1.65382444858551025 -1.86760008335113525 67
69.8307694888218577 16.4580651111785805 2.10874819755554199 -1.94880008697509766 64
70.0214731503374139 16.0891948705383854 0.744563937187194824 -1.78640007972717285 58
69.976337980012957 16.2508050868719209 1.28334498405456543 -1.86760008335113525 67
69.9228287424255655 16.376501921797999 2.24315500259399414 -1.94880008697509766 65
69.870766894970501 16.5830038648908484 2.34597015380859375 -2.03000020980834961 50.5
70.030831267406441 16.3935956944171402 0.372678250074386597 -1.78640007972717285 57.5
70.0552202119271641 16.2677676572889354 0.912053883075714111 -1.86760008335113525 66
70.006901171346712 16.3935956944171402 1.86807215213775635 -1.94880008697509766 65.5
69.9642915888365451 16.4924605807321534 2.49054050445556641 -2.03000020980834961 53.5
70.100873535029649 16.4106894670362777 0.746118247509002686 -1.78640007972717285 54.5
70.1038531430418033 16.4106894670362777 0.373066842555999756 -1.86760008335113525 64
70.0682235251719732 16.5096574407958165 1.36945450305938721 -1.94880008697509766 65
70.1224204115190588 16.2847302277059534 1.28602409362792969 -2.03000020980834961 55.5
70.1274411180821744 16.6349335830396399 0.476643741130828857 -1.86760008335113525 61
70.2052299967581348 16.3016945237150779 0.535609245300292969 -1.94880008697509766 63.5
70.2052299967581348 16.3016945237150779 0.535609245300292969 -2.03000020980834961 57.5
69.8805843212356308 17.6439844934897856 3.31912708282470703 -1.78640007972717285 49
70.1368780547515627 16.9227178815944441 -0.250866562128067017 -1.86760008335113525 58
70.3167903953861639 16.1563721064556454 -0.378761470317840576 -1.94880008697509766 58
70.174046271422867 16.6522429021336933 1.98209452629089355 -2.03000020980834961 59
70.1184257073958008 16.9227178815944441 1.62804436683654785 -2.11120009422302246 49.5
70.0240143321967281 17.6623265527659505 1.06356418132781982 -1.78640007972717285 51.5
70.0993803985417827 17.3283939608127859 1.50173783302307129 -1.86760008335113525 53.5
70.014824544542023 17.3283939608127859 3.75537538528442383 -1.94880008697509766 54.5
70.1590027396976552 16.9944613688596249 2.31392240524291992 -2.03000020980834961 60.5
70.1560935749270129 16.9403101377320837 2.75681710243225098 -2.11120009422302246 53
70.1720635788875597 17.3463874056750385 -1.5082237720489502 -1.78640007972717285 50.5
70.1000711452783349 17.635493862436288 1.50329720973968506 -1.86760008335113525 55.5
70.1519670408473814 17.3463874056750385 2.25720381736755371 -1.94880008697509766 59
70.243339079343059 17.012108065044842 1.93694233894348145 -2.03000020980834961 60
70.2642035400485554 16.9579006044021057 1.63142907619476318 -2.11120009422302246 52.5
70.2519088226514441 17.3643808505372874 -1.13484513759613037 -1.78640007972717285 49.5
70.3279692211120562 17.0749745030283329 0.750004291534423828 -1.86760008335113525 56
70.3926103856495757 16.7855681555193783 1.12497854232788086 -2.03000020980834961 56.5
70.3976044389378757 16.7855681555193783 0.750004291534423828 -2.11120009422302246 49
70.4111696745467555 17.0474032526030861 0.810051858425140381 -1.86760008335113525 50
70.412387155534006 17.0474032526030861 -0.696448385715484619 -1.94880008697509766 52
70.4462171369882526 16.9206567600186801 -0.158063530921936035 -2.03000020980834961 50.5
70.9310281542947365 17.9556406408870828 2.15061473846435547 -1.86760008335113525 47.5
70.5500982259461864 19.5106375379583028 0.509030938148498535 -2.11120009422302246 46
70.9764263792005607 17.9740370639415623 2.9167015552520752 -1.86760008335113525 48
70.4399275361539026 20.1807323937479346 0.42463192343711853 -2.03000020980834961 48.5
70.694327021501195 19.2559347659037705 0.864232361316680908 -2.11120009422302246 50
70.4834506390836992 20.1830579008220852 -2.22500157356262207 -1.94880008697509766 48.5
70.7689013966940195 19.2756452159077405 -0.660096526145935059 -2.03000020980834961 55.5
70.7690410757860917 19.1656557995544894 2.15502190589904785 -2.11120009422302246 55.5
70.6488798875295032 18.9365111821518788 5.51066446304321289 -2.19239997863769531 49
70.9293341431792328 18.7907200654750604 -2.67755603790283203 -1.94880008697509766 49.5
70.8714284120651143 19.1852517855997853 0.630734860897064209 -2.03000020980834961 57
70.7569357544905984 19.4972070991867739 2.13221144676208496 -2.11120009422302246 58.5
70.7353758291004482 19.2953536609834266 3.92774581909179688 -2.19239997863769531 54
70.8080038349281011 19.6457051093012076 1.58836734294891357 -2.03000020980834961 56.5
70.8776614161808851 19.3977228568696347 1.52824819087982178 -2.11120009422302246 59
70.8571489485715915 19.3977228568696347 2.2896583080291748 -2.19239997863769531 54
70.7936163911522414 20.0059272857790127 1.14363110065460205 -2.03000020980834961 56
70.9623835503295197 19.4175176597266912 0.76243966817855835 -2.11120009422302246 56
71.080654422273426 18.994598241001583 0.165528401732444763 -2.19239997863769531 45
70.8914831894851289 19.7318151528490304 3.06206655502319336 -1.94880008697509766 47.5
70.8709152222550074 20.0263198566228979 0.763216793537139893 -2.03000020980834961 53
70.8583708265616679 20.0263198566228979 -1.53638565540313721 -2.11120009422302246 51
71.0578358942017729 19.6505707871076858 0.125657618045806885 -1.94880008697509766 47
71.0426132181505068 19.7058466543006752 0.0552865192294120789 -2.03000020980834961 51.5
70.8465510288240665 20.341519127020053 -1.53795027732849121 -2.11120009422302246 49
71.2770212305656656 19.1264614287955332 0.452826350927352905 -2.03000020980834961 49
71.1264267261208118 20.107894289046417 2.30367660522460938 -2.27360010147094727 46.5
71.1028514188701024 20.4705417375630709 2.24547934532165527 -2.19239997863769531 47
71.0411066654872059 20.8035464834068407 0.272531032562255859 -2.27360010147094727 47.5
71.291428601300936 20.1486815052581782 1.54072380065917969 -2.27360010147094727 46.5
72.2662968156604109 16.3688349349247417 3.40218758583068848 -1.70520007610321045 45.5
72.3747877375358826 16.0166176486692819 2.69985389709472656 -1.78640007972717285 46
72.2809284541348376 16.626619591602541 3.47641491889953613 -1.70520007610321045 47
72.3708388395934605 16.4596111358833213 2.14604711532592773 -1.78640007972717285 50.5
72.1924674346063 16.923523512881161 3.86066603660583496 -1.86760008335113525 52
72.3446518645968837 16.2276549473844014 3.99715590476989746 -1.94880008697509766 51.5
72.5444234892940614 15.6987948376068651 1.97906124591827393 -2.03000020980834961 47.5
72.5500178373927582 16.1325960775501436 0.663805305957794189 -1.70520007610321045 46
72.3419598492919391 16.8105923433308888 2.87241482734680176 -1.78640007972717285 52
72.3070523850907563 16.8105923433308888 3.64695334434509277 -1.86760008335113525 55.5
72.3562184635562886 16.8105923433308888 2.48755574226379395 -1.94880008697509766 56
72.3421588757098419 16.8848933039643967 2.39133262634277344 -2.03000020980834961 52
71.7834080026846237 19.0210459221777128 3.09013032913208008 -2.11120009422302246 46
72.5065729531578569 16.6602090637769322 0.770988881587982178 -1.70520007610321045 47.5
72.4149558248641796 16.8275549137479068 2.87531328201293945 -1.78640007972717285 52.5
72.4149558248641796 16.8275549137479068 2.87531328201293945 -1.86760008335113525 55.5
72.484918964363672 16.6602090637769322 1.93235409259796143 -1.94880008697509766 56
72.5526561718212122 16.3627053304952028 1.93235409259796143 -2.03000020980834961 52
72.544738726521345 16.8445192097570313 -0.223411738872528076 -1.70520007610321045 46.5
72.5579928974342607 16.6770046540798909 1.93430209159851074 -1.78640007972717285 49
72.4322374904551936 16.8445192097570313 4.04475593566894531 -1.86760008335113525 50.5
72.5247824105647254 16.8445192097570313 1.71603739261627197 -1.94880008697509766 53
72.2489104130971214 17.8682192722284547 2.71077346801757812 -2.11120009422302246 46
72.6177918795207944 16.8614817801740493 -0.223636716604232788 -1.94880008697509766 47
72.6155748305037321 16.8614817801740493 -0.609906017780303955 -2.03000020980834961 46
71.4111341824202412 21.6746623632075419 3.27871942520141602 -2.27360010147094727 48.5
71.4202579847965495 21.8053450820210237 1.94014585018157959 -2.35480022430419922 48.5
71.4410268733971066 22.0421456911290576 1.27442300319671631 -2.27360010147094727 50.5
71.5014362394294665 21.8272371066034268 1.55475854873657227 -2.35480022430419922 53
71.494646258080536 22.0642555111763095 2.05116677284240723 -2.27360010147094727 53
71.5186174001876793 22.0642555111763095 0.882808566093444824 -2.35480022430419922 55
71.2328571389494556 23.0694356229858677 2.72715282440185547 -2.19239997863769531 53
71.4364815825567518 22.4234165247772523 2.78840970993041992 -2.27360010147094727 58.5
71.5396050741184553 22.0863630822336283 2.83434915542602539 -2.35480022430419922 57
71.2577349360932146 23.1393870466194755 3.45023608207702637 -2.11120009422302246 47
71.4413771481920747 22.4927213089861233 3.89966249465942383 -2.19239997863769531 57
71.4734557710626888 22.4458614729257384 3.56771326065063477 -2.27360010147094727 60.5
71.5892913140520193 22.192818358199645 2.72988247871398926 -2.35480022430419922 57.5
71.4377879028919125 22.8154182751837595 3.51504182815551758 -2.11120009422302246 47.5
71.4497372115795315 22.4683087043853256 5.13484907150268555 -2.19239997863769531 55.5
71.501610520020634 22.4683087043853256 4.35329723358154297 -2.27360010147094727 58
71.5632722888173589 22.4683087043853256 3.18267941474914551 -2.35480022430419922 55
71.2837746238678847 22.8154182751837595 5.85970401763916016 -2.43600010871887207 45.5
71.5038744789413698 22.4344093845107615 5.60501623153686523 -2.19239997863769531 49
71.3220200728771943 22.8382099720092775 6.25367403030395508 -2.27360010147094727 53
71.5787228001509988 22.8382099720092775 1.55743265151977539 -2.35480022430419922 49.5
71.3961875440813003 23.23108378327845 7.45682191848754883 -2.35480022430419922 49
71.2738591665850834 24.1361909436659197 5.4940185546875 -2.43600010871887207 45.5
71.9261818763416017 22.95217309330814 1.96157312393188477 -2.27360010147094727 51
71.6634318302260027 23.3013632267178465 5.04233074188232422 -2.35480022430419922 53.5
71.3288199386181105 23.7543666430331406 7.20800256729125977 -2.43600010871887207 48
71.8305362677043178 23.381185688355373 3.00924801826477051 -2.27360010147094727 54.5
71.7211744901388357 23.381185688355373 4.97533559799194336 -2.35480022430419922 56.5
71.2849848926430099 23.9385553673909115 7.79469776153564453 -2.43600010871887207 49.5
71.8640430426629706 23.6880698223230901 1.06794071197509766 -2.19239997863769531 46
71.7595464519451127 23.8015456059030868 3.28028130531311035 -2.27360010147094727 57
71.7240113880683907 23.6880698223230901 4.60955381393432617 -2.35480022430419922 58.5
71.4864040119694408 24.2081671637313818 5.51040220260620117 -2.43600010871887207 51
71.6991054232610736 24.4025407874632911 1.3478400707244873 -2.19239997863769531 48
71.730720803739203 24.2321584235477161 2.35974979400634766 -2.27360010147094727 59
71.7165463947940651 24.2321584235477161 2.75718140602111816 -2.35480022430419922 58
71.5160702728347388 24.4025407874632911 5.29436111450195312 -2.43600010871887207 48.5
71.4007318793866261 25.093535930009768 3.21129488945007324 -2.51719999313354492 46.5
71.7713916160050331 24.2561521239805131 3.15249443054199219 -2.19239997863769531 48.5
71.7875572102647652 24.2561521239805131 2.75991129875183105 -2.27360010147094727 59.5
71.7615156293314556 24.4267031936022541 1.74714374542236328 -2.35480022430419922 58.5
71.8425447848191112 23.4507720729889719 6.17589092254638672 -2.43600010871887207 48.5
71.8306025064346585 23.6497483208810024 5.52132511138916016 -2.51719999313354492 52.5
72.0047130978442027 23.8723128503971367 2.49889707565307617 -2.19239997863769531 48.5
71.8585608025826446 24.2801433837968474 2.76264119148254395 -2.27360010147094727 58.5
71.8585608025826446 24.2801433837968474 2.76264119148254395 -2.35480022430419922 60.5
71.9104643269867125 24.0335481775551614 3.47613811492919922 -2.43600010871887207 58
71.9105994210994623 23.7584996782855846 5.02090024948120117 -2.51719999313354492 55
72.0603292115789742 24.0572981919679343 -0.870173811912536621 -2.19239997863769531 46.5
71.9437881303453679 24.3041370842296409 2.36675906181335449 -2.27360010147094727 56.5
71.8950170079465352 24.3041370842296409 3.55200552940368652 -2.35480022430419922 61.5
71.9192289432248799 24.1332486203561523 4.17277669906616211 -2.43600010871887207 61
72.0083512814677391 23.781977889060645 4.62782812118530273 -2.51719999313354492 54
72.000575210371224 24.3281283440459752 2.76810097694396973 -2.27360010147094727 53
71.9663210426185316 24.1570711916269047 4.57029104232788086 -2.35480022430419922 60.5
71.8972769650787171 24.3281283440459752 4.7462458610534668 -2.43600010871887207 59.5
71.968178689509088 24.3521196038623096 4.75092649459838867 -2.35480022430419922 57
71.8701102246804595 24.523345444826969 5.32057094573974609 -2.43600010871887207 56
71.9483914503081792 24.523345444826969 4.12918424606323242 -2.59840011596679688 49
72.0643365267588933 24.3761133042951066 4.35630226135253906 -2.35480022430419922 52.5
71.9504867650299502 24.3761133042951066 5.94751167297363281 -2.43600010871887207 53.5
72.0192808915216034 24.5475078509659319 4.13325262069702148 -2.51719999313354492 53.5
72.1425896181597892 24.3761133042951066 2.77356076240539551 -2.59840011596679688 48
72.0633379567979091 24.809950070461749 3.03611612319946289 -2.27360010147094727 48
72.1117291017440039 24.5716677993278516 3.74263501167297363 -2.35480022430419922 46.5
72.0901631219282706 24.5716677993278516 4.13732099533081055 -2.43600010871887207 51.5
72.0541813140563363 24.7051058711628357 3.9659569263458252 -2.51719999313354492 55
71.8240802121791972 24.809950070461749 6.60635757446289062 -2.59840011596679688 48
72.2725201610530519 24.5958302054668145 -1.02541673183441162 -2.27360010147094727 46.5
71.857360227470366 25.2922986325417085 -5.1129918098449707 -2.35480022430419922 46
72.229869993417168 24.7293994928510408 0.791196286678314209 -2.43600010871887207 52.5
72.0193454928079575 24.5958302054668145 6.13045501708984375 -2.51719999313354492 52
72.2953977845601798 24.7536906434150801 1.18793070316314697 -2.35480022430419922 49
72.2353116304354614 24.7536906434150801 3.17743968963623047 -2.43600010871887207 51
71.9367285919518622 24.6199901538287307 7.72944927215576172 -2.51719999313354492 46
72.2759127290822647 24.8831352660986269 3.04507207870483398 -2.35480022430419922 46
72.7056856131391953 26.729911626934534 -1.33100211620330811 -2.59840011596679688 47.5
72.9066061998429547 26.4069244542790429 1.14197850227355957 -2.51719999313354492 49
72.7330155332752071 26.872073949253501 1.34285807609558105 -2.59840011596679688 52.5
72.4995203275240385 27.2887703718347794 3.6256401538848877 -2.67960023880004883 48.5
72.8137969888407497 26.898061356859241 0.53450930118560791 -2.51719999313354492 53
72.7115812296895712 27.1405610084717459 1.43411517143249512 -2.59840011596679688 56.5
72.6200718606162354 27.31516075763275 2.41815948486328125 -2.67960023880004883 53
72.7261323825145638 27.3415538281088217 0.799888134002685547 -2.43600010871887207 47.5
72.88599930239603 26.9240514081483582 0.132432654500007629 -2.51719999313354492 55
72.8465759272393854 27.0308543527894045 -0.00529231969267129898 -2.59840011596679688 57.5
72.88599930239603 26.9240514081483582 0.132432654500007629 -2.67960023880004883 54.5
72.7604019293895448 27.3679442139067888 2.42283225059509277 -2.43600010871887207 48.5
72.7825311629104021 27.3679442139067888 -1.62773787975311279 -2.51719999313354492 53.5
72.9413617581013511 26.9500388157540982 -1.48459601402282715 -2.59840011596679688 55.5
72.8660182557003537 27.193007070494037 -0.185581624507904053 -2.67960023880004883 53
72.8327077112823815 27.193007070494037 -2.21082901954650879 -2.76080012321472168 45
72.9142031601737699 27.2192314352639428 -1.80441486835479736 -2.59840011596679688 51
73.0032022153680629 26.8592916342972678 3.12001633644104004 -2.67960023880004883 48
72.8393289274985278 28.0979091066015805 0.803748548030853271 -2.51719999313354492 47
72.8981150567528289 27.8930285193659415 1.8841254711151123 -2.59840011596679688 47.5
72.8217281170292097 28.3299766644337723 1.35324764251708984 -2.51719999313354492 49.5
72.9126417972495489 28.1248992738949539 0.399604171514511108 -2.59840011596679688 50.5
72.9430189577716419 28.1518921868818488 2.43685078620910645 -2.51719999313354492 50.5
72.9283593914374393 28.1518921868818488 2.84193706512451172 -2.59840011596679688 50.5
72.7400450414929765 28.3843533713410885 5.83995723724365234 -2.51719999313354492 50
72.7830652532281732 28.4430593762456176 4.95059108734130859 -2.59840011596679688 51
77.9109251773539029 7.34527930246578098 4.30991840362548828 -1.46160006523132324 45
72.963044457300029 28.4703025763573692 2.91146421432495117 -2.51719999313354492 48
72.8527779935213857 28.4703025763573692 4.95533323287963867 -2.59840011596679688 51
77.8470483408284366 7.52876411585479843 6.12845993041992188 -1.38040006160736084 49.5
78.0195358910906123 7.52876411585479843 3.26697564125061035 -1.46160006523132324 53
78.0195358910906123 7.52876411585479843 3.26697564125061035 -1.54280006885528564 53
78.0119156258104596 7.95029648171646031 2.31020689010620117 -1.62400007247924805 50
73.0328698140159389 28.4975485479035164 2.91425037384033203 -2.51719999313354492 46.5
73.0798889786009056 28.2328654344554941 4.07904720306396484 -2.59840011596679688 49.5
78.0941213181610863 7.53596149379969837 3.27009892463684082 -1.38040006160736084 51.5
78.1241016200029463 7.53596149379969837 2.45154809951782227 -1.46160006523132324 56.5
78.1241016200029463 7.53596149379969837 2.45154809951782227 -1.54280006885528564 56.5
78.1009973340209029 7.35933739628876804 3.50008821487426758 -1.62400007247924805 53
78.0361800931772933 7.35933739628876804 4.72970819473266602 -1.70520007610321045 45
78.2209209880799961 7.36636680071243877 2.27713251113891602 -1.38040006160736084 52
78.2104383019704699 7.54315960392953677 2.04679656028747559 -1.46160006523132324 56
78.2275886169545629 7.54315960392953677 1.22709739208221436 -1.54280006885528564 56
78.1988717243402647 7.71995240714663655 1.81644284725189209 -1.62400007247924805 53
78.0531809343566181 8.80035287125112653 2.86627292633056641 -1.70520007610321045 46
78.295556228630403 7.3733954901117551 2.27930545806884766 -1.38040006160736084 48.5
78.2850635403655843 7.5503569818744376 2.04874944686889648 -1.46160006523132324 51
78.2629600833184753 7.7273184736371201 2.22569012641906738 -1.54280006885528564 51.5
74.6067500300812299 33.5885231893011635 0.987380862236022949 -3.08560013771057129 47
74.6559849411320897 34.1841398461271666 3.84303832054138184 -3.08560013771057129 45
