
X Y Z V_r Mag
6.6142907354241034 -8.7579070029160011 -1.04921722412109375 4.46600008010864258 45.5
6.56953955445026061 -8.85216072684591104 -1.30015623569488525 4.46600008010864258 45.5
5.1540622955811628 -10.1655109300999609 0.240918904542922974 3.24800014495849609 46.5
8.27671709907841091 -8.42114392163300352 -1.00140345096588135 -5.03439998626708984 45.5
8.88996339277733227 -8.27823078084093034 -1.37479984760284424 -4.70960044860839844 45
9.67370764225152868 -7.60661719437536377 -1.30360746383666992 -4.22240018844604492 47
9.97833148941806236 -7.47031105832323306 -1.22596442699432373 -4.06000041961669922 47.5
7.8871634017101373 -9.70217017610427845 -0.732242226600646973 4.70960044860839844 45.5
9.99705904768220321 -7.52449028730188729 -1.48353052139282227 -4.06000041961669922 48
9.93704126935182686 -7.5575545886271307 -1.70252692699432373 -4.14120006561279297 46.5
10.1599746168178324 -7.97542249638456013 -1.23215079307556152 -4.14120006561279297 47
9.7244117633942615 -8.61836745451785369 -1.20915627479553223 -4.54720020294189453 49.5
10.9736066659959146 -7.31050024725299519 -1.53693747520446777 -3.73520016670227051 46.5
10.8848730124213962 -7.43159544081992607 -1.58636939525604248 -3.81640005111694336 49
5.61143256674229018 -11.9967183544664522 0.903444826602935791 3.00440025329589844 46
10.987295441989021 -7.3885030263707403 -1.70642256736755371 -3.73520016670227051 49
10.9792935821993662 -7.42687186123335685 -1.58719933032989502 -3.81640005111694336 52
10.9792935821993662 -7.42687186123335685 -1.58719933032989502 -3.89760017395019531 46
5.5475952251884495 -12.1095379246839485 0.897652029991149902 3.00440025329589844 51.5
5.66690359807063704 -12.0494823570728968 0.95848536491394043 2.92320013046264648 50
13.4280336339958151 1.89140366920571834 -0.625417053699493408 -1.46160006523132324 52
13.4357658145830303 1.88122571224138269 -0.470984935760498047 -1.54280006885528564 51.5
13.504301347504299 1.89161919744750984 -0.614928722381591797 -1.38040006160736084 54.5
13.5142131639489023 1.84044825432449333 -0.548914432525634766 -1.46160006523132324 65.5
13.521477479788901 1.80121719793018076 -0.4977683424949646 -1.54280006885528564 64
13.5893569304347164 1.82997974065954039 -0.596806585788726807 -1.38040006160736084 62
13.5923277627739303 1.82997974065954039 -0.524815857410430908 -1.46160006523132324 73
13.5884668904819605 1.85056058122928246 -0.551930427551269531 -1.54280006885528564 72
13.5893569304347164 1.82997974065954039 -0.596806585788726807 -1.62400007247924805 56
13.6950057530153728 1.67098428913986585 -0.307629644870758057 -1.38040006160736084 61.5
13.684861292291604 1.76582859863696862 -0.215444117784500122 -1.46160006523132324 71.5
13.6757495315724764 1.83997960424379436 -0.16840575635433197 -1.54280006885528564 70
13.62808108836089 2.13313474268938474 -0.406383931636810303 -1.62400007247924805 57
13.6292380314802024 2.18807333539720217 -1.40422654151916504 -1.46160006523132324 58
13.7369752877354365 1.87078536362407344 -0.557962477207183838 -1.54280006885528564 59.5
11.8074171866570978 -7.15718441245614034 -1.36940085887908936 -3.49160003662109375 47.5
11.7645454524629454 -7.24907655728660849 -1.24980223178863525 -3.5728001594543457 51
10.6473197834055711 -8.82164590372501145 -1.15273439884185791 -4.30360031127929688 46
8.13661964984891561 -11.1917697147297446 -1.02731168270111084 4.46600008010864258 47.5
8.12712016985847541 -11.1917697147297446 -1.09993565082550049 4.38479995727539062 47.5
13.8784136093514654 1.26380984766767868 -0.628443598747253418 -1.29920005798339844 48
13.8896341407276065 1.20454152377705648 -0.479243993759155273 -1.38040006160736084 60.5
13.7612222078661617 2.1354028460591814 -0.819349586963653564 -1.46160006523132324 65.5
13.7561142477351321 2.17549612398519043 -0.799409270286560059 -1.54280006885528564 67
13.7548562631830897 2.23127807588224636 -0.654094338417053223 -1.62400007247924805 56.5
11.8733647456157954 -7.17146719076528338 -1.48181581497192383 -3.49160003662109375 49
11.8641772558367986 -7.17146719076528338 -1.55366766452789307 -3.5728001594543457 52
11.7405590126802473 -7.36321765041141418 -1.59524726867675781 -3.65400028228759766 46.5
10.3768600255953913 -9.25980401491132277 -1.08597075939178467 -4.54720020294189453 46.5
8.10757609575904326 -11.3045611891377895 -1.03760766983032227 4.38479995727539062 46
13.9456452620317108 1.27060450661667979 -0.777932286262512207 -1.29920005798339844 50.5
13.9591084962634824 1.24957381133474854 -0.531509041786193848 -1.38040006160736084 65
13.958548217795876 1.34596449804360008 -0.218956798315048218 -1.46160006523132324 65.5
13.8251646416166647 2.24327416340599983 -0.730191469192504883 -1.54280006885528564 64
13.8088537435531524 2.27482020632889714 -0.917279422283172607 -1.62400007247924805 56
11.9770237752132278 -7.17847732289919982 -1.31187224388122559 -3.49160003662109375 45
11.9510327801589895 -7.17847732289919982 -1.53065907955169678 -3.5728001594543457 48.5
11.2818224050225737 -8.17217767497045244 -1.62377011775970459 -3.97880029678344727 47.5
14.0273903114482792 1.25625600696321427 -0.681291759014129639 -1.29920005798339844 48
14.0261370135589569 1.24039863801136452 -0.734096229076385498 -1.38040006160736084 63
14.0379250257720916 1.1840168817381207 -0.587180614471435547 -1.46160006523132324 63.5
14.0626699029620408 1.00430003361715592 -0.206670656800270081 -1.54280006885528564 51.5
11.3874431641380518 -8.15068764125081202 -1.64391100406646729 -3.89760017395019531 48.5
11.2920958772261564 -8.26873694344791588 -1.71072423458099365 -3.97880029678344727 47
14.1365387484685083 0.882108309804567559 -0.557472825050354004 -1.46160006523132324 50.5
13.986869670192263 2.23538290556900465 -0.548782110214233398 -1.54280006885528564 53.5
14.1204219659816061 1.74684108556561668 -0.790412485599517822 -1.46160006523132324 54
14.0779155350011251 2.05133632066421034 -0.81660085916519165 -1.54280006885528564 51.5
14.2023924537671018 1.37475519962372572 -1.26796329021453857 -1.38040006160736084 47.5
14.1804655114616143 1.47320772043011239 -1.39631998538970947 -1.46160006523132324 53
14.1570613677819406 1.83300693283163429 -1.19304060935974121 -1.54280006885528564 49.5
12.3527067697133912 -7.16913356053778816 -1.10445272922515869 -3.4104001522064209 48.5
11.8737538806150269 -7.94243336032613367 -1.0664743185043335 -3.73520016670227051 48
11.8241614516474041 -8.01940533113840104 -1.04115009307861328 -3.81640005111694336 48
14.2775862355101548 1.4395342209770603 -1.1992868185043335 -1.38040006160736084 46.5
14.2378000284863298 1.70404863408159502 -1.31957900524139404 -1.46160006523132324 54.5
14.218697166340144 1.91997876722815386 -1.22569894790649414 -1.54280006885528564 53.5
12.4055306954857478 -7.21746470042373556 -1.17091166973114014 -3.4104001522064209 47
12.4173804592278465 -7.20666819376640699 -1.11023521423339844 -3.49160003662109375 49
11.9328612626406034 -7.9300341398073817 -1.44270753860473633 -3.73520016670227051 49.5
11.8814350819778412 -7.99481317975134864 -1.50813841819763184 -3.81640005111694336 49
14.3453875959458941 1.44703177567940622 -1.28124034404754639 -1.38040006160736084 47
14.2678946163617653 1.88475888782242662 -1.54935801029205322 -1.54280006885528564 51
12.1720549649698402 -7.64032777558726561 -1.72977006435394287 -3.65400028228759766 45
11.9889164271187614 -7.87185285969596915 -1.95587921142578125 -3.73520016670227051 46.5
14.457172365591596 1.29634926570273668 -1.00605094432830811 -1.38040006160736084 47
14.4531740398012172 1.31816720565846301 -1.03474676609039307 -1.46160006523132324 50.5
12.3785364800614133 -7.54718906301831716 -1.23055994510650635 -3.49160003662109375 47.5
12.3466671303259563 -7.61264288288549551 -1.14454638957977295 -3.5728001594543457 51
12.2910705344210154 -7.67991486441565208 -1.28491413593292236 -3.65400028228759766 47.5
14.5292510838519426 1.28658374277019716 -1.06593811511993408 -1.38040006160736084 45
14.5510008767634602 1.21713746120021504 -0.823159337043762207 -1.46160006523132324 47.5
12.53497393157439 -7.45268253269440972 -1.10571086406707764 -3.49160003662109375 49
12.4528949443021375 -7.56416208995148676 -1.26472020149230957 -3.5728001594543457 48
12.7882471747614783 -7.15474758038022607 -1.16633641719818115 -3.32920026779174805 46.5
12.8094350086938835 -7.17127973140036001 -0.762333154678344727 -3.4104001522064209 47
12.8350714936641683 -7.24663962820572483 -1.02361679077148438 -3.32920026779174805 46
12.8031179967872468 -7.32602956553383766 -0.842664599418640137 -3.4104001522064209 45.5
14.7677098402156712 2.14850476689128955 0.233007967472076416 -1.54280006885528564 52.5
11.482311726453716 -9.44633389262533285 -1.29573071002960205 -4.30360031127929688 47.5
11.338676448560113 -9.62910599953101531 -1.21258866786956787 -4.38479995727539062 46.5
14.8332343802010218 2.22865394472603473 -0.0910146087408065796 -1.54280006885528564 57
14.8312599718658458 2.23990030609555246 0.128852888941764832 -1.62400007247924805 46
12.7477066249329898 -7.83683948099205185 -1.03920483589172363 -3.5728001594543457 47.5
14.9436676950557459 1.92897587708330831 -0.47064054012298584 -1.46160006523132324 55
14.9280873163089982 2.08909594500526286 -0.208629623055458069 -1.54280006885528564 53.5
12.8810071428314146 -7.74981128742258907 -1.12948429584503174 -3.49160003662109375 50
12.7635288643750719 -7.95702549296864792 -1.01671707630157471 -3.5728001594543457 50.5
12.7500659794852815 -7.95702549296864792 -1.17354905605316162 -3.65400028228759766 48
11.0334392016627945 -10.2081252714008297 -1.14588248729705811 -4.62840032577514648 47
15.0545372923803367 1.6962511537145224 0.0784994810819625854 -1.38040006160736084 45.5
15.0623237456776469 1.62620506812586463 -0.0661044269800186157 -1.46160006523132324 51
12.9700888929395237 -7.72021451433908812 -1.30291593074798584 -3.49160003662109375 49
12.827028843276004 -7.99661258179703438 -1.02177536487579346 -3.5728001594543457 47
12.8204625759117121 -7.99661258179703438 -1.10111153125762939 -3.65400028228759766 45.5
13.4782830783586594 -7.53716133135986777 -0.479189068078994751 -3.32920026779174805 46.5
13.4416880606969009 -7.58928821556753075 -0.652871370315551758 -3.4104001522064209 47
12.662434307071825 -8.87742757342578948 -1.37101662158966064 -3.81640005111694336 46.5
12.6345171476684079 -8.856087603297361 -1.72171914577484131 -3.89760017395019531 46.5
9.29819752264249821 -12.4159826201759262 -0.642294406890869141 4.54720020294189453 48.5
14.0664656056613619 -6.67464023592016176 -0.971465110778808594 -3.08560013771057129 45
13.9336551462151057 -6.8617796817870822 -1.45919466018676758 -3.16680002212524414 45
13.3882324782185673 -7.87740104946068165 -1.43589746952056885 -3.49160003662109375 45.5
9.28644813247554524 -12.4759630577946936 -1.21335828304290771 4.54720020294189453 46.5
13.4604262722684442 -7.89764440211048147 -1.4662100076675415 -3.4104001522064209 48.5
13.4435605128076983 -7.91527307265090663 -1.52471888065338135 -3.49160003662109375 48.5
13.533518528860915 -7.9531455774100337 -1.28603661060333252 -3.49160003662109375 46.5
13.747968497672252 -7.77349423112091475 -0.998398065567016602 -3.32920026779174805 47
13.6431281350821401 -7.90994070833977592 -1.31474030017852783 -3.4104001522064209 50.5
13.6331614527620282 -7.93169304528771058 -1.28678309917449951 -3.49160003662109375 46
8.86468231252732686 -13.053379653937716 -1.20719349384307861 4.22240018844604492 46
14.4734798595099026 -6.52682564072054916 -0.853790938854217529 -3.00440025329589844 46.5
13.7444526044949775 -7.883849053996693 -1.32097125053405762 -3.32920026779174805 45.5
13.752097479412571 -7.883849053996693 -1.23885393142700195 -3.4104001522064209 50
9.25116609616104135 -12.8847684262017541 -1.09939587116241455 4.46600008010864258 46
9.26933748428489679 -12.8847684262017541 -0.933882296085357666 4.38479995727539062 49
15.6978954603924841 2.95641524354823781 -0.190592989325523376 -1.54280006885528564 47
13.8169656964461325 -7.92103692532032877 -1.24469757080078125 -3.4104001522064209 48
9.37828926840579946 -12.8856586070924219 -1.09914815425872803 4.38479995727539062 48
15.7996266542835198 2.82388638595636943 -7.0156784204300493e-07 -1.54280006885528564 47
16.6701857214496698 1.7466349043605216 -1.13762962818145752 -1.46160006523132324 46
12.8298883150868619 -10.7107347139992584 -1.70708858966827393 -4.30360031127929688 46
12.835934080177589 -10.7485224883724406 -1.39574325084686279 -4.38479995727539062 46.5
15.4728441491407818 -7.14976148198551886 -1.37186646461486816 -3.00440025329589844 48
15.4379749895393257 -7.24805467629852984 -1.24283874034881592 -3.08560013771057129 48
9.70137184093783311 -14.0281482753242468 -1.22655928134918213 4.22240018844604492 45.5
15.6088876063969622 -7.05020338456452045 -1.27982044219970703 -3.00440025329589844 49.5
15.5017404236510821 -7.32491450578956105 -1.01110517978668213 -3.08560013771057129 48
15.6526074373018265 -7.08098982708519475 -1.55497956275939941 -3.00440025329589844 45
16.3229452722582664 -5.75003952864317114 -0.808804869651794434 -2.76080012321472168 45
16.3409141885408395 -6.0793328481012896 -1.1797713041305542 -2.76080012321472168 47
16.3200704520402979 -6.18851626850540804 -0.856266558170318604 -2.84200000762939453 45.5
16.4622163143325366 -5.98919352529331039 -1.06184709072113037 -2.76080012321472168 45
16.831329781800612 -5.64617961947614511 -0.881861448287963867 -2.67960023880004883 49.5
16.7847586150862824 -5.78167016109221255 -0.891543567180633545 -2.76080012321472168 47
16.9110160774879148 -5.67000279661086459 -0.700786709785461426 -2.59840011596679688 47
16.9069334128869393 -5.67000279661086459 -0.793196260929107666 -2.67960023880004883 51
16.8878974707101754 -5.75030181340000368 -0.596197962760925293 -2.76080012321472168 46
16.9352897789727628 -5.83046049831772883 -0.712280392646789551 -2.67960023880004883 47
17.8001780825310192 -3.08304932405552412 -0.595092535018920898 -2.27360010147094727 45
15.4702389500480617 -10.0326729829720769 -1.78685593605041504 -3.65400028228759766 47.5
15.3967392682132171 -10.1345275310225524 -1.84593045711517334 -3.73520016670227051 45
16.2377618819098437 -9.79329395838574968 -1.82456827163696289 -3.49160003662109375 45.5
16.1722109209767879 -9.95278610598220936 -1.51795113086700439 -3.5728001594543457 46.5
13.2666990470274815 -13.6353883795900739 -0.986624300479888916 -4.95320034027099609 45
13.3133617474508181 -13.5758763842182617 -1.16297352313995361 -5.03439998626708984 46.5
18.4066909119819115 -5.309482051703724 -1.28186297416687012 -2.51719999313354492 47
18.4269568330445175 -5.32387739391349513 -0.862338900566101074 -2.59840011596679688 45
15.8805916763681463 -10.7905090235133727 -1.70218014717102051 -3.73520016670227051 48
15.9245091896520297 -10.7430299951914385 -2.32805180549621582 -3.73520016670227051 46
16.9076075150370606 -9.45448794038386708 -1.44087803363800049 -3.32920026779174805 47.5
18.1301100333362299 -7.37983403320717546 0.133454561233520508 -2.84200000762939453 45.5
17.212712649446825 -9.25842619015219093 -1.08844256401062012 -3.24800014495849609 46.5
17.1172224793340995 -9.43699028840347331 -1.06045925617218018 -3.32920026779174805 47.5
17.1888781510894084 -9.47314770571619569 -0.961504578590393066 -3.24800014495849609 45.5
17.2164932751484585 -9.38475130410764713 -1.28116106986999512 -3.32920026779174805 48
19.0540088861756303 -5.61535473462444656 -0.65435481071472168 -2.51719999313354492 46
19.087331725550662 -5.74374153311817803 -0.828079819679260254 -2.51719999313354492 45.5
19.0156721638937967 -5.9556417198868612 -0.968031585216522217 -2.59840011596679688 46
17.1316210680855114 -10.314544228419809 -1.05756986141204834 -3.49160003662109375 46
17.012104277461372 -10.4897063089606597 -1.2470250129699707 -3.5728001594543457 47
16.8036647300179141 -10.7524494297719375 -1.73849308490753174 -3.65400028228759766 45
17.3229971454431322 -10.0593074783228218 -1.65351879596710205 -3.4104001522064209 45.5
17.2275531197868972 -10.2426606483396938 -1.51964354515075684 -3.49160003662109375 45.5
12.9778499867244186 -15.7080180282715691 -0.996813833713531494 4.95320034027099609 46.5
12.9250843187009892 -15.7717474100805255 -0.595182180404663086 4.87200021743774414 48
12.9409820196444478 -15.8604334516092997 -0.450845569372177124 4.87200021743774414 46
18.2566592792586739 -9.56690413008876384 -0.747906088829040527 -3.24800014495849609 45.5
20.039078816671303 -5.36340853399291717 -1.12688028812408447 -2.43600010871887207 46.5
19.1470598784279993 -8.02174848501360671 -0.80146867036819458 -2.92320013046264648 49
19.2723035230084854 -7.89177759892369934 -1.01028215885162354 -2.84200000762939453 45
19.2058548269140452 -8.05070742181387544 -1.02163994312286377 -2.92320013046264648 47.5
20.3437620974055804 -5.39345486219340309 -1.09437191486358643 -2.43600010871887207 45
19.0546165431546548 -9.49140407218363791 -0.724491119384765625 -3.16680002212524414 45
19.9520526745409228 -7.66847159177427518 -0.027688564732670784 -2.76080012321472168 47.5
19.911802592877816 -7.76462797537019167 -0.348274916410446167 -2.84200000762939453 47
20.4342957564050209 -6.51869077015352882 -0.220817849040031433 -2.59840011596679688 46
20.0429166710138276 -7.63372998083768639 -0.331950217485427856 -2.76080012321472168 48.5
19.982171104535329 -7.77579026489119585 -0.59365689754486084 -2.84200000762939453 46.5
19.3985743676369573 -9.29579252154423052 -0.780542075634002686 -3.08560013771057129 45.5
19.5480046085129899 -9.15543744330055276 -0.783261656761169434 -3.00440025329589844 45.5
19.5146861562856202 -9.21211910200023176 -0.934822201728820801 -3.08560013771057129 47
19.1090480453356193 10.2272909677069901 -0.229045674204826355 -2.67960023880004883 48
19.1388836047530368 10.1704124956937889 -0.267462581396102905 -2.76080012321472168 53
19.2018371525498779 10.0539470530000905 -0.115261293947696686 -2.84200000762939453 53
19.1680925164226998 10.2626789759134027 -0.569348931312561035 -2.67960023880004883 57.5
19.2140427218837857 10.1892964726428357 -0.247628942131996155 -2.76080012321472168 66.5
19.2151741356698125 10.1892964726428357 -0.133454218506813049 -2.84200000762939453 66
19.2686252951189267 10.0887352644572417 -0.00296452362090349197 -2.92320013046264648 55
19.2635585761018433 10.2407957904620606 -0.609983384609222412 -2.67960023880004883 60
19.242323107579935 10.2980678840971347 -0.116058953106403351 -2.76080012321472168 69.5
19.2792458018864714 10.2244323351377542 0.319900482892990112 -2.84200000762939453 69
19.2807905464961031 10.2244323351377542 0.206824108958244324 -2.92320013046264648 59
19.2959232274485366 10.2759878853322721 -1.2967231273651123 -2.67960023880004883 56.5
19.2402156225883409 10.421028460012062 0.909020602703094482 -2.76080012321472168 59.5
19.2157771493271596 10.2595681976326727 2.25947308540344238 -2.84200000762939453 63.5
19.3470946795870447 10.2458851245496749 0.567305028438568115 -2.92320013046264648 58
19.0253477229779833 10.3688448004872811 -3.66385626792907715 -2.67960023880004883 49.5
19.1200804615726483 10.1931016682756308 -3.66385626792907715 -2.76080012321472168 57.5
18.534475493020178 -11.7171241429235238 -1.44321262836456299 -3.65400028228759766 46
19.439654395446432 10.4042337086710148 -0.233008399605751038 -2.76080012321472168 53
20.1048638283200631 -9.05135268352337974 -0.264575451612472534 -3.00440025329589844 46.5
16.4449575529220304 -14.8636406062176096 -1.21475589275360107 -4.54720020294189453 46.5
19.6466229502298191 10.3322571682746389 1.85212039947509766 -3.08560013771057129 45
17.0122811230929898 -14.5855464566605875 -0.851374030113220215 -4.38479995727539062 47
20.8081418565592458 -8.54723409741472651 -0.464762568473815918 -2.84200000762939453 46
20.3293964763756314 -10.1263919987004929 -0.7729606032371521 -3.16680002212524414 45
21.2291395596225563 -8.68663302650167246 -0.754030585289001465 -2.84200000762939453 47
21.1398592147817439 -8.93326572385364948 -0.0751027762889862061 -2.92320013046264648 47.5
21.3608309119437969 -8.59417885072075549 -0.0753482133150100708 -2.84200000762939453 45
22.9159429078701677 -4.67848633734617092 -0.728951692581176758 -2.27360010147094727 45
22.8821040059142007 -4.77205606409309535 -1.09400284290313721 -2.35480022430419922 46.5
22.8907054842082864 -5.09536058862935626 -1.06233656406402588 -2.35480022430419922 48
22.8900196368379625 -5.130561698049938 -0.89443671703338623 -2.43600010871887207 45
19.3922258637283491 -13.4412285157255642 -1.18978965282440186 -3.81640005111694336 47.5
18.6198878598462727 -14.6329777094386024 -0.930456280708312988 -4.14120006561279297 48
22.6056181077167118 -8.06139131714062707 0.00327196111902594566 -2.67960023880004883 45
22.6042678989230978 -8.06139131714062707 -0.247068911790847778 -2.76080012321472168 45
22.6571653978836309 -10.1253237356317936 -0.641382217407226562 -2.92320013046264648 45.5
22.7022690572369328 -10.0415664620833684 -0.233560055494308472 -3.00440025329589844 45
20.582841254170571 -14.5105048101640914 -0.912088096141815186 -3.89760017395019531 45
20.4881667287628098 -14.7968844662563423 -0.336008638143539429 -3.89760017395019531 45
25.2729973772511798 -3.91490512045240679 0.172619357705116272 -2.19239997863769531 46.5
25.4157759092435356 -3.97644139934527141 -0.0438451245427131653 -2.19239997863769531 46.5
25.3934611764052534 -4.11466854580593999 -0.131538763642311096 -2.27360010147094727 47
25.4727128427078675 -4.0686335623169505 -0.476651996374130249 -2.19239997863769531 46
25.5108143510467151 -3.83328471124790315 -0.379922389984130859 -2.27360010147094727 47.5
22.8986642227886676 -11.8480414750513408 -0.956656217575073242 -3.16680002212524414 45.5
22.8986642227886676 -11.8480414750513408 -0.956656217575073242 -3.24800014495849609 46.5
25.5542083542526193 -4.05459447384129135 -0.241674453020095825 -2.27360010147094727 46
25.5667423496727544 -4.40034491872081546 -0.617389321327209473 -2.27360010147094727 46.5
21.5750655093280024 -14.290582208402828 -1.92311501502990723 -3.65400028228759766 45
23.9054251934242821 -10.2863063083542592 -0.152589783072471619 -2.92320013046264648 45
23.9225191735784541 -10.4366228399080896 0.00533795729279518127 -2.92320013046264648 45.5
15.9351601347618974 -21.7785789459198824 -0.874217391014099121 4.46600008010864258 49.5
15.8956558811167508 -21.8089441218320879 -0.835577607154846191 4.38479995727539062 46
15.7947846634110025 -21.9608721604976793 -1.14042365550994873 4.46600008010864258 49.5
17.714012323955636 -20.6400804916733662 -1.18382942676544189 4.95320034027099609 45.5
16.1282203062130591 -21.9192415704386825 -0.792449951171875 4.54720020294189453 48.5
16.134530271540779 -21.9192415704386825 -0.651435256004333496 4.46600008010864258 49.5
16.1726511165297744 -21.9796257694396857 -0.794633030891418457 4.54720020294189453 46
16.02946042957592 -22.0956132405185208 -0.361067861318588257 4.46600008010864258 47
26.7914629612362063 -6.31150480902281785 -0.0900742486119270325 -2.35480022430419922 48.5
26.7521771476105634 -6.47660139258308742 -0.0187665894627571106 -2.43600010871887207 46
25.4037706389468312 -11.3489277748406376 -0.284548312425613403 -3.00440025329589844 45
18.4659735565716616 -20.7889825875527485 -1.02795064449310303 5.1156001091003418 48.5
15.4176165519333228 -23.0803255420931848 1.95611310005187988 4.22240018844604492 47
14.9624153929182366 -23.4593185345740771 0.130893707275390625 3.97880029678344727 51.5
14.9296526633852036 -23.4767035342291628 -0.424915432929992676 3.89760017395019531 48.5
15.7538852161741687 -23.0135415295292347 0.775973379611968994 4.30360031127929688 48.5
15.6606473996879636 -23.0553779934520264 1.2663872241973877 4.22240018844604492 54
15.5341598534054945 -23.142537293291177 1.23408496379852295 4.14120006561279297 53
14.9698947230248329 -23.539983700557702 -0.426060795783996582 3.97880029678344727 50
14.7880586983165685 -23.6515476043518156 -0.572501540184020996 3.89760017395019531 48
15.7273893685317123 -23.117353866934284 -0.915315747261047363 4.30360031127929688 49.5
15.604448417024475 -23.2047474623786165 0.800934135913848877 4.22240018844604492 53.5
15.756691983926121 -23.0754049411210076 1.36123919486999512 4.14120006561279297 49
17.5815517599163407 -21.8543975138068909 0.277287274599075317 4.79080009460449219 46.5
16.8337285358263138 -22.432741634060001 0.447473287582397461 4.62840032577514648 47
16.8389624286101842 -22.432741634060001 0.154900476336479187 4.54720020294189453 46.5
15.666713780539169 -23.2669592135766088 0.0726699456572532654 4.22240018844604492 48
15.7961825080866003 -23.179331316568561 -0.0420731641352176666 4.06000041961669922 46
24.6738911674586561 -13.4956337006228448 -0.287616223096847534 -3.24800014495849609 45
18.7373181559269035 -20.9639205792227301 -0.665301382541656494 5.1156001091003418 47.5
16.9672127180239229 -22.4294620513997458 -0.220506742596626282 4.62840032577514648 48.5
16.8000066535861876 -22.555983617343081 -0.0556067414581775665 4.54720020294189453 47.5
16.2513447414250614 -22.9425772910588428 0.740062296390533447 4.30360031127929688 46.5
24.7670217724380279 -13.4681920297711226 -0.665153145790100098 -3.24800014495849609 45
15.9723271683889134 -23.2292835845764607 -0.724734663963317871 4.38479995727539062 48
16.1485429679798251 -23.1165200720299779 0.301840245723724365 4.30360031127929688 49.5
18.8868807167883865 -20.9979967634696862 -1.35850763320922852 5.19680023193359375 46
17.0927983551980205 -22.4996202910609036 1.03879928588867188 4.62840032577514648 47.5
16.1521540736602844 -23.1780008023491746 -1.16785621643066406 4.38479995727539062 47.5
17.2067764526817761 -22.5203314274202278 0.695744574069976807 4.62840032577514648 48
27.5371742327950955 -7.04711982130240955 0.151156723499298096 -2.43600010871887207 45
16.6481016926117356 -23.1775409439695856 1.47409975528717041 4.38479995727539062 49
16.7126945618292275 -23.1775409439695856 0.134421825408935547 4.30360031127929688 50
20.0050278835979007 -20.5067650610539083 0.306656837463378906 -4.95320034027099609 48
17.2824636132921761 -22.7586427187708971 2.04528641700744629 4.70960044860839844 49.5
17.2582307185198118 -22.8481450104130701 0.96863853931427002 4.62840032577514648 49.5
17.1092405430535912 -22.9770283103777899 0.390640765428543091 4.54720020294189453 50
19.9321022476727414 -20.6753097017893985 0.607052206993103027 -4.95320034027099609 50
17.6254887066291133 -22.6674619386805638 0.808705031871795654 4.70960044860839844 49
17.23421965874401 -22.9725663353215523 0.607052206993103027 4.62840032577514648 52
17.2424720150065269 -22.9725663353215523 -0.289834827184677124 4.54720020294189453 51
16.9736568243471417 -23.1699868272657241 0.415161967277526855 4.46600008010864258 48
19.9910346383997783 -20.7292927820696704 0.308262377977371216 -4.95320034027099609 48.5
17.4894602310905469 -22.8777976068779303 0.406431347131729126 4.62840032577514648 45.5
20.7501472334778754 -20.1752405324101218 -0.702574610710144043 -4.70960044860839844 45.5
20.6243453514093744 -20.3090909716604671 -0.5289267897605896 -4.79080009460449219 46.5
18.5271283147498842 -22.2264080744356782 0.91368335485458374 4.95320034027099609 47
17.2928061317439266 -23.2176248407760717 -0.057237870991230011 4.62840032577514648 46.5
17.369832114187826 -23.1525084108704995 -0.594047248363494873 4.54720020294189453 47
18.7358906918186534 -22.1679275786787251 0.00791532546281814575 4.95320034027099609 48.5
17.201276737889593 -23.3684485257570422 -0.69450533390045166 4.54720020294189453 45.5
17.5125808946139792 -23.1561069396774961 1.97845304012298584 4.70960044860839844 47.5
17.6019807343731678 -23.2668279694263909 -0.0755835920572280884 4.62840032577514648 46.5
18.2760542512967419 -22.657763129069469 2.85906171798706055 4.95320034027099609 45
18.4966360184526906 -22.6139023196568481 1.4312446117401123 4.87200021743774414 47.5
17.7674756375262213 -23.2352637863356364 -0.0438730865716934204 4.62840032577514648 46
18.6832509170248251 -22.580274814145362 1.01144075393676758 5.03439998626708984 45
18.6262914989956663 -22.580274814145362 1.774283766746521 4.95320034027099609 53
18.7271410963454983 -22.5143149071907018 1.5347524881362915 4.87200021743774414 50
18.0082230465542139 -23.1409340232599732 -0.395848095417022705 4.70960044860839844 48
17.6924791162743169 -23.3864514547023212 -0.0759721919894218445 4.62840032577514648 49
18.797630449029203 -22.5718968594896552 1.23234689235687256 4.95320034027099609 50
18.0573705455448206 -23.2001185982547504 0.214470192790031433 4.70960044860839844 49.5
17.7337608422772455 -23.446263957887858 0.382829636335372925 4.62840032577514648 48.5
18.1215175461820159 -23.2372025691511723 0.647011041641235352 4.70960044860839844 47
23.9730751998632172 -17.2183850121392581 -1.42177927494049072 -3.89760017395019531 47
29.4930123432531701 -2.72461848331449374 -0.615976691246032715 -2.11120009422302246 45
20.0828841937551843 -22.0818545486049231 -0.303221344947814941 5.19680023193359375 47
29.7649511430202907 -2.99153204849905086 -0.777226150035858154 -2.11120009422302246 47.5
29.84550034503674 -3.04026635689287472 0.055223558098077774 -2.11120009422302246 49
29.7715159928195732 -3.67756016783219497 -0.364053994417190552 -2.19239997863769531 49
29.8312456044483731 -3.78070790106395727 -0.555632114410400391 -2.11120009422302246 46.5
29.7148871859647414 -4.60374471054010659 -0.580233097076416016 -2.19239997863769531 45.5
29.9600309956316337 -3.37570778489578949 -0.154164955019950867 -2.11120009422302246 50.5
29.6483458606661863 -5.44408230934644699 -0.600175678730010986 -2.27360010147094727 45
30.0533269337938407 -3.10839103249355242 -0.828275680541992188 -2.11120009422302246 48
29.789107881126462 -5.0761574090781707 -0.626391589641571045 -2.27360010147094727 47
30.2836059893987155 -2.10658406237423712 -1.05179500579833984 -2.11120009422302246 46
30.3892322141487199 -1.87967927901939302 -0.404805660247802734 -2.03000020980834961 46
30.4001018915158596 -1.73889358403211047 -0.112103991210460663 -2.11120009422302246 48
18.4447415559146819 -24.1885044063285015 1.38213229179382324 4.62840032577514648 49
30.186472773631909 -4.39417825457901046 1.11522221565246582 -2.19239997863769531 46
18.4123485943901422 -24.3434423791000434 -0.39747774600982666 4.70960044860839844 47
18.5650614374915008 -24.2023099177984591 1.16721427440643311 4.62840032577514648 51.5
30.3158755735159318 -4.16025378517317357 0.00208520633168518543 -2.19239997863769531 45.5
30.1030068875937111 -5.88769494949568895 -0.315784960985183716 -2.27360010147094727 45.5
30.2054222594680368 -5.73686264537281865 -0.532470583915710449 -2.27360010147094727 46
28.5772603600484061 -11.3123400053433212 0.966301262378692627 -2.76080012321472168 45
28.5369208753883292 -11.4545127567691711 0.0293497983366250992 -2.84200000762939453 46.5
28.5971850038665103 -11.5055614364478576 0.0609459690749645233 -2.84200000762939453 46.5
20.5985569864861198 -22.8454920922571958 1.99088776111602783 -5.1156001091003418 48
20.6056436188927989 -22.8917146356912014 1.24798321723937988 5.19680023193359375 49.5
30.3877705923245891 -5.60267473965326257 0.0589872598648071289 -2.27360010147094727 45.5
20.5288433797939902 -23.0864178279716441 0.627742111682891846 5.19680023193359375 46
19.9196110056709585 -23.768846728499291 1.53412389755249023 4.95320034027099609 46.5
19.5521022072507336 -23.9628464569395412 2.75679302215576172 4.87200021743774414 46
21.5144104118977921 -22.5814931346083974 -0.803960800170898438 -5.03439998626708984 47.5
23.8237597971617312 -20.2596449258796518 -0.317696750164031982 -4.30360031127929688 48
23.845800012693644 -20.2244719312166659 -0.688654243946075439 -4.38479995727539062 46.5
21.9834557458395246 -22.2254245164887294 0.940175354480743408 -4.87200021743774414 45
21.8405119533269492 -22.3856570477312147 0.00852891616523265839 -4.95320034027099609 50
24.1954691559027708 -19.9321501577074045 0.333418875932693481 -4.22240018844604492 46.5
24.0918527916521796 -20.057509592661539 -0.318458616733551025 -4.30360031127929688 49.5
21.8796189250661257 -22.396246551024614 1.58523404598236084 -4.87200021743774414 48
21.9171749013225075 -22.396246551024614 0.931746244430541992 -4.95320034027099609 51
22.1608274006888095 -22.2417033491574294 1.31722795963287354 -4.95320034027099609 45.5
31.4256534790007791 -2.903960342633225 0.987922430038452148 -2.11120009422302246 50
31.4128691095626706 -2.86055876142539178 1.42459678649902344 -2.19239997863769531 48.5
23.2836980568902945 -21.2825571850049151 -1.37943422794342041 -4.54720020294189453 48
23.1085689866777635 -21.5153474842105652 -0.254014432430267334 -4.62840032577514648 47
20.6201546978499906 -23.8827064591833071 1.18585324287414551 5.03439998626708984 45
31.5272941266217472 -2.78429912933560075 0.00215675774961709976 -2.03000020980834961 54
31.468753140729298 -2.70124475189803359 2.03555727005004883 -2.19239997863769531 51
23.3982161394963128 -21.2619206240173177 -1.47540116310119629 -4.54720020294189453 48
31.6098225380184736 -2.68385965476129318 -0.302803337574005127 -2.03000020980834961 57.5
31.5999986473865633 -2.76314649832883497 -0.529887259006500244 -2.11120009422302246 59
31.6254093132715965 -2.69020454110673457 -1.9586559534072876 -2.11120009422302246 61
31.6035829042686061 -2.79749482561173002 -2.15120697021484375 -2.19239997863769531 57
24.9838649304979015 -19.6659117783415489 -0.546316444873809814 -4.14120006561279297 47
31.7000642238168027 -2.67663399593480378 -1.98930323123931885 -2.03000020980834961 53
31.9565184711911101 -1.92087849131053234 -0.831768333911895752 -2.03000020980834961 48
31.9765451557748328 -1.74079613275016998 0.266366362571716309 -2.11120009422302246 48
32.0404805860796955 -1.92537708133388819 -0.332643389701843262 -2.11120009422302246 48
24.3966048720229054 -20.7940724784059938 1.6799849271774292 -4.38479995727539062 49.5
24.1963636920185046 -21.050789422583847 1.34552168846130371 -4.46600008010864258 49
22.9710564750209763 -22.4186093907814623 -0.382975608110427856 -4.79080009460449219 46.5
32.1379400788571203 -1.54390053708579522 0.0021925333421677351 -2.03000020980834961 45.5
24.231928249612551 -21.0999740068392043 1.68391013145446777 -4.38479995727539062 54
24.1111142124782809 -21.2487352565063254 1.54150640964508057 -4.46600008010864258 53
23.8918888496458202 -21.5422371815252376 0.58346259593963623 -4.54720020294189453 46.5
24.0647778255625688 -21.4433421402498006 1.06398224830627441 -4.38479995727539062 50
24.0647778255625688 -21.4433421402498006 1.06398224830627441 -4.46600008010864258 53
24.1634735744326647 -21.3224437632140003 1.24196064472198486 -4.54720020294189453 47
22.3570821725182967 -23.2124883908736805 1.18483734130859375 -4.95320034027099609 50
22.3367327620169576 -23.2124883908736805 1.52094113826751709 -5.03439998626708984 49
24.2504937779586598 -21.347795438376501 1.04443049430847168 -4.38479995727539062 49
24.2852939645515633 -21.3275988485577876 0.513467192649841309 -4.46600008010864258 51
25.9242145977996401 -19.4337121261951857 -0.161251306533813477 -3.97880029678344727 48
25.7828483163168407 -19.6199518674045557 0.249606356024742126 -4.06000041961669922 45
25.9570653450756659 -19.5152205852282989 -0.112916044890880585 -3.97880029678344727 49
25.873346086449537 -19.6085560132716026 -0.836815059185028076 -4.06000041961669922 47
24.8083615487508311 -20.9517745646774181 -0.44058305025100708 -4.30360031127929688 48
23.9792944306027422 -21.7430966720010872 2.61858344078063965 -4.54720020294189453 46
32.5422913829572451 -2.08732453747391222 -1.016326904296875 -2.03000020980834961 46.5
32.5044758457256435 -2.6091556718423905 1.0207749605178833 -2.11120009422302246 49.5
32.4536446991596108 -3.23698375537946559 0.820669949054718018 -2.19239997863769531 47.5
26.314329134789407 -19.1569101593553022 -2.22698783874511719 -3.97880029678344727 46
32.6239202211051094 -2.22288072309250184 -0.169433489441871643 -2.11120009422302246 51.5
32.5512236206729142 -2.96247890485673526 0.965183019638061523 -2.19239997863769531 47
32.6960314613180429 -2.2730301736048335 0.060331735759973526 -2.19239997863769531 46.5
26.0509446831419496 -19.8470346329531964 -1.28227627277374268 -4.06000041961669922 46.5
32.7780897778236451 -2.02783143090045659 -0.779311418533325195 -2.03000020980834961 48.5
32.7647996693132271 -2.36443502874223244 0.00223853043280541897 -2.11120009422302246 53
26.5699541483368762 -19.2890281251037337 -1.04572069644927979 -3.89760017395019531 48.5
25.9574939198596937 -20.0976977443089773 -1.18897199630737305 -4.06000041961669922 49.5
25.9250742011791715 -20.1428518854828766 -1.13078093528747559 -4.14120006561279297 47.5
32.8732901527312436 -1.78971788454003988 0.446685254573822021 -2.03000020980834961 45.5
32.858762374641671 -1.88023235226390395 0.906755208969116211 -2.11120009422302246 51.5
26.594886861366696 -19.3330674470198787 -1.73212909698486328 -3.89760017395019531 48.5
26.7909275752558003 -19.0903241017604266 -1.36439990997314453 -3.97880029678344727 48
26.5808969788301539 -19.5296801552156865 -1.02351057529449463 -3.89760017395019531 48.5
26.6702400249260982 -19.3977228568696347 -1.19440102577209473 -3.97880029678344727 49.5
33.0523992239334774 -2.19547714015806283 -1.28113663196563721 -2.11120009422302246 46.5
25.8836438074714579 -20.926442578425533 -1.0055842399597168 -4.22240018844604492 49.5
25.739547614164529 -21.1261779619539496 -0.22475847601890564 -4.30360031127929688 47
25.9577100851731366 -20.9527196566975391 -1.03514134883880615 -4.22240018844604492 48
26.0451333914873544 -20.8660481798404582 2.27192568778991699 -4.06000041961669922 45.5
26.4090998827452808 -20.6070168400669154 1.3550114631652832 -4.06000041961669922 48.5
26.2970482208618606 -20.8252623212216044 1.93232202529907227 -4.14120006561279297 48
26.1336988273849329 -21.1149685914160194 0.384836047887802124 -4.22240018844604492 47
27.3672524236771224 -19.6219676945709161 0.133158951997756958 -3.81640005111694336 46
27.5928455384348688 -19.4337112109640096 -0.16797010600566864 -3.81640005111694336 48.5
25.5996593199912148 -21.9767945139612557 0.860471904277801514 -4.30360031127929688 47.5
25.9867845105344379 -21.640997416875809 -0.696387052536010742 -4.22240018844604492 47.5
28.368565581806287 -18.6589787983904358 -1.16950631141662598 -3.65400028228759766 45
28.2790365388269436 -18.7481343284851363 -1.76192307472229004 -3.73520016670227051 46
27.767359719554964 -19.7860971781381281 -1.41412734985351562 -3.81640005111694336 49.5
27.6932140502201207 -19.8330038740345778 -2.06237983703613281 -3.89760017395019531 48.5
33.5886597216739275 -6.42752018464209218 0.359069973230361938 -2.27360010147094727 47
27.6777218949775872 -20.0817269598624932 -0.554908156394958496 -3.81640005111694336 48.5
27.7839729955754109 -19.9278767426769114 -0.755392193794250488 -3.89760017395019531 51.5
33.7360416423037819 -6.0304488028823835 0.537435591220855713 -2.27360010147094727 45.5
24.4075144768218451 -24.0973161649590359 1.87491214275360107 -4.79080009460449219 47.5
24.3791331073338853 -24.1745786678035763 1.08177030086517334 -4.87200021743774414 47.5
33.443057939358674 -8.77056826961179326 0.264004826545715332 -2.43600010871887207 46.5
28.329718839272978 -20.5398947678018793 -1.51345419883728027 -3.89760017395019531 47
28.2656879737207731 -20.6055454009825816 -1.79252851009368896 -3.97880029678344727 46
28.6764381430266262 -20.2110609773354604 -1.08864319324493408 -3.81640005111694336 49
28.5770008013633294 -20.3514155674558452 -1.08864319324493408 -3.89760017395019531 50.5
28.7561918424003693 -20.2542474415596772 -0.357313632965087891 -3.81640005111694336 51
28.7014020611134413 -20.3333655956282691 -0.254198729991912842 -3.89760017395019531 49.5
28.3758284327071557 -20.8612492567076657 1.47755873203277588 -3.89760017395019531 46
28.5640140183805116 -20.7423100688057787 -1.30743324756622314 -3.81640005111694336 45
28.5839204495759418 -20.7423100688057787 -0.756163239479064941 -3.89760017395019531 47
28.6947664109824245 -20.6271009169900701 -2.07198047637939453 -3.81640005111694336 46
27.6463356294231524 -22.0824550241506401 -1.09794771671295166 -4.14120006561279297 47
27.7670747356856147 -21.918782981704009 -1.31020915508270264 -4.22240018844604492 47.5
27.724404220968804 -22.1292403603935384 -0.360361069440841675 -4.22240018844604492 49.5
27.6655495265016853 -22.3181797075123143 0.564694821834564209 -4.22240018844604492 48.5
28.9412930071421215 -20.7483737270158386 -2.52915024757385254 -3.81640005111694336 48
28.9240200413992952 -20.8019064048752647 -2.27417087554931641 -3.89760017395019531 48
29.7254856710568554 -19.8844661941103134 -0.924287915229797363 -3.73520016670227051 49
27.6898839359309044 -22.6024867530174802 1.4995650053024292 -4.22240018844604492 46.5
29.8693789880076928 -19.7827995086984956 -1.2975538969039917 -3.65400028228759766 51
29.8768681815569188 -19.7827995086984956 -1.11190474033355713 -3.73520016670227051 50
30.0443368023490578 -19.6176845938205204 -1.757865309715271 -3.65400028228759766 48.5
30.1016878658421412 -19.5368794856537527 -1.67468523979187012 -3.73520016670227051 45
30.2833988594952856 -19.4337112109640131 -1.11655700206756592 -3.65400028228759766 47
30.2273714816813772 -19.6184518435532809 -1.68167757987976074 -3.65400028228759766 46.5
30.2871952381493763 -19.8177194476623235 1.48141205310821533 -3.65400028228759766 46
29.6016088117687914 -20.8588513510342608 0.95073091983795166 -3.81640005111694336 48
29.2265418737172133 -21.1078176757536404 3.53838419914245605 -3.89760017395019531 48
29.7341410904484107 -20.8203892300426254 -0.287075817584991455 -3.81640005111694336 47.5
29.6571841848307223 -21.2278533849633746 1.97622549533843994 -3.89760017395019531 46.5
29.588191077616667 -21.4635306998683326 1.84821152687072754 -3.89760017395019531 45.5
31.2366479563729733 -19.8940451351319822 -1.09610307216644287 -3.5728001594543457 47
31.1027697212173031 -20.0653459659441538 -1.64385831356048584 -3.65400028228759766 46
37.1116238252687225 -0.988133363005396781 0.129085332155227661 -2.11120009422302246 45.5
30.1664044563969149 -22.4556654607125701 1.80381381511688232 -3.97880029678344727 47
37.7806570192012572 -1.20920879519575242 0.00257584336213767529 -2.03000020980834961 46
32.4145405460080838 -19.589239006848441 0.273711949586868286 -3.49160003662109375 48
22.973134395723033 30.0866857614243841 1.24181687831878662 -4.87200021743774414 46.5
32.47576277533976 -19.6280299737373376 -0.517444431781768799 -3.49160003662109375 49
32.0402603470184317 -20.4745908270496315 0.337012976408004761 -3.65400028228759766 46.5
31.9058632997300542 -20.8053935819862517 -0.872696459293365479 -3.65400028228759766 46
38.6964818711487197 0.0870468331818347457 -0.514482080936431885 -2.03000020980834961 45.5
33.3166704974523427 -21.6170046926895978 1.6634751558303833 -3.65400028228759766 48
26.7063638872584441 29.6311249403831027 0.881292164325714111 -4.46600008010864258 46
26.5717044983993773 29.8366808724111898 1.31067013740539551 -4.38479995727539062 46
26.8853924302992837 29.5719321554786951 0.823004305362701416 -4.46600008010864258 48
33.975177896374845 -21.1395608058443862 1.67602980136871338 -3.5728001594543457 47
26.668682831349539 29.612698519673561 4.67815208435058594 -4.38479995727539062 45
26.7887245466382815 29.6680499210859345 4.26745462417602539 -4.38479995727539062 45.5
26.7062639257760139 29.8539147783633112 3.39989876747131348 -4.46600008010864258 47
33.7192957565951588 -21.9025131316479253 2.31619834899902344 -3.65400028228759766 48
33.9188323459457735 -21.8525422122297535 -0.319104939699172974 -3.5728001594543457 48
33.9163488585348745 -21.8525422122297535 0.519911825656890869 -3.65400028228759766 52
33.6816194074059183 -22.0340584834896198 2.85857868194580078 -3.73520016670227051 45
33.9246336120210401 -21.9840875640714444 0.00826769880950450897 -3.5728001594543457 47
33.9139438460723568 -21.9840875640714444 0.851555287837982178 -3.65400028228759766 52
33.6900233140414258 -22.1457352667484422 2.95460605621337891 -3.73520016670227051 47.5
34.3192129412990496 -21.7813523273271059 0.432327836751937866 -3.5728001594543457 47.5
34.2435425879384709 -21.7813523273271059 -2.31839704513549805 -3.65400028228759766 46
34.3317358410829314 -21.8215397315357507 1.91785645484924316 -3.5728001594543457 46
34.9441675719146048 -21.2021545640469853 0.373415708541870117 -3.5728001594543457 46
35.0886517522078663 -22.3505954262149693 1.37044262886047363 -3.5728001594543457 46.5
34.9145836955394699 -22.6366747253636333 1.09245467185974121 -3.65400028228759766 46.5
30.3423104383577495 29.4762343627625256 4.34414577484130859 -3.97880029678344727 46.5
29.9765349821184053 29.9279163387558178 3.75539517402648926 -4.06000041961669922 48.5
29.9470134604048681 30.1564142795524326 1.46382045745849609 -4.14120006561279297 45
30.1628113617221949 29.88488079710541 3.44368672370910645 -3.97880029678344727 46.5
30.2314366111097002 29.88488079710541 2.77748012542724609 -4.06000041961669922 48
29.9392388251712021 30.2734800664657016 1.38512372970581055 -4.14120006561279297 45
30.581517739194819 29.8565571065318203 0.958813071250915527 -3.97880029678344727 46
30.2537938687895149 30.0862640228998401 2.66218924522399902 -4.06000041961669922 48
30.4528585506425316 29.8565571065318203 2.96173501014709473 -4.14120006561279297 45.5
30.7770868794616135 29.6841790424320884 2.36665177345275879 -3.97880029678344727 47
30.7989875362030183 29.7040012807736069 3.08299422264099121 -3.97880029678344727 46
30.4597611657421652 29.9613180217007198 3.86425447463989258 -4.06000041961669922 46
31.5031786485789986 29.8667371618542923 1.12193584442138672 -3.97880029678344727 48
31.5575860657933589 29.91831837045941 1.12387347221374512 -3.97880029678344727 49
31.213894745403838 30.367395455052641 1.51480650901794434 -4.06000041961669922 50
30.9272845551272759 30.6668766725580895 1.35150063037872314 -4.14120006561279297 47
31.0882797256337753 30.0214860349950392 6.1279449462890625 -3.97880029678344727 46
31.1416097593202643 30.3705730819135837 3.62644124031066895 -4.06000041961669922 48.5
30.7272160482945651 30.9542029884805316 1.73153436183929443 -4.14120006561279297 45
31.096055476486633 30.073069867262852 6.36565494537353516 -3.97880029678344727 46
31.2303788118442505 30.3080157256008427 4.23833322525024414 -4.06000041961669922 48
31.2331525532910987 30.5241994335542373 3.34719395637512207 -4.06000041961669922 46.5
31.9002327718938972 29.9733786778303646 2.99790072441101074 -3.89760017395019531 46
32.0261591198217133 29.876332475980302 3.65136504173278809 -3.89760017395019531 47
32.0261591198217133 29.876332475980302 3.65136504173278809 -3.97880029678344727 46.5
31.7659798412571313 30.227818740403599 2.96715164184570312 -4.06000041961669922 45
32.3365135363360992 29.9783005165097016 0.679465711116790771 -3.97880029678344727 45
32.247086572942294 30.1452064072288621 1.68013274669647217 -3.89760017395019531 47.5
32.2499875985145721 30.0679251602592217 2.69982457160949707 -3.97880029678344727 47
32.4689435148219374 29.9641472901264727 2.44540190696716309 -3.89760017395019531 46.5
32.1090236787963406 30.4341514458121587 0.914034485816955566 -3.97880029678344727 47
32.4956726353116281 29.8764636791357887 4.01668787002563477 -3.97880029678344727 45
32.5300070188517338 30.4345096653865603 0.492031276226043701 -3.97880029678344727 47
33.1837965920903386 29.9783562140467765 2.22139930725097656 -3.89760017395019531 45.5
33.1410455600359128 30.129451585401462 2.32589554786682129 -3.89760017395019531 48.5
32.9902428029880284 30.2808843510079058 3.60110592842102051 -3.89760017395019531 46
29.8508311376924347 33.5872560946435357 2.41332674026489258 -4.38479995727539062 46
30.0407962722304518 33.418560684826133 2.39801168441772461 -4.46600008010864258 46.5
40.3120159694986384 -20.4972524595151171 0.323744624853134155 -3.16680002212524414 46.5
40.4413073484060632 -20.4234846682315236 2.50448393821716309 -3.08560013771057129 47
40.4445874582677902 -20.5028652305178198 1.66085469722747803 -3.16680002212524414 49
40.4635260102199652 -20.667381089888444 1.1246945858001709 -3.16680002212524414 45.5
45.6619622375916094 1.77795589980323232 2.21057581901550293 -2.03000020980834961 48
45.6475732545836053 1.70935309981082462 2.53764152526855469 -2.11120009422302246 45.5
45.703273911610097 1.95265877311334379 2.70711159706115723 -2.03000020980834961 49
45.6768942195012215 1.71215534651287338 3.25892019271850586 -2.11120009422302246 47
33.9241422892201072 30.7844386048602239 1.18394255638122559 -3.81640005111694336 46
34.08288154073405 30.6512822011389474 2.38034772872924805 -3.81640005111694336 48
34.1337569381439607 30.5881901157698337 2.4615933895111084 -3.89760017395019531 45
35.3021452795623816 29.9034559071293522 2.8043668270111084 -3.65400028228759766 45
35.3113618495955492 29.9729584194062362 1.74706470966339111 -3.73520016670227051 47.5
41.0338465779404231 -21.7024690883131228 0.712122678756713867 -3.24800014495849609 45
35.2620576528210066 30.1954962856642126 0.316507190465927124 -3.65400028228759766 46.5
35.3795751524132527 30.0214588430955409 1.50949227809906006 -3.73520016670227051 49.5
35.4256363521757507 30.0699567999508268 1.75271844863891602 -3.73520016670227051 46
35.5572849038685277 29.9845974137572853 2.41535282135009766 -3.73520016670227051 45
35.2724828457360928 30.4744903798886249 4.17105913162231445 -3.81640005111694336 45.5
45.5976034594055761 -10.8187646504420236 -1.03854656219482422 -2.35480022430419922 46.5
35.0126008051319531 30.956779197393665 3.61404824256896973 -3.81640005111694336 45.5
37.2720467137212523 30.2002271441987027 1.65555524826049805 -3.5728001594543457 45.5
36.5419607380110207 31.0884558300901581 3.06575918197631836 -3.65400028228759766 47
36.6941623175433307 31.1369562537794629 1.56557989120483398 -3.65400028228759766 46
37.7677162696259003 30.1762372877368357 -1.77066183090209961 -3.49160003662109375 45
37.5980483772036607 30.4361688188611694 0.408953607082366943 -3.5728001594543457 46
37.3351065552696966 30.7376349720974744 -2.94791173934936523 -3.5728001594543457 45.5
48.6707974305978865 -0.389274054527017799 0.507725894451141357 -2.03000020980834961 46.5
38.4813711620438568 29.7794651713168612 -1.27416372299194336 -3.49160003662109375 45
38.1986464755486779 30.5037298822350422 1.26338887214660645 -3.49160003662109375 47.5
42.0953468569371978 -24.9569313022742527 -1.91940975189208984 -3.4104001522064209 48.5
41.828269998887734 -25.3302448896795305 -2.70651960372924805 -3.49160003662109375 47
38.2748756871446645 30.550515218477944 0.500837266445159912 -3.5728001594543457 48.5
42.4105507492762968 -24.5844896884986603 -1.68842637538909912 -3.4104001522064209 48.5
45.0514240303589517 -20.2144629316470699 2.13905668258666992 -2.92320013046264648 47
44.2376991280562706 -22.0240680764599581 0.892904996871948242 -3.08560013771057129 46.5
44.1256116340069582 -22.2464086403277541 0.926601111888885498 -3.16680002212524414 45.5
44.3972571950002433 -21.8286253945522724 1.62634217739105225 -3.08560013771057129 45.5
44.1099452349306986 -22.3667637933411783 2.07149744033813477 -3.16680002212524414 46.5
39.1599589336024962 30.3982291633048689 -0.354882687330245972 -3.49160003662109375 46.5
44.5557496008493601 -21.7086444552546816 2.93983268737792969 -3.08560013771057129 45.5
39.4231825361475856 30.1774354473731847 0.5077400803565979 -3.49160003662109375 45
39.1879746141666772 30.2891118121044194 3.46341061592102051 -3.5728001594543457 45
44.541362624356168 -21.7041556148267354 4.19195795059204102 -3.08560013771057129 46.5
43.9068625480313557 -23.497997439986122 0.268219083547592163 -3.24800014495849609 47
43.6255224478496686 -24.0082823420197187 0.67562413215637207 -3.32920026779174805 45
39.2756711401653362 30.5361952960836653 2.23669290542602539 -3.4104001522064209 46.5
39.2756711401653362 30.5361952960836653 2.23669290542602539 -3.49160003662109375 47.5
44.4121918029574658 -22.679553210007974 -0.843239128589630127 -3.16680002212524414 45.5
44.0611216689864165 -23.3339508706429939 -1.28857755661010742 -3.24800014495849609 50.5
43.814261045360908 -23.8200748471147215 -0.656242668628692627 -3.32920026779174805 49
44.4346589737392321 -22.8135240951107399 0.326921582221984863 -3.16680002212524414 45.5
44.3335681626111864 -23.0070177331267267 -0.463130921125411987 -3.24800014495849609 46.5
44.6237323397744987 -22.603985993202059 0.532034397125244141 -3.16680002212524414 46.5
44.6205402142100809 -22.7818662822025892 -0.0648981109261512756 -3.16680002212524414 48
39.8517260010744607 30.2506122219299058 2.59815740585327148 -3.49160003662109375 45
44.8126148733867851 -22.4711296632747164 2.09974527359008789 -3.08560013771057129 45.5
44.7536822735628874 -22.6717647495539545 0.793585002422332764 -3.16680002212524414 50.5
44.6862031149401915 -22.8159712178171574 -0.324971377849578857 -3.24800014495849609 47.5
40.0143221506091038 30.2269297172565317 1.64851951599121094 -3.4104001522064209 47
39.7582890500453914 30.496533114444258 2.60204696655273438 -3.49160003662109375 47
44.8796000273557638 -22.5047191354491041 2.10288381576538086 -3.16680002212524414 46
44.7873328438309315 -22.7747255313264247 -0.685153722763061523 -3.24800014495849609 46.5
45.2609656329127574 -22.6726647878895342 0.534963846206665039 -3.16680002212524414 49.5
44.952737987609531 -23.248337917269545 1.28725707530975342 -3.24800014495849609 47.5
40.1115765777923841 30.8839144794856928 0.369304537773132324 -3.4104001522064209 45
40.277206833362726 30.656175659071625 -0.914588510990142822 -3.49160003662109375 45.5
45.2639029919039544 -22.8202906503850222 0.95050424337387085 -3.16680002212524414 47
40.4668883508899881 30.5432041159095498 -0.183198809623718262 -3.4104001522064209 46
40.5151361637796015 30.4671787167411381 -0.87447047233581543 -3.49160003662109375 46
40.6124435215634634 30.6787522565507906 1.67316114902496338 -3.4104001522064209 45
41.0587129504743586 30.4755389621503241 1.32152020931243896 -3.4104001522064209 45
40.9874569660445971 30.7250586809218049 -0.01047488022595644 -3.4104001522064209 48
41.0764903322421375 30.590636549192773 0.967325270175933838 -3.49160003662109375 46.5
41.1614337523871257 30.5969630803863666 -1.11910569667816162 -3.4104001522064209 47.5
41.0394464783293955 30.7700445811553642 -0.811382889747619629 -3.49160003662109375 46
45.4090707804192704 -24.31193332843878 -1.33120715618133545 -3.24800014495849609 46.5
41.1815044406061901 30.9629468687664442 0.453149318695068359 -3.4104001522064209 47
40.7893597497625535 31.3170666603618137 3.20863866806030273 -3.49160003662109375 45
41.2090873183264037 31.0080171175629395 -1.69533669948577881 -3.32920026779174805 46.5
41.1182182750910101 31.1563191333050789 1.0658571720123291 -3.4104001522064209 50.5
41.1096977110734514 31.0853920822979681 2.50026822090148926 -3.49160003662109375 46
41.4484818641650463 30.8593687926454017 0.169105604290962219 -3.32920026779174805 45
41.3679284721388996 30.8593687926454017 2.58835387229919434 -3.4104001522064209 49.5
41.4973271267063666 30.8653579324473455 1.83425498008728027 -3.32920026779174805 46
41.4156384813141685 30.8653579324473455 3.18391513824462891 -3.4104001522064209 50.5
41.5300713560693069 30.9100885117845934 2.3770592212677002 -3.4104001522064209 49.5
41.7344564119283703 30.9670803530541825 -0.822058975696563721 -3.4104001522064209 46.5
41.9421565237658456 30.8036336872372871 -1.09289276599884033 -3.32920026779174805 46.5
41.6804169457336613 31.1743699879493903 0.322920560836791992 -3.4104001522064209 48.5
41.9452933618689272 30.8480197754677334 -2.45116305351257324 -3.32920026779174805 47
45.5912611446036209 -25.4066537259012613 -0.882547974586486816 -3.24800014495849609 46.5
45.7947395704708669 -25.047894815779415 -0.533815681934356689 -3.32920026779174805 49
45.6652706055346442 -25.4431579095282849 -0.0677155479788780212 -3.32920026779174805 45.5
46.4486176778547417 -24.0012529447462946 2.64354848861694336 -3.16680002212524414 47
46.9577847260063237 -23.2691714031144627 1.37590253353118896 -3.08560013771057129 45.5
42.727494553337408 30.6347401046067311 0.0681058242917060852 -3.32920026779174805 45
44.5446357958983015 -28.1658085843286123 1.54547226428985596 -3.49160003662109375 45
44.3788137913204324 -28.3898173543560226 2.11307454109191895 -3.5728001594543457 48
44.6067760919519074 -28.0735696790232119 1.42689681053161621 -3.65400028228759766 46.5
44.6844476307280871 -28.1135040375430449 0.878294765949249268 -3.49160003662109375 56
44.6436502433421651 -28.1530912293349367 1.47929918766021729 -3.5728001594543457 62.5
44.5496351381160167 -28.2916464006065631 1.6592099666595459 -3.65400028228759766 60
44.5186891438292136 -28.351027188294406 1.46490991115570068 -3.73520016670227051 47
44.9058916374159764 -27.908970613698564 0.562345266342163086 -3.49160003662109375 58.5
44.7479204994805286 -28.153438396062878 0.879542350769042969 -3.5728001594543457 65
44.7695147458955702 -28.1204022092568842 0.836289167404174805 -3.65400028228759766 61.5
44.9516364738858414 -27.9485561923955181 1.38968110084533691 -3.49160003662109375 52
44.9653115663438712 -27.9485561923955181 0.837475299835205078 -3.65400028228759766 53
45.2127289028301433 -27.5640809999858831 2.77150440216064453 -3.5728001594543457 47.5
47.0133813950409234 -24.3849225401903844 3.83767604827880859 -3.16680002212524414 48.5
47.2473889686981821 -24.1801547652071669 3.25349283218383789 -3.16680002212524414 47
43.144603318089537 31.0879421055892138 2.76513433456420898 -3.32920026779174805 46.5
43.2373921538449579 31.1317261547540234 2.21340274810791016 -3.32920026779174805 48
46.8206119925872173 -25.623708847381927 1.67806458473205566 -3.24800014495849609 47
43.4857744696631059 30.9619815239198353 1.37965154647827148 -3.32920026779174805 47.5
45.834208987253021 -27.3319561038740595 -1.93639695644378662 -3.49160003662109375 47.5
47.0102433551474448 -25.372362412515276 2.41995692253112793 -3.24800014495849609 47
45.806740638464106 -27.6964701940157667 1.50031197071075439 -3.49160003662109375 48
45.9865683400413729 -27.5677372350717 -0.946850419044494629 -3.49160003662109375 48.5
47.0290696789075113 -26.5256681135278285 0.809915065765380859 -3.32920026779174805 46
46.7609305587549713 -27.1571404016276254 -0.103225983679294586 -3.4104001522064209 46
47.0246278405436016 -26.8497121346032301 0.011074727401137352 -3.4104001522064209 48
46.4073540672814246 -28.0455849500347618 0.391868799924850464 -3.49160003662109375 47
45.7008967165727711 31.7450093701884271 -0.777753531932830811 -3.24800014495849609 47.5
46.3610114524925834 31.3218646072480276 -0.00762598123401403427 -3.16680002212524414 45
47.3712105412528786 32.0356344843356169 -2.09459662437438965 -3.24800014495849609 45
47.6651952270078851 32.203579709668162 0.290219992399215698 -3.24800014495849609 45.5
51.6099521720508179 -30.4701417371458554 2.82557129859924316 -3.49160003662109375 45
61.2881176479561987 4.06809000986005387 -0.49833989143371582 -2.03000020980834961 46
58.1582721209465277 -19.22748202773478 4.57716894149780273 -2.59840011596679688 50.5
58.3050680057497956 -19.1817939221038927 3.85073566436767578 -2.51719999313354492 53.5
58.2064357839268283 -19.1817939221038927 5.13031435012817383 -2.59840011596679688 58
58.3139866521913248 -18.9358734872051251 4.81269168853759766 -2.67960023880004883 53
58.4614370532773364 -18.9974370006606073 3.58306121826171875 -2.51719999313354492 52
58.4183175248538333 -18.9974370006606073 4.22824716567993164 -2.59840011596679688 54.5
58.249733624054862 -22.1688274644757755 9.19303321838378906 -2.76080012321472168 45
62.7040488985449898 -11.7400010518230573 2.00131416320800781 -2.19239997863769531 51.5
62.7398820323231732 -11.4847836376529919 2.33182835578918457 -2.27360010147094727 54
62.84082095603722 -11.5382039889998751 1.05423069000244141 -2.19239997863769531 54.5
62.7395706303279965 -11.5382039889998751 3.7183535099029541 -2.27360010147094727 58
62.7324105103874956 -11.5997123492901579 4.78458595275878906 -2.27360010147094727 53.5
62.3887005890952508 -12.0713753600469591 7.39816665649414062 -2.35480022430419922 49.5
61.4550739080707231 -22.3462843212974143 5.52792119979858398 -2.67960023880004883 46
64.5167285067874872 -13.403160205360571 2.01325297355651855 -2.19239997863769531 48.5
64.3921994246668987 -13.7079647091087828 3.44127106666564941 -2.27360010147094727 55.5
64.4916165218853621 -13.403160205360571 2.70047736167907715 -2.35480022430419922 55.5
64.440356200750756 -13.403160205360571 3.72849559783935547 -2.43600010871887207 47
64.6526460069503059 -13.1957298346051921 1.38130331039428711 -2.19239997863769531 52.5
64.6000032416751111 -13.4184077755641553 1.66920387744903564 -2.27360010147094727 61
64.5679748987146098 -13.4596444312972974 2.41129112243652344 -2.35480022430419922 60.5
64.5275440651320906 -13.3689237886843859 3.66984653472900391 -2.43600010871887207 49.5
64.816932595467236 -12.8309175278261396 0.198207467794418335 -2.19239997863769531 51
64.6918388472567329 -13.4336568968939041 0.639674127101898193 -2.27360010147094727 57.5
64.7179030908384902 -13.2107258973756903 1.72514116764068604 -2.35480022430419922 56
64.6861008061568299 -13.1364155642029523 3.00816082954406738 -2.43600010871887207 47
58.2055534360261504 33.3204197139545641 -4.20763111114501953 -2.92320013046264648 47
69.9677924665316766 -7.31403379834099443 0.369305968284606934 -2.11120009422302246 52
69.846049571702622 -7.87665178282876344 2.93445181846618652 -2.19239997863769531 51
70.0550737095187799 -7.20742734906596993 -0.144041389226913452 -2.03000020980834961 51
70.0192197588033025 -7.32183095778130255 1.83871448040008545 -2.11120009422302246 59
69.9652504477007682 -7.32183095778130255 3.30692076683044434 -2.19239997863769531 57.5
69.739477383914334 -7.43623456649663606 6.38662624359130859 -2.27360010147094727 45
70.0479920347289351 -7.89344566470019693 1.10544741153717041 -2.03000020980834961 49
70.0937845805662505 -7.32962811722161156 1.84067261219024658 -2.11120009422302246 57
69.9803464011548186 -7.44415355655319999 4.19357109069824219 -2.19239997863769531 55.5
69.9914779673910203 -7.61153689096090424 3.67528414726257324 -2.27360010147094727 46
70.0142600383162232 -7.90184345985167536 4.04912996292114258 -2.19239997863769531 45.5
62.7849017090650676 32.8753614652141195 0.729627609252929688 -2.76080012321472168 49
62.1650758964172852 34.0089946191870141 1.46883606910705566 -2.84200000762939453 47
62.8544572983266789 32.9101523308416688 -0.377291321754455566 -2.76080012321472168 49
62.4539270671026685 33.9570393479745505 -1.27964138984680176 -2.84200000762939453 45
62.4178330463425084 34.152949499934401 -1.86314547061920166 -2.76080012321472168 49
62.3561333306934316 34.152949499934401 -3.34213590621948242 -2.84200000762939453 51.5
61.2660300365526709 36.5449747520347756 -2.98311138153076172 -2.92320013046264648 46
61.6871036860317261 36.0921329693581114 -0.857620477676391602 -2.84200000762939453 50.5
61.750631023740759 35.8241884038840297 -3.48764538764953613 -2.92320013046264648 50.5
62.3510299248025248 35.0928641240481056 0.492678135633468628 -2.84200000762939453 50
62.1379142590607429 35.1465092666581143 -4.79640531539916992 -2.92320013046264648 50
73.1366030818315522 -9.03760428605374422 2.17608952522277832 -2.11120009422302246 45
73.0044278963934943 -8.92705255166776723 5.10268783569335938 -2.19239997863769531 45.5
66.0842022920102181 -32.1060661945945967 6.12006235122680664 -3.00440025329589844 53
66.2768876277053067 -31.8388995031618158 5.38845586776733398 -3.08560013771057129 54
66.2100862439723556 -31.8388995031618158 6.15512180328369141 -3.16680002212524414 46
66.0252847112835468 -32.4614967354678257 5.77522993087768555 -2.92320013046264648 46
66.518879059052054 -31.9036759046659171 3.86128950119018555 -2.92320013046264648 49.5
66.4117282896128529 -31.9036759046659171 5.39941883087158203 -3.00440025329589844 61
66.3077354901253386 -31.9036759046659171 6.55402755737304688 -3.16680002212524414 48.5
66.5372441294935015 -31.9360674002501916 4.63530731201171875 -2.92320013046264648 50
66.4121502269227761 -31.9360674002501916 6.17390632629394531 -3.00440025329589844 61
66.2946580126062059 -31.9360674002501916 7.32864570617675781 -3.08560013771057129 60
66.5769523189567423 -31.9684556010022405 5.02274608612060547 -2.92320013046264648 47
66.5465758101502161 -31.9684556010022405 5.41038227081298828 -3.00440025329589844 56
66.6722094780990346 -32.0008470965865186 4.64470958709716797 -3.08560013771057129 50.5
65.1730419933082175 -38.7921655252150472 6.53131723403930664 -3.4104001522064209 46.5
65.0481209754333207 -38.9633913661796925 6.75364255905151367 -3.49160003662109375 46.5
65.257306517302581 -39.0017812868721663 5.17550802230834961 -3.4104001522064209 47.5
65.405724869198238 -38.8303867402013481 4.55337285995483398 -3.49160003662109375 49
77.7769005794872186 3.11599178070236738 3.65378761291503906 -2.03000020980834961 48.5
77.9082899934473829 3.38215552749454673 1.69093179702758789 -1.94880008697509766 51
77.872354905158673 3.38215552749454673 2.90816378593444824 -2.03000020980834961 55
77.8156575612688215 3.32367445209118273 4.20434331893920898 -2.11120009422302246 49.5
77.9733820287200814 3.38540779860789831 2.09697842597961426 -2.03000020980834961 55
78.0874969725847592 3.12498880821055014 -3.41604504683346022e-06 -2.03000020980834961 50.5
78.8397352059258907 5.60085651757072789 1.35267317295074463 -2.03000020980834961 46.5
80.7355249769642853 -7.78787997246034269 2.53903102874755859 -2.03000020980834961 50
80.7044840377066208 -7.78787997246034269 3.38494324684143066 -2.11120009422302246 56.5
80.5535270343949747 -7.97040840931488326 5.73800802230834961 -2.19239997863769531 53
80.8214236554106122 -7.61238094002947463 2.72956037521362305 -2.03000020980834961 52.5
80.7600865263705998 -7.79507808259018198 3.81405234336853027 -2.11120009422302246 58.5
80.6903286169159912 -7.79507808259018198 5.08026123046875 -2.19239997863769531 55
80.9290431696320525 -7.61940962942879096 1.45767843723297119 -2.03000020980834961 47.5
80.9154603962834358 -7.47718064967945306 2.54372429847717285 -2.11120009422302246 52
80.7071073355793231 -7.80227546053508192 5.93105363845825195 -2.19239997863769531 48
75.4124906270801603 30.9694787926124384 0.416861563920974731 -2.43600010871887207 47
75.4017563496156811 30.6434842790059925 -4.67736625671386719 -2.51719999313354492 46
75.5783302238262138 30.7634471868194268 0.294855117797851562 -2.43600010871887207 47
86.6459632700848772 -15.4917873627621177 2.29888272285461426 -2.27360010147094727 51
86.491069610293394 -15.8438734391885312 4.59019565582275391 -2.35480022430419922 46
72.4351304253235071 -49.6441367761240571 6.43544960021972656 -3.73520016670227051 46
86.6028148764622472 -15.5049825556611012 5.05603313446044922 -2.19239997863769531 50.5
86.7138466016437661 -15.1525965884869862 4.13805294036865234 -2.27360010147094727 54
86.7138466016437661 -15.1525965884869862 4.13805294036865234 -2.35480022430419922 48
73.5194243989012364 -48.3980101790699919 4.3060917854309082 -3.65400028228759766 50
72.8124729415571039 -49.3340354043762375 5.5238194465637207 -3.73520016670227051 54
86.4835803863400656 -15.0442574283219646 8.57329750061035156 -2.19239997863769531 47.5
86.7414483400275031 -14.8128073140400875 5.97854804992675781 -2.27360010147094727 47.5
72.442379921669783 -49.3760243801336287 9.661834716796875 -3.5728001594543457 50
73.5819979407467315 -48.4392024889926986 4.30975675582885742 -3.65400028228759766 48.5
73.3807875891089196 -48.8139312454490693 3.42065715789794922 -3.73520016670227051 52
85.868910797462803 -15.5313742837981223 13.3335113525390625 -2.19239997863769531 46.5
73.4552734438861989 -48.2046204688904822 8.55064296722412109 -3.65400028228759766 52.5
73.2414953785855971 -48.896948975505083 7.10599422454833984 -3.49160003662109375 45
71.9275368054580326 -50.2659310646815598 10.2707729339599609 -3.5728001594543457 47.5
73.4293289437103454 -47.5721275988826804 12.2780466079711914 -3.65400028228759766 46
87.02989187967286 -15.938343143255624 4.15918350219726562 -2.19239997863769531 49
87.0170900674019663 -15.5841577400721647 5.53997087478637695 -2.27360010147094727 52
87.1677547659819254 -15.1874793118632407 5.4722743034362793 -2.19239997863769531 51
87.0318232214729335 -15.1874793118632407 7.32288312911987305 -2.27360010147094727 54
86.8071629572718138 -15.1874793118632407 9.62701702117919922 -2.35480022430419922 46.5
87.1708905806822401 -14.5461938226494691 7.8594355583190918 -2.27360010147094727 48
87.4066438833606867 -15.1465990500089855 4.01250505447387695 -2.19239997863769531 46
87.4271792845667761 -15.0578277735254158 3.89759421348571777 -2.27360010147094727 51
87.6288354235448566 -14.6929484565706439 2.01754593849182129 -2.19239997863769531 51.5
87.5894233774444189 -14.8262178303263852 2.6535487174987793 -2.27360010147094727 53.5
87.7255229937625387 -14.7053483259739988 -0.297149896621704102 -2.19239997863769531 51
87.632961748757765 -15.1721847807668215 -1.54026854038238525 -2.27360010147094727 50
87.2650824217976719 -15.6765281173822117 8.82400703430175781 -2.19239997863769531 45.5
87.5065724950879797 -15.6897233102811953 6.9723515510559082 -2.19239997863769531 47.5
87.6673327425765336 -14.9765540689047771 6.50555610656738281 -2.27360010147094727 52.5
87.7563364112997277 -14.876264644336219 5.45007038116455078 -2.35480022430419922 48.5
87.3632839925109579 -15.2233549409381705 10.073155403137207 -2.27360010147094727 51
87.6625772624838078 -14.5653491229782084 8.28769874572753906 -2.35480022430419922 48.5
87.5435090499021129 -14.9012880513411368 9.64583492279052734 -2.27360010147094727 50.5
87.4236993320821654 -14.7673438890818911 10.8618059158325195 -2.35480022430419922 48.5
86.7370592224907853 -14.9137991184719194 15.704188346862793 -2.27360010147094727 48.5
87.1042900005232639 -14.7797424971822853 13.6660957336425781 -2.35480022430419922 49
87.4484734228133647 -15.3288187336272941 11.1161422729492188 -2.19239997863769531 46
87.1212111301404377 -15.3288187336272941 13.4423990249633789 -2.27360010147094727 50.5
87.3624626523469061 -14.6691540324719263 12.5853977203369141 -2.35480022430419922 49
89.2135345886587601 7.98524408354249715 3.13397455215454102 -2.03000020980834961 46.5
89.2420520441318672 8.60841473868613249 2.80043125152587891 -1.94880008697509766 49.5
89.2673845528353525 8.40665501824817696 2.59871244430541992 -2.03000020980834961 53.5
89.28928833367263 8.24973079124087683 2.33584785461425781 -2.11120009422302246 48.5
89.3683816263108781 8.45855668742161271 1.13840305805206299 -2.03000020980834961 49
89.1189912386856236 8.25662827843807356 7.01316118240356445 -2.11120009422302246 46.5
93.9865787411328029 -9.82482066776513818 0.496082603931427002 -2.11120009422302246 45.5
99.9528079432428029 10.8585866333509742 2.61904001235961914 -2.03000020980834961 50
99.9035744356027777 11.6716232156529856 3.67036056518554688 -2.03000020980834961 48.5
100.039933662914549 11.6299747211458246 -1.51071333885192871 -2.03000020980834961 46
