
X Y Z V_r Mag
6.6273274059918954 8.87712764835691459 -0.696521282196044922 3.89760017395019531 45
6.74272046662673574 8.89242254554580391 -0.584093213081359863 3.97880029678344727 47
6.76918641612164596 8.87706189102303256 -0.506474137306213379 3.89760017395019531 49.5
6.54916919691352728 9.01391135858953696 -0.859309613704681396 3.81640005111694336 45.5
7.78069765847281847 8.30933649877705705 -0.612928211688995361 4.38479995727539062 49
7.69751168275770059 8.38768614860265771 -0.595853447914123535 4.30360031127929688 49
7.55890125187795547 8.51731920558683697 -0.527541637420654297 4.22240018844604492 45
7.95500349841224264 8.25932753922905682 -0.420799374580383301 4.46600008010864258 49.5
7.95500349841224264 8.25932753922905682 -0.420799374580383301 4.38479995727539062 51.5
7.78966358315313379 8.41705775265183398 -0.387180179357528687 4.30360031127929688 48
8.30714090572299213 8.01743692331466029 -0.338552594184875488 4.54720020294189453 49
8.17673215411261189 8.15454880589159714 -0.216534629464149475 4.46600008010864258 50.5
8.01449837003316112 8.31330993308594834 -0.243302509188652039 4.38479995727539062 45
8.3691290743696225 8.04916089992886619 -0.556162357330322266 4.54720020294189453 50.5
10.8506049837036578 4.87723741894479978 -0.826167821884155273 0.162400007247924805 47.5
10.8826289702344496 4.96339383551627122 -0.965975642204284668 0.243600010871887207 62.5
10.8778789079494906 4.99038510108705502 -0.876246452331542969 0.162400007247924805 65.5
10.9136561584869334 4.92590596666796188 -0.792184889316558838 0.0812000036239624023 55.5
7.95643624098449109 9.07746308795009504 -0.316909909248352051 4.22240018844604492 46
10.8765478032122562 5.04873528794564841 -1.4200814962387085 0.324800014495849609 47.5
10.8922545909091451 5.04873528794564841 -1.29410696029663086 0.243600010871887207 65
10.9160148286596179 5.02157532524898897 -1.19584560394287109 0.162400007247924805 68
10.9064985753219759 5.04873528794564841 -1.16798985004425049 0.0812000036239624023 58.5
10.7580881250489941 5.1605615247607366 -2.29230403900146484 0.243600010871887207 55.5
10.7899810255144111 5.2030727700367887 -2.03146791458129883 0.162400007247924805 58
10.8670729813826785 5.19851799375721146 -1.58260786533355713 0.0812000036239624023 50.5
11.256837784047935 4.66538416768558761 -0.984087765216827393 0.243600010871887207 60.5
11.2672944022276074 4.66538416768558761 -0.856097757816314697 0.162400007247924805 62
8.51918327514957419 8.85313524450161538 -0.579241693019866943 4.38479995727539062 47
11.1913788252381661 4.85231735536312492 -1.58052599430084229 0.243600010871887207 59
11.1725565135917559 4.85231735536312492 -1.70850789546966553 0.162400007247924805 60.5
8.57892571736240228 8.90711832478188548 -0.453803271055221558 4.38479995727539062 46.5
11.3937680642964576 4.81695721904437058 -0.345866858959197998 0.243600010871887207 58.5
11.3980048558154188 4.81695721904437058 -0.151859790086746216 0.162400007247924805 60
11.4149118202486246 4.77829785131528251 0.09111824631690979 0.0812000036239624023 49
11.6146006384032283 4.40898601330248141 -0.815116524696350098 0.324800014495849609 47
11.5884506917344261 4.43076646643806171 -1.03857541084289551 0.243600010871887207 63.5
11.5884506917344261 4.43076646643806171 -1.03857541084289551 0.162400007247924805 65
11.5992943873768279 4.40898601330248141 -1.00981378555297852 0.0812000036239624023 54
11.7135702350104385 4.32129244333342655 -0.997171640396118164 0.324800014495849609 48
11.7188982310733429 4.32129244333342655 -0.932467103004455566 0.243600010871887207 64.5
11.7239315044571519 4.32129244333342655 -0.866885542869567871 0.162400007247924805 66
11.7349869813635248 4.30720637597015177 -0.783382415771484375 0.0812000036239624023 55.5
11.807011754450965 4.34716837899989805 -0.675731122493743896 0.324800014495849609 47
11.8282141055176861 4.29048671958519456 -0.66715317964553833 0.243600010871887207 63.5
11.8348880080133601 4.29048671958519456 -0.535872340202331543 0.162400007247924805 65.5
11.836230014085908 4.29993366282097789 -0.417412340641021729 0.0812000036239624023 55
11.9296074625948698 4.25742235343107556 -0.463077157735824585 0.243600010871887207 56.5
11.9126435122003969 4.31602526529005992 -0.341295212507247925 0.162400007247924805 59
11.9135960229219418 4.32552844018611182 0.108016423881053925 0.0812000036239624023 49
11.9904550930651883 4.32722502482813809 -0.258151739835739136 0.243600010871887207 56
12.0046211442078956 4.28261445756186809 -0.332887202501296997 0.162400007247924805 59
12.0550151128883645 4.35267922304260235 -0.459819555282592773 0.243600010871887207 56
12.0550151128883645 4.35267922304260235 -0.459819555282592773 0.162400007247924805 58
12.0574468575886531 4.30780624136175039 -0.73581385612487793 0.0812000036239624023 47.5
12.0674614965332339 4.87096756606335379 -0.975987851619720459 0.243600010871887207 53
12.0606350173233849 4.90521273475680264 -0.884580671787261963 0.162400007247924805 54
12.0315686961595087 5.1433359797075564 -1.02620780467987061 0.243600010871887207 54.5
11.8783801706048671 5.52875815930936643 -0.776252329349517822 0.162400007247924805 57
11.7959324665414034 5.73869024011375561 -0.434804558753967285 0.0812000036239624023 49
11.7440480245218293 5.91168730758943095 -1.17017817497253418 0.162400007247924805 46.5
9.1438245806573395 9.6079912484886183 0.550111532211303711 4.54720020294189453 51.5
9.17856051526464434 9.55490842391133377 0.826679825782775879 4.46600008010864258 53
12.0021980860238973 5.67156803842931456 0.0787395760416984558 0.162400007247924805 45
9.26370271926149336 9.60889081776822529 0.274849444627761841 4.54720020294189453 55.5
9.26135909690536785 9.60889081776822529 0.344912886619567871 4.46600008010864258 58.5
9.31642743718864885 9.55550809100284582 0.344912886619567871 4.38479995727539062 50
9.3195649320182028 9.66287321162511503 -0.0723056197166442871 4.46600008010864258 54.5
9.3195649320182028 9.66287321162511503 -0.0723056197166442871 4.38479995727539062 47.5
9.33969840468847146 9.71685629190538513 -0.776378929615020752 4.46600008010864258 46
12.6222203666787678 4.99398421716738561 -0.142525151371955872 0.162400007247924805 51.5
12.4835580632101664 6.54028372769628508 -0.442123085260391235 0.162400007247924805 46.5
12.4942545206120297 6.65123836007259328 -0.765023231506347656 0.243600010871887207 50
12.5058299105355211 6.65123836007259328 -0.543954610824584961 0.162400007247924805 54.5
12.5134927156263789 6.65123836007259328 -0.322751671075820923 0.0812000036239624023 47
12.4733659176941565 6.7398506716267681 -1.43251323699951172 0.243600010871887207 50
12.5039045936436821 6.7398506716267681 -1.1354752779006958 0.162400007247924805 54.5
12.5241132349297413 6.79680402730636324 -1.46822810173034668 0.243600010871887207 48
12.5326586117280385 6.79680402730636324 -1.39340341091156006 0.162400007247924805 52.5
12.5351476515483036 6.90976426068988836 -1.57646596431732178 0.162400007247924805 45
7.33544765296270196 13.0757694856255835 0.464210242033004761 3.49160003662109375 53.5
7.26792121573048799 13.1151317504188949 0.413100302219390869 3.4104001522064209 62
7.36398543960759877 13.0588999435713067 0.48669731616973877 3.32920026779174805 60
7.30426072708233853 13.1807072382342874 0.415165811777114868 3.49160003662109375 54.5
7.30426072708233853 13.1807072382342874 0.415165811777114868 3.4104001522064209 64.5
7.3344712661486966 13.1656371141945723 0.356602013111114502 3.32920026779174805 62.5
7.48953079249942988 13.0808676664711854 0.23123854398727417 3.24800014495849609 47
7.34060023843418996 13.2462827260496798 0.417231291532516479 3.4104001522064209 55
7.44638274551430168 13.1894886025994165 0.333593189716339111 3.32920026779174805 54.5
11.1012160863692735 12.4832637998985447 0.810406684875488281 4.38479995727539062 52.5
11.2202785603914155 12.3724965168925785 0.867348968982696533 4.30360031127929688 53
11.1535041079660626 12.4951573927329633 1.30783629417419434 4.46600008010864258 46
11.263537847355968 12.4279791271806346 0.958157241344451904 4.38479995727539062 54
11.2278302732873971 12.4762635055463704 0.720219552516937256 4.30360031127929688 52.5
12.1422988346523653 12.6319131108346632 1.00093209743499756 -4.87200021743774414 45.5
12.1344252075943313 12.7673840731771886 0.624710023403167725 -4.87200021743774414 46
18.7762162618232473 -11.7178084958311288 -1.72821152210235596 4.79080009460449219 47.5
18.8204031009211903 -11.7178084958311288 -1.15127861499786377 4.70960044860839844 45
19.9722926882507004 -9.8228813434378246 -0.891202986240386963 5.1156001091003418 51
19.821019905471907 -10.1290635332304451 -0.83960801362991333 5.03439998626708984 51.5
19.4977728965564943 -10.6384393580672612 -1.68408262729644775 4.95320034027099609 50
21.8233735070437369 4.75063151695144814 -0.83330005407333374 -4.54720020294189453 46
20.263414354331033 -9.38396349027446774 -0.926175773143768311 5.19680023193359375 47.5
20.1420726495837883 -9.65207673285373602 -0.810458242893218994 5.1156001091003418 49
19.7590021904727848 -10.3670453797317919 -1.27621209621429443 5.03439998626708984 52.5
19.5695701310723287 -10.6351586223110619 -1.85683691501617432 4.95320034027099609 52
21.9441945112351959 4.42470275793795675 -1.32475602626800537 -4.46600008010864258 47.5
20.3133969822321632 -9.44627802217153345 -1.00718486309051514 5.19680023193359375 51.5
20.3980854580744584 -9.28655157682481835 -0.747476756572723389 5.1156001091003418 49.5
19.3913129838378175 -11.0155202922445277 -2.34861135482788086 5.03439998626708984 45.5
19.574731627205427 -10.7605184233576647 -1.98035740852355957 4.95320034027099609 47.5
18.6558164615473494 -12.2849252000000018 -1.98035740852355957 4.70960044860839844 50.5
18.6034393376586458 -12.2456941432481781 -2.6145179271697998 4.62840032577514648 47
20.6456991243946106 -8.9183639990129997 -0.684049308300018311 -5.1156001091003418 45
20.4751045384442243 -9.28387072028402294 -0.910935938358306885 5.19680023193359375 48
18.6312000014578523 -12.2866490150336709 -2.85773515701293945 4.70960044860839844 51
18.5621081350763681 -12.3569387691242536 -3.00070333480834961 4.62840032577514648 47
20.7095643936249658 -8.93680833251265483 -0.937037646770477295 -5.1156001091003418 47.5
20.7899226778555821 -8.93536534949087624 -0.980265021324157715 -5.1156001091003418 46.5
18.7952823330831116 -12.4987562189900903 -1.88176095485687256 4.70960044860839844 52
18.7267990313036066 -12.4987562189900903 -2.47197365760803223 4.62840032577514648 50.5
21.5789130191613907 6.98567703780235938 -1.4058835506439209 -4.54720020294189453 47
21.6385066600406866 6.90616526664038144 -0.711021900177001953 -4.62840032577514648 49.5
18.787783845053788 -12.5997760230605955 -2.16575717926025391 4.70960044860839844 49.5
18.6775609703963248 -12.6310127903028029 -2.83405685424804688 4.62840032577514648 49
21.6597290891542293 7.11129912598921088 0.354397416114807129 -4.62840032577514648 45.5
21.1138063551402233 -8.55008360460481676 -0.971227109432220459 -5.03439998626708984 46.5
21.1513624034986663 -8.49310204109528755 -0.571970760822296143 -5.1156001091003418 48
19.0663170783421663 -12.3479048125149209 -1.96082389354705811 4.70960044860839844 47.5
21.8641431424975039 6.32574984929992468 -2.28249168395996094 -4.54720020294189453 46.5
19.2202764763583005 -12.2570335986435062 -1.90045380592346191 4.79080009460449219 55.5
19.2623707204847676 -12.1970061486501482 -1.86004185676574707 4.70960044860839844 55
18.6995033923799987 -13.0488242485558779 -1.82273650169372559 4.62840032577514648 46
18.5332477396992452 -13.3289523485248758 -1.45718932151794434 4.54720020294189453 50.5
21.9439125928255905 6.53289865776520529 -1.57749676704406738 -4.54720020294189453 47.5
21.8926988769557695 6.76519224480602244 -1.28235220909118652 -4.62840032577514648 48.5
19.3010091036515092 -12.2369967395452726 -2.10463714599609375 4.87200021743774414 50
19.3342917658803515 -12.21978980717188 -1.88797307014465332 4.79080009460449219 61
19.3456424557173996 -12.21978980717188 -1.76787710189819336 4.70960044860839844 60
18.5373488660052779 -13.3726542761892695 -2.0594475269317627 4.54720020294189453 49
21.9296506366884572 6.81319568748133619 -1.67973506450653076 -4.54720020294189453 46
21.9444639923358409 6.87361676410173672 -1.15957283973693848 -4.62840032577514648 46
21.4345763000811438 -8.37838929136218269 -0.71570056676864624 -5.03439998626708984 46.5
19.4088641505103574 -12.2597241656917131 -1.77365458011627197 4.79080009460449219 60
19.3578469569226392 -12.3374084070607974 -1.79243564605712891 4.70960044860839844 59
19.4193690225615896 -12.2597241656917131 -1.65468335151672363 4.62840032577514648 45.5
19.3840016027897164 -12.4035738828021938 -2.00545239448547363 4.79080009460449219 49
19.3242628744237201 -12.3775947892613001 -2.64159226417541504 4.70960044860839844 49
21.6844877244755203 -8.34114453842114223 -0.877942681312561035 -5.03439998626708984 49.5
21.597994520872021 -8.55323215643045565 -0.965055406093597412 -5.1156001091003418 46
21.8282551242302532 -8.15527995142297257 -1.03648757934570312 -4.95320034027099609 46.5
21.7749410876958009 -8.33307554721882759 -0.683700382709503174 -5.03439998626708984 51
21.7288643207769425 -8.45549218694712046 -0.645549952983856201 -5.1156001091003418 45.5
18.3724284126477357 -14.2702825740410546 -1.69368946552276611 4.38479995727539062 51
18.4693962718450813 -14.2752314368275055 -1.63070988655090332 4.46600008010864258 49.5
18.3275829575318454 -14.4711430522038764 -1.49859178066253662 4.38479995727539062 54.5
18.3172881331844941 -14.4711430522038764 -1.61957061290740967 4.30360031127929688 51.5
22.9153761001307892 4.66708042401226564 -2.0443871021270752 -4.54720020294189453 45.5
22.0110245493165664 -8.13438970193966782 -0.649701416492462158 -5.03439998626708984 46.5
18.4346963410979008 -14.4295214366538875 -1.73969650268554688 4.46600008010864258 49.5
18.4662776373152084 -14.3620526435977691 -1.9503018856048584 4.38479995727539062 52.5
18.4226867609295404 -14.4295214366538875 -1.86256778240203857 4.30360031127929688 49.5
23.0647742287967539 4.74673292817431935 -0.295416563749313354 -4.38479995727539062 56
23.0798697294192579 4.68199137552718003 0.0337183848023414612 -4.46600008010864258 62
23.0789215390789941 4.68199137552718003 -0.211932823061943054 -4.54720020294189453 61
23.0852412420856723 4.64667780135601394 -0.287388086318969727 -4.62840032577514648 50.5
22.1421509177432583 -8.01912413470243024 0.146105259656906128 -4.95320034027099609 49
22.1039458121084529 -8.1250648572159303 0.0385330356657505035 -5.03439998626708984 49
18.1996404446476419 -14.8581863325183736 -1.61553442478179932 4.30360031127929688 51
18.2618437126845023 -14.7846163863284428 -1.58830428123474121 4.22240018844604492 47
23.1338961077559127 4.69690194784084625 -0.950044155120849609 -4.38479995727539062 65
23.1319520345166438 4.72347147488708607 -0.861522078514099121 -4.46600008010864258 73.5
23.142696757507121 4.69690194784084625 -0.703762710094451904 -4.54720020294189453 71
23.1460954917174 4.69690194784084625 -0.581396877765655518 -4.62840032577514648 56
18.2988018425279044 -14.8464612795044744 -1.69619524478912354 4.30360031127929688 53
18.3484105842784011 -14.8317004311454497 -1.22356939315795898 4.22240018844604492 48
23.2018992071251091 4.71181289935576153 -1.0773618221282959 -4.38479995727539062 66.5
23.2018992071251091 4.71181289935576153 -1.0773618221282959 -4.46600008010864258 74
23.1948712010251441 4.73846677496493918 -1.11125707626342773 -4.54720020294189453 71.5
23.189452636294984 4.80065915138635368 -0.944989323616027832 -4.62840032577514648 56.5
18.2923213865966545 -15.0002088844983863 -1.44039952754974365 4.30360031127929688 48.5
23.295855702851096 4.72672385087067592 -0.460308879613876343 -4.38479995727539062 62.5
23.2855091218035852 4.72672385087067592 -0.832975149154663086 -4.46600008010864258 68
23.2471530364004195 4.72672385087067592 -1.57436907291412354 -4.54720020294189453 62
23.2779842905069287 4.77425847162110362 -0.769796967506408691 -4.62840032577514648 51
23.3721930219997844 4.74163442318434214 0.282921850681304932 -4.38479995727539062 55
23.3873793122912232 4.67308785389883674 0.123578391969203949 -4.46600008010864258 61
23.3809905457745941 4.7058709957310354 0.0813012793660163879 -4.54720020294189453 55
22.5401943252538715 -7.79344689919990863 -0.156096935272216797 -4.95320034027099609 48
18.2350432040322268 -15.3544315199533195 -0.739719033241271973 4.22240018844604492 50
23.3786357759152814 4.64592804040392604 -2.06407642364501953 -4.46600008010864258 52.5
23.3962390686106723 4.68778324797513246 -1.74539244174957275 -4.54720020294189453 49.5
18.2224339256552881 -15.4356026207242412 -1.44593238830566406 4.22240018844604492 48.5
23.5324855974933698 4.60650932408035807 -1.00109148025512695 -4.46600008010864258 50.5
23.4519219136205663 4.66049185522192477 -2.07054686546325684 -4.54720020294189453 49
23.5588170630614293 4.75026607968287706 -1.42222976684570312 -4.46600008010864258 47
23.5571728876322197 4.69912325298584754 -1.60733592510223389 -4.54720020294189453 46
18.1889765356004851 -15.8372760257852736 -1.25075995922088623 4.22240018844604492 47.5
18.1347408646649377 -15.8372760257852736 -1.88001394271850586 4.14120006561279297 47.5
18.2494366455454973 -16.5762366646645987 -1.02084469795227051 4.06000041961669922 47
23.851365488705877 -7.36212083999538081 -0.81375432014465332 -4.87200021743774414 46
24.0055505217878995 -7.29017268868761548 -1.36112582683563232 -4.79080009460449219 47.5
24.0125683260937635 -7.29017268868761548 -1.23111283779144287 -4.87200021743774414 50.5
24.1103656303608602 -7.19857074566734223 -1.38234364986419678 -4.79080009460449219 49
24.1239839768034585 -7.19857074566734223 -1.11980652809143066 -4.87200021743774414 50
24.2143296561857433 -7.43465049367762987 -1.00732529163360596 -4.87200021743774414 45.5
17.8894690539735066 -18.048160928296447 -2.1168062686920166 3.81640005111694336 46
17.8552336907073297 -18.4668249167602951 -2.40978050231933594 3.73520016670227051 45.5
24.9239912141417932 -6.9160905738010543 -0.691435813903808594 -4.79080009460449219 46.5
18.583118127521363 -18.0031754627976959 -0.262842655181884766 4.06000041961669922 46.5
18.5849755756772694 -18.0031754627976959 0.00705629773437976837 3.97880029678344727 55.5
18.6495581204237268 -17.9352755553410219 0.188755661249160767 3.89760017395019531 54.5
17.9715452051856523 -18.5205080910390087 -1.87885165214538574 3.73520016670227051 46.5
18.6388442441453961 -18.0553577799834208 0.0070767505094408989 4.06000041961669922 57.5
18.6383080260459444 -18.0553577799834208 0.141534209251403809 3.97880029678344727 68.5
18.7232402473879809 -17.9678048597141071 0.0283073075115680695 3.89760017395019531 67.5
18.7043929628745182 -17.9872610642183979 -0.0813812091946601868 3.81640005111694336 55.5
18.6922801820078455 -18.1075414242543502 -0.127749055624008179 4.06000041961669922 58.5
18.7735720742541474 -18.0197354582962213 -0.3779124915599823 3.97880029678344727 69
18.7735720742541474 -18.0197354582962213 -0.3779124915599823 3.89760017395019531 68
18.770325798676101 -18.0197354582962213 -0.514513611793518066 3.81640005111694336 54.5
22.2148099256694493 13.56760969188052 -1.90583610534667969 -5.1156001091003418 45.5
18.6961890040540979 -18.1890767431773206 -0.905540108680725098 4.06000041961669922 51
18.6619005183904463 -18.1890767431773206 -1.44947969913482666 3.97880029678344727 59.5
18.7345981670354966 -18.091233404053181 -1.71234714984893799 3.89760017395019531 57
25.127099037901889 -7.25794225734423915 -1.04010820388793945 -4.87200021743774414 49
22.2473351484776707 13.5771601217827573 -2.41815614700317383 -5.03439998626708984 51.5
22.2752195492449339 13.5771601217827573 -2.1461644172668457 -5.1156001091003418 53
25.1931058746476602 -7.2787388641397115 -1.17897903919219971 -4.79080009460449219 51
25.1754716516250632 -7.37714452701676837 -0.914322078227996826 -4.87200021743774414 49.5
22.2659904845488796 13.7144692162992925 -2.28070640563964844 -5.03439998626708984 48
22.3110817401320496 13.6160635534222365 -2.42508506774902344 -5.1156001091003418 49
18.6236176732958967 -18.1755259333925849 3.4458308219909668 3.89760017395019531 50.5
25.2325250386865036 -7.43769648670008721 -1.00302648544311523 -4.79080009460449219 52.5
25.207066826746555 -7.57914759193144594 -0.407393455505371094 -4.87200021743774414 52.5
18.6067252660343456 -18.3458793924486443 3.19752287864685059 3.89760017395019531 49.5
25.2381002874858389 -7.74259492796450655 -0.224980130791664124 -4.70960044860839844 45.5
25.2441602258434195 -7.70630666882193793 0.552521347999572754 -4.79080009460449219 59.5
25.2480360620688522 -7.6601216117313955 0.905158102512359619 -4.87200021743774414 60
25.1338853601415231 -7.78218211975639917 2.16461062431335449 -4.95320034027099609 48
25.2248405334509336 -7.90353938726715111 1.47210896015167236 -4.70960044860839844 48
25.2551966053312924 -7.80429025306120039 1.48111808300018311 -4.79080009460449219 60.5
25.2332378165325437 -7.76459059937882046 1.98002207279205322 -4.87200021743774414 59.5
17.5700500826436752 -19.7803524472458321 -0.9780769944190979 3.5728001594543457 47
25.3494235924598073 -7.78658683018052056 1.2955164909362793 -4.70960044860839844 47
25.3561560994009199 -7.78658683018052056 1.1562877893447876 -4.79080009460449219 57.5
25.367199339692764 -7.78658683018052056 0.881354570388793945 -4.87200021743774414 55.5
17.6703460133553385 -19.7700344785026516 -1.34432601928710938 3.5728001594543457 46
25.5652490452951824 -7.40933722914674409 0.640709400177001953 -4.79080009460449219 56.5
25.5132790040558248 -7.57901670767682134 0.722364127635955811 -4.87200021743774414 56.5
25.4433297589550165 -7.80858306098222155 0.744138658046722412 -4.95320034027099609 47.5
25.7139919145422837 -7.11658476190959188 -1.01731455326080322 -4.79080009460449219 53.5
25.6636601469547934 -7.26005084009154711 -1.24828529357910156 -4.87200021743774414 50.5
25.962798796479909 -6.42392157193890601 -1.25179171562194824 -4.70960044860839844 46.5
25.7749652295622624 -6.85218301006816688 -2.36632585525512695 -4.79080009460449219 48
22.4069342105750522 14.5608888963948537 -1.67647802829742432 5.19680023193359375 46
25.886119491733929 -6.70026312625533205 2.4367671012878418 -4.79080009460449219 46.5
22.4696977708858761 14.6016750753446178 -1.68117392063140869 5.19680023193359375 48.5
26.0285987387959779 -6.83000883544564541 0.90481269359588623 -4.70960044860839844 48.5
26.1082899138228406 -6.56757499841866998 0.424022525548934937 -4.79080009460449219 49
22.5214640946358635 14.6424622915563774 -1.82691466808319092 5.19680023193359375 47
17.6051490411855909 -20.6578599852800338 -0.658891260623931885 3.49160003662109375 45.5
17.516708831557505 -20.7358909886732761 -0.557111680507659912 3.4104001522064209 47
22.7101541496046266 15.5993022492871276 -1.63422632217407227 5.19680023193359375 51
22.6492082529902241 15.7027687687385118 -1.48205220699310303 5.1156001091003418 52
22.6784177915666838 15.7454397695225534 -1.91733288764953613 5.19680023193359375 53
22.6139758402190765 15.8249796585405669 -2.020843505859375 5.1156001091003418 55
22.6378680233053231 15.8249796585405669 -1.73283016681671143 5.03439998626708984 46
17.309326608303806 -21.5622264359703735 -1.16758155822753906 3.32920026779174805 50
22.6792490752874798 15.8297223075883142 -2.26587390899658203 5.19680023193359375 50.5
22.706230119927735 15.8297223075883142 -1.97726082801818848 5.1156001091003418 53.5
22.7716548148327362 15.8297223075883142 -0.966569066047668457 5.03439998626708984 46
22.5799328216774384 15.959429683369649 -3.11029529571533203 5.19680023193359375 45.5
22.7489373468256666 15.9107516843354055 -1.88798153400421143 5.1156001091003418 49
27.2991000557474983 6.13044767468295948 -1.99482107162475586 -4.46600008010864258 49
27.2991000557474983 6.13044767468295948 -1.99482107162475586 -4.54720020294189453 48.5
27.4190477754051223 6.02734682202296401 -1.69784939289093018 -4.46600008010864258 48.5
27.4489772691929552 6.02734682202296401 -1.11376214027404785 -4.54720020294189453 47.5
22.8048209013677692 16.2580212237190871 -2.5753929615020752 5.19680023193359375 45
22.8499916657477122 16.2580212237190871 -2.13784050941467285 5.1156001091003418 49.5
22.6240437583224008 16.6889998568801765 -2.20679783821105957 5.03439998626708984 46.5
22.5639664303020702 16.9347801593993275 -1.88581991195678711 5.03439998626708984 47.5
22.7150573802677975 16.9088472397477965 -1.35631847381591797 5.03439998626708984 49
22.8737635406660864 16.8221569927863968 -1.3366774320602417 5.1156001091003418 46.5
22.7972994873406698 16.9535800942925441 -0.916482150554656982 5.03439998626708984 51
22.726590143767087 17.0494834386348622 -0.893238604068756104 4.95320034027099609 46
22.8574512827908549 16.9983129488372882 -0.918900370597839355 5.03439998626708984 46
28.3374499491450962 4.52990292424621899 -1.2627485990524292 -4.46600008010864258 45.5
22.5697957797042648 17.7642548114853689 -0.40145498514175415 4.95320034027099609 45
28.4396435450482699 4.40857355174224708 -1.09144103527069092 -4.46600008010864258 45.5
22.7985376899466026 17.5695151670250205 -0.989406943321228027 5.03439998626708984 49
22.7862237050419516 17.5983058514445609 -0.726415753364562988 4.95320034027099609 46
22.9248690140233684 17.485374102247885 -1.57410562038421631 5.03439998626708984 45
17.0480622360280556 -23.6423345944422074 -1.25868415832519531 3.08560013771057129 45.5
16.8757234289069693 -23.8602803204654741 -1.20812714099884033 3.08560013771057129 46
16.9724783353851265 -23.9826404132077613 -1.06210291385650635 3.00440025329589844 47
23.0495124604970449 18.8451994956411646 -0.359296977519989014 4.95320034027099609 47
22.9358749214463735 18.9828643290742782 -0.383651465177536011 4.87200021743774414 50
22.9936470216287212 19.0306793761794459 -0.384617835283279419 4.87200021743774414 48
23.0447059110178536 20.017923159748829 -0.00624198559671640396 4.79080009460449219 47
27.5836141943543964 -13.560206480589871 -0.909721195697784424 5.1156001091003418 46.5
23.0899355835757696 20.3076484131248165 0.129979819059371948 4.79080009460449219 45.5
23.2058770130337528 20.165475661698963 0.635176539421081543 4.70960044860839844 46
17.0452135519329993 -25.5757252294718533 -0.951630055904388428 2.84200000762939453 46
26.7497871296301746 -15.0030672229542716 -3.08829569816589355 4.95320034027099609 47
30.4074934381656519 5.27060718099703873 -1.55406498908996582 -4.46600008010864258 46
23.1669059284108094 21.0100021453566725 -0.00639535160735249519 4.70960044860839844 47
28.898456269199535 -12.3421033944918435 -0.287083715200424194 -5.1156001091003418 45.5
28.8423858561599467 -12.5959246957248734 -1.30749452114105225 -5.1156001091003418 45.5
23.2149283576319903 21.4794439934966626 1.19297945499420166 4.62840032577514648 46.5
27.396346198509189 15.767698107993386 3.47274184226989746 -4.95320034027099609 48.5
23.1838040911815604 21.9744895347596234 0.659963905811309814 4.62840032577514648 46.5
28.2180412241033913 15.5475312868039328 -1.44186925888061523 -4.95320034027099609 45.5
28.042049346190705 15.8417173375910476 -1.65709257125854492 -5.03439998626708984 46
28.2362873412112663 15.733143468775113 -0.293101638555526733 -4.87200021743774414 52
28.2638141020615699 15.6846716532102075 -0.231398537755012512 -4.95320034027099609 57
28.2307758218124896 15.733143468775113 -0.630253314971923828 -5.03439998626708984 53.5
31.114226034927654 9.01643268854930824 -0.607421815395355225 -4.54720020294189453 45.5
28.3545374742067153 15.67652778179745 0.163461580872535706 -4.87200021743774414 53.5
28.385270243456052 15.6198461214293776 0.23856411874294281 -4.95320034027099609 58
28.385270243456052 15.6198461214293776 0.23856411874294281 -5.03439998626708984 53
28.4580072225461294 15.7938468098395255 0.446036338806152344 -4.87200021743774414 50.5
28.496960902062046 15.6921609560548241 1.08718562126159668 -4.95320034027099609 53.5
28.5077934610821266 15.6189471413298389 1.69023716449737549 -5.03439998626708984 45.5
28.6216852141151783 15.6549340310543403 0.335860341787338257 -4.95320034027099609 52.5
28.5686381791301933 15.7283165343249092 0.918503046035766602 -5.03439998626708984 49
28.788712701785979 15.4661829722520583 1.13898515701293945 -4.87200021743774414 52.5
28.854582762932651 15.3435976382579859 1.13007545471191406 -4.95320034027099609 55
28.7526017078705109 15.5601650616475133 0.677685260772705078 -5.03439998626708984 50
28.920763670303522 15.3787897331281975 1.1326674222946167 -4.87200021743774414 56.5
28.8547425295016353 15.5016562289987299 1.14159750938415527 -4.95320034027099609 58.5
28.860178926250132 15.4115541320270069 1.94287574291229248 -5.03439998626708984 50.5
27.4700928898430874 17.7501131034294559 -2.12797808647155762 -5.1156001091003418 49
27.6592507491426645 17.4757112626519344 -1.9406437873840332 5.19680023193359375 45.5
28.8550163143322003 15.6890115969666883 0.604661345481872559 -4.87200021743774414 51
28.9521671154925322 15.4139818279984091 1.81763684749603271 -4.95320034027099609 50
27.4134535636311973 17.8646202171635338 -2.91214799880981445 -5.1156001091003418 53
27.5481427560360181 17.7332627155667453 -2.39872479438781738 5.19680023193359375 49.5
27.5958154118163712 17.8313501416012272 -2.13771724700927734 -5.1156001091003418 50
27.5517780748292473 17.9794647251493664 -1.30160093307495117 5.19680023193359375 48
23.3067830442105262 23.2293038531334801 1.11765730381011963 4.54720020294189453 47
28.8854788690366 15.9452591991586079 2.30944633483886719 -4.95320034027099609 47
29.4722972455867556 15.63529975974504 -0.900951683521270752 -4.95320034027099609 48.5
29.6208786391310674 15.5157794157788018 -0.875619411468505859 -4.95320034027099609 47
29.6997271441878929 15.5505685119594208 -0.178276121616363525 -4.87200021743774414 46.5
29.6486600682671835 15.5505685119594208 -1.74999678134918213 -4.95320034027099609 47
30.7725812524794762 -14.547412481557366 -0.907568514347076416 5.19680023193359375 47
30.6039597409160251 -14.8622731202339509 -1.38318943977355957 5.1156001091003418 49.5
27.8885695517658796 19.8473719833501185 -1.75647461414337158 5.1156001091003418 45
29.8174944679811809 -16.682242959678188 -2.71946811676025391 4.95320034027099609 45
29.6186966883008047 17.5424685266314881 0.274595916271209717 -5.03439998626708984 52.5
29.7062880152898892 17.3833043933589622 0.661811292171478271 -5.1156001091003418 52
29.778130479030942 17.4211749718424791 0.124663002789020538 -4.87200021743774414 49
29.6809928061246282 17.5806858537920405 0.456295639276504517 -4.95320034027099609 59.5
29.6843413308384179 17.5806858537920405 0.0964375510811805725 -5.03439998626708984 64.5
29.6832228078539053 17.5806858537920405 0.275194138288497925 -5.1156001091003418 62.5
29.6362751615183164 17.6582857423080384 0.355162650346755981 5.19680023193359375 49
30.0166988759781148 17.1436526570539876 -0.723613500595092773 -4.87200021743774414 54.5
29.747752209508711 17.6189051248654671 0.275792390108108521 -4.95320034027099609 67.5
29.7762072397379747 17.5584184471440068 0.714186251163482666 -5.03439998626708984 72
29.747752209508711 17.6189051248654671 0.275792390108108521 -5.1156001091003418 67.5
29.738170875229379 17.6189051248654671 -0.803739607334136963 5.19680023193359375 52.5
29.775223163413024 17.5488781698725695 -2.46890401840209961 -4.87200021743774414 53.5
29.6055768683273151 17.8736168480715421 2.16013264656066895 -4.95320034027099609 60
28.0559271824614278 17.3670245100811442 10.5770492553710938 -5.03439998626708984 57
29.5890038568187705 17.7350616787066464 -3.25285768508911133 -5.1156001091003418 66.5
29.6802934476145239 17.8129989614744026 -1.54917120933532715 5.19680023193359375 57.5
29.6979511572836046 17.8515556267995805 -2.27584624290466309 -4.95320034027099609 61
29.6680499543439069 17.8515556267995805 -2.63715934753417969 -5.03439998626708984 70.5
29.7237416360023587 17.7734496469059486 -2.53563833236694336 -5.1156001091003418 68.5
29.7385060705771131 17.7734496469059486 -2.35616016387939453 5.19680023193359375 54.5
30.9304951428106811 -15.7383549485663767 -1.19768965244293213 5.1156001091003418 45.5
30.7296859551000487 -16.1071887425085158 -1.43899130821228027 5.03439998626708984 48.5
30.3852862036334912 -16.7407150238679563 -1.51941156387329102 4.95320034027099609 48
29.6881422043583463 17.9509925964732631 -2.7232825756072998 -4.95320034027099609 57.5
29.6977455207526368 17.8901122921247584 -3.00465726852416992 -5.03439998626708984 63
29.6977455207526368 17.8901122921247584 -3.00465726852416992 -5.1156001091003418 59.5
29.6729994902719625 18.0901475778412753 -1.81655144691467285 5.19680023193359375 49
31.2340263004431158 -15.3070479504810777 -1.0817103385925293 5.1156001091003418 46
30.5355692959030378 -16.6203230871416707 -1.5440288782119751 4.95320034027099609 48
30.1726885877074693 17.4144271554497827 -1.61623620986938477 -5.03439998626708984 47.5
30.4768043766863386 -16.7345846538856726 -2.71729755401611328 4.95320034027099609 45
29.6168390898128884 18.4476307114797784 -2.00757956504821777 -5.1156001091003418 45
30.5960635427517111 -17.1232599946869897 -1.63861763477325439 4.95320034027099609 45.5
30.3409454907208307 -17.5925706554020245 -1.39236664772033691 4.87200021743774414 45.5
30.1516202076948439 -18.0037755036086011 -2.00614070892333984 4.87200021743774414 46
30.0023806754613389 -18.2455254188181932 -2.05881118774414062 4.79080009460449219 47.5
29.9715878076730853 -18.4165716094372343 -2.25749397277832031 4.79080009460449219 48
29.6964602218161744 -18.7689575766113528 -2.89982771873474121 4.70960044860839844 46
29.9920310518996729 -18.4822413828665262 -2.59626650810241699 4.79080009460449219 45
29.657940982578296 -19.5772726853118577 -0.969353973865509033 4.70960044860839844 45
30.420810122115018 -18.2724873760173878 -3.89622306823730469 4.87200021743774414 45
29.4377326354482065 -20.3965321927319394 -1.61991655826568604 4.62840032577514648 46.5
29.0644242304877274 -21.3494917121021039 -0.929579675197601318 4.46600008010864258 45.5
31.6410023416224178 17.4276985966391393 1.394614577293396 -4.87200021743774414 46
31.6012347819486905 17.490940634055665 1.50050663948059082 -4.95320034027099609 53
31.4807969269829755 17.7303569185610748 1.1901862621307373 -5.03439998626708984 50
28.8864451847831774 -21.6829842570937963 -1.49804270267486572 4.46600008010864258 45
31.6418398821580666 17.6313424505812613 0.424781113862991333 -4.87200021743774414 50
31.6628302441675515 17.5770225251879424 0.874190807342529297 -4.95320034027099609 56.5
31.6151132696379698 17.6313424505812613 1.36789262294769287 -5.03439998626708984 52.5
31.7176874122183889 17.6134142440643799 -1.202545166015625 -4.87200021743774414 46.5
31.7059520401857888 17.6678466342082849 -0.519696593284606934 -4.95320034027099609 51
31.605872734443885 17.8538239671999506 -0.00494768796488642693 -5.03439998626708984 45.5
23.5899717188551925 -28.9322204973134234 -1.20933401584625244 3.4104001522064209 45
23.3456494578547407 -29.1235773355760195 -1.34930419921875 3.32920026779174805 46
38.943296496420821 -9.79055694144877897 -1.89860761165618896 -4.70960044860839844 45
38.8767663371958818 -10.1572632814825194 -1.21121335029602051 -4.79080009460449219 46
40.2861828075307784 -2.25886915345614403 -0.209071606397628784 -4.46600008010864258 45
40.2377771107061761 -2.71265983160581614 -1.29821956157684326 -4.54720020294189453 46.5
32.7466722815118345 -23.5113992467991082 -1.72981178760528564 4.54720020294189453 48
32.314352582452031 -24.0962850097475716 -1.80951046943664551 4.46600008010864258 45.5
32.8462270055184717 -23.5551011744635019 -0.68071138858795166 4.54720020294189453 47.5
32.2897162758235368 -24.2926188179272948 -1.19319522380828857 4.46600008010864258 48
31.8594295832770236 -24.8482827958794665 -1.31164801120758057 4.38479995727539062 46.5
40.4577514881356919 -2.87482288045899415 -1.11190354824066162 -4.46600008010864258 48.5
40.387187792832826 -3.89393998623017135 -0.207470744848251343 -4.54720020294189453 52
38.4700648569857506 -12.8885357356733028 0.520044445991516113 -4.87200021743774414 49.5
38.5621778447055448 -12.6198133147485656 0.17150995135307312 -4.95320034027099609 46
40.5617972052709774 -2.60075848684502731 -0.63185197114944458 -4.46600008010864258 49.5
40.2439768522688723 -5.6637611578754008 -0.875692009925842285 -4.62840032577514648 48
38.568446302182636 -12.8412450287973225 0.00554188434034585953 -4.87200021743774414 49
38.7692504986606821 -12.2215330456037812 0.0443426594138145447 -4.95320034027099609 45
32.0807985512735598 -24.9256287010713891 -1.39927685260772705 4.38479995727539062 49.5
40.6834222944474533 -0.870215320450702712 -1.62105178833007812 -4.46600008010864258 46.5
40.1918245435580914 -6.51389245717485021 -0.843996644020080566 -4.54720020294189453 49
40.2138416832278054 -6.38157901663848648 -0.805132210254669189 -4.62840032577514648 52
40.1399481718095501 -6.7327185319080689 -1.4074091911315918 -4.70960044860839844 45
38.6056074107950948 -12.9565392155993511 -0.510863721370697021 -4.87200021743774414 45.5
32.2821759802473451 -24.6611897245854124 -2.86575913429260254 4.46600008010864258 46.5
32.0755727055415392 -25.0326851537836674 -1.7458881139755249 4.38479995727539062 50.5
40.2564543713715111 -6.61765900704203069 -0.514586389064788818 -4.62840032577514648 51
40.8256883376411821 -1.96136529814359006 0.42636457085609436 -4.46600008010864258 49
40.7798052870909942 -1.79791818996495745 2.13088274002075195 -4.54720020294189453 47
37.0645269759227034 -17.0904382489282618 -2.21436882019042969 5.19680023193359375 46.5
40.8793685114096448 -2.39991717657840331 0.142385020852088928 -4.46600008010864258 54.5
40.8717256742325645 -2.48690777786162887 0.469018936157226562 -4.54720020294189453 52
38.1911971272545969 -14.7372312762170612 1.07194793224334717 -5.03439998626708984 45
37.0787839663537895 -17.3111296553619134 -1.54631197452545166 5.19680023193359375 46
40.9641445692079458 -2.23001282122061806 0.128658875823020935 -4.38479995727539062 45
40.984745074537976 -1.80451612199921274 -0.212569087743759155 -4.46600008010864258 52.5
38.4319310057617187 -14.3438525833914703 -0.539796590805053711 -5.03439998626708984 45.5
36.329157741488288 -19.0294427410826081 -1.05992770195007324 5.03439998626708984 45
39.9651779062446835 -9.53211591863161267 -1.0646669864654541 -4.70960044860839844 46
39.6737901135103428 -10.651728672005369 -1.3195488452911377 -4.79080009460449219 46.5
36.5658383053198932 -18.627685580213825 -2.27132129669189453 5.1156001091003418 46
36.5010633425107258 -18.8023040830335866 -1.83194553852081299 5.03439998626708984 48
30.0257177228977987 -28.0057263492985911 -1.82914578914642334 4.06000041961669922 46
30.1347116451136863 -27.8927379062975724 -1.76196444034576416 3.97880029678344727 46
39.5953677644131261 -11.1959777885705289 -1.49589848518371582 -4.79080009460449219 48.5
38.0474066166283436 -15.5848422433732257 -2.21099638938903809 -5.03439998626708984 49.5
38.0180386960846377 -15.8060862897466308 -0.4210701584815979 -5.1156001091003418 51.5
33.1568128897152903 -24.3677163633593921 -1.49028682708740234 4.46600008010864258 46.5
41.2358045279405445 -0.659786491730259606 -0.857688963413238525 -4.46600008010864258 48
40.4508770145712901 -8.05145703189582562 -0.68054664134979248 -4.70960044860839844 48.5
39.2074757118283372 -12.7988270231737093 -0.725534141063690186 -4.87200021743774414 51
38.9187179584027518 -13.6338693017698187 1.00670301914215088 -4.95320034027099609 52
38.0800884348775881 -15.8348758015262305 -0.852064728736877441 -5.1156001091003418 49.5
36.8316625805101836 -18.566804243846839 -0.514636814594268799 5.1156001091003418 45.5
36.5340089275817235 -19.1338082601775277 -0.852064728736877441 5.03439998626708984 47.5
36.3593282465659939 -19.4637015060426606 -0.852064728736877441 4.95320034027099609 45.5
33.1818587079874021 -24.4121001940196081 -2.13919997215270996 4.54720020294189453 46.5
33.151586875684103 -24.4121001940196081 -2.56597042083740234 4.46600008010864258 47.5
40.7136068257117429 -7.07978097402128803 0.185946598649024963 -4.62840032577514648 50.5
40.5978428081345513 -7.709783365582628 0.360625147819519043 -4.70960044860839844 46.5
39.3495084399628112 -12.5587361989932695 -1.2845308780670166 -4.87200021743774414 47
39.0991750279966155 -13.3539851194887316 0.825447380542755127 -4.95320034027099609 49
36.9266028162437792 -18.5076112406216602 -1.2845308780670166 5.1156001091003418 48.5
36.4487306310448176 -19.3596636554382258 -2.10932493209838867 5.03439998626708984 49.5
36.0662234592839539 -20.1136009437001597 -1.55765652656555176 4.95320034027099609 47
33.5579289971750114 -24.0795176381190892 -1.34084975719451904 4.54720020294189453 48
39.1446119756146729 -13.4661678167991408 -0.567307531833648682 -4.95320034027099609 47.5
38.7370179216789197 -14.5680862743397537 1.08372759819030762 -5.03439998626708984 46.5
37.1775861249628932 -18.2101078429246925 -0.423371076583862305 5.1156001091003418 46.5
36.4178222320285414 -19.6431191703366643 -1.36021196842193604 5.03439998626708984 49
36.1316800648702028 -20.1501051273271834 -1.56048357486724854 4.95320034027099609 51.5
41.3372493423975769 2.93858985348165236 -1.66502964496612549 -4.46600008010864258 49.5
40.9606320666989845 -6.34880523900356941 -1.44745528697967529 -4.62840032577514648 46.5
39.0946176519230022 -13.7652462977905952 1.51810359954833984 -4.95320034027099609 49
36.4323027323044926 -19.7668107604568242 -1.46158707141876221 5.03439998626708984 46
36.1459635492110607 -20.269532481422825 -1.67068123817443848 4.95320034027099609 51
41.5409613376066034 -0 0.866760671138763428 -4.38479995727539062 49.5
41.5441304478122788 0.664584987755172607 -0.21528935432434082 -4.54720020294189453 48.5
40.9507860297257906 -6.97814237142931226 -0.861094176769256592 -4.62840032577514648 47
39.004784888995097 -14.148391340881604 2.20284771919250488 -4.95320034027099609 47
38.2599983360211553 -16.1732987254481451 -0.999866247177124023 -5.1156001091003418 45.5
35.5163655925588344 -21.5522834700915737 -0.699655115604400635 4.87200021743774414 46.5
34.7949773709545482 -22.689346847578939 -0.951720118522644043 4.70960044860839844 46.5
34.5017235089225593 -23.068367973408062 -1.97085690498352051 4.62840032577514648 45
41.613111772926068 -0.0936259524486547368 0.990322351455688477 -4.38479995727539062 53
41.6212653775599719 -0.223661997516230782 0.510802388191223145 -4.46600008010864258 57.5
41.6185499695152785 -0.33289227537299465 0.652684330940246582 -4.54720020294189453 52
37.8116836540749901 -17.4040242718443778 0.130540534853935242 5.19680023193359375 45
35.0855744864998655 -22.3505954262149693 -1.44701683521270752 4.79080009460449219 50.5
34.7183503979623467 -22.9227540245123045 -1.35058367252349854 4.70960044860839844 52
34.5756313360138705 -23.1100059294096134 -1.75894951820373535 4.62840032577514648 47.5
32.5158101014704926 -25.9655974790935815 -1.07259190082550049 4.30360031127929688 47
38.0328175443038532 -17.0549937809688146 -1.23367059230804443 -5.1156001091003418 48
37.9643645485133092 -17.2477938939831255 -0.332624644041061401 5.19680023193359375 50
37.3887029723426565 -18.4514918968562682 -0.719238996505737305 5.1156001091003418 50
37.1977941377877102 -18.8423029367501442 -0.426438957452774048 5.03439998626708984 48.5
35.4075119986689586 -22.010477766823179 -0.858517110347747803 4.87200021743774414 46.5
35.1281773381815583 -22.3908671789865537 -1.8842543363571167 4.79080009460449219 50.5
34.8740086611812714 -22.7712565911499283 -2.04044485092163086 4.70960044860839844 50
41.7650332224368199 -0.443715803863030389 0.797416925430297852 -4.46600008010864258 50
41.0616103471734277 -7.68411368572212616 0.222148522734642029 -4.62840032577514648 45.5
37.7969499579107975 -17.7747330841602178 -0.774636328220367432 5.19680023193359375 47.5
37.3898810620352791 -18.5734215311136701 -1.47500574588775635 5.1156001091003418 52.5
37.2515142027764838 -18.8761923149260937 -1.07930481433868408 5.03439998626708984 49.5
41.6903923188938421 3.61362457133116965 0.524977266788482666 -4.38479995727539062 53.5
41.6693460116889014 3.88033202883896955 0.176899373531341553 -4.46600008010864258 54
39.1239302945371961 -14.7264353008228266 1.96798539161682129 -4.95320034027099609 47
39.0062340710065172 -15.0140609902920232 2.12472391128540039 -5.03439998626708984 46.5
37.5205343507389486 -18.2982234082312054 -2.96769094467163086 5.19680023193359375 46
37.3810299815953471 -18.6486037935845879 -2.51216244697570801 5.1156001091003418 51
37.1482388248395239 -19.1872482665905402 -1.81121814250946045 5.03439998626708984 47
35.2611290219835496 -22.3145239448192498 -3.18394708633422852 4.79080009460449219 46
35.006888017187066 -22.7590363739989137 -2.82252788543701172 4.70960044860839844 49.5
34.6900589508546702 -23.2349261511206748 -2.85668802261352539 4.62840032577514648 47.5
41.7291988557177476 4.0234982806254127 -0.437315762042999268 -4.38479995727539062 58.5
41.7185298023981801 4.11779902157757149 -0.56021416187286377 -4.46600008010864258 60.5
41.6783368804890912 4.24877227290001347 -1.60312604904174805 -4.54720020294189453 51.5
41.2940172733499438 -7.10922808178214272 1.40317225456237793 -4.62840032577514648 47.5
37.7739278896194719 -18.1057422628143598 -1.73735666275024414 5.19680023193359375 46
37.3586272208479002 -18.6820245686331035 -3.60844254493713379 5.1156001091003418 46.5
35.7112765683422211 -21.9354001314825595 -1.11746871471405029 4.87200021743774414 47
35.4094785073650584 -22.3230809553969891 -2.35686922073364258 4.79080009460449219 51.5
35.1948026498583317 -22.6321778285179533 -2.61081266403198242 4.70960044860839844 51
34.793132077977944 -23.2032212042837962 -2.95875644683837891 4.62840032577514648 46
41.8061418036630386 4.03069565857031353 -1.83587826541042887e-06 -4.38479995727539062 54.5
41.7730588422915616 4.31935224870230261 -0.595574617385864258 -4.46600008010864258 56.5
41.8511086165301762 -3.35891304880859431 1.09657096862792969 -4.54720020294189453 50.5
37.8000340767702951 -18.3060761160068424 -0.21189330518245697 5.1156001091003418 47.5
35.656216310844826 -22.1688261221367249 -1.08511781692504883 4.79080009460449219 47
35.424252887079291 -22.39450309260355 -2.75835871696472168 4.70960044860839844 47
41.7268453085470767 -5.38385787014357664 -0.436011523008346558 -4.54720020294189453 55
41.66128768074622 -5.83076013475510457 0.803143441677093506 -4.62840032577514648 50
37.7583980029016431 -18.554330491930358 -0.588032007217407227 5.1156001091003418 47.5
35.6938659042025108 -22.2084137143422566 -1.74357247352600098 4.79080009460449219 46.5
35.2119620772337711 -22.8813959481102032 -2.62015342712402344 4.70960044860839844 47.5
34.2946157838520804 -24.3219985422697142 -1.62032425403594971 4.54720020294189453 45.5
41.759299582384088 -5.57780146392852938 -1.29294347763061523 -4.46600008010864258 51
41.7891702970531114 -5.39345486219340309 -1.09473955631256104 -4.54720020294189453 58
41.8062284106469164 -5.31971622149935186 -0.749984920024871826 -4.62840032577514648 54.5
41.1864265628031987 -8.95924484432712731 -0.181040212512016296 -4.70960044860839844 45.5
34.4644040889263792 -24.1757400561208229 -2.08829450607299805 4.62840032577514648 46.5
34.2482868973530117 -24.4970298477163269 -1.89023208618164062 4.54720020294189453 45
31.5249634281702065 -27.9785470976282795 0.0114946067333221436 4.14120006561279297 48.5
41.8506147184412498 -5.57189722468833004 -0.656333327293395996 -4.46600008010864258 47.5
41.8485676107875619 -5.49802737511859796 -1.19165205955505371 -4.54720020294189453 55.5
41.8635290050346853 -5.40305185424322865 -1.09668755531311035 -4.62840032577514648 53
41.4013340406441088 -8.27342315180994525 -0.656333327293395996 -4.70960044860839844 48
38.8053051283524937 -15.7606600474848886 5.35731077194213867 -5.03439998626708984 45
38.2957194137264736 -17.7868044928261 -0.135300084948539734 5.19680023193359375 47.5
38.1765030873349716 -18.0400725484937503 -0.247573629021644592 5.1156001091003418 46
42.2922098932513251 -0.565579518118512592 -0.582524418830871582 -4.46600008010864258 48
41.822467563768889 -6.08922995207968665 -1.75866007804870605 -4.62840032577514648 45
38.3596430248341775 -17.8183977156776265 -0.57675623893737793 5.19680023193359375 49
39.3977564712754145 -15.3189021466653017 2.96457934379577637 -4.95320034027099609 46.5
39.3529470812412256 -15.5889553818813162 1.99267327785491943 -5.03439998626708984 47.5
39.1844593115777684 -16.1290618523133453 0.26867520809173584 -5.1156001091003418 46
42.2488669033844246 4.07388175670206021 -0.662724852561950684 -4.38479995727539062 46
42.2125967792922054 4.48233083907974184 -0.0897182300686836243 -4.46600008010864258 49
41.6751370395975798 -7.27251547973766233 3.50655817985534668 -4.62840032577514648 45.5
39.2018640490500232 -16.1576091548365568 2.03667330741882324 -5.1156001091003418 46
34.814275504708057 -24.2735454670164472 -0.873958051204681396 4.62840032577514648 50.5
34.9153284428857873 -24.0348414578346805 -2.29102206230163574 4.54720020294189453 50
33.4910407551929552 -26.0293460678867348 -1.6810382604598999 4.38479995727539062 47.5
42.2345918518491956 4.95787392472641653 0.185551881790161133 -4.46600008010864258 50.5
39.2360745611166593 -16.3243180029577211 1.55653655529022217 -5.1156001091003418 46
35.8987857011373208 -22.6744351948634737 -2.35007143020629883 4.79080009460449219 46
34.8916135033696406 -24.1942121964409189 -2.3645477294921875 4.62840032577514648 49.5
34.5914326053322938 -24.5821273052351614 -2.74365830421447754 4.54720020294189453 51.5
33.6551843243376396 -25.9849983836143394 -0.695783078670501709 4.46600008010864258 47.5
33.4179463146108588 -26.2985188140096859 -0.0666793212294578552 4.38479995727539062 46
31.3982974241376205 -28.6632068059745926 -0.971153914928436279 4.06000041961669922 47.5
28.2426573107676226 -31.7718415819284523 -1.130562424659729 3.5728001594543457 46
42.3505470588376483 4.49816962478697402 -0.978674829006195068 -4.38479995727539062 47.5
42.4443296894423199 3.57724258917969928 -0.665066659450531006 -4.46600008010864258 46
41.8430161784621362 -7.69213622226884741 -2.1802060604095459 -4.62840032577514648 45
35.3881797781269967 23.6779390426656313 -1.33867943286895752 5.19680023193359375 46.5
28.2716721341890995 -31.8544935322192302 -0.874142110347747803 3.5728001594543457 48.5
42.087509288702087 6.72980395297328293 2.12302064895629883 -4.38479995727539062 49
42.0618346368758935 7.05509558619940869 1.47770345211029053 -4.46600008010864258 51
42.4242182296183756 -4.50608901764058967 -1.0182112455368042 -4.54720020294189453 51
42.3241936630730393 -5.46063331841889177 0.00290804542601108551 -4.62840032577514648 48.5
41.8384186344980051 -8.32959887047881864 -1.14909458160400391 -4.70960044860839844 45
34.1881314811069359 -25.4847330358631687 -1.6899484395980835 4.46600008010864258 47.5
32.9377572095878719 -27.0098708572184449 -2.59363079071044922 4.30360031127929688 48
30.1339206606562442 -30.2041280425044967 0.901860952377319336 3.81640005111694336 46
42.5576773441340777 -3.87296545039104823 -1.18607616424560547 -4.46600008010864258 48.5
42.3642136956763835 -5.69993673871344608 -0.58872145414352417 -4.54720020294189453 54.5
42.368232451055853 -5.69993673871344608 0.0786935687065124512 -4.62840032577514648 52
35.5529319669258896 -23.7346006842585204 -0.469234973192214966 4.70960044860839844 46
34.0092421343446532 -25.8446991020577812 -1.72786569595336914 4.46600008010864258 47.5
30.5356644423585095 -29.9153193409515481 0.457576960325241089 3.81640005111694336 45
42.5534150821921742 -4.7948484625958443 -0.443783581256866455 -4.46600008010864258 45.5
42.4239805015471205 -5.70993672945286423 -1.2582014799118042 -4.54720020294189453 52
42.4063848976931439 -5.82231599029495417 -1.33407509326934814 -4.62840032577514648 49.5
35.4681871582836692 -23.974242312979225 -1.10643267631530762 4.70960044860839844 48.5
35.2766447913518704 -24.2043522280368357 -1.92050266265869141 4.62840032577514648 51
33.5892364248087958 -26.5429111322269975 -1.10351347923278809 4.38479995727539062 50
42.4187600288789497 -6.40611469599791761 -0.143313437700271606 -4.62840032577514648 49.5
35.3802354559313912 -24.2145774743285322 -1.51765108108520508 4.62840032577514648 50
34.8794904329092148 -24.9329200427500552 -1.47672760486602783 4.54720020294189453 48.5
32.8680377265331316 -27.5436128100730535 -1.20485341548919678 4.22240018844604492 46
42.3076772708986013 -7.25505576051427159 2.06771588325500488 -4.54720020294189453 48
42.3167434618110576 -7.16913356053778905 2.17891335487365723 -4.62840032577514648 49
34.8454774735812265 -25.0892823931329971 -1.78086817264556885 4.54720020294189453 53.5
34.6349022797125343 -25.4329711930389273 -0.662131071090698242 4.46600008010864258 49
32.8327389431574801 -27.7260199049113147 -0.360371321439743042 4.22240018844604492 45.5
42.9670218419943311 -1.83441276032788325 1.94232439994812012 -4.46600008010864258 47
34.9491100867141427 -25.1330686693603269 -0.437309205532073975 4.62840032577514648 47.5
34.9342387475809915 -25.1330686693603269 -1.10931134223937988 4.54720020294189453 51
31.5966803086237462 -29.2161164262191662 -1.17092454433441162 4.06000041961669922 46
31.2383575779281486 -29.6088206241779197 -0.886310875415802002 3.97880029678344727 45.5
43.1023345531101754 -1.3795535736178155 0.226386904716491699 -4.54720020294189453 45.5
37.2226779889977664 -21.776468714803098 -0.152886807918548584 4.87200021743774414 46
34.7557901399165203 -25.5217411119295896 -0.664442121982574463 4.54720020294189453 47
31.1248400478380098 -29.6604018327830374 -3.35716748237609863 4.06000041961669922 45.5
27.6968939705772321 -33.0122859061825764 -1.68426716327667236 3.4104001522064209 45.5
43.0221010122863419 3.9137335768826067 -0.147261306643486023 -4.38479995727539062 48.5
42.9277886437658935 4.83683487570595183 -0.223838746547698975 -4.46600008010864258 51
27.6362701315526671 -33.1668677191265289 -1.56064093112945557 3.4104001522064209 49
27.6579062143381265 -33.1668677191265289 -1.11317646503448486 3.32920026779174805 47
43.0023168114215792 4.84523224374954964 -0.224227353930473328 -4.38479995727539062 47.5
42.9797873281666014 4.99664575136672351 0.705105304718017578 -4.46600008010864258 49
35.5356696167543831 -24.685809366871311 -0.743454158306121826 4.62840032577514648 46
27.6959950221166906 -33.2244496714254822 -1.33924520015716553 3.4104001522064209 46
43.3258655682116327 -0.297934853402481159 -1.41541707515716553 -4.38479995727539062 48.5
43.3019940756826358 -1.11048445359106629 -1.71077144145965576 -4.54720020294189453 47
41.1363773835869893 -13.6345822911644561 1.0579533576965332 -4.87200021743774414 48.5
40.694522022213711 -14.7613177367592936 2.29827785491943359 -4.95320034027099609 49.5
33.3156870923068738 -27.7350263531036987 0.236435756087303162 4.22240018844604492 46
30.7960444246165821 -30.5085289884140707 0.236435756087303162 3.89760017395019531 48
43.3952513037797303 -1.53023616999326117 -0.491448342800140381 -4.46600008010864258 45.5
35.6001577593969714 -24.863624577691926 -0.399670928716659546 4.62840032577514648 47
35.2891077870109768 -25.3031604988602048 0.399672329425811768 4.54720020294189453 47.5
32.607511901309465 -28.6783622638808033 -0.180594474077224731 4.14120006561279297 49.5
32.1596014723936534 -29.1721618790204715 0.689785420894622803 4.06000041961669922 50.5
39.0008549872029278 -19.2479588208206351 0.836275637149810791 5.1156001091003418 46
32.5273222894063849 -28.8746561017224543 0.690976738929748535 4.14120006561279297 48.5
32.2394544991834806 -29.1247001869406859 2.14925551414489746 4.06000041961669922 49
30.709775905919539 -30.7880369277402082 -1.12090694904327393 3.81640005111694336 47
28.7928884227819921 -32.5274740423017974 2.27661490440368652 3.65400028228759766 46.5
28.8920533913803013 -32.500295337386774 1.10905265808105469 3.5728001594543457 52
42.9679439768715952 7.11131763749305179 1.40198206901550293 -4.46600008010864258 47.5
33.6303185985963609 -27.644838932275821 -1.88290548324584961 4.22240018844604492 46.5
30.585651182842561 -30.9663578900635414 -2.09361529350280762 3.81640005111694336 48
28.9208550948909675 -32.5563308993652001 1.56528151035308838 3.65400028228759766 49
28.9321877646446239 -32.5563308993652001 1.33962643146514893 3.5728001594543457 52
33.4502629739291635 -28.0251444854295997 -0.996845841407775879 4.22240018844604492 47
30.0766051023703547 -31.619650171669015 0.958169043064117432 3.73520016670227051 48.5
29.5392190054636146 -32.116008316506317 1.14857661724090576 3.65400028228759766 50
29.2790309246792866 -32.350551176154724 1.22591865062713623 3.5728001594543457 47
43.5857322082773777 -3.18542873048950614 1.41872262954711914 -4.46600008010864258 51
43.5321900216286508 -3.96129644872194175 1.0641244649887085 -4.54720020294189453 49.5
41.8772009367292171 -12.5122329207906837 1.27272415161132812 -4.79080009460449219 45
41.8306289069552548 -12.7307872076167232 -0.0357695780694484711 -4.87200021743774414 47
29.9294068826376929 -31.8706788764070161 -0.605129659175872803 3.65400028228759766 48
43.6600797637646565 -2.90081149359579493 1.95527756214141846 -4.46600008010864258 50
43.6614355695451479 -3.30035722761936601 1.10774445533752441 -4.54720020294189453 50.5
41.8932633572955169 -12.752624113355095 0.874884366989135742 -4.87200021743774414 45
41.3620224134890933 -14.1537707970541966 2.70075392723083496 -4.95320034027099609 45.5
26.7512695383022496 -34.6783804215527454 0.468815714120864868 3.24800014495849609 46.5
43.4382693650818723 5.96506969114312025 1.59698128700256348 -4.38479995727539062 45
42.9063330549237278 9.12304776292477193 0.912270545959472656 -4.46600008010864258 49
42.6978237106516758 10.0605725029849502 0.834511339664459229 -4.54720020294189453 48.5
43.0402421317047015 -8.49803126955131916 -0.580287635326385498 -4.62840032577514648 45
39.2743015241060576 -19.5070937142345784 1.42059946060180664 5.1156001091003418 45
39.0459258568447822 -19.9511843805788729 1.54317498207092285 5.03439998626708984 45.5
42.8074189857055103 9.37479770891514264 3.35268092155456543 -4.54720020294189453 48
43.2227393087700733 -7.93590081393226665 -0.647193312644958496 -4.62840032577514648 45
43.9592638801629931 -2.11251645855847059 1.14944136142730713 -4.46600008010864258 50.5
44.0536941006454299 1.9122188013288357 -0.652408957481384277 -4.38479995727539062 47
44.0750623046837688 1.41074355371810345 -0.456996053457260132 -4.46600008010864258 51.5
37.5791501996973452 -23.0733721071003899 -0.487059861421585083 4.87200021743774414 48.5
37.6493578117079153 -22.9631577669661588 -0.171373426914215088 4.79080009460449219 49.5
44.1192171456757549 1.83818966006358009 -1.24367296695709229 -4.46600008010864258 50.5
42.9977327749255593 10.1293634420921013 0.147574171423912048 -4.54720020294189453 49.5
37.6227741109866471 -23.1402133783379185 0.698686957359313965 4.87200021743774414 51.5
37.5021463607846641 -23.3168562285542436 1.15937995910644531 4.79080009460449219 52
43.9059649803052352 4.71662993882226989 2.8429102897644043 -4.38479995727539062 48
42.9353307127146024 10.6165644578414504 1.38148355484008789 -4.54720020294189453 49.5
37.4366952372323638 -23.5610318514908457 1.19753777980804443 4.87200021743774414 46
26.2282283059049597 -35.5654909337688636 -2.28875160217285156 3.08560013771057129 45
43.4146992358852302 8.86213234827906149 -1.1542510986328125 -4.54720020294189453 49
43.2700196140173787 9.94238296615974448 -0.463132232427597046 -4.54720020294189453 50
42.2994244057581383 13.4932340255025096 0.227030396461486816 -4.62840032577514648 46.5
44.2938411720107226 3.55684917937390699 1.8521190881729126 -4.38479995727539062 52
44.2938411720107226 3.55684917937390699 1.8521190881729126 -4.46600008010864258 53.5
42.3002722581858421 13.7216572248034012 0.654925763607025146 -4.62840032577514648 50
44.3225583948565642 4.27541675928605791 1.39084970951080322 -4.38479995727539062 48.5
44.3766824151098689 3.91913202934555294 0.230835124850273132 -4.46600008010864258 51
42.1629604624843708 14.3293264822946789 1.28762829303741455 -4.62840032577514648 48.5
38.7286004809480531 -21.8502744533825251 2.71365237236022949 4.95320034027099609 46
44.5974404369749635 0.713769022871826309 1.39623236656188965 -4.38479995727539062 46
44.6213814297399907 0.473987241750822241 0.313363879919052124 -4.46600008010864258 50.5
43.0837233430656781 11.1136067389339832 3.41630840301513672 -4.54720020294189453 48.5
43.3483454386333236 -10.299463947220806 2.49650216102600098 -4.70960044860839844 46
26.1281286238366484 -36.1624383853421421 -0.994780659675598145 3.08560013771057129 46
44.4916479274739274 4.04962710145773119 1.4777752161026001 -4.38479995727539062 46.5
42.6603733469258941 12.5119513203659558 4.65120649337768555 -4.54720020294189453 49
43.6354471788369125 -9.65207673285373602 0.935519039630889893 -4.70960044860839844 45.5
26.1060055082426175 -36.2567303662925937 -1.41989767551422119 3.00440025329589844 47
43.8378427850770009 -9.02483922606522171 1.26361823081970215 -4.70960044860839844 45
44.8485679942276079 0.358683947445255502 -1.96045584743842483e-06 -4.38479995727539062 49
44.8449480634288449 -0.14571535364963506 0.657389998435974121 -4.46600008010864258 51.5
38.190783214102936 -23.1351146102189809 4.2134552001953125 4.95320034027099609 46
38.6306944059245723 -22.7147818593065729 1.79746592044830322 4.87200021743774414 50.5
44.4954879038364552 5.89449917844981464 1.91370213031768799 -4.38479995727539062 47
44.7922163334847241 -3.11566385146633085 1.4852137565612793 -4.46600008010864258 48.5
38.6148199762728623 -22.8931120473508045 1.74844646453857422 4.95320034027099609 49.5
38.7765741237008399 -22.6854011239197142 0.0765706151723861694 4.87200021743774414 52.5
44.6428986497426337 5.65691940921001102 -0.104307621717453003 -4.38479995727539062 50
44.7967462951105446 -4.00932757332677703 1.47542595863342285 -4.54720020294189453 50
26.8042778015793495 -36.1345567828862073 0.908057272434234619 3.16680002212524414 47.5
26.3637191483016764 -36.4663244221937575 0.401900261640548706 3.08560013771057129 48.5
45.0036918538896842 -2.52338347062824475 0.23662354052066803 -4.46600008010864258 54
44.8996214532118856 -3.96531688241581293 0.23662354052066803 -4.54720020294189453 53
42.6645179096444735 14.520720060891998 0.802031576633453369 -4.62840032577514648 49
40.1029467563020816 -20.187067765025958 3.99895501136779785 5.1156001091003418 49.5
40.0117076566691807 -20.3673094414994047 3.99895501136779785 5.03439998626708984 45
44.9778436474797161 -3.89856979656959846 -0.56329345703125 -4.54720020294189453 53
40.3581677322091252 -20.1191025970581592 2.22770428657531738 5.19680023193359375 46.5
40.1715333666750354 -20.3222118773425393 3.43194270133972168 5.1156001091003418 50
43.7664262782391376 11.3930137740232915 -0.00308037525974214077 -4.46600008010864258 51
43.9040739998889151 10.8504893085936089 -0.00308037525974214077 -4.54720020294189453 53
40.6210679645410977 -19.8190968777280183 1.55984354019165039 5.19680023193359375 51.5
40.4185296230764735 -20.2542467093747369 1.18693733215332031 5.1156001091003418 54.5
40.4825517240401851 -20.1525233721066748 0.582726478576660156 5.03439998626708984 49.5
27.7050724294745976 -35.6879374915461725 -2.02505087852478027 3.24800014495849609 48
27.2897791297168943 -35.9874562068354749 -2.33918190002441406 3.16680002212524414 47.5
43.8181762986955619 11.4911572122055627 -0.105003014206886292 -4.46600008010864258 49
43.8466444656160661 11.3496404977695331 -0.864702045917510986 -4.54720020294189453 50.5
42.9938635393396638 14.2479028094194096 0.784416139125823975 -4.62840032577514648 48
40.5179826014741167 -20.1406587985356573 2.17649650573730469 5.19680023193359375 51
40.4218683431641281 -20.3897282159430731 1.55625605583190918 5.1156001091003418 56
40.4471905478590159 -20.3897282159430731 0.611490547657012939 5.03439998626708984 52.5
27.6791445339672819 -35.7924074151604756 -2.20425748825073242 3.24800014495849609 45.5
27.1594687282159981 -36.2282788956234469 -1.40191352367401123 3.16680002212524414 45.5
45.2425943346652204 2.90306056361314235 1.88959872722625732 -4.38479995727539062 49
45.2983023769735738 2.54017799316149961 0.708391070365905762 -4.46600008010864258 51.5
45.1708680582475779 -4.11077911839751664 -1.25890541076660156 -4.54720020294189453 50
40.3967538370396824 -20.6332761542738758 1.12283861637115479 5.1156001091003418 48.5
40.4026028016823773 -20.6332761542738758 0.887783706188201904 5.03439998626708984 45
45.1586980326373464 -5.08875335436659704 -0.706461787223815918 -4.54720020294189453 50.5
45.0398490009314969 -6.05993284498789997 -0.625903844833374023 -4.62840032577514648 48.5
45.1606334818617086 -5.67740671982742651 -0.900028109550476074 -4.54720020294189453 46
43.8456145987140005 -11.8952479470532566 2.93102025985717773 -4.79080009460449219 45
45.284087867487365 2.60405745238547226 4.68301153182983398 -4.38479995727539062 46
45.3439507256828733 2.8376818627745406 3.90306758880615234 -4.46600008010864258 48
45.5129152303407167 -2.81488923737072927 0.105699837207794189 -4.54720020294189453 46
30.0617631328251846 -34.2801086073326076 0.724334239959716797 3.5728001594543457 47.5
45.6378426859992175 -1.82640909232049631 0.239773273468017578 -4.46600008010864258 54
45.5964309110313692 -2.67683082593222776 -0.0778474733233451843 -4.54720020294189453 51.5
45.7158736080043155 -1.56643059982664212 -0.817159712314605713 -4.46600008010864258 52.5
45.6538065351747591 -2.92705279967606069 -0.474094539880752563 -4.54720020294189453 50
45.6296039944203002 4.15154724488907423 0.796631217002868652 -4.46600008010864258 45.5
44.2245253198879951 11.9736348814662819 0.868476569652557373 -4.54720020294189453 47.5
45.8670161518092527 -0.57356441244646228 -1.64254200458526611 -4.38479995727539062 46
45.8812128243827857 -0.550621835948603811 -1.19213640689849854 -4.46600008010864258 49.5
43.7917897610419047 13.5820052867322278 2.14905643463134766 -4.62840032577514648 45
45.9467077022095438 0.735362071937699868 -1.43533658981323242 -4.46600008010864258 46.5
45.1131012181905788 -9.15523170505304407 -1.26193869113922119 -4.62840032577514648 49.5
45.1362668462139993 -9.08617904605830162 -0.87273937463760376 -4.70960044860839844 48.5
45.7993570902902221 5.41217048546660529 -0.801845014095306396 -4.38479995727539062 47
46.0447792935421845 -0.0576375983542769393 2.71855449676513672 -4.46600008010864258 49
45.2369691297438905 -9.00299286293805956 -0.279869914054870605 -4.62840032577514648 46
43.8836616661296333 14.2249597428915262 3.64013099670410156 -4.54720020294189453 48
43.6093399523458629 14.2770022785362514 5.98066282272338867 -4.62840032577514648 47
39.7999669122435904 -23.723524190509746 1.21646308898925781 4.87200021743774414 48
39.7512803727904895 -23.827777958925072 0.628818869590759277 4.79080009460449219 48
44.6105478618871771 12.6235158343141816 2.41389131546020508 -4.54720020294189453 47
39.8156034840861892 -23.8663346242502534 0.629836380481719971 4.87200021743774414 48
39.6116443652533192 -24.2086082613019684 -0.376645177602767944 4.79080009460449219 48.5
44.5667765875844353 13.2365916116498514 0.919305264949798584 -4.54720020294189453 51
44.2902267814437565 14.1314270410590144 0.963680803775787354 -4.62840032577514648 51.5
42.3047505602063794 18.4080431192742431 5.80534791946411133 -4.79080009460449219 46
39.7515714559001836 -24.1198822563470294 -0.542095661163330078 4.87200021743774414 50
39.4684604977321456 -24.5440574923656598 -1.44221949577331543 4.79080009460449219 49.5
46.5424081331584105 1.74017752847698537 -0.0825572535395622253 -4.38479995727539062 49
46.5474927394859037 1.59467773512606681 -0.136540874838829041 -4.46600008010864258 51.5
44.3714888223752837 14.1542198971773523 -0.244501948356628418 -4.54720020294189453 52.5
44.371523789741282 14.1542198971773523 0.238151818513870239 -4.62840032577514648 54
40.7950729394615621 -22.0286687133290613 4.44189310073852539 5.03439998626708984 45.5
40.3730624002328753 -23.0937272006577849 2.43437647819519043 4.95320034027099609 47
39.9937480105746133 -23.8386861426144883 -1.20331823825836182 4.87200021743774414 50.5
39.7764552367708788 -24.0249258781036659 -3.14120030403137207 4.79080009460449219 48
46.6204365687847684 1.49231713192586191 0.728296279907226562 -4.38479995727539062 48.5
46.6144323912120697 1.81293214073805897 -0.174926459789276123 -4.46600008010864258 49.5
40.4849886230616107 -23.1309155448508577 1.4659496545791626 4.95320034027099609 47
40.1369099345548079 -23.7721455624752558 -0.368928015232086182 4.87200021743774414 48.5
39.7474665705296815 -24.372570033523548 -1.52952349185943604 4.79080009460449219 45
44.6930818074139751 13.4524474194448658 2.1876833438873291 -4.54720020294189453 45.5
44.7083510220793272 13.7722941555627933 1.31438696384429932 -4.54720020294189453 50.5
44.7232981794507793 13.946658707472908 1.60716986656188965 -4.54720020294189453 50
44.6634010780745427 13.8705114738747781 3.17100214958190918 -4.62840032577514648 48
46.9459441855529604 0.375478500486216171 0.489732533693313599 -4.38479995727539062 47
46.9481867933140151 0.252274617514176513 -0.326487600803375244 -4.46600008010864258 52
39.3079120040400269 -25.6381413613244504 1.36979579925537109 4.70960044860839844 47.5
47.0087513941958761 0.752156624978660537 0.980972766876220703 -4.38479995727539062 46
47.0049965421620399 0.534736350570766517 1.26302158832550049 -4.46600008010864258 50
43.7789696059791495 17.0469247583054262 2.0383908748626709 -4.70960044860839844 49.5
43.3398450000323123 18.2045408139366458 1.26622700691223145 -4.79080009460449219 46.5
39.2837740472504464 -25.8260028654782339 1.07392311096191406 4.79080009460449219 50.5
39.2837740472504464 -25.8260028654782339 1.07392311096191406 4.70960044860839844 53
45.1800883542318559 13.2367047184923035 1.39984846115112305 -4.54720020294189453 49
43.6362721113094238 17.6626726812785257 1.52181518077850342 -4.62840032577514648 47.5
43.7284933201493615 17.3271937266524425 2.44898819923400879 -4.70960044860839844 53
43.616392047062007 17.6273591071073596 2.3014686107635498 -4.79080009460449219 48.5
39.2024026078618917 -25.9907905899786691 2.46181726455688477 4.79080009460449219 48
39.2559277663933486 -25.9378202287219182 2.14750456809997559 4.70960044860839844 49
45.2137165919635322 13.4287365521387869 0.932650089263916016 -4.54720020294189453 51.5
45.294407572948387 13.1634630030403486 0.787942707538604736 -4.62840032577514648 48
43.6571449516428558 17.6554284344405907 2.79649615287780762 -4.70960044860839844 48
39.7933857457509177 -25.3306764550221111 0.569259881973266602 4.79080009460449219 45.5
39.5158809066440995 -25.7610091013373577 -0.588557422161102295 4.70960044860839844 45
45.0027010584898051 13.9814755656657752 3.44058799743652344 -4.54720020294189453 48
44.7981151701759615 14.7903700557401869 2.63370466232299805 -4.62840032577514648 49
39.4920749927117427 -25.8846236823812319 -1.71016514301300049 4.70960044860839844 45.5
44.8123563807227114 15.0326543944524058 2.35112833976745605 -4.62840032577514648 45.5
47.36240615032807 -0.758154683994390233 1.728515625 -4.46600008010864258 47
44.7071644582219889 15.731709692883598 0.736773550510406494 -4.62840032577514648 50.5
42.9188984021761897 20.0377913746329845 1.79310178756713867 -4.70960044860839844 46.5
43.2529416540233029 19.3329444418569523 1.47659599781036377 -4.79080009460449219 50.5
44.9279151002634691 15.3413300038249947 0.04207601398229599 -4.54720020294189453 46.5
44.8395338062856794 15.5667633140126789 0.983887076377868652 -4.62840032577514648 50.5
43.0657120137718152 19.6601576305785102 3.56349039077758789 -4.70960044860839844 48.5
43.4332982251186692 18.8118164896090718 3.67966794967651367 -4.79080009460449219 50
45.0538897414529274 -15.2350698999532668 2.48601484298706055 -4.95320034027099609 46.5
44.2862001973788892 -17.2439326037363969 4.08281373977661133 -5.03439998626708984 45
42.6500004109082838 21.537493953069422 2.59548759460449219 -4.87200021743774414 47
42.6377007573657565 21.7209693081162847 2.65175771713256836 -4.87200021743774414 48
41.607053978547853 -23.7631117216998646 -0.986677050590515137 4.95320034027099609 45
47.9843298043690254 -0.329893245865129803 1.18125224113464355 -4.46600008010864258 48
43.1015310473000852 21.0680607915219689 3.09846735000610352 -4.87200021743774414 49
42.5309576820226383 22.2995841625690154 2.24761629104614258 -4.95320034027099609 48
48.1350322310763659 -1.11310858105298571 0.449726134538650513 -4.46600008010864258 45
43.0396480791310125 21.5642224567237868 0.997875988483428955 -4.87200021743774414 48
48.1568524756246887 -1.03047595977722883 2.34658670425415039 -4.46600008010864258 47
43.9752546220275562 -18.9764257154297873 5.63232421875 -5.1156001091003418 45.5
41.3474731696015709 -25.0924601324911087 0.946480274200439453 4.87200021743774414 47.5
41.1998124596858588 -25.3403018249584946 0.765115618705749512 4.79080009460449219 46.5
44.6444227654628989 -18.0478412156436043 5.3435511589050293 -5.03439998626708984 47
44.5669159795772103 -18.4413701250756148 4.59440326690673828 -5.1156001091003418 45.5
44.6505404068552778 -18.294071201269098 5.13146448135375977 -5.03439998626708984 46
43.473696916779673 21.7993470535129958 2.02039170265197754 -4.87200021743774414 50
43.2577178915011729 22.3163516571816949 0.0796431228518486023 -4.95320034027099609 47
43.7063964417375388 21.6041748071630977 2.62510848045349121 -4.87200021743774414 45.5
44.1020205012492497 21.1179668415473358 0.503404498100280762 -4.79080009460449219 46.5
43.8386193591765903 21.6373612806478945 1.10008120536804199 -4.87200021743774414 50
47.0401670442392188 13.629005887730445 -0.153589397668838501 -4.54720020294189453 46.5
44.0130391778869452 21.4135121693618444 1.69252133369445801 -4.87200021743774414 48
44.3139847786782752 -20.7036043638042635 2.48645997047424316 5.19680023193359375 46.5
42.5577247180856375 -24.3209312101627226 1.79871273040771484 4.95320034027099609 46
42.042708167785058 -25.2648383186216563 -0.0367869772017002106 4.87200021743774414 46.5
42.4785025314474041 -24.6711901433860739 0.418643563985824585 4.95320034027099609 46
42.3443325813984686 -24.8799038694062631 -1.10179257392883301 4.87200021743774414 48.5
47.4125236574167133 12.8554901362867202 2.72565484046936035 -4.46600008010864258 45.5
47.383834777952508 13.1505946444367741 1.57290136814117432 -4.54720020294189453 49
45.870112358436387 -17.6509383937250952 2.23990178108215332 -5.03439998626708984 47
47.535717416159109 12.94897571086406 0.839815318584442139 -4.54720020294189453 49.5
44.80033973882216 20.4917694558989965 1.02119088172912598 -4.79080009460449219 45.5
46.0015636819065463 -17.4500224272889923 2.71639060974121094 -5.03439998626708984 47
44.7989437575590159 20.6339612648689545 1.64831352233886719 -4.79080009460449219 48.5
49.3932841919613423 1.58348770218344614 2.83661532402038574 -4.46600008010864258 45.5
47.3401888450926904 14.36272829871079 -1.69379663467407227 -4.54720020294189453 48
45.9930374571042151 -18.2101085751096292 1.81184160709381104 -4.95320034027099609 45
47.4189761697895875 14.2729814534857162 -2.32449650764465332 -4.54720020294189453 45
47.292268602432685 14.836714661935023 -0.996995210647583008 -4.62840032577514648 45.5
49.5973372693573253 2.11564668740835859 0.866510868072509766 -4.46600008010864258 45.5
45.2639917182722584 -20.3809365634500246 0.954507768154144287 -5.1156001091003418 45
49.6845469160993787 1.98835665523749072 0.261033952236175537 -4.46600008010864258 47
46.207175290767772 -17.8952098971374163 4.15141963958740234 -4.95320034027099609 46
46.1496278152373378 -18.292881228184914 2.85627889633178711 -5.03439998626708984 46.5
45.2095509194817993 -20.678909214469904 -1.02712535858154297 5.19680023193359375 47
45.1248977693944937 -20.8534721189026335 4.04872989654541016 5.19680023193359375 45.5
46.3663176890768582 -18.7220514517810201 1.46633005142211914 -5.03439998626708984 48.5
44.7587214620758047 -21.2037390732691904 7.03980588912963867 5.19680023193359375 47.5
45.1098095164066564 -21.3169152764220442 4.55021905899047852 -5.1156001091003418 45.5
45.4572055708908422 -20.7221702099726777 3.77414393424987793 5.19680023193359375 51
45.8110339592364681 -20.4647788004823319 0.270238816738128662 5.19680023193359375 50.5
42.9637160635597297 25.9896854078191595 -1.92830479145050049 -5.03439998626708984 46
47.7574961562371598 15.8283812682104355 1.13556933403015137 -4.62840032577514648 45
45.614890704660958 -20.815233213260445 4.31433486938476562 5.19680023193359375 48
44.1521009597464982 -24.1481859634199694 -0.250462085008621216 5.03439998626708984 47.5
47.5179858418403356 16.1227831224045453 4.71774435043334961 -4.62840032577514648 47
45.7073283454199952 -20.9596180591259085 3.41974186897277832 5.19680023193359375 50
44.1994390421790584 -24.1841746836068161 -1.30214154720306396 5.03439998626708984 48.5
44.3958091857332064 -23.837786764961411 -0.965488612651824951 4.95320034027099609 46
45.8331516720811507 -20.5051435483680251 5.15627908706665039 -5.1156001091003418 45.5
45.6221020548480993 -21.2620236547365771 3.77837514877319336 5.19680023193359375 51
44.3169717611676433 -24.0183287087620521 -2.61760306358337402 5.03439998626708984 46.5
43.3464655625278397 25.8732289322458797 -2.63869762420654297 -5.03439998626708984 45.5
45.7648644636137547 -21.2936168775881036 2.73162174224853516 5.19680023193359375 49.5
45.6285595431575075 -21.5083848911858446 3.27517509460449219 5.1156001091003418 45
43.4538445394231658 25.7977474902381516 -3.02167725563049316 -5.03439998626708984 47
43.0068642629478788 26.5189204215493675 -3.16981148719787598 -5.1156001091003418 48.5
47.4907580948691361 17.0296894137243022 5.01074695587158203 -4.62840032577514648 46
43.518217981087993 25.835964817398704 -3.026153564453125 -5.03439998626708984 47.5
43.0491062833723888 26.3554717117161879 -4.75959253311157227 -5.1156001091003418 47.5
47.6588659081977042 16.731295596199363 5.17659330368041992 -4.62840032577514648 45.5
41.885146444555275 -28.6976298754682269 -0.425779014825820923 4.62840032577514648 45.5
41.8158964554273354 -28.8734577895475724 1.86472046375274658 4.62840032577514648 48.5
41.8086743700736605 -28.9306455360497594 0.880520105361938477 4.54720020294189453 47
43.0323514916512693 27.2042451559333358 -1.22546780109405518 -5.1156001091003418 45
41.9654194771077584 -28.7824095532833901 1.9576728343963623 4.62840032577514648 48.5
41.604412314749105 -29.3233126733428833 1.60375988483428955 4.54720020294189453 47.5
42.5656306561357383 27.938960985046478 -2.92951536178588867 -5.1156001091003418 49.5
42.8362589002865164 27.5693305705545271 -2.44688534736633301 5.19680023193359375 47.5
42.6232046769441055 27.6609305291438829 -5.17600107192993164 -5.1156001091003418 47.5
42.7805406061166806 27.4247850677737084 -5.13442850112915039 5.19680023193359375 45.5
46.8639114695626589 20.4533818537921626 1.32500684261322021 -4.79080009460449219 46
46.8362475941401115 20.7202114479466424 1.01970303058624268 -4.79080009460449219 48.5
43.1508240328597239 27.6225254375413485 -2.5870368480682373 -5.1156001091003418 46
42.9035006171590325 28.0648448283954544 -1.82879078388214111 5.19680023193359375 45
47.0484019714123605 20.5733427290296973 3.20746946334838867 -4.79080009460449219 48.5
41.9171419356521042 29.7927719394761326 -1.56419277191162109 5.1156001091003418 46
47.0709316862243412 20.8801906207963341 1.78064644336700439 -4.79080009460449219 48.5
42.8686925875802913 28.5678093692486357 -0.99055248498916626 5.19680023193359375 47
41.9197104790148529 29.945657285637914 -0.906258165836334229 5.1156001091003418 47
43.3529750521121784 27.8549873046105034 2.67945408821105957 -5.1156001091003418 47.5
43.6159756702722419 27.2359875867302677 4.29043388366699219 5.19680023193359375 45
46.6819746988308708 22.077460117609256 1.9196162223815918 -4.79080009460449219 48.5
42.4412625395649385 -29.4775096334853046 -0.348780602216720581 4.62840032577514648 50.5
42.2452358860197208 -29.7551729224754169 -0.524923443794250488 4.54720020294189453 50
42.3895808676230672 -29.6819595453453395 -0.409260988235473633 4.62840032577514648 49
42.1670336094796099 -29.9147592280539278 -2.26083064079284668 4.54720020294189453 47
42.5237124363339518 -29.8540284257641808 3.11027622222900391 4.62840032577514648 47
42.5466817655710869 -30.1054787589129731 0.675187289714813232 4.62840032577514648 45.5
47.4284214442120842 21.7393657311707607 3.25890111923217773 -4.79080009460449219 46.5
47.7166143092374782 21.6124130551170133 5.29633235931396484 -4.79080009460449219 47.5
47.8019994836472009 22.2098106988939783 1.27237296104431152 -4.79080009460449219 46
41.0425558678571463 -33.4535748363522103 -0.263526439666748047 4.30360031127929688 45.5
41.0512027678345319 -33.5605938136847328 0.368734508752822876 4.30360031127929688 46.5
44.228514564981225 29.3017191666614245 2.20406365394592285 5.19680023193359375 48.5
53.0921701897741301 0.285723180792500198 2.95310854911804199 -4.46600008010864258 45.5
44.3245493977851055 29.3431061948762988 1.37746322154998779 5.19680023193359375 51.5
26.8687987480153403 46.0578962289511509 0.541686058044433594 3.5728001594543457 50.5
27.0497149574976419 45.9379537908549267 1.2541428804397583 3.49160003662109375 53.5
44.1022030101796716 30.1078578956737672 0.269408911466598511 5.19680023193359375 47
43.8498299269430092 30.4615184604944069 0.921041607856750488 5.1156001091003418 46
26.7073817149885642 46.2160956971268888 1.53250062465667725 3.5728001594543457 49.5
26.8425639735308827 46.1226759252874743 1.93275988101959229 3.49160003662109375 51.5
49.5001443774782004 -18.6433740139366897 7.85723400115966797 -4.95320034027099609 45.5
44.8761836264416942 29.0809905765779462 -0.00728863896802067757 -5.1156001091003418 45
44.4783473957002045 29.6489786737767353 1.47999250888824463 5.19680023193359375 46
41.0263549953357156 -34.0926502577437276 3.75568485260009766 4.30360031127929688 47.5
49.5695702481658245 -18.6695220684474457 7.86825418472290039 -4.95320034027099609 45
44.4633487949160084 29.5500392309189728 4.17236852645874023 5.19680023193359375 45
43.9832443472332244 30.8004083620550553 0.70657271146774292 5.1156001091003418 46
44.1983481544346617 30.5947972039292821 -1.48829364776611328 5.1156001091003418 47.5
44.2739052581808323 30.5298030408048184 -2.75229740142822266 5.19680023193359375 47.5
44.2497223795086825 30.637468204713322 -1.76926136016845703 5.1156001091003418 46
42.4465086770595761 -33.1464100047971755 2.74144363403320312 4.38479995727539062 47
53.9412930329006102 -2.01759724394424333 1.50555837154388428 -4.46600008010864258 45
44.5985692544193171 30.4461497146368743 -0.00736019667237997055 5.19680023193359375 45.5
52.9347396226376077 10.2574120750611453 4.09932613372802734 -4.46600008010864258 51
52.892101341205084 10.6696005708310597 3.56242632865905762 -4.54720020294189453 47
52.0104159920399525 -14.7036420786120221 -1.68084716796875 -4.79080009460449219 45.5
44.5084562218535282 30.7046643406309876 -0.571425318717956543 5.19680023193359375 48
52.9559562294788435 9.96037708219152229 5.35538911819458008 -4.46600008010864258 48.5
52.6379261725108947 10.1769070187609039 7.60933208465576172 -4.54720020294189453 45.5
44.501070522593082 30.7472509928520878 -2.54638791084289551 5.19680023193359375 45
43.565516634382206 -32.3523325373017556 -1.9653327465057373 4.46600008010864258 48
43.8161325574171059 32.1795888769597127 1.12317800521850586 5.03439998626708984 45
42.7095411732189163 -33.6268550152182399 1.33072423934936523 4.38479995727539062 48
51.5879981089727195 17.4183636257405006 -0.285842835903167725 -4.62840032577514648 46
46.4766886126427607 28.5670318474760094 -2.23657107353210449 -5.1156001091003418 48
44.5426605987339954 31.5622377182765739 0.967790007591247559 5.1156001091003418 46
43.7276778282687033 32.6607072973173302 1.5260082483291626 5.03439998626708984 45.5
53.3514119683622994 -11.3687216929742263 3.70608973503112793 -4.62840032577514648 49
44.5429524454916503 31.7012431823319787 0.559127688407897949 5.1156001091003418 50.5
43.8826187978974147 32.6099210580324481 0.514398336410522461 5.03439998626708984 49
43.1878178771368795 33.5254310982118611 0.462212681770324707 4.95320034027099609 45.5
53.4480420690094533 -11.6374536570906759 2.33222460746765137 -4.70960044860839844 48
43.056003257670838 33.8040320515491075 1.01523423194885254 4.95320034027099609 45
42.5885062033760207 34.406087267201066 -0.0559884943068027496 4.87200021743774414 45
53.4977784838975197 -11.3999111239358104 3.71625733375549316 -4.62840032577514648 48.5
43.8149903434899812 32.9460171844995884 0.766225278377532959 5.1156001091003418 47.5
43.6881055873728172 33.1035880714289945 1.13247323036193848 5.03439998626708984 52
43.3034382558408097 33.6174061809813836 -0.680261075496673584 4.95320034027099609 50
42.4412921401128571 34.6998496651050985 -0.661577045917510986 4.87200021743774414 48
44.0527720394557534 32.7441173464591841 1.08911609649658203 5.1156001091003418 48.5
43.8195362975512168 33.0734107955750503 0.0898286029696464539 5.03439998626708984 52
43.6616377256845567 33.2449178003229022 -1.56432735919952393 4.95320034027099609 47.5
42.0876684819565838 35.2481196157777674 -0.456626296043395996 4.87200021743774414 45
44.5571467778963921 32.3245352562378443 -0.536692500114440918 5.1156001091003418 47.5
53.9648453350336723 -10.0501703148598978 5.05525779724121094 -4.62840032577514648 45.5
53.623500665578149 -10.8767778801670882 6.70686101913452148 -4.70960044860839844 45.5
44.1519221439150442 34.7864016585325331 2.13938808441162109 4.95320034027099609 45
44.7232773048078229 34.2345221018955783 0.576001167297363281 5.03439998626708984 45
43.6948911434996887 35.536616384142846 0.641275346279144287 4.95320034027099609 46.5
43.8013880601055661 35.4077429395971279 -2.947906494140625 4.95320034027099609 45
46.3255519269356597 32.8195241666186064 -0.472221434116363525 5.19680023193359375 46
46.3080321553507588 32.8195241666186064 -1.35850274562835693 5.1156001091003418 46.5
46.7953822443002281 32.2803553104820082 -0.306188046932220459 5.19680023193359375 50.5
46.7419293696524463 32.3442908733768846 -0.980545282363891602 5.1156001091003418 49.5
47.1603909985579719 31.8676892590030647 -0.896469235420227051 5.19680023193359375 48
46.9311588064517196 32.1735621693015332 1.66858243942260742 5.1156001091003418 47.5
43.6309830303994275 36.5482561189191415 1.00900089740753174 4.87200021743774414 45
46.6012284279332292 32.8213811306273655 0.287571310997009277 5.1156001091003418 47
45.6483119186073267 34.0393620710217419 2.56007027626037598 5.03439998626708984 47
44.7158383474795116 35.3285699669947348 1.17740035057067871 4.95320034027099609 46
46.531614368347185 33.0499991440336842 -0.249036967754364014 5.1156001091003418 47
45.298558016518939 34.6903745870910356 1.47459948062896729 5.03439998626708984 48.5
43.3990832661757509 36.9726360730838692 2.66449928283691406 4.87200021743774414 49
48.0047404307192949 30.9509975200012946 -1.92441451549530029 5.19680023193359375 45.5
45.3667504944081017 34.7359602993277079 1.18049883842468262 5.03439998626708984 48
48.0139496065468947 30.891504681323628 -3.88282990455627441 5.19680023193359375 46
44.0211376652298014 37.8363580662265164 0.593641698360443115 4.79080009460449219 46.5
45.5921614708775778 36.0723273934674538 2.71701908111572266 4.95320034027099609 45
57.4900761530076991 9.4642252285538877 3.16900300979614258 -4.46600008010864258 46.5
45.915506919911337 36.0730691902399485 1.99521362781524658 5.03439998626708984 47.5
46.0793571954285639 35.9124524077697416 0.685102462768554688 4.95320034027099609 48.5
45.8835937613928664 36.258269114432828 1.51141607761383057 5.03439998626708984 48.5
45.9531463482202156 36.1778576305096919 1.31206011772155762 4.95320034027099609 48
43.8840726537572223 38.7275088278447654 2.32358813285827637 4.79080009460449219 45
44.7828795905897508 38.1872430237691205 3.36611819267272949 4.87200021743774414 46.5
44.3257153892646727 38.658690468507011 3.97983145713806152 4.79080009460449219 45
44.6261125109144743 38.2358277960213613 5.52108955383300781 4.87200021743774414 49
44.0940237142427023 38.1293252488419441 9.73047065734863281 4.87200021743774414 45.5
55.6593994425847782 -19.6327722988790505 6.70415067672729492 -4.95320034027099609 45.5
59.2915117277753794 -5.92330828094334727 3.67710113525390625 -4.46600008010864258 45
59.2200638509580415 -7.84293096163391912 2.12684416770935059 -4.54720020294189453 45.5
58.9173522298980643 -10.0515476829568122 3.12008166313171387 -4.54720020294189453 45
58.9512211612004862 -9.76735213834940197 3.37269759178161621 -4.62840032577514648 47.5
58.9744474344784848 -9.82452126514072788 4.06195592880249023 -4.62840032577514648 49
48.5196366956856409 -35.7304398142716551 3.78440403938293457 4.54720020294189453 47
60.7582347545294965 11.2944764732559388 4.32141590118408203 -4.46600008010864258 45
47.1231373813386867 42.0887945090759459 3.85145354270935059 4.79080009460449219 46
61.6345621390728269 -13.9855063533889741 4.68800735473632812 -4.70960044860839844 45
47.1510394533876251 42.1386632538973558 4.18372869491577148 4.79080009460449219 50.5
47.4288985248594983 41.8535679941453793 3.89482903480529785 4.70960044860839844 48
47.0036559105772156 42.3708892024943893 4.6115880012512207 4.79080009460449219 48.5
47.1761703966845545 42.1885294622890399 4.52098178863525391 4.70960044860839844 45
63.6129491344536149 2.77076594061104231 5.37827444076538086 -4.46600008010864258 46
61.0621113812226426 -20.0127113453261636 5.58211565017700195 -4.87200021743774414 46
60.9441431863242471 -20.6573167145427341 5.38683032989501953 -4.87200021743774414 49.5
61.1222363431487992 -20.6573167145427341 2.69796323776245117 -4.95320034027099609 47.5
64.0421075745077673 -7.11800976492896442 9.27108955383300781 -4.54720020294189453 45.5
64.8550763503524621 -5.9941605580403019 2.38115024566650391 -4.46600008010864258 46
63.6216450867269216 -6.8818827059022496 12.3574552536010742 -4.54720020294189453 45
58.4755699954514583 -29.6190166045228054 0.353047400712966919 5.1156001091003418 45.5
51.0310933359070447 51.4307798509684773 3.25241231918334961 4.54720020294189453 46.5
55.2308980539775263 51.5652873218075172 4.15629959106445312 4.70960044860839844 47
54.6922447247125945 51.6976757359841699 7.92558431625366211 4.62840032577514648 45
55.5824287287629772 51.29455722547074 4.18619680404663086 4.79080009460449219 47.5
55.6105575604289868 51.29455722547074 3.79424858093261719 4.70960044860839844 51
54.999100617073104 51.7962386303332494 5.50555992126464844 4.62840032577514648 46.5
55.4533356152911168 51.345347015566567 6.16558456420898438 4.79080009460449219 46.5
55.2382607550539646 51.6674990359631821 5.35117006301879883 4.70960044860839844 48.5
55.6326208488959679 51.2918028982708378 5.91377687454223633 4.79080009460449219 46.5
55.0483072618295495 51.5099448114846439 8.78746414184570312 4.70960044860839844 48.5
55.6777484648735239 52.1075670515614249 1.63273704051971436 4.70960044860839844 45
55.0003107403481266 52.8128825741177721 1.90827107429504395 4.62840032577514648 47.5
55.927835257142732 51.9012088121565043 2.7686152458190918 4.70960044860839844 45.5
55.1029836531952242 53.0725329257283818 4.71066904067993164 4.62840032577514648 45.5
54.6135384029711659 53.4173463502593719 6.2587132453918457 4.54720020294189453 45.5
59.9000121420728675 56.9995548264787075 5.59505558013916016 4.62840032577514648 47
44.1029260861972006 73.5175371890505716 3.42693901062011719 3.5728001594543457 45
43.4972139219250238 73.7641323991057334 5.33722162246704102 3.49160003662109375 47
41.5065366429947247 81.7329287736208698 4.91693592071533203 3.16680002212524414 48
64.5747170485392843 71.3472328912205711 9.25932693481445312 4.46600008010864258 46.5
64.9131970215900793 71.1297845011017102 8.53739738464355469 4.38479995727539062 51.5
65.1130555627578076 70.9123361109828636 8.81966495513916016 4.30360031127929688 45
65.3505437688146742 70.9673529162721195 7.31470537185668945 4.46600008010864258 50.5
65.1445868856430224 71.1849700120971391 7.03185415267944336 4.38479995727539062 55
65.0886878768775432 71.1849700120971391 7.53173589706420898 4.30360031127929688 49
65.5569455080211299 70.7198838692338114 8.72159576416015625 4.46600008010864258 45
65.0139167350169629 71.2401499096747131 8.5506439208984375 4.38479995727539062 50.5
64.6749115743702703 71.4579356940453323 9.27369403839111328 4.30360031127929688 45.5
