
X Y Z V_r Mag
3.1164222767971097 2.08432564048389457 0.0774605497717857361 1.05560004711151123 48.5
3.22998575272261323 2.18329353511407165 -0.102090157568454742 1.05560004711151123 45
3.28288873155513627 2.24117483188212452 0.0200543142855167389 1.05560004711151123 45.5
3.32953806606158542 2.29965593493309672 0.168106555938720703 1.13680005073547363 55.5
3.33208726599576188 2.28902812361408392 0.245041757822036743 1.05560004711151123 57
3.32420448550122494 2.29965593493309672 0.25248304009437561 0.974400043487548828 46.5
3.35392976625990658 2.34688116941240033 0.508851349353790283 1.13680005073547363 53
3.35392976625990658 2.34688116941240033 0.508851349353790283 1.05560004711151123 55
3.46063194662474016 -5.08209925103204618 -0.137095823884010315 0.649600028991699219 49
3.44382102113300936 -5.17752485965795906 -0.289761543273925781 0.730800032615661621 64
3.46595504389366393 -5.16352313978508626 -0.275346726179122925 0.649600028991699219 69.5
3.47047363238107609 -5.16352313978508626 -0.210887372493743896 0.568400025367736816 63.5
3.50187981420924288 -5.22573409992780213 -0.344299077987670898 0.730800032615661621 69.5
3.53173484001162352 -5.20605296818658481 -0.337436586618423462 0.649600028991699219 74.5
3.5077134296420982 -5.22573409992780213 -0.278664141893386841 0.568400025367736816 68.5
3.58665302764824112 -5.25847061651151293 -0.353605598211288452 0.730800032615661621 69
3.56483248864253532 -5.27679281378158826 -0.29674375057220459 0.649600028991699219 73.5
3.57681547229141161 -5.26803002378285701 -0.308030843734741211 0.568400025367736816 66
3.63198430842366093 -5.32033481474924486 -0.324392199516296387 0.730800032615661621 64.5
3.63198430842366093 -5.32033481474924486 -0.324392199516296387 0.649600028991699219 68.5
3.62161548986079973 -5.33000668534112343 -0.278269499540328979 0.568400025367736816 60.5
3.63976838929782121 -5.38219901298697678 -0.59970557689666748 0.730800032615661621 54.5
3.63264816138671298 -5.39198334689939074 -0.553179025650024414 0.649600028991699219 58
3.71752521115442214 -5.50592780278542104 -0.648376226425170898 0.649600028991699219 46.5
6.44965150041308988 -3.87714549420462218 -0.866236448287963867 1.13680005073547363 55
6.47659937830163912 -3.86010725716954406 -0.730657637119293213 1.05560004711151123 60
6.50369171069608321 -3.83644303906526751 -0.603594720363616943 0.974400043487548828 53
6.50520198724770715 -3.95663842298524049 -0.741526246070861816 1.13680005073547363 66
6.50963500792761618 -3.95663842298524049 -0.70154571533203125 1.05560004711151123 71
6.48639766828001108 -3.9967879310222969 -0.689080119132995605 0.974400043487548828 64.5
6.59014294651484889 -3.93654507034907031 -0.865598022937774658 1.21800005435943604 47
6.56169200340571646 -4.03597227541183479 -0.575114428997039795 1.13680005073547363 70.5
6.47222781224594979 -4.15953229723740669 -0.69583582878112793 0.974400043487548828 71.5
6.43782552056691948 -4.20104074206943423 -0.762423217296600342 0.893200039863586426 52
6.98235932037219165 -3.41042146400184665 -0.675046324729919434 1.21800005435943604 49.5
6.55809494887537436 -4.1531311397861872 -0.763474822044372559 1.13680005073547363 67.5
6.51378444382415722 -4.22428311660017286 -0.752360343933105469 1.05560004711151123 75.5
6.48668654147216994 -4.25937176270022011 -0.787815630435943604 0.974400043487548828 72.5
6.43176253770568707 -4.30420725493917011 -0.972745597362518311 0.893200039863586426 54.5
7.07253579253158371 -3.40089966784571596 -0.65478980541229248 1.21800005435943604 57.5
7.08231608976941374 -3.37334608257381818 -0.690630137920379639 1.13680005073547363 66
6.6055623479276564 -4.2826143965464567 -0.203459620475769043 1.05560004711151123 64.5
6.54354151137550755 -4.33673751047339984 -0.624823093414306641 0.974400043487548828 63
6.50946406047546144 -4.32492883107115844 -0.968246817588806152 0.893200039863586426 49.5
7.19220430236530905 -3.36076881926295545 -0.424189835786819458 1.21800005435943604 58.5
6.68929863443662587 -4.26876252331449013 -0.483171999454498291 0.974400043487548828 67
7.30279374598426578 -3.31926986417456771 0.228665590286254883 1.21800005435943604 48.5
6.78734869669516172 -4.23582957893455436 -0.624725103378295898 1.13680005073547363 59.5
6.77909599853784695 -4.23582957893455436 -0.70868980884552002 1.05560004711151123 65.5
6.72297886605806116 -4.27895000315192764 -0.94486767053604126 0.974400043487548828 60.5
6.9079092334782457 -4.19747938475684546 -0.521499276161193848 1.13680005073547363 52.5
6.85842931452506566 -4.23189324998031591 -0.814270615577697754 1.05560004711151123 58.5
6.79877997990044403 -4.27541666776294083 -1.05233466625213623 0.974400043487548828 53
7.0441636239999541 -4.12806112225036781 -0.411704987287521362 1.13680005073547363 54
6.98121763025254261 -4.21080622269636606 -0.601946353912353516 1.05560004711151123 57.5
6.89127501622432437 -4.31500375659132729 -0.849530994892120361 0.974400043487548828 51
7.17847219690438543 -4.05768692414109644 0.259251534938812256 1.13680005073547363 47.5
7.31722137681913676 -4.40396246693728433 -0.407301396131515503 1.05560004711151123 47
7.2714076909692249 -4.89267328997780115 -0.434751719236373901 1.13680005073547363 45
7.30385710352902784 -4.84223335915328779 -0.455066204071044922 1.05560004711151123 54
7.30657810914146211 -4.84223335915328779 -0.409056723117828369 0.974400043487548828 50.5
7.23876293863552611 -5.06719796277334833 -0.496309399604797363 1.05560004711151123 47
7.75968693503664042 -4.38967958447292705 -0.416657030582427979 1.13680005073547363 54.5
7.49829290299929951 -4.7922899325406938 -0.682047784328460693 0.974400043487548828 52
7.88102323909577329 -4.33884594050342276 -0.252766430377960205 1.13680005073547363 56
7.57837828597017626 -4.80781917979578388 -0.673095047473907471 0.974400043487548828 51
7.93131925074445832 -4.38407542284013019 -0.47927325963973999 1.13680005073547363 53.5
7.87583155265872215 -4.49974425189592253 -0.281465440988540649 1.05560004711151123 55
7.74314871740970556 -4.73221591813550546 -0.0736253112554550171 0.974400043487548828 47
7.94157393760373331 -4.49462706057865002 -0.672493696212768555 1.13680005073547363 49.5
7.95874771814778548 -4.48776678015039554 -0.490709513425827026 1.05560004711151123 51
8.25570550772073375 -4.20224023260445012 -0.82128530740737915 1.13680005073547363 51.5
8.26836413137597859 -4.18132200135807786 -0.800441622734069824 1.05560004711151123 52
8.29273875302503605 -4.27361704870736414 -0.925907015800476074 1.13680005073547363 55.5
8.2980621287083558 -4.27361704870736414 -0.876919865608215332 1.05560004711151123 55.5
7.74922081962135323 5.33398059365157717 -0.894839942455291748 1.05560004711151123 49
5.89119894187478632 -7.67100217414918717 -0.234798252582550049 0.812000036239624023 47
5.85870653249530804 -7.69880880141560731 -0.0976206064224243164 0.730800032615661621 54
5.87693398196858841 -7.68550997967949279 -0.014511866495013237 0.649600028991699219 48.5
5.91641894758090459 -7.7450874237330094 -0.268514871597290039 0.812000036239624023 57
5.92015950702925231 -7.7450874237330094 -0.166837930679321289 0.730800032615661621 64
5.88196667668523165 -7.77554631717226208 -0.076442331075668335 0.649600028991699219 59
9.72831925556196708 -1.02146952969879146 -0.92034614086151123 1.21800005435943604 45
5.91836218045592943 -7.83535882035779796 -0.332846343517303467 0.812000036239624023 55
5.89298263205603856 -7.85745792075993421 -0.252500653266906738 0.730800032615661621 61.5
5.92499549120207014 -7.83535882035779796 -0.179506242275238037 0.649600028991699219 56.5
5.93994277505148283 -7.91743835837870158 -0.203145697712898254 0.730800032615661621 48
6.00196758602796265 -7.95498230563372744 -0.441897720098495483 0.730800032615661621 47
10.8306933495567215 -2.75235000585282341 0.0358080156147480011 1.21800005435943604 53
10.8123083187797118 -2.82356758591294188 -0.0457122288644313812 1.13680005073547363 47.5
10.930994374329865 -2.6541411144603626 0.177168175578117371 1.38040006160736084 48
10.9335922096390696 -2.6471121390513046 0.108911588788032532 1.29920005798339844 69
10.9350424532285331 -2.63867736856043456 0.157228171825408936 1.21800005435943604 72.5
10.9317936877518065 -2.6471121390513046 0.22624737024307251 1.13680005073547363 64.5
11.0054826634701968 -2.66475973283042755 -0.184524610638618469 1.38040006160736084 51.5
11.0148154814949315 -2.62655021993269955 -0.175260439515113831 1.29920005798339844 73
11.0155927696632485 -2.62655021993269955 -0.11658564954996109 1.21800005435943604 76.5
11.0090649817528696 -2.65626872996426577 -0.0193020831793546677 1.13680005073547363 68
11.0441869966042105 -2.73511504845738873 -0.710692644119262695 1.38040006160736084 45
11.0616015559403547 -2.67385986768464523 -0.671902596950531006 1.29920005798339844 65
11.078605219464535 -2.63112369505249832 -0.549280107021331787 1.21800005435943604 68.5
11.0813733773478837 -2.63112369505249832 -0.490271925926208496 1.13680005073547363 60.5
10.8570661085685387 -2.66574365389058077 -2.90179800987243652 1.21800005435943604 54.5
10.8894812620638302 -2.6787332006610276 -2.76515507698059082 1.13680005073547363 52.5
10.9369030233885773 -2.78909744231427936 -2.78311061859130859 1.21800005435943604 51
12.3853498739910766 -2.47399319793874284 -1.06681692600250244 1.21800005435943604 45
11.9707445044505807 -4.48409295510795403 -1.03674328327178955 1.21800005435943604 45.5
11.9537400026552216 -4.44402779289290795 -1.35622906684875488 1.13680005073547363 46.5
12.0625434101717204 -4.47001619187991484 -0.96126246452331543 1.13680005073547363 47
12.4679384372750039 -3.52805841677836973 -0.673759222030639648 1.21800005435943604 46.5
7.77611513030331203 10.4366228399080896 -0.954693019390106201 0.812000036239624023 46.5
12.9181419494486835 -5.01592405650087514 -0.691205978393554688 1.13680005073547363 45
13.4013742424842768 -3.99232698768661587 -1.07941591739654541 1.21800005435943604 46
10.8279612427600647 9.87520487602672503 -1.15134954452514648 0.974400043487548828 45.5
13.9062670618747788 -4.96279422181324481 -0.535772740840911865 1.21800005435943604 47.5
13.8754949559105007 -5.03110649346766881 -0.677685081958770752 1.13680005073547363 47
10.9726796777603237 9.84619850629837678 -0.976382970809936523 0.974400043487548828 46
13.8052051931026405 -5.46303229186199601 -0.30674329400062561 1.21800005435943604 46
13.8300487516018009 -5.4036515060808874 -0.229811683297157288 1.13680005073547363 47.5
10.9923124153753538 9.9165912254451456 -1.16309797763824463 0.974400043487548828 46.5
13.8007915193328454 -5.66966535707423702 -0.385604381561279297 1.21800005435943604 46.5
13.8251590889111871 -5.60998466910503435 -0.385604381561279297 1.13680005073547363 48
11.1000354185858168 9.88274892340012556 -1.36971545219421387 0.974400043487548828 46
8.75707087770904202 12.4807613555195207 -1.27839899063110352 0.812000036239624023 46.5
8.33813483358363783 12.7598960304438229 -1.32309174537658691 0.730800032615661621 47
10.3652546997537058 11.8401692139813814 -0.659112334251403809 0.893200039863586426 45.5
9.39472583289759733 12.5959246957248734 -1.06974029541015625 0.812000036239624023 47
11.3891013413163886 -11.0730826171249657 1.69583547115325928 0.893200039863586426 46.5
11.5423838098232814 -11.1130358413240362 0.936137795448303223 0.974400043487548828 48.5
11.4715333467497338 -11.1852374818740579 0.94706118106842041 0.893200039863586426 56.5
11.4780859647921929 -11.1852374818740579 0.864031732082366943 0.812000036239624023 52.5
11.0958080492222297 -11.5034805749564093 2.13742899894714355 0.893200039863586426 54.5
11.1588680550909594 -11.5316901962647638 1.58599734306335449 0.812000036239624023 53.5
11.6831325647806672 -11.216895717838284 0.354504764080047607 0.974400043487548828 63.5
11.68024351267748 -11.216895717838284 0.43952295184135437 0.893200039863586426 71.5
11.6016687000618877 -11.2897721383115144 0.618351459503173828 0.812000036239624023 68
11.4561137393371606 -11.4537440843762859 -0.0960884615778923035 0.730800032615661621 50.5
11.7426109686603279 -11.2688263164203981 0.0177534278482198715 0.974400043487548828 69
11.6868223523259278 -11.3237366774641348 0.258520632982254028 0.893200039863586426 77
11.7303020093947037 -11.2810286188745614 0.11872456967830658 0.812000036239624023 73
11.6359554862535326 -11.3501749994481571 -0.808551192283630371 0.730800032615661621 54.5
11.7828731683603749 -11.3330141277519374 -0.22181779146194458 0.974400043487548828 64.5
11.7387580278603281 -11.3759189946498616 -0.335498183965682983 0.893200039863586426 73
11.7608759203434623 -11.3207555943525318 -0.919136762619018555 0.812000036239624023 70.5
11.5102586669095732 -11.3616173723505547 -2.39794015884399414 0.730800032615661621 59
15.2723299631290583 -5.89261542319353282 1.34673213958740234 1.21800005435943604 48.5
13.2474466538385176 -9.31201538663499129 -2.75176262855529785 0.974400043487548828 52
11.5216354573017288 -11.4937813897191869 -2.21936559677124023 0.893200039863586426 56
11.4223481394180428 -11.4465747875828399 -2.87863540649414062 0.812000036239624023 61.5
11.3900116010579939 -11.4281026389207909 -3.07355880737304688 0.730800032615661621 58
15.0782391916343617 -6.07003572391838819 2.83749532699584961 1.21800005435943604 58.5
15.1206215677912148 -6.00405707474536321 2.75101900100708008 1.13680005073547363 60
15.043083091942929 -5.99374791081207725 3.16711854934692383 1.05560004711151123 48.5
11.6859609852910413 -11.4143063069334918 2.32420253753662109 0.974400043487548828 48
11.8458877001687952 -11.2823490085874401 2.15256762504577637 0.893200039863586426 49.5
15.2608865812317411 -6.15769201668860422 1.97960162162780762 1.29920005798339844 45.5
15.272488469883946 -6.09762707606163801 2.07381129264831543 1.21800005435943604 57.5
15.2077649728281106 -6.09762707606163801 2.50469064712524414 1.13680005073547363 56
13.8749012147051367 -7.86436481243411745 -4.51326179504394531 0.974400043487548828 53.5
15.4528172583962498 -6.12521842820488693 0.95640110969543457 1.21800005435943604 70
15.4451691278553618 -6.2021997739397996 0.449464112520217896 1.05560004711151123 58
13.9491970797992408 -7.81256630363768778 -4.64825439453125 0.974400043487548828 53.5
10.0711547639018129 13.2262274280225789 -0.928066909313201904 0.812000036239624023 47.5
15.4107006773676893 -6.15280907867090399 2.09257864952087402 1.29920005798339844 53.5
15.3655718996000292 -6.23013718190148325 2.19322514533996582 1.21800005435943604 68.5
15.3260750519279441 -6.23013718190148325 2.45406770706176758 1.13680005073547363 69.5
15.3260750519279441 -6.23013718190148325 2.45406770706176758 1.05560004711151123 57.5
13.2864410213178026 10.2782746295061465 0.259989529848098755 1.13680005073547363 57.5
13.3032597272453224 10.2488841383270035 0.472976326942443848 1.05560004711151123 64.5
13.2958776862529771 10.2488841383270035 0.648119628429412842 0.974400043487548828 60
11.4813166928759784 12.2264443305236519 -0.966160416603088379 0.893200039863586426 46.5
15.5626228574291705 -6.29866486405702108 1.70211958885192871 1.21800005435943604 61.5
13.3710437177344108 10.2946373841065864 0.0356659106910228729 1.13680005073547363 63.5
13.3694149638419137 10.2946373841065864 0.211684376001358032 1.05560004711151123 70
13.3655022238289458 10.2946373841065864 0.386529445648193359 0.974400043487548828 65
15.4792833755042434 -6.3266592148898626 2.76906013488769531 1.13680005073547363 63
13.4870380780021026 10.2641414647995557 0.223024353384971619 1.05560004711151123 66.5
13.5042959430062339 10.2344885592058308 0.437923133373260498 0.974400043487548828 61.5
10.9797784147954722 12.896895868585327 -0.645823299884796143 0.893200039863586426 45.5
15.8118191660072416 -5.93554852640319552 2.14623546600341797 1.13680005073547363 54.5
13.5519902125556726 10.1542555973198763 1.7565082311630249 1.05560004711151123 55
13.5149555949837161 10.1542555973198763 2.021820068359375 0.974400043487548828 51
16.1520358955192265 -5.30569568433055672 1.83612668514251709 1.21800005435943604 47
13.3422134926446869 10.3015541257179279 2.87634181976318359 1.05560004711151123 49.5
11.7272725070450488 12.4447731234559651 -0.0932647734880447388 0.893200039863586426 48
11.7522012420400994 12.5186716414504868 -0.386377662420272827 0.893200039863586426 49
11.5934063935120086 12.8401673359874433 -0.937387704849243164 0.893200039863586426 47
12.0418875495807001 12.6478074196130272 0.633681058883666992 0.974400043487548828 47.5
12.000926092877755 12.6892971193665947 0.578909695148468018 0.893200039863586426 49
12.3412298355120811 12.4718211564785992 0.387636035680770874 0.974400043487548828 52.5
12.2709432899198809 12.5376123705975306 0.484523594379425049 0.893200039863586426 51
12.2188471009516988 12.6858948182681743 0.639120340347290039 0.974400043487548828 53.5
12.2188471009516988 12.6858948182681743 0.639120340347290039 0.893200039863586426 54
12.1267217551411512 12.8814320974212055 0.548974454402923584 0.974400043487548828 51.5
12.1752420887947075 12.82171391977176 0.810640931129455566 0.893200039863586426 51
12.5071905558366581 12.5495337726358063 1.42481148242950439 0.893200039863586426 49
11.9767658443363239 13.2292630160106359 -0.407644838094711304 0.974400043487548828 47
12.2196839691895072 13.0106712480846465 0.155769124627113342 0.893200039863586426 51.5
12.3769352058410753 12.9645429751298558 0.194305598735809326 0.974400043487548828 57.5
12.500817842180723 12.8301489567283706 0.649999022483825684 0.812000036239624023 46
13.8626237751568198 11.401560431525068 -1.35353362560272217 1.05560004711151123 45
12.3553747708187398 13.0840159854372278 0.39144212007522583 0.974400043487548828 53
12.5479292641525788 12.8838307657872519 0.745913863182067871 0.893200039863586426 54
13.2293309310144132 12.201195933002154 -1.67965960502624512 0.974400043487548828 51.5
17.5626380288478998 -4.35459121151218298 1.41909933090209961 1.05560004711151123 51
12.9789580201788421 12.6759428547612458 -0.538194477558135986 0.974400043487548828 57
12.8854250477144507 12.7734675537690698 -0.476349085569381714 0.893200039863586426 56
12.9418145688543582 12.8262496677040581 -0.383912384510040283 0.974400043487548828 57.5
12.9460566309641827 12.8262496677040581 -0.193829059600830078 0.893200039863586426 56.5
14.3200054425418912 11.298881865336611 -1.47062551975250244 1.05560004711151123 48.5
12.8680002540297362 12.9522094485461583 -1.24293637275695801 0.893200039863586426 47
14.264795151317422 11.5610244536385665 -0.706376135349273682 0.974400043487548828 45.5
14.6308733812408462 11.8300378799417043 -0.606957852840423584 1.05560004711151123 45.5
14.8141068769740549 11.7212954112432008 -0.602935671806335449 0.974400043487548828 45
14.9617697271598722 12.1465484387450751 -0.363985627889633179 1.05560004711151123 49.5
14.8651574266378237 12.269386822718106 -0.122210949659347534 0.974400043487548828 50
14.9372161852862728 12.2760214462270838 -0.775494754314422607 1.05560004711151123 52
14.9174176184569411 12.3171268952296167 -0.426073849201202393 0.974400043487548828 52.5
15.0446207952347066 12.2726292751170298 -0.610418975353240967 1.05560004711151123 47.5
14.9752376536204608 12.364868181852481 -0.427725315093994141 0.974400043487548828 48
15.8304765080853347 11.3623856085785828 0.736339688301086426 1.05560004711151123 47
15.2731600758547597 12.3632189471957101 0.0629644319415092468 1.05560004711151123 48
14.17646558028291 -13.593402202914687 -0.608114838600158691 0.893200039863586426 51
15.1963426151886836 12.575549519516791 -0.0484115034341812134 0.974400043487548828 48.5
14.0439986173210567 -13.6921163427902339 -2.08990836143493652 0.893200039863586426 49
13.7911174949426876 -13.746342546128016 -3.14940905570983887 0.812000036239624023 51.5
10.1582705393609771 16.8618844106261001 1.24981629848480225 0.730800032615661621 47
13.7280732211759577 -14.1252048712450033 -2.01461219787597656 0.893200039863586426 50.5
13.675489744375124 -13.9346915107465161 -3.29323697090148926 0.812000036239624023 53
18.1271519151827256 -8.12872890155940553 -0.587990462779998779 1.13680005073547363 49.5
13.5155789217171858 -14.5164743139672225 -1.27149224281311035 0.893200039863586426 51
13.6271144338265682 -14.3972628910295963 -1.42695796489715576 0.812000036239624023 54.5
11.6074492871355144 -16.1332792375587815 0.00677528511732816696 0.730800032615661621 51.5
11.4737411363346862 -16.2127535195172001 -0.718003213405609131 0.649600028991699219 46.5
18.2313781593395774 -8.06965770082619116 -0.707117915153503418 1.21800005435943604 50.5
18.2078732359443691 -8.13696717191741925 -0.515430986881256104 1.13680005073547363 55.5
18.2427426135319806 -8.06965770082619116 -0.292416989803314209 1.05560004711151123 48
13.3637254369832377 -14.7856471497065609 -0.893305957317352295 0.893200039863586426 50
13.3447601449598956 -14.8155624701915514 -0.64730679988861084 0.812000036239624023 53
18.3631128598575231 -7.89980983239236778 -1.17888689041137695 1.21800005435943604 45.5
18.3794705972419905 -7.91482372501015519 -0.742520987987518311 1.13680005073547363 48
12.9176376561769679 -15.1965616446369491 -1.78881156444549561 0.812000036239624023 49.5
13.0721667755257513 -15.0539296647679706 -1.87038207054138184 0.730800032615661621 48.5
9.64457819946933981 17.5237150003939668 0.949851691722869873 0.649600028991699219 47
18.5120724967251817 -7.79627725660775095 -0.728868484497070312 1.21800005435943604 45.5
18.4864244522948269 -7.85404606359936697 -0.758995652198791504 1.13680005073547363 47.5
12.9143419576021632 -15.3514325362070139 -1.250327467918396 0.812000036239624023 48
12.8280299223358618 -15.4318065285431754 -1.14499771595001221 0.730800032615661621 49.5
9.70612827006367596 17.5742757617540057 0.972572743892669678 0.649600028991699219 45.5
18.4773556636855361 -8.06738983377194252 -0.731588184833526611 1.13680005073547363 45.5
18.5811875310285153 -8.01640587452265407 -0.734307825565338135 1.21800005435943604 51.5
18.5899195809019062 -8.003753718786351 -0.646002471446990967 1.13680005073547363 55
18.5460436661893162 -8.09737967123500368 -0.734307825565338135 1.05560004711151123 47
18.6450536674663923 -8.0333975526277559 -0.965465366840362549 1.13680005073547363 47.5
19.8248924262215027 -4.80009703785059383 0.304577022790908813 1.21800005435943604 45.5
19.882956320029912 -4.83053691831559195 0.748048305511474609 1.21800005435943604 45.5
16.5573415479640325 12.0226128067611064 -0.732702553272247314 1.05560004711151123 48.5
9.76930966253314992 18.0781508801634061 0.20875103771686554 0.730800032615661621 45.5
9.76906488645335358 18.0781508801634061 -0.2199573814868927 0.649600028991699219 48
16.7927076411280858 11.9225480888444579 1.11734271049499512 1.05560004711151123 50
17.0363044928996388 11.7537968804332102 0.320344209671020508 1.13680005073547363 52
17.0339499132459515 11.7537968804332102 0.427582234144210815 1.05560004711151123 54
11.6479239379280912 17.1056027223382081 0.462856262922286987 0.812000036239624023 48
18.6847181020476363 -8.97189733469483031 1.40962576866149902 1.21800005435943604 51
18.7158737501363355 -8.8888242112254332 1.51841533184051514 1.13680005073547363 57
18.7158737501363355 -8.8888242112254332 1.51841533184051514 1.05560004711151123 51.5
13.275292273509061 15.8072577751611174 2.34475994110107422 0.893200039863586426 50
10.8383004301800785 17.7231316851740743 -0.150134429335594177 0.730800032615661621 49
18.8730256095919984 -8.83754031546688168 0.655199348926544189 1.21800005435943604 54.5
18.8350755376506136 -8.89225386105202453 0.94354557991027832 1.13680005073547363 60
18.8766133649886534 -8.81409165307325004 0.841293513774871826 1.05560004711151123 54
13.4495431292457486 15.8070038602410303 1.99272334575653076 0.893200039863586426 48
13.1632301718250062 16.0440958911099827 2.00970268249511719 0.812000036239624023 47
19.0268646484028956 -8.70198449594076173 0.330956965684890747 1.21800005435943604 56.5
19.0183790902566763 -8.70198449594076173 0.657556235790252686 1.13680005073547363 61
19.0143236185383202 -8.70198449594076173 0.765914857387542725 1.05560004711151123 54
13.4452758082835349 15.8638641637237399 2.32766628265380859 0.893200039863586426 45.5
19.0626327732652605 -8.78040864165121704 0.72144317626953125 1.21800005435943604 56.5
19.0183610728031169 -8.84601241213576017 1.02470231056213379 1.13680005073547363 60
18.9949034382110362 -8.87750222196834038 1.17625415325164795 1.05560004711151123 52
13.4574720680845843 16.0099441490478398 1.89159297943115234 0.893200039863586426 47
19.9610529031280102 -6.42752050497300242 -2.75062060356140137 1.21800005435943604 46
19.8098272138955522 -6.69709578930986371 -3.1689460277557373 1.13680005073547363 48
13.0119062484805994 16.6608097299958118 0.655977964401245117 0.893200039863586426 46
13.1963821805722397 16.4916644535491521 1.09682691097259521 0.812000036239624023 48
13.5972681483725815 16.2265680908224006 1.52099692821502686 0.893200039863586426 47
13.4208299787989489 16.3432678286445956 1.81095588207244873 0.812000036239624023 47
12.8977112597561234 17.1062025062170342 1.06272709369659424 0.812000036239624023 48.5
17.420288215394347 12.5423265416553082 1.5966494083404541 1.05560004711151123 45.5
12.7004464006327868 17.3300900510154747 1.30088651180267334 0.812000036239624023 48
21.7032982495726614 3.87954477272478471 -0.344242244958877563 1.29920005798339844 46
21.698433287628589 3.87954477272478471 -0.574196040630340576 1.21800005435943604 45.5
21.7026423629109892 4.24662578313658035 0.690741777420043945 1.29920005798339844 47.5
21.7060259971485188 4.24662578313658035 0.574641585350036621 1.21800005435943604 48
21.81019345684998 4.14173486843652316 0.0393516682088375092 1.29920005798339844 49.5
21.8100924411601049 4.14173486843652316 -0.077189713716506958 1.21800005435943604 49
18.8623749206467792 11.5402659428639911 -1.96802687644958496 1.13680005073547363 45.5
21.8862840895267219 4.21719787806977475 -1.65176486968994141 1.29920005798339844 45
21.8555146127007731 4.40990427117362582 -1.55297613143920898 1.21800005435943604 45.5
21.9310486705317551 4.51997818147810282 -1.21637976169586182 1.21800005435943604 46
18.8667055364361502 12.1966781297977249 -1.24036026000976562 1.13680005073547363 47
18.9104082114048602 12.1460695068525091 -1.05805587768554688 1.05560004711151123 46.5
18.9415874977702501 12.276827608300211 -0.355516791343688965 1.13680005073547363 56.5
18.9434220254579664 12.276827608300211 -0.238556221127510071 1.05560004711151123 56.5
22.3576917285623544 3.40489214933085993 -1.25017142295837402 1.29920005798339844 45.5
18.921415526634302 12.4393191989269578 -0.51571965217590332 1.21800005435943604 45
18.979908496256062 12.3572395045540588 -0.290304064750671387 1.13680005073547363 58
19.0075207890797309 12.3176148245119705 0.114271759986877441 1.05560004711151123 57
14.6972327122937116 17.2339054840196226 0.0802995339035987854 0.893200039863586426 45.5
19.047461793686864 12.3584010034617346 0.943264484405517578 1.13680005073547363 56.5
19.0400207675964808 12.3186451178807452 1.46773481369018555 1.05560004711151123 55
19.1158736709593811 12.3991882196734942 0.826776981353759766 1.13680005073547363 56
19.0920936767453817 12.4390753141301644 0.775512397289276123 1.05560004711151123 55.5
19.1966836188336956 12.4399743986232583 -0.00311786099337041378 1.13680005073547363 49
19.163182956885553 12.4914264986175656 0.048347126692533493 1.05560004711151123 49
16.2539572661109872 16.3812617605079005 1.03592860698699951 0.974400043487548828 50.5
16.213973221116408 16.4159005518957599 1.1114424467086792 0.893200039863586426 48.5
18.815176926880806 13.529822389900092 0.116920441389083862 1.13680005073547363 47.5
16.530341354750508 16.1853975464793685 1.36433053016662598 1.05560004711151123 50
16.400741696653018 16.3099228809754493 1.44318687915802002 0.974400043487548828 59.5
16.3897547111366961 16.3099228809754493 1.56301343441009521 0.893200039863586426 57.5
22.6172399274531166 5.29928514039713061 -0.969807326793670654 1.21800005435943604 46.5
18.9668474613226685 13.4399633001519341 -0.434296280145645142 1.13680005073547363 48
18.9200012814468934 13.5125960460455357 0.0760852470993995667 1.05560004711151123 51
16.4427951765541529 16.3627049949104375 1.56807172298431396 0.974400043487548828 58
16.4427951765541529 16.3627049949104375 1.56807172298431396 0.893200039863586426 55.5
22.6375654220925604 5.44754046790905466 -1.38586187362670898 1.21800005435943604 46.5
19.0328836541978426 13.4833184615020265 -0.071558535099029541 1.13680005073547363 47.5
18.9785225693497388 13.556185508959345 0.318034768104553223 1.05560004711151123 51
19.0462598021513614 13.5676103783038986 0.848534286022186279 1.05560004711151123 47
23.1415642030891746 5.03758249013460091 -0.883633613586425781 1.29920005798339844 45
23.1459242027091427 5.03758249013460091 -0.760907769203186035 1.21800005435943604 45
12.7638964925609084 20.1079870856220957 1.25470912456512451 0.730800032615661621 47
20.52353654339516 12.1679067724864716 -1.76979148387908936 1.13680005073547363 45
12.9241863968592341 19.9768926422001485 2.50895476341247559 0.812000036239624023 48
12.646081937037982 20.1861686800561806 2.23627614974975586 0.730800032615661621 50
12.9840527803675059 20.1534782928515668 1.11878836154937744 0.812000036239624023 46.5
12.8557772318896575 20.2344520895639164 1.13839900493621826 0.730800032615661621 47.5
17.2840471342304767 16.6695531016610659 1.73014187812805176 1.05560004711151123 49.5
17.2960507001186521 16.6695531016610659 1.60569882392883301 0.974400043487548828 57
17.1609113603214851 16.7507799440622271 2.12607026100158691 0.893200039863586426 53
20.2411214132798065 13.079030925257884 -1.56798386573791504 1.13680005073547363 55.5
17.3740393850696186 16.7063948320783666 1.50390350818634033 1.05560004711151123 57
17.4429183497434046 16.6098260758235803 1.75523805618286133 0.974400043487548828 64
17.3247712781803038 16.72148370024318 1.86195778846740723 0.893200039863586426 60
20.1325856835312216 13.3285214479166019 -1.96981477737426758 1.21800005435943604 46
20.2828765508423174 13.1196484113719194 -1.82492208480834961 1.13680005073547363 59
20.2586371820143114 13.1196484113719194 -2.07679533958435059 1.05560004711151123 59
17.4838628021069376 16.6614085962600456 1.88749992847442627 0.974400043487548828 60
17.4699027214272782 16.6614085962600456 2.01261258125305176 0.893200039863586426 56
20.1430400515575414 13.3454944991606013 -2.57793259620666504 1.13680005073547363 53
20.236569868629477 13.1724130005366735 -2.73108458518981934 1.05560004711151123 53.5
20.9723128865222854 12.3967705998252882 -0.789224028587341309 1.13680005073547363 46.5
20.4512457155716625 13.2964976409742484 -1.6589810848236084 1.13680005073547363 52
20.4462343581771613 13.3514923462907795 -1.22134733200073242 1.05560004711151123 51
17.5892393572288093 16.9475350217105145 1.09646987915039062 0.974400043487548828 52
17.4819950439284817 17.0391928639047308 1.35951137542724609 0.893200039863586426 49.5
20.3352506603705443 13.5977787020529224 -1.74747097492218018 1.13680005073547363 51
20.2728977879084624 13.729557941220893 -1.4087522029876709 1.05560004711151123 51
17.5451469232415462 17.0914608567385962 1.23511576652526855 0.974400043487548828 56
17.5356213394329714 17.0914608567385962 1.36368167400360107 0.893200039863586426 52.5
20.3818100167128193 13.6731755442858258 -1.66915881633758545 1.13680005073547363 50
20.3937469696634928 13.6578055178196784 -1.6490786075592041 1.05560004711151123 51
17.8120433847499662 16.9193251339364181 1.27574193477630615 0.974400043487548828 54.5
17.5109200598453363 17.1806155838609449 1.83143317699432373 0.893200039863586426 51
20.7384153003404279 13.3201901769626261 -1.16033470630645752 1.13680005073547363 54
20.7074432357487268 13.3633574599435239 -1.21578502655029297 1.05560004711151123 53.5
17.6449463954325125 17.2329960414453964 -0.731677532196044922 0.974400043487548828 45
20.9002023455409969 13.1782052714915334 -1.44189143180847168 1.13680005073547363 54
20.8285286551270516 13.2895442505513053 -1.45705115795135498 1.05560004711151123 53
16.952352410925343 18.0264265403665291 1.98655188083648682 0.974400043487548828 46.5
16.9456043125400626 17.9550777517882416 2.59660172462463379 0.893200039863586426 49.5
17.6890921945814874 17.5239302942269397 -0.134108752012252808 1.05560004711151123 45
17.4774004882796135 17.6950624260065013 1.19804835319519043 0.974400043487548828 56.5
17.0047601359084517 17.9222014372775504 3.1053011417388916 0.812000036239624023 45.5
20.8903825607295026 13.5820050426705805 -1.6946033239364624 1.13680005073547363 48.5
17.9488089401337128 17.3114388721722676 1.38020145893096924 1.05560004711151123 47.5
17.9271537740485698 17.3364057932065911 1.34789896011352539 0.974400043487548828 55.5
17.6627447658868171 17.5767124081619279 1.68441259860992432 0.893200039863586426 52
20.924896081856371 13.5414060918945314 -2.50631093978881836 1.13680005073547363 47
18.8103924232893469 16.4274847827698807 1.95178008079528809 0.974400043487548828 49.5
18.6843285330243774 16.7435361536481722 1.34744083881378174 0.974400043487548828 47.5
20.8280467686654234 14.3104980825202723 -0.477288544178009033 1.05560004711151123 45
25.3268290349313574 1.08019421318452147 -0.0864137560129165649 1.29920005798339844 47
18.4814370744450471 17.3179523855711999 1.07121694087982178 0.974400043487548828 49.5
25.3953722504683981 1.2200052587132777 -0.131738424301147461 1.29920005798339844 46.5
18.5279059937106787 17.3691894515247114 1.20772314071655273 1.05560004711151123 49.5
18.1916492478581873 17.7567952889284086 0.436796247959136963 0.893200039863586426 52
18.6626506653513715 17.3758159502119582 -0.191235482692718506 1.05560004711151123 47
18.6174005894103836 17.4204265174782265 0.41374814510345459 0.974400043487548828 53
18.3970164325119327 17.6562252301713656 0.239911451935768127 0.893200039863586426 47.5
18.8651215595544457 17.2639326209664468 -0.380096524953842163 0.974400043487548828 46.5
18.9990451105642002 17.1478894280397078 1.70550918579101562 0.974400043487548828 49
25.7705838860431804 1.11871303179396331 -0.515341997146606445 1.29920005798339844 46
25.8495654543805031 2.07532848045786444 -0.946306824684143066 1.29920005798339844 45.5
25.1188985699349985 -5.95035587756278428 -2.65268445014953613 1.21800005435943604 49
17.991369855174991 18.6098596083557588 1.84018182754516602 0.974400043487548828 45
18.2168155565397925 18.4023267603099718 1.70427238941192627 0.893200039863586426 45.5
25.9636699080461852 1.72359859102995805 0.466618478298187256 1.38040006160736084 61
25.9574240003124537 1.72359859102995805 0.736238777637481689 1.29920005798339844 70
25.9531918217032072 1.72359859102995805 0.872794687747955322 1.21800005435943604 66.5
25.9426488141316405 1.72359859102995805 1.14405763149261475 1.13680005073547363 47
18.0219292744907236 18.5921002734306988 2.61622214317321777 0.974400043487548828 53
26.0426271021929523 1.72856565785977767 0.0604992471635341644 1.38040006160736084 67.5
26.0419613543543136 1.72856565785977767 0.195735946297645569 1.29920005798339844 76.5
26.0405939453454742 1.72856565785977767 0.33096429705619812 1.21800005435943604 73.5
26.0384920181661386 1.72856565785977767 0.467963159084320068 1.13680005073547363 52.5
18.1386144147679325 18.4532537588124903 3.41731834411621094 0.974400043487548828 49.5
17.6856946932530406 18.9522547883455985 3.03945279121398926 0.893200039863586426 50
26.1101498510867103 1.73353285101056653 -0.620958149433135986 1.38040006160736084 61
26.1130220281193992 1.73353285101056653 -0.485364586114883423 1.29920005798339844 70
26.1151910044494429 1.73353285101056653 -0.349757999181747437 1.21800005435943604 67.5
26.1213744850665641 1.67465815041020738 -1.14414558538555866e-06 1.13680005073547363 48
26.1924952343963149 1.62041324870888581 0.624527633190155029 1.38040006160736084 52
26.1947901166857235 1.67945664643512038 0.273812144994735718 1.29920005798339844 62
26.1902540514567406 1.73850004416135517 0.332866400480270386 1.21800005435943604 60
26.2818553040051839 1.50332918815654115 0.0987102165818214417 1.38040006160736084 48.5
26.2776037463233187 1.57898908165238461 -1.15070236006431514e-06 1.29920005798339844 57.5
26.2724408230521718 1.62504292986724574 0.35176318883895874 1.21800005435943604 55
19.3646450527660043 17.8261288197380665 0.495322614908218384 0.974400043487548828 46.5
26.0723594731347923 1.60328126757168721 3.82382535934448242 1.29920005798339844 45
25.9951183219128055 2.11731486306026628 4.54933357238769531 1.29920005798339844 51.5
19.3493179426299591 18.1543260054315319 0.962760031223297119 0.974400043487548828 45
14.5166539940641197 22.3506804125796315 1.61364316940307617 0.730800032615661621 47.5
27.1501047424643005 2.80757907934950524 -0.528556585311889648 1.29920005798339844 48
27.1092811868469177 3.59180668428724603 -1.25560939311981201 1.29920005798339844 51.5
27.0668395154071746 3.72179587857573635 -1.71032345294952393 1.21800005435943604 49.5
27.1064907122677745 4.07843657290383099 -1.45157170295715332 1.29920005798339844 54
27.1064907122677745 4.07843657290383099 -1.45157170295715332 1.21800005435943604 52
27.1839739034253647 3.96231800544647683 -1.71969509124755859 1.21800005435943604 48.5
27.3251921666124566 3.8455056396098044 -0.553177714347839355 1.38040006160736084 49
27.3216076123305918 3.82481233571952783 -0.812767863273620605 1.29920005798339844 60
27.3216076123305918 3.82481233571952783 -0.812767863273620605 1.21800005435943604 58.5
27.3961678179037769 3.85595548935155819 -0.698040187358856201 1.38040006160736084 54
27.381758454140936 3.85595548935155819 -1.1298755407333374 1.29920005798339844 64.5
27.3872955802099831 3.85595548935155819 -0.986584484577178955 1.21800005435943604 63
27.3323849374585421 3.85595548935155819 -1.99450051784515381 1.13680005073547363 46
27.4663173357673962 3.86640533909331197 -0.845552206039428711 1.38040006160736084 48.5
27.4495718609918349 3.86640533909331197 -1.27847683429718018 1.29920005798339844 59.5
27.4495718609918349 3.86640533909331197 -1.27847683429718018 1.21800005435943604 58
27.3084217326179157 5.2780858952843408 -0.789055824279785156 1.29920005798339844 48.5
27.2834320645239998 5.40325789280096558 -0.806121408939361572 1.21800005435943604 48
22.2924909686675008 16.6443986697800668 0.48940664529800415 1.05560004711151123 48
27.3344380756425096 5.54681784176352277 -0.68660205602645874 1.21800005435943604 50
22.150649384916349 16.9577133767050725 -0.441278398036956787 1.05560004711151123 49.5
22.0303349354522133 17.1076273724284142 -0.635257303714752197 0.974400043487548828 45.5
27.4590733589414171 5.14573489976217502 -1.45647811889648438 1.29920005798339844 47.5
27.4893448915728094 5.10029023013112326 -0.961064577102661133 1.21800005435943604 48
18.3851650023128919 21.0131234104229172 3.38379716873168945 0.893200039863586426 50.5
27.782562994556379 4.83121174066358172 0.169188857078552246 1.29920005798339844 52
27.7824218754279073 4.81006858206111509 0.490234583616256714 1.21800005435943604 51.5
18.4636504352103294 21.1184915840968976 2.88842177391052246 0.974400043487548828 47.5
18.5745480385829467 21.0691575473578077 2.51333045959472656 0.893200039863586426 53
18.5325668440331377 21.0691575473578077 2.80617332458496094 0.812000036239624023 47
27.8335257587860347 4.97479041611396866 -0.14843355119228363 1.38040006160736084 49
27.8339212401737441 4.97479041611396866 -1.23593952139344765e-06 1.29920005798339844 60.5
18.3978155793292828 21.4573169013211142 0.761351823806762695 0.974400043487548828 47
18.5990362227192989 21.2559226870324132 1.31807255744934082 0.893200039863586426 53
27.9073639086155794 4.98798594459771572 0.146895065903663635 1.29920005798339844 60
18.404884730203527 21.5390302153083191 1.0261000394821167 0.893200039863586426 49
28.0161454752384493 5.01437767273473689 1.48381257057189941 1.29920005798339844 50.5
27.9988499255428991 5.01437767273473689 1.78060817718505859 1.21800005435943604 49
27.6352892189897652 -6.49589834876999994 -2.51877808570861816 1.13680005073547363 52
27.6378676242330705 -6.57780934768541137 -2.26513886451721191 1.05560004711151123 50
28.0520346356337207 5.02757320121848394 2.08267974853515625 1.21800005435943604 51
27.6939904050069821 -6.51299255612394479 -2.67479181289672852 1.13680005073547363 56.5
27.7271923052292522 -6.4630024816800109 -2.44195318222045898 1.05560004711151123 54.5
28.0822950851556676 5.1410116319262249 2.40359926223754883 1.21800005435943604 50
27.7293527053783357 -6.41552426491071959 -3.27820134162902832 1.13680005073547363 49.5
27.7569413383473211 -6.47996591489308216 -2.89565110206604004 1.05560004711151123 47
29.0076072471347892 1.95634194936345662 1.24157583713531494 1.13680005073547363 47
26.3484829049649321 12.9648802111228854 -1.42457056045532227 1.21800005435943604 49
26.3632629801339711 12.9648802111228854 -1.11818599700927734 1.13680005073547363 49.5
19.0272005882882524 22.2890133864784765 2.35065555572509766 0.893200039863586426 49
18.7333345280871519 22.5718968594896552 1.98285210132598877 0.812000036239624023 46.5
26.5020531764974479 12.8653587849175857 -0.94832766056060791 1.21800005435943604 48
26.4816033076121258 12.8653587849175857 -1.40813314914703369 1.13680005073547363 49
19.5808740279713547 21.8449593339095927 2.85705804824829102 0.893200039863586426 46.5
19.537277033485168 22.0777876876647241 2.01708889007568359 0.893200039863586426 51.5
19.7424986974361723 21.9561307398617735 2.40890789031982422 0.974400043487548828 49
19.5921661869135342 22.1116116859204794 2.20553708076477051 0.893200039863586426 53.5
19.6517984308906755 22.1116116859204794 1.58877360820770264 0.812000036239624023 47
26.507293081371607 13.3680993989720864 -0.864490866661071777 1.29920005798339844 48.5
26.4718798656097967 13.4608818767550691 -0.366488516330718994 1.21800005435943604 65.5
26.4735779545265579 13.4608818767550691 -0.210582345724105835 1.13680005073547363 67.5
26.4510112158419126 13.5054174660909005 0.194385811686515808 1.05560004711151123 57.5
19.7648044902856412 21.9486229443422864 3.11456441879272461 0.974400043487548828 45
19.768098460560406 21.9708907390102048 2.9312591552734375 0.893200039863586426 49.5
26.5601769575443356 13.4539469647065051 -0.314640611410140991 1.29920005798339844 52
26.587456495008734 13.4018575682723533 0.219236016273498535 1.21800005435943604 69.5
26.5602724553035507 13.4539469647065051 0.306520819664001465 1.13680005073547363 72
26.5697549058209326 13.4018575682723533 0.99449920654296875 1.05560004711151123 62
26.6885977370599932 13.3684741051013578 -0.158733546733856201 1.21800005435943604 65.5
26.6541952612471746 13.435614879066712 -0.246243149042129517 1.13680005073547363 68
26.6551755642380392 13.435614879066712 -0.0915765166282653809 1.05560004711151123 58.5
26.6749180975117497 13.5628584248825739 -0.0571250617504119873 1.21800005435943604 56.5
26.6698270879451798 13.5628584248825739 -0.524301826953887939 1.13680005073547363 59
23.5136382944908462 18.5063651350272522 0.359067618846893311 1.05560004711151123 59
23.510714334076571 18.5063651350272522 0.516145527362823486 0.974400043487548828 54.5
23.5696390273054206 18.5527474725805632 0.517439126968383789 1.05560004711151123 57.5
17.6190030050591382 24.1724783495460933 3.12533974647521973 0.893200039863586426 47
17.7806972054933077 24.1198641242827776 2.56605410575866699 0.812000036239624023 52
23.4659114833051277 18.9280757938799624 -0.318603336811065674 1.05560004711151123 52
23.2493124700425362 19.1277549374061664 1.61898183822631836 0.974400043487548828 48.5
17.9070297544143884 24.0142426572832193 3.41716313362121582 0.893200039863586426 46.5
18.2460947490826264 23.8710764789059411 2.50486159324645996 0.812000036239624023 50.5
23.3771082531656589 19.1300128548965276 1.05071783065795898 1.13680005073547363 52.5
23.3608232336773618 19.1300128548965276 1.36574292182922363 1.05560004711151123 64.5
23.4332803900223539 19.0167057698724626 1.67239177227020264 0.974400043487548828 63
23.479127483479747 18.9940443528676504 1.22781014442443848 0.893200039863586426 48.5
23.3326070124428036 19.3175745228827971 0.714686810970306396 1.13680005073547363 66
23.3207894697007596 19.3175745228827971 1.03061509132385254 1.05560004711151123 77
23.3848210152376055 19.2229176504656927 1.31134879589080811 0.974400043487548828 75.5
23.3649803912731251 19.2229176504656927 1.627036452293396 0.893200039863586426 59
23.4368081089150522 19.3122517285767934 0.627430498600006104 1.13680005073547363 67
23.4320689416529255 19.3122517285767934 0.784773766994476318 1.05560004711151123 77.5
23.4261867702410669 19.3122517285767934 0.944166183471679688 0.974400043487548828 76
23.4767590181806867 19.2249518485144364 1.3725208044052124 0.893200039863586426 59
23.4696504865908047 19.2704996120252297 0.681261956691741943 0.812000036239624023 45
23.4017607689675806 19.4816961712131409 0.153623610734939575 1.13680005073547363 57.5
23.458967002247693 19.4132058331112205 0.0830403119325637817 1.05560004711151123 68
23.5365930070651821 19.318080363525219 0.207595989108085632 0.974400043487548828 66.5
23.5025910808863898 19.3599355701430582 0.153623610734939575 0.893200039863586426 51
23.4599077802602665 19.5296811314622687 -0.00624198559671640396 1.05560004711151123 58.5
23.2986152013841483 19.6936999378397886 1.05282974243164062 0.974400043487548828 60.5
22.9594756706573904 20.1894668986345174 1.26805365085601807 1.13680005073547363 53
22.913024911781207 20.2085857119854992 1.72230350971221924 1.05560004711151123 72.5
22.9005794965619174 20.2085857119854992 1.88058018684387207 0.974400043487548828 75
22.886848314770269 20.2085857119854992 2.04088807106018066 0.893200039863586426 65.5
22.893902737596413 20.3961099129339622 0.907503306865692139 1.13680005073547363 60
22.962386164314541 20.2811158709516235 1.53648293018341064 1.05560004711151123 78.5
22.9387747153790151 20.2811158709516235 1.85596442222595215 0.974400043487548828 81
22.9429441011587798 20.2581170625551579 2.04589033126831055 0.893200039863586426 71.5
22.8872551204750252 20.3117809488135812 2.13560795783996582 0.812000036239624023 49
22.8840206880840711 20.5343563140471161 0.473777115345001221 1.13680005073547363 56
22.9349303088490082 20.4459786577553722 1.23028123378753662 1.05560004711151123 73.5
23.0073311844305515 20.3307034538965716 1.69934725761413574 0.974400043487548828 76
22.9990398875472906 20.3076484131248165 2.05089259147644043 0.893200039863586426 66.5
22.5129231073243012 19.5983584160183142 7.69761466979980469 0.893200039863586426 45.5
26.810151801473566 15.3214427063708776 -1.13102734088897705 1.13680005073547363 47
20.9757745254488732 22.6655415036282903 1.04891753196716309 0.893200039863586426 47
24.3878246423346248 19.1206132350709304 1.93359017372131348 1.13680005073547363 48.5
24.4213752815365197 19.1206132350709304 1.44954371452331543 1.05560004711151123 57.5
24.470791290607643 19.0856932839516844 1.00957953929901123 0.974400043487548828 54.5
20.2792535348922627 23.2856380219142167 -3.91110110282897949 0.974400043487548828 51
24.0518542429637456 18.8387042172699886 6.32862949371337891 1.05560004711151123 57.5
20.4289092217012112 23.4548105486540273 -2.44368076324462891 0.893200039863586426 51.5
20.5413180163382023 23.3978576719215781 -2.95300197601318359 0.893200039863586426 48.5
27.4863326882429782 14.7414860541377681 3.16428709030151367 1.21800005435943604 51
27.4863326882429782 14.7414860541377681 3.16428709030151367 1.13680005073547363 54.5
27.4667133940878507 14.7924133245878853 3.09623408317565918 1.05560004711151123 46.5
26.9625185838464674 15.2479756540922118 -5.29646921157836914 1.13680005073547363 48.5
26.2607381497445473 14.2672834225023681 10.1881723403930664 1.13680005073547363 56.5
26.4442449543198421 14.2672834225023681 -9.70191764831542969 1.05560004711151123 62
22.3829031773702916 21.7165729970832508 -4.93729162216186523 0.974400043487548828 56.5
17.0909059596752186 -26.4789101350700733 1.93620264530181885 0.649600028991699219 53.5
17.2828766495630397 -26.3644877846130576 1.78792500495910645 0.568400025367736816 49
26.7063003464320055 14.3921371188242215 -9.02011585235595703 1.13680005073547363 66.5
26.9536933720715837 14.3011728006783159 -8.40818119049072266 1.05560004711151123 72
17.0191609670533524 -26.6288153946258532 1.72538411617279053 0.730800032615661621 48
17.2708243354680278 -26.4943464025840818 1.22101104259490967 0.649600028991699219 56
17.2584572449942293 -26.4943464025840818 1.3848642110824585 0.568400025367736816 52.5
22.8992505157396451 20.4005048499285273 8.11907291412353516 0.893200039863586426 49.5
17.0961499310907605 -26.7236306244399984 -0.211964786052703857 0.649600028991699219 46.5
21.3486044713480076 21.8713231820553453 -8.78193855285644531 1.13680005073547363 49
20.9342928353329647 22.0421928944151517 -9.3347320556640625 1.05560004711151123 55.5
20.6734412702056893 21.8713231820553453 -10.2710332870483398 0.974400043487548828 50.5
16.7891424528343549 26.0874339916775675 -6.98645448684692383 0.893200039863586426 48
17.5195012228651485 25.7108220889273227 -6.93083524703979492 0.974400043487548828 47
17.8253842912662925 25.7108220889273227 -6.10123491287231445 0.893200039863586426 51
18.103619713566232 26.001587389080953 -3.49173355102539062 0.812000036239624023 46
31.2848830028698757 -6.83112413472308067 -0.438841164112091064 1.21800005435943604 46.5
16.1405085304875904 27.0323629350055157 -5.85970497131347656 0.893200039863586426 49.5
23.7587912511810622 20.6095571747781605 6.41686630249023438 0.974400043487548828 45.5
15.3102793579052356 27.3604105662051076 -6.88573837280273438 0.812000036239624023 50
31.3854799461224694 -7.07621079497656158 -0.33122679591178894 1.21800005435943604 45
15.6301207006036726 27.4243374048495063 -6.23184537887573242 0.893200039863586426 54
15.3630551865296514 27.4484608507414691 -6.76678133010864258 0.812000036239624023 51
31.4465451473824196 -7.14912402871699815 -0.259444683790206909 1.29920005798339844 45.5
31.4880617612022924 -6.87911765333704395 -1.11452281475067139 1.21800005435943604 47
13.8089194429569275 27.8549860690484152 -8.57181358337402344 0.812000036239624023 45.5
31.5206199045805739 -7.16575006767831812 -0.0903567671775817871 1.29920005798339844 45.5
31.52643682479831 -7.10919961618592922 -0.669912576675415039 1.21800005435943604 48
32.0979043234330632 -4.93460350002861503 0.00221297657117247581 1.29920005798339844 48.5
32.1190445217165248 -4.79257132691923893 0.154982492327690125 1.21800005435943604 49
32.1877275055497449 -4.81584203524336818 0.510387420654296875 1.29920005798339844 56
32.3100102605530139 -4.52117756261439219 0.113438621163368225 1.29920005798339844 56.5
32.3034362321330164 -4.56602242572418326 0.173491209745407104 1.21800005435943604 57
32.3733831334575015 -4.55608824677966773 -0.70443117618560791 1.29920005798339844 50
32.3576381236299682 -4.70727682537235648 -0.338861018419265747 1.21800005435943604 50.5
32.1018422338757929 -6.55287977976168179 0.855717003345489502 1.21800005435943604 47
32.2278146172471835 -6.30516007664595346 0.857675135135650635 1.29920005798339844 45.5
32.2793140291059402 -6.09580905847606846 -0.0985441505908966064 1.21800005435943604 48
25.1544747386403529 21.5714214210693882 3.28882288932800293 0.974400043487548828 46
25.4241463181899121 21.7229271615847068 0.793546438217163086 1.05560004711151123 45
28.9267543116298214 15.0143420115470256 -7.85736513137817383 1.21800005435943604 45.5
29.4488753276859541 14.8802853864439282 -5.93856477737426758 1.13680005073547363 46.5
23.878470570198651 23.5185591665248381 0.788469552993774414 1.05560004711151123 55
23.8067706171465545 23.5185591665248381 2.01015043258666992 0.974400043487548828 65
23.6266295135555531 23.6693728697658194 2.33858704566955566 0.893200039863586426 62.5
21.6031919507192463 25.382784109364799 3.59750223159790039 0.812000036239624023 48
23.8678311586314287 23.6467494744193694 0.34360659122467041 1.05560004711151123 57.5
23.7932561746365145 23.6467494744193694 1.91631448268890381 0.974400043487548828 67.5
23.6616544287265249 23.722325023165741 2.51745891571044922 0.893200039863586426 65.5
21.7903576687390199 25.2590278476752381 4.01521873474121094 0.812000036239624023 51.5
33.5872078441739603 -2.42381586791182624 -0.17448541522026062 1.29920005798339844 46.5
32.6120239016573024 -8.34869910058517917 -0.872327566146850586 1.21800005435943604 45
23.8140018775717515 23.6995329306934117 -2.28720664978027344 1.05560004711151123 46
23.8229947905470603 23.623788684821168 2.89608669281005859 0.974400043487548828 58
23.6116189988159775 23.6995329306934117 3.85089397430419922 0.893200039863586426 57
23.3059323388094022 24.051748054715226 4.17246389389038086 0.974400043487548828 48
23.3399850898503729 23.9674003498065282 4.45772504806518555 0.893200039863586426 47.5
24.1547073845974829 23.420462243536889 3.48750829696655273 0.974400043487548828 52
24.101094499110534 23.420462243536889 3.84055352210998535 0.893200039863586426 46.5
26.5767962654797429 20.7866868212015774 3.2859804630279541 1.05560004711151123 48.5
24.3680517553577793 23.0445437756952494 4.93529319763183594 0.974400043487548828 50
23.6436244876955755 23.5867683351233701 5.81837749481201172 0.893200039863586426 45
27.1483430804683579 20.3784068787881871 1.41022717952728271 1.13680005073547363 48
26.9584512104630249 20.650118970505364 1.05606734752655029 1.05560004711151123 53.5
33.8775980875343592 -3.40389879650362426 -0.35285070538520813 1.29920005798339844 54.5
33.8532636118059642 -3.65493633274576668 -0.0255371369421482086 1.21800005435943604 53
26.4248249430704369 21.3977588095209121 -1.80753922462463379 1.05560004711151123 53
26.6107110371790228 21.2403284901826162 0.348208457231521606 0.974400043487548828 47
33.9438106753304112 -3.50947370207062059 0.130284562706947327 1.38040006160736084 55
33.9381785359937709 -3.54785190780407778 0.358282536268234253 1.29920005798339844 66.5
33.927269739182357 -3.6374010545154789 0.47459876537322998 1.21800005435943604 65
33.9274998966823702 -3.66298652500445066 0.151226550340652466 1.13680005073547363 48.5
26.3220460000729197 21.6495722787515668 -1.72090888023376465 1.05560004711151123 48
33.9807288089376769 -3.82916096106337367 0.536259591579437256 1.38040006160736084 54.5
33.998194383958463 -3.69240521245396769 0.359069973230361938 1.29920005798339844 66
33.9986054298991505 -3.67103712673374805 0.508282661437988281 1.21800005435943604 64.5
34.0345584687590232 -3.3590630752185402 -0.0746138393878936768 1.13680005073547363 48.5
34.0308799565163369 -3.94891604847837918 1.03970015048980713 1.29920005798339844 53
26.9679636202529522 21.1065708100883462 1.42034435272216797 1.05560004711151123 46.5
34.125654462892399 -3.40813484769816055 1.93570876121520996 1.29920005798339844 52.5
34.1345372033372243 -3.35662651246846577 1.86789596080780029 1.21800005435943604 52
34.246514164051689 -3.4887057320005237 -0.293368995189666748 1.29920005798339844 48.5
34.2127443535165412 -3.4887057320005237 -1.5484917163848877 1.21800005435943604 47.5
34.0651249432833225 -7.41289804590092061 0.939067840576171875 1.21800005435943604 52.5
34.1141947480247154 -7.58606404967811798 0.419362187385559082 1.29920005798339844 62
34.1364241630228307 -7.45504394519317692 0.793397843837738037 1.21800005435943604 64.5
34.1105109375241113 -7.428839924296188 1.66969585418701172 1.13680005073547363 54.5
34.1968195486750091 -7.56295294241671634 -0.360566198825836182 1.38040006160736084 48
34.2187158718444522 -7.47104205596373649 -0.117005899548530579 1.29920005798339844 67
34.1967425729651353 -7.56295294241671634 0.367731750011444092 1.21800005435943604 70
34.186492564795941 -7.56295294241671634 0.914461851119995117 1.13680005073547363 60
34.2642319295738176 -7.57914786650079719 -0.727422535419464111 1.29920005798339844 64
34.2857397938361714 -7.48704016673429518 -0.665215015411376953 1.21800005435943604 66
34.2908872469009438 -7.48704016673429518 -0.299121320247650146 1.13680005073547363 56
27.4582256055966347 21.7549614686596975 2.18579769134521484 1.05560004711151123 49
34.1776902560922693 -7.17337930221905307 -4.20819377899169922 1.29920005798339844 50
34.1478665724758699 -7.31403379834099443 -4.20819377899169922 1.21800005435943604 52
27.2946808625741539 21.9421013950229842 3.29020476341247559 1.05560004711151123 53
27.4316857488191204 21.9421013950229842 1.82415556907653809 0.974400043487548828 49.5
35.2335362235163529 -0.563817547478585479 0.917933464050292969 1.29920005798339844 45
27.3025383527052128 22.4108764033468724 0.423861771821975708 1.05560004711151123 51
27.0210166913524112 22.7154559723504015 1.31465566158294678 0.974400043487548828 51
26.9776398934012569 22.8919680989542371 1.15101826190948486 1.05560004711151123 47.5
26.8730939419794836 22.9892866106792582 1.5778813362121582 0.974400043487548828 48.5
35.4356996399819622 0.141854104874317544 1.66337013244628906 1.29920005798339844 46
27.3310682535756939 22.5814003196804265 1.25256443023681641 1.05560004711151123 45.5
27.1152463171459317 22.811913240101191 1.68994474411010742 0.974400043487548828 46
27.5617263478586239 22.367045148750897 1.96703159809112549 1.05560004711151123 49
27.2914302811190588 22.7446417401399366 1.28911948204040527 0.974400043487548828 48
35.6210193347522122 0.115743795069157759 -0.519744277000427246 1.29920005798339844 45.5
35.6644610091519283 0.571015230500543369 -1.48669135570526123 1.29920005798339844 45.5
26.3406429205153891 24.2345581596834663 4.50138568878173828 0.974400043487548828 46.5
28.2205828818753766 22.9245815581186605 5.35020732879638672 1.05560004711151123 46.5
25.8589636407826404 26.8293190756360573 0.963043332099914551 0.974400043487548828 45
25.4353429871017553 27.1693434319765821 2.07262921333312988 0.893200039863586426 45.5
25.7183088929304766 26.8833021559163292 3.29838943481445312 0.893200039863586426 47
35.8758408031348921 -10.4756109251875671 1.95357704162597656 -3.49160003662109375 50
36.238184042983427 -9.59689442516741309 -0.971411466598510742 -3.4104001522064209 46.5
36.117470080153609 -10.0233189333169417 1.14519500732421875 -3.49160003662109375 53
36.067916819515311 -10.1967003267403751 1.17586028575897217 -3.5728001594543457 54.5
36.0870794391379448 -10.1967003267403751 0.00511243939399719238 -3.65400028228759766 54
36.0438749573326405 -10.3466518021336178 -0.189190447330474854 -3.73520016670227051 45
36.1248403659175565 -10.0668425534514583 2.35270547866821289 -3.49160003662109375 55
36.2156440763074556 -10.0151936410969977 -0.0614798590540885925 -3.89760017395019531 47.5
37.0727624031759007 -6.01005525579191513 -1.17052817344665527 1.29920005798339844 46
37.0414322053453873 -6.16030663718671345 -1.36510944366455078 1.21800005435943604 47.5
36.3130919061743072 -9.93638496815942673 -0.387589365243911743 -3.08560013771057129 45
36.0294947239381429 -10.8396926925375556 1.37809765338897705 -3.32920026779174805 54.5
36.0800470403471749 -10.7550075933771065 0.287484645843505859 -3.4104001522064209 60.5
36.0509013904725961 -10.7550075933771065 -1.47812998294830322 -3.49160003662109375 56
36.0839721116153029 -10.3880388303484921 2.74922490119934082 -3.5728001594543457 60
36.2180225295805869 -10.2374875429521364 0.985563874244689941 -3.65400028228759766 59.5
36.353245515979701 -9.63528239336671533 1.76791715621948242 -3.81640005111694336 51.5
36.3433226162905214 -9.71996749252716796 1.48582696914672852 -3.89760017395019531 56
36.3133195163975842 -9.83758568580556947 1.44479072093963623 -3.97880029678344727 50
36.2385634044182581 -9.93638496815942673 2.35740160942077637 -4.14120006561279297 46.5
37.1671274088704919 -5.76329147064171288 -1.70637607574462891 1.29920005798339844 50.5
37.1756682412113051 -5.76329147064171288 -1.50890839099884033 1.21800005435943604 51.5
36.3564463391451227 -10.0551748599295721 0.52723848819732666 -3.24800014495849609 45.5
36.1807710335420438 -10.6585796335212208 0.722680926322937012 -3.32920026779174805 56
36.1519203722262503 -10.7764321283633393 0.288057327270507812 -3.4104001522064209 61.5
36.2007236405226749 -10.602010435997002 -0.529809415340423584 -3.49160003662109375 60
36.2455050873332993 -10.4605874421864602 -0.12345326691865921 -3.5728001594543457 50
36.3678871082755748 -9.85718266859481318 1.8408045768737793 -3.65400028228759766 47.5
36.3856575391921382 -9.85718266859481318 1.44766879081726074 -3.81640005111694336 52.5
36.4601629648073029 -9.65447637746636822 0.789540410041809082 -3.89760017395019531 55
36.4638701991294596 -9.65447637746636822 0.594103991985321045 -3.97880029678344727 50.5
36.4556153590445575 -9.65447637746636822 -0.97723996639251709 -4.06000041961669922 45.5
37.3300288622062624 -5.43064296232483201 -0.390933722257614136 1.29920005798339844 46.5
36.2248305213602819 -10.7978566633495721 0.0901971012353897095 -3.32920026779174805 46.5
36.2248305213602819 -10.7978566633495721 0.0901971012353897095 -3.4104001522064209 50.5
36.2361232209590156 -10.7317280573623037 -0.783378124237060547 -3.49160003662109375 52
36.2900177076095503 -10.519171823831801 1.1054152250289917 -3.5728001594543457 48.5
36.3619166686675754 -10.1035063004832608 2.13784050941467285 -3.65400028228759766 48.5
36.4120944959189217 -10.1035063004832608 0.958575308322906494 -3.73520016670227051 53.5
36.391782198565366 -10.1035063004832608 1.54839670658111572 -3.81640005111694336 51.5
36.5918386849166879 -9.41387940947318214 -1.12086772918701172 -3.89760017395019531 46
36.5184157422501414 -9.75869285497822325 0.115967452526092529 -3.97880029678344727 45
36.6911135615041388 -9.0690659639681428 0.595285117626190186 1.29920005798339844 53
36.6321252622010149 -9.24383442264877964 1.21617722511291504 1.21800005435943604 52.5
36.8099016603554432 -8.58727183463233601 0.360788196325302124 1.13680005073547363 47.5
36.6874146253020186 -9.0690659639681428 0.791110098361968994 1.05560004711151123 53.5
36.7778482282083559 -8.72425251846310523 0.342746526002883911 0.974400043487548828 53.5
36.6699467078870427 -9.0690659639681428 1.38101232051849365 0.893200039863586426 51.5
36.6619448633745009 -9.0690659639681428 1.57929563522338867 0.730800032615661621 56.5
36.7255973671384695 -8.82816889930024118 1.46084475517272949 0.649600028991699219 56.5
36.734027185274357 -8.86595667415010702 0.919929265975952148 0.568400025367736816 61.5
36.738408769200646 -8.86595667415010702 0.724117696285247803 0.487200021743774414 60.5
36.6767962467917457 -9.0690659639681428 1.18526732921600342 0.406000018119812012 49.5
36.7285228043021093 -8.86595667415010702 1.11829257011413574 0.324800014495849609 45
36.5582440639665478 -9.896375637429351 0.268546879291534424 -3.65400028228759766 47
36.5421953571175493 -9.95316975873454091 0.343426555395126343 -3.73520016670227051 54
36.505964479810352 -9.99576534971343378 1.38375234603881836 -3.81640005111694336 52
36.6137136152804601 -9.69286336941908644 0.00516356341540813446 -3.97880029678344727 46
36.7161118604922763 -9.08705940883039354 -1.96675372123718262 1.54280006885528564 50
36.7682407199270855 -9.08705940883039354 -0.193664923310279846 1.46160006523132324 54.5
36.766598894662792 -9.08705940883039354 0.397654235363006592 1.29920005798339844 56.5
36.7553808942535127 -9.08705940883039354 0.991453647613525391 1.21800005435943604 54
36.8646549219491604 -8.60430937773628024 -1.21600759029388428 1.13680005073547363 50.5
36.805741669052523 -8.84568439328333689 1.26762425899505615 1.05560004711151123 55.5
36.8497103894233859 -8.7415618375571551 -0.446710526943206787 0.974400043487548828 57.5
36.7044812490106978 -9.08705940883039354 2.17301845550537109 0.730800032615661621 58.5
36.7681988612702 -9.08705940883039354 0.201409339904785156 0.568400025367736816 63
36.768749996435659 -9.08705940883039354 0.00516356341540813446 0.487200021743774414 63
36.7107937395898034 -9.26217461618806226 1.02242958545684814 0.406000018119812012 52
36.7553808942535127 -9.08705940883039354 0.991453647613525391 0.324800014495849609 48
36.3687666408571459 -10.5609139288507006 -2.44590282440185547 -3.32920026779174805 45
36.7534223015419599 -9.30896903562367406 1.65277302265167236 -3.89760017395019531 46.5
36.7226507827394713 -9.37536005268874462 1.93705832958221436 -3.97880029678344727 46
36.9605832341719278 -8.49805018432889625 -1.37873327732086182 1.62400007247924805 46
36.7888177720885068 -9.1050537689238169 -1.97064840793609619 1.54280006885528564 48
36.8894870220265858 -8.80155197662635658 -1.37873327732086182 1.46160006523132324 51
36.6981567436584584 -9.5887597503978963 1.22617590427398682 1.29920005798339844 47.5
36.7160317393207833 -9.5887597503978963 0.437246114015579224 1.05560004711151123 45
36.8918649008595452 -8.62134778744974106 -2.20573329925537109 0.974400043487548828 50.5
36.8394886682959921 -9.1050537689238169 -0.390677720308303833 0.893200039863586426 51
36.7566426881120947 -9.40855556122127723 0.794249415397644043 0.812000036239624023 56
36.6706623248247041 -9.62669747443507795 1.67086529731750488 0.730800032615661621 54
36.5709295552968712 -8.49805018432889625 -5.52746677398681641 0.162400007247924805 46.5
37.0108659238978674 -8.71916318580554162 0.269610434770584106 1.13680005073547363 50.5
36.9143702896138848 -9.12304812901724027 0.00518401339650154114 1.05560004711151123 54
37.016680395030555 -8.60037349662562889 1.30373620986938477 0.974400043487548828 50.5
37.0253197884756062 -8.51484492041609187 1.58869612216949463 0.324800014495849609 48
36.7790713278865127 -9.83614259505345601 -1.46984148025512695 -3.89760017395019531 50
36.8374254570569306 -9.66474804838263069 -1.09860587120056152 -3.97880029678344727 54.5
36.8310115770865139 -9.66474804838263069 -1.295920729637146 -4.06000041961669922 48
37.1991105300068057 -8.22693824019959763 -0.392221927642822266 -4.79080009460449219 47
37.1304115490698834 -8.53163965650328748 -0.392221927642822266 1.13680005073547363 58.5
37.1031040244425014 -8.65542460687666093 -0.231177106499671936 1.05560004711151123 61
37.1304115490698834 -8.53163965650328748 -0.392221927642822266 0.974400043487548828 59
37.131972775939218 -8.53163965650328748 -0.19481542706489563 0.893200039863586426 52
36.8485998959073271 -9.97476356858632762 -0.124925874173641205 -3.81640005111694336 47
36.925073568320343 -9.68377333535640616 -0.307110100984573364 -3.89760017395019531 53.5
36.9353290716798242 -9.61698869166429304 -0.791149735450744629 -3.97880029678344727 55.5
36.9196649333107203 -9.68377333535640616 -0.702676057815551758 -4.06000041961669922 50
37.3056865944690728 -8.09048255013027884 0.400804013013839722 -4.79080009460449219 52
37.3009064452688648 -8.11433420859174603 -0.361763298511505127 -4.87200021743774414 50.5
37.2554331483043484 -8.24313316428367848 -1.18921935558319092 1.13680005073547363 55.5
37.2406049030633 -8.24313316428367848 -1.58715963363647461 1.05560004711151123 58
37.2485975207708648 -8.24313316428367848 -1.38690769672393799 0.974400043487548828 56
37.171820585878578 -8.54843439259048132 -1.58455884456634521 0.893200039863586426 51
36.5644911187357451 -11.0984710118864793 1.71012508869171143 -3.32920026779174805 48
36.5850228482469291 -10.9264016938727355 2.28304600715637207 -3.4104001522064209 49
36.9428924037904309 -9.87486697267763347 -0.878739655017852783 -3.73520016670227051 48
36.953247838942012 -9.87486697267763347 -0.0834496840834617615 -3.81640005111694336 53
36.9762256312733371 -9.78883231367076156 0.00521468790248036385 -3.89760017395019531 55
37.0297778924752308 -9.5833050727099014 0.135605171322822571 -3.97880029678344727 54
37.0085714661744234 -9.66456002843861306 -0.156464666128158569 -4.06000041961669922 48
37.4134643527984707 -7.95342625485749366 -0.195582404732704163 -4.79080009460449219 49.5
36.6581138666554196 -11.034029584991714 1.79961287975311279 -3.32920026779174805 46
36.6567589168946668 -10.9478262288589665 2.28752279281616211 -3.4104001522064209 48.5
37.0226792285873358 -9.894229653903162 -0.480757534503936768 -3.81640005111694336 48.5
37.0647301538709257 -9.72182294163766514 -0.705437004566192627 -3.89760017395019531 50.5
37.1371206654302526 -9.40095489381021565 -1.12337911128997803 -3.97880029678344727 45
37.5226071509194412 -7.35601972332780907 2.59782147407531738 -5.1156001091003418 45.5
37.5390194756642686 -7.50927013423047285 1.79961287975311279 5.19680023193359375 47
37.6235919325904788 -7.57674844974259454 1.27211058139801025 -5.1156001091003418 47.5
37.7021746881611151 -7.16408197306250294 1.33490705490112305 5.19680023193359375 47
37.7026617568386655 -7.28404315814392511 -0.109956368803977966 5.1156001091003418 45.5
37.8095036971461269 -7.12038062885798428 0.259688377380371094 5.19680023193359375 52.5
37.7763495640138345 -7.2982699490927887 0.0918077602982521057 5.1156001091003418 52.5
37.7403611423026533 -7.38481069947728752 1.20643270015716553 4.95320034027099609 48
37.8615464878012986 -7.19206695183279621 0.938181817531585693 5.19680023193359375 50
37.8520502055780668 -7.27395920781481742 0.643883287906646729 5.1156001091003418 50.5
37.8198558686022324 -7.39920618755202586 1.00649547576904297 4.95320034027099609 45.5
37.9897490210869364 -6.97438370004781216 -0.165899842977523804 5.03439998626708984 47
37.9562579638647719 -7.14813997215973007 -0.342329502105712891 4.95320034027099609 45.5
37.980454553163149 -7.42799643151656497 0.00263717281632125378 -5.1156001091003418 47.5
38.0453795825453511 -6.94923884901647426 1.39543831348419189 4.95320034027099609 47.5
38.0408024772109172 -7.44239191959130419 -1.00443947315216064 -5.1156001091003418 52
38.0279766457686392 -7.44239191959130419 -1.40870571136474609 5.19680023193359375 47
38.1382937237575561 -7.18978004606341781 -1.76076257228851318 -5.1156001091003418 48
38.0527106666458153 -7.30143767000633392 -2.82892656326293945 5.19680023193359375 46.5
38.2983419513498831 -6.84858432109571602 1.22054314613342285 4.95320034027099609 47.5
38.391053771604831 -6.86177951399470043 0.207391798496246338 4.95320034027099609 50.5
38.5178890279930712 -6.5624764972421552 -0.402259081602096558 -0.568400025367736816 46
38.5258204734468634 -6.51853134212669527 0.354307413101196289 -0.649600028991699219 47
37.6394533443060695 -10.4150017623642253 -1.28648626804351807 -3.5728001594543457 45.5
37.5978749310091303 -10.624961947915871 -0.604706525802612305 -3.65400028228759766 45
38.5881278976251068 -6.04001743086945453 1.15334939956665039 4.38479995727539062 45
38.5918204677246521 -6.57507254930755192 -0.40303117036819458 -0.487200021743774414 45.5
38.6011114478581447 -6.53104304562915328 0.149469330906867981 -0.568400025367736816 49.5
38.5973695081854942 -6.53104304562915328 0.557831168174743652 -0.649600028991699219 49.5
38.5392749855960588 -6.88817124213172161 0.00266783777624368668 5.03439998626708984 48
38.6987638524104725 -6.40141011413174965 0.16847817599773407 -0.568400025367736816 47.5
38.7042441270058006 -6.36219780102833887 0.323582112789154053 -0.649600028991699219 47
39.2199844154747481 -0.627397009654566573 0.00267294864170253277 1.29920005798339844 46
38.6602819719300399 -6.91456297026874189 1.43581438064575195 4.95320034027099609 48.5
39.2750769112907463 -0.378140162436571892 -1.3474501371383667 1.29920005798339844 48.5
38.706373323841845 -6.9277581631677263 2.05268526077270508 5.03439998626708984 45.5
39.360442693570711 -0.127927352444858589 -1.06292057037353516 1.29920005798339844 48.5
39.2580373099683655 0.418224036838960755 -3.00368046760559082 1.21800005435943604 45.5
36.7380218062485255 -8.74520770192974695 -11.4079685211181641 0.893200039863586426 46.5
36.5978232528498353 -8.0357967849096763 -12.5797891616821289 0 47.5
36.555847730246839 -7.85799181609790676 -12.8120126724243164 -0.0812000036239624023 49
37.0709357450740669 -7.74439419713483268 -11.3135223388671875 -0.162400007247924805 48
38.0592352148700428 -10.3867735947541782 2.41563248634338379 -3.89760017395019531 46
38.110671324220732 -10.2040295990309726 2.38335537910461426 -3.97880029678344727 49
36.8853537916284111 -8.85073622529695037 -11.1067981719970703 0.893200039863586426 48.5
36.9838067530886292 -8.69268736413093457 -10.902338981628418 0.812000036239624023 49
36.7068827399262858 -7.91743835837870158 -12.5729475021362305 0 46
36.8357333545595722 -7.87290276761282204 -12.2190980911254883 -0.0812000036239624023 46.5
38.2455024677613054 -10.1343210987247385 1.65450012683868408 -3.97880029678344727 46.5
30.7105468518804336 25.8100982889501438 2.5963890552520752 1.05560004711151123 45
30.821160428683946 25.62925680619378 3.03928828239440918 0.974400043487548828 46
39.3202302544376963 -10.3116010318269637 -0.113627299666404724 -0.162400007247924805 45
40.5127950236829335 2.63914596692103842 7.30142354965209961 1.21800005435943604 50.5
39.8001996417511421 -10.6355897424318133 -10.2386913299560547 0.406000018119812012 48.5
39.6836166750581967 -10.5427887102435278 -11.0650777816772461 0.406000018119812012 45.5
30.2879295904193206 31.3976089641873877 5.33236503601074219 1.05560004711151123 46.5
30.1746054673795179 31.1065344014618432 7.31294441223144531 0.974400043487548828 46
42.4199950373586603 -10.7477909293186489 -4.07818365097045898 0.730800032615661621 45
30.824758715011896 31.2861486974531857 3.03509902954101562 1.21800005435943604 45
34.703963965301341 23.9240660261728415 -13.2175989151000977 1.38040006160736084 46.5
34.5783014598149165 28.8386682357513671 2.10428929328918457 1.05560004711151123 47
34.4142800128108206 28.9400541787676815 3.14427471160888672 0.974400043487548828 47.5
34.7391644157206443 28.7850985558583119 1.76950311660766602 1.05560004711151123 49
34.4715422915304046 28.9882078361426885 3.1495063304901123 0.974400043487548828 49
45.084973962950329 -17.0781805263664737 1.15392124652862549 1.29920005798339844 47
45.0563253918564897 -17.1625469792137295 1.01258087158203125 1.21800005435943604 60.5
44.99153619683225 -17.3011490088913682 1.4431450366973877 1.13680005073547363 60.5
44.8789297773065314 -17.4819342649926384 2.4319617748260498 1.05560004711151123 47
45.0793822655171894 -17.3280562004685663 0.691492915153503418 1.29920005798339844 50.5
45.0990489186364698 -17.2556296332774757 1.09974801540374756 1.21800005435943604 63.5
45.1122663154117021 -17.189238613352309 1.517799973487854 1.13680005073547363 64
45.0425419175015023 -17.3280562004685663 1.94889581203460693 1.05560004711151123 50.5
45.1543000275883628 -17.3549633920457644 0.187987685203552246 1.21800005435943604 53
45.1273130394560624 -17.4093676660020193 0.76182323694229126 1.13680005073547363 53
32.0527482276964548 -36.1425726649396069 -2.54492759704589844 0.893200039863586426 45
32.1196116629376078 -36.1727972615819766 0.0131922094151377678 0.812000036239624023 52
31.8962361794347906 -36.3662346800931076 0.517784476280212402 0.730800032615661621 47.5
45.091479589202244 -17.3818692150663487 3.46866250038146973 1.21800005435943604 50
45.0715232773602992 -17.3818692150663487 3.71901082992553711 1.13680005073547363 49.5
32.1540484243253459 -36.2288768314026512 -0.994182705879211426 0.893200039863586426 59
32.1656972685337337 -36.2288768314026512 -0.488859772682189941 0.812000036239624023 66.5
31.9498900351335422 -36.4226141406614943 0.0132126612588763237 0.730800032615661621 62
45.0920693470790184 -17.4633493734355305 4.05123424530029297 1.21800005435943604 51
45.0504655032651797 -17.5906862959501673 3.9622187614440918 1.13680005073547363 50.5
31.9640962976060656 -36.4789964689542217 -1.50171852111816406 0.893200039863586426 59.5
31.983859998252921 -36.4789964689542217 -0.995721697807312012 0.812000036239624023 67
32.2164700927246415 -36.2546409388093878 -1.54139900207519531 0.730800032615661621 63
45.21106501438463 -17.4356835982207414 3.73052501678466797 1.21800005435943604 49.5
45.2310831111012916 -17.4356835982207414 3.47940158843994141 1.13680005073547363 49.5
32.0765469683341991 -36.3106765007878138 -3.8197174072265625 0.893200039863586426 49
32.3032189232855274 -36.1892157999990971 -2.96695590019226074 0.812000036239624023 56.5
32.2210495340980714 -36.3106765007878138 -2.30195212364196777 0.730800032615661621 52.5
31.9764158594113681 -36.6481434538324038 3.31441903114318848 0.812000036239624023 52.5
32.1814287157248415 -36.422747624744666 3.78180432319641113 0.730800032615661621 48
32.1147410897046228 -36.7045229144007834 2.30263423919677734 0.812000036239624023 49
32.2209620999627475 -36.7609052426935108 1.28672158718109131 0.812000036239624023 45
35.442538696939323 34.3364902339480977 0.50467216968536377 0.974400043487548828 45
35.4854145392811304 34.3886738782190307 1.01756060123443604 1.05560004711151123 45.5
35.6675396542414376 34.1910378214476509 1.27695286273956299 0.974400043487548828 54
35.8044088895433532 33.9934017646762783 2.30736541748046875 0.893200039863586426 50.5
35.9103593250438706 34.0449855969440947 1.27889060974121094 1.05560004711151123 47.5
35.9003125072068627 34.0449855969440947 1.53526759147644043 0.974400043487548828 55.5
36.1090459588020565 33.8673565999159791 2.6114346981048584 0.974400043487548828 52
36.3144887348120449 33.6443412647052682 2.64518523216247559 0.893200039863586426 47.5
47.6240801886787679 16.7207430165252653 0.299388319253921509 1.29920005798339844 47.5
47.6932767919693035 16.7455883543417556 -0.489374518394470215 1.29920005798339844 57
47.695770841034701 16.7455883543417556 0.0379075407981872559 1.21800005435943604 62.5
47.695770841034701 16.7455883543417556 0.0379075407981872559 1.13680005073547363 56
47.7474381644337313 16.732477222089237 -1.75988554954528809 1.29920005798339844 56
47.8144400195023849 16.5996295768476969 -1.05952084064483643 1.21800005435943604 61
47.7493921215729387 16.7704336921582495 -1.28035378456115723 1.13680005073547363 54
47.9892667341047243 16.218751822594573 -2.11480569839477539 1.21800005435943604 51
21.0023393700316987 -44.9974400783427626 12.2659997940063477 0.649600028991699219 45
42.0342640492396242 -29.6256135298027665 -1.59574604034423828 1.05560004711151123 52.5
42.0233002448136403 -29.6256135298027665 -1.86217975616455078 0.974400043487548828 52.5
42.1299741159003531 -29.5529062440503196 -2.55277276039123535 1.05560004711151123 54
42.1856773857796057 -29.4627666607351308 -2.67205524444580078 0.974400043487548828 53
37.9247262472319591 35.5394009420957389 0.258675605058670044 0.974400043487548828 47
53.7980417035010774 -8.81656593788648202 -1.00734305381774902 1.29920005798339844 45
53.760900567983029 -9.09591617239447814 -0.07434806227684021 1.21800005435943604 46
54.3969676881237234 -6.83720631111054011 0.0560669302940368652 1.29920005798339844 46.5
54.3425286656405149 -7.23455898249772655 0.575614333152770996 1.21800005435943604 46.5
53.9357984968140514 -10.0983324395533032 1.72145950794219971 1.29920005798339844 49.5
53.87125906743168 -10.0983324395533032 3.14980125427246094 1.21800005435943604 50.5
54.2654239051233702 -8.80515112321439375 2.86984968185424805 1.29920005798339844 53.5
54.2129885590595748 -8.80515112321439375 3.73150873184204102 1.21800005435943604 52.5
54.4576645969156914 -9.48253807336499754 2.84026598930358887 1.29920005798339844 53
54.376470623553864 -9.73844902064034734 3.46189522743225098 1.21800005435943604 54
54.4676457170920543 -9.75164488470885793 3.17992234230041504 1.29920005798339844 56.5
54.4501522245308749 -9.75164488470885793 3.46658611297607422 1.21800005435943604 57.5
54.5314562179414182 -9.4953871711192086 2.84411478042602539 1.13680005073547363 45.5
54.4125746839900302 -9.76484074877736852 4.91629934310913086 1.29920005798339844 48.5
54.4519349394853407 -9.54291254994152105 4.91629934310913086 1.21800005435943604 50.5
55.3965508075621855 -9.90999324002240556 2.34943842887878418 1.29920005798339844 46
55.2938800158778676 -9.90999324002240556 4.10906028747558594 1.21800005435943604 47.5
55.4634793151364391 -9.56375540784898526 3.64653277397155762 1.21800005435943604 45
55.8898725561981351 -8.4556236875527393 3.34897589683532715 1.29920005798339844 46
55.9441281646282391 -8.388885452277977 3.84335231781005859 1.21800005435943604 57.5
56.0891526513919558 -8.17295543448867967 3.25737643241882324 1.21800005435943604 62.5
56.2547938370066731 -8.18375205054473298 -0.589120745658874512 1.29920005798339844 58.5
55.6873591687172507 -7.67527605144292568 -8.97018718719482422 1.29920005798339844 50.5
55.3718150869599555 -7.67527605144292568 -10.7474870681762695 1.21800005435943604 49.5
54.3270066732256183 21.4934457996491375 0.298744410276412964 -3.49160003662109375 45.5
54.3763435484924216 21.5210371517923882 1.51939141750335693 -3.4104001522064209 49.5
54.2067954060669166 21.9888857855270068 0.60223233699798584 -3.49160003662109375 55
54.1794990097308116 21.9888857855270068 1.82238113880157471 -3.5728001594543457 52
57.0931645692122203 -8.88912404095772501 9.14353847503662109 1.21800005435943604 45.5
54.3416163493682802 21.8633658795638475 -0.111816219985485077 -3.4104001522064209 52.5
54.2788128716786034 22.0170755158112001 0.299511373043060303 -3.49160003662109375 60
54.2466319089778395 22.0829510742029242 0.822628319263458252 -3.5728001594543457 59
54.2766596920776365 21.8194488406360314 2.99777817726135254 -3.65400028228759766 50.5
57.6597065407816771 -8.80536630502688489 5.37164115905761719 1.29920005798339844 48.5
57.4467421668912976 -8.96639544776220809 7.10678720474243164 1.21800005435943604 49
54.3456492424990643 22.0452666799575638 -0.615771651268005371 -3.4104001522064209 51
54.348244792774544 22.0452666799575638 -0.311883509159088135 -3.49160003662109375 60
54.4090185578512262 21.891360230396689 0.499815642833709717 -3.5728001594543457 60
54.3461567613680998 21.8473869590935834 3.00161647796630859 -3.65400028228759766 53
54.3872385936752565 22.1395020996215273 -0.704634606838226318 -3.49160003662109375 52.5
54.4957473759779631 21.8753250775511319 0.556506097316741943 -3.5728001594543457 54
54.3408619152674817 22.1395020996215273 2.35353827476501465 -3.65400028228759766 50.5
55.3667124312579304 24.8156302344165454 -0.409526139497756958 -3.97880029678344727 48
55.2845365795566082 25.0209047552630111 -2.85261321067810059 -3.97880029678344727 48
55.3252978858133275 25.0209047552630111 -1.9048919677734375 -4.06000041961669922 47
49.6598927073885079 39.8607019467732755 5.31315326690673828 1.05560004711151123 45
53.2107158749961258 -38.1513983113938906 0.258903712034225464 1.05560004711151123 49
53.3412174261741967 -37.9632185642006519 0.696350932121276855 0.974400043487548828 48
52.3120541865845468 -39.4892917727888388 0.920585393905639648 1.05560004711151123 48
51.9328211413333349 -39.9889488559956661 -0.81780475378036499 0.974400043487548828 52.5
50.8749588736145597 -41.3077159116727088 -1.48804450035095215 0.893200039863586426 47
50.7754544642262857 -41.5107857740945008 -2.3126375675201416 0.974400043487548828 46
48.1664506267708745 -44.6615505429088415 -1.35262775421142578 0.893200039863586426 45.5
52.3568353942625748 -39.7645642777481072 -1.97281396389007568 1.05560004711151123 46.5
51.8819167622181041 -40.4303207280369961 -0.080718018114566803 0.974400043487548828 51
49.6515363253335096 -43.1344426063708326 0.704026281833648682 0.893200039863586426 45
61.6036792749274227 -23.1717037373092047 2.06929874420166016 1.13680005073547363 46
52.7837294045803276 -39.3244219320314983 -1.92121303081512451 0.974400043487548828 49.5
61.5717718726556669 -23.5523263842199597 -0.557316064834594727 1.21800005435943604 46.5
61.652345943154458 -23.3463773952008999 0.202252760529518127 1.13680005073547363 47
53.5670412617146852 -38.1088009280872768 -4.93938636779785156 1.05560004711151123 48.5
52.808507507105368 -39.4351124173700427 -1.49655723571777344 0.974400043487548828 51
53.9871602041522038 -37.9412854972203348 -4.65487909317016602 1.05560004711151123 45.5
53.4590427063374989 -38.6191036695018255 -5.14960289001464844 0.974400043487548828 46.5
43.9799734709558479 -49.3732675980167812 1.96602928638458252 0.812000036239624023 47
61.2665621669302212 -25.066331419389126 1.95923089981079102 1.21800005435943604 45.5
60.9798368731138396 -25.5711337358575115 3.65079617500305176 1.13680005073547363 47.5
53.3430322624226321 -39.1925208326929351 -2.05399990081787109 1.05560004711151123 49.5
52.5483314267277422 -40.2517781524954401 -2.05399990081787109 0.974400043487548828 53
50.756708617487611 -42.3702927921004644 -3.77701973915100098 0.893200039863586426 48
44.4600565972796673 -49.0816809667866991 -0.207686752080917358 0.812000036239624023 45.5
52.8035748042982718 -40.0819562418290829 -0.953710317611694336 1.05560004711151123 46
52.0885477717632099 -40.9352926397018422 -2.60292196273803711 0.974400043487548828 49.5
60.3575737175794771 -27.6654480387116379 -4.14273834228515625 1.13680005073547363 46.5
53.3141919600361049 -39.7275168801090501 2.21289944648742676 0.974400043487548828 46
61.24912391156127 -26.0987567810469123 -1.72068703174591064 1.21800005435943604 46.5
61.5310170140140471 -25.5949186034173906 2.09522390365600586 1.21800005435943604 50
61.376618515738862 -25.9531808104313733 2.21334528923034668 1.13680005073547363 53
61.7922575718463278 -25.089880862797056 2.78883528709411621 1.21800005435943604 49
61.5165592878214298 -25.6237081151969903 3.83422040939331055 1.13680005073547363 51
51.672641092060573 -42.2474223969637919 0.810022175312042236 0.974400043487548828 48
61.7109754417283796 -25.5355946287046187 2.29573535919189453 1.21800005435943604 50.5
61.7933408293263824 -25.2266289644593371 3.28349709510803223 1.13680005073547363 51
52.4405521966597945 -41.4180998555836837 -0.332580834627151489 0.974400043487548828 49
61.7386568236219304 -25.6812900674959472 2.1022944450378418 1.21800005435943604 49.5
61.8049623158590222 -25.4137766292928653 3.14595508575439453 1.13680005073547363 51
52.3170198735910432 -41.7788840755248714 1.76233506202697754 0.974400043487548828 48
52.0908841591421492 -42.1859442121312966 -1.60893189907073975 0.974400043487548828 49.5
51.5310942145248418 -42.8981200329915069 0.018285013735294342 0.893200039863586426 47
51.5777161009915517 -42.9461025526241684 1.06624853610992432 0.974400043487548828 47.5
63.1324202695724921 -21.8825223920972043 7.83445119857788086 1.21800005435943604 47
63.0377965525538713 -22.9336744446518281 6.02545261383056641 1.21800005435943604 48.5
63.1206786804513271 -22.8915943080561384 5.27048444747924805 1.13680005073547363 48
62.752475142412905 -23.8775804967814551 6.17407703399658203 1.21800005435943604 49
62.7265363529870612 -23.9955360814515117 5.9772186279296875 1.13680005073547363 49.5
62.6347395928964801 -24.4692691940132825 5.86467552185058594 1.21800005435943604 48.5
62.4457322857338539 -24.8319643251206799 6.33673763275146484 1.13680005073547363 48.5
63.6401279745268695 -22.7230472877195986 3.18122363090515137 1.21800005435943604 51
63.4271903696983799 -23.4415960300768056 2.0013885498046875 1.13680005073547363 49.5
63.8078113409884722 -22.384336525500494 3.76576328277587891 1.21800005435943604 50.5
63.4553721081227451 -23.4675860813659227 3.06021308898925781 1.13680005073547363 49
63.2967491265340101 -23.8578806148374305 4.60036706924438477 1.21800005435943604 49.5
62.7907624988083271 -24.9423297336936791 5.66045761108398438 1.13680005073547363 48.5
62.8602184774698003 -24.9699196824824625 5.66671895980834961 1.21800005435943604 50
62.2573811780236568 -26.6277849882832349 5.67298078536987305 1.13680005073547363 46
63.4932022674421788 -23.7683408301782393 7.17707109451293945 1.13680005073547363 46.5
64.5624877359334448 -21.2871114468244684 6.0503544807434082 1.21800005435943604 46
64.1558766554581155 -23.4365461000279716 4.85574007034301758 1.21800005435943604 49
64.2820084138443519 -23.4365461000279716 2.71630740165710449 1.13680005073547363 48.5
64.0083512751192814 -23.6506663988043506 6.53301239013671875 1.21800005435943604 49
64.2519831939175816 -23.4622148737142773 4.50670146942138672 1.13680005073547363 49
66.0646961076482739 19.3491965259412524 -1.17813253402709961 1.21800005435943604 46
63.3146550573694071 -26.429849589902858 5.74811983108520508 1.13680005073547363 45.5
63.4223590668342183 -26.9323452053909662 1.70560121536254883 1.13680005073547363 47.5
64.0038342489822156 -25.4665612143520192 6.86038541793823242 1.21800005435943604 46
63.7790982158859308 -26.3488945172949229 5.48308420181274414 1.13680005073547363 48.5
63.2543663602099073 -27.711033872979133 5.78568887710571289 1.13680005073547363 47.5
63.337968670705763 -28.2958434067045452 0.73309856653213501 1.21800005435943604 45.5
63.2520962000937885 -28.3738650337450906 2.64330554008483887 1.13680005073547363 50.5
63.2590692923867763 -28.6562161787516843 -0.643932819366455078 1.21800005435943604 46
63.3846290132943437 -28.3264353747563575 1.8179924488067627 1.13680005073547363 50
63.6173048464434103 -28.0268873067639639 1.02854490280151367 1.13680005073547363 45
50.9322422240946366 -47.3225217482775307 0.45978015661239624 0.893200039863586426 47.5
49.975961313309142 -47.4953345781688512 -9.5266571044921875 0.812000036239624023 47
65.3799278608843082 -24.2212499824495353 4.98056125640869141 1.21800005435943604 46
65.4290152717971267 -24.1164338988615832 4.8426966667175293 1.13680005073547363 45.5
64.7405153085369847 -26.202447543099403 7.08081817626953125 1.13680005073547363 47.5
69.1704381003082318 -11.8765140162964951 4.84995412826538086 1.29920005798339844 45.5
47.3025606364613083 -51.9392383567611162 4.94612646102905273 0.812000036239624023 45
47.1110537422348727 -52.2500292827420481 4.55336856842041016 0.812000036239624023 46
53.3141950672846292 -46.81185460852479 0.386969268321990967 0.893200039863586426 47.5
70.6754061907618336 -8.76178729100230314 -6.07410430908203125 1.29920005798339844 47
70.6858605195607907 -9.83356555289860879 -3.93534517288208008 1.21800005435943604 47.5
52.7892926393662023 -48.6028636716494447 1.64403855800628662 0.893200039863586426 48
52.9479790379828188 -48.5010215907635924 2.56627511978149414 0.893200039863586426 47
71.7500437905108441 -4.98818290043942536 0.50506889820098877 1.29920005798339844 46.5
71.5890368426754975 -6.90256660817563716 0.755149364471435547 1.21800005435943604 45
68.7669517009709068 -21.224131827159308 2.1546177864074707 1.21800005435943604 46
71.7286627713104252 -6.75484579711950772 2.04389095306396484 1.29920005798339844 50.5
71.8401573471577422 -5.7641350802086464 0.756724238395690918 1.21800005435943604 48
71.821841386154972 -6.6897478253292908 1.57885909080505371 1.29920005798339844 50.5
71.7675008952133453 -7.31184027808902215 1.25918948650360107 1.21800005435943604 48.5
71.8001031228831863 -6.64944850550876421 5.27447938919067383 1.29920005798339844 47.5
72.214219339328352 -6.13544281217720755 2.70897483825683594 1.29920005798339844 49
72.1143715764930562 -6.57045205144531153 4.02772331237792969 1.21800005435943604 47
71.9983576225234145 -8.59124557771257713 3.63152408599853516 1.29920005798339844 45.5
72.0636534287867505 -7.54795809995445044 4.54080581665039062 1.21800005435943604 46
72.5716691249718622 -3.72338901003828271 1.0701906681060791 1.21800005435943604 46.5
72.6262065054153254 -3.82723025039610976 -1.82999742031097412 1.29920005798339844 47.5
72.7195431735176641 -3.83117608941259657 0.81921011209487915 1.21800005435943604 45
73.0161590647416148 -7.28507408788437516 2.60751867294311523 1.29920005798339844 47.5
72.7851671373672673 -9.39536003273753018 2.29733037948608398 1.21800005435943604 46
59.1062493409270644 -43.4535401514110831 3.07772350311279297 1.05560004711151123 47
59.3893130722037341 -43.15993515038803 1.16632115840911865 0.974400043487548828 48
72.9229739232700211 -9.16615881210032946 -0.686495482921600342 1.29920005798339844 45.5
72.6525293103657503 -10.580576103747072 3.45131230354309082 1.21800005435943604 45
59.185439995602465 -43.4979239820712991 2.69531869888305664 1.05560004711151123 45
73.3353753819176433 -5.88409626052323897 -0.762437343597412109 1.29920005798339844 45.5
58.297765305715906 -44.8846217873038356 -0.150484144687652588 0.974400043487548828 47.5
73.7139507602788342 -6.21608858908376938 2.7044823169708252 1.29920005798339844 47.5
55.3397424563350881 -49.2698227433266354 0.8992156982421875 0.893200039863586426 48.5
48.2149660225496319 -56.3547658008734089 1.17823445796966553 0.812000036239624023 45
74.1109848169771084 -2.37523137022893449 3.87077808380126953 1.29920005798339844 48
74.0673517308541989 -2.97203842534026785 5.42220878601074219 1.29920005798339844 50
74.034991022992017 -2.77699840367731277 5.94260120391845703 1.21800005435943604 47
74.1843582172637781 -2.21268401628287403 5.21011877059936523 1.29920005798339844 49
56.1428449062028747 -48.9381635093380822 4.68269586563110352 0.974400043487548828 47.5
55.7070724112400555 -49.3391431265068121 5.59123086929321289 0.893200039863586426 46
74.6634319638303907 -0 2.33722281455993652 1.29920005798339844 45.5
74.5683644380594473 -1.67254941869949181 5.29740333557128906 1.29920005798339844 45.5
74.815046847620934 -1.19721267716429325 1.94914400577545166 1.29920005798339844 50.5
74.8181204939464806 -1.67422710322194135 1.40325939655303955 1.21800005435943604 48.5
74.887415427541157 -1.8818817208685712 -1.4455183744430542 1.29920005798339844 51.5
74.8811608601014598 -3.94559819628464892 -1.49808716773986816 1.29920005798339844 50
74.8358783852314104 -2.91468180295611878 -4.01199531555175781 1.21800005435943604 48.5
75.3546017501113568 -0.405009563069931411 1.70594489574432373 1.29920005798339844 48.5
75.2824425448444714 -1.20560986216165622 3.53422188758850098 1.21800005435943604 46.5
75.4447177552674333 -0.245133189271606988 -0.859016299247741699 1.29920005798339844 50
75.4285772841940627 0.169707592572651 -1.789925217628479 1.21800005435943604 47.5
75.5155106686536186 -0.906006832630584458 -0.782644569873809814 1.29920005798339844 48
75.342310629203709 -1.20800911017411261 -5.10911655426025391 1.21800005435943604 45.5
75.569066682213645 -1.61542737483182552 -1.43792498111724854 1.29920005798339844 45
76.1084344057952791 -0 1.58801805973052979 1.29920005798339844 45.5
76.1651048930567072 2.1900414296827635 0.722107529640197754 1.29920005798339844 46.5
59.9355341556790719 -46.9080079718578418 7.7214655876159668 0.974400043487548828 45
47.8088932928515646 -59.6623005945428773 5.47194385528564453 0.730800032615661621 45.5
76.9900453176733208 -4.11388156521447268 0.141924545168876648 1.29920005798339844 45
78.3532652841625463 1.75307332685516637 0.577082157135009766 1.29920005798339844 45
78.4175595179685274 2.25470800344609845 -0.0748752802610397339 1.29920005798339844 46.5
78.3598535881563976 2.68604344758361302 2.63096022605895996 1.21800005435943604 45
78.4174395739028398 3.76798074689984919 1.63808369636535645 1.29920005798339844 49
78.9973005756989295 -2.53837877070609741 7.02897930145263672 1.29920005798339844 47
76.1094621350420226 -0.259022449637408114 -23.7351951599121094 1.13680005073547363 46.5
66.5286045061154283 -43.9043052135406811 1.55985820293426514 1.05560004711151123 47
66.3933084445307742 -44.2447589973009627 1.53957366943359375 1.05560004711151123 49.5
66.6054387979092724 -43.9456057924510617 0.734458267688751221 0.974400043487548828 46.5
67.25721775742646 -43.0895225884812447 4.87452316284179688 1.05560004711151123 45
80.6262220143761823 6.4719059220339199 2.52647614479064941 1.29920005798339844 45
64.342558725949587 -50.357126205082686 8.28922080993652344 0.974400043487548828 45.5
77.6634635629256138 -1.58183820201429803 26.8835430145263672 1.13680005073547363 46.5
82.0735446999115936 7.46734945187917543 1.43289315700531006 1.29920005798339844 47
82.3576559920555269 8.51529474700399014 -0.739493846893310547 1.29920005798339844 45.5
83.0051629902635995 2.92832760229622879 2.67932271957397461 1.29920005798339844 45
61.3191092294310565 57.3564393379146225 8.32744026184082031 0.974400043487548828 47
61.6618984144861244 57.3124504304589379 6.70048618316650391 0.974400043487548828 46
62.0309640332835954 57.6113568460831331 3.95648384094238281 0.974400043487548828 47.5
80.2117551389835199 -26.9444259327309119 5.94593524932861328 1.21800005435943604 47
79.9973588052120732 -26.9868247146864277 8.21070671081542969 1.13680005073547363 45.5
72.4334011971471057 -44.4986454937395663 2.60309910774230957 1.05560004711151123 48.5
72.9441037299909709 -43.8464674426884642 1.70613503456115723 1.05560004711151123 46
61.5002756258088468 59.3163738980668285 4.72915887832641602 0.974400043487548828 45.5
76.4975421707983116 -49.5967528786939766 2.39355850219726562 1.05560004711151123 46.5
89.0231711700663055 28.8779569172692447 1.3783261775970459 -0.974400043487548828 45.5
88.9575709264109236 29.3224965102241129 1.3219602108001709 -0.893200039863586426 45
89.0945009320880388 28.9010953627717946 1.37943053245544434 -0.974400043487548828 45
81.3414759634596862 46.484957371904656 -3.43151473999023438 1.13680005073547363 45.5
89.5898305029446362 28.581951749189102 1.46188926696777344 -1.38040006160736084 52.5
89.5898305029446362 28.581951749189102 1.46188926696777344 -1.46160006523132324 48.5
89.6519913075998716 28.6047434460146199 1.9506765604019165 -1.29920005798339844 45.5
89.6732082474341041 28.6047434460146199 -0.00641106255352497101 -1.38040006160736084 50
89.6612708396085054 28.6047434460146199 1.46305501461029053 -1.46160006523132324 46.5
93.3214708380172624 12.0536999837582215 4.41048192977905273 1.29920005798339844 49
93.2494233483319874 11.8418185387312231 6.16098117828369141 1.21800005435943604 46.5
93.4677822757250567 12.0632964876847542 2.45498371124267578 1.29920005798339844 57
93.417555282656707 12.0632964876847542 3.92599272727966309 1.21800005435943604 54.5
93.5747702066498306 11.860675128579123 2.23829913139343262 1.29920005798339844 55
93.5111263737287146 12.0728939678578726 3.44062137603759766 1.21800005435943604 52.5
92.0957674303209473 36.8997614315912301 1.54232823848724365 1.21800005435943604 49.5
92.1961925468736467 36.5029898032945468 3.6048731803894043 1.13680005073547363 46
99.9230092827240526 14.5428941091935489 3.15399742126464844 1.29920005798339844 47
