
X Y Z V_r Mag
2.09781263263897211 -2.99783005165097016 -0.343253612518310547 0.324800014495849609 48
2.10086645240136738 -2.99783005165097016 -0.324040979146957397 0.243600010871887207 54.5
2.10370481463692949 -2.99783005165097016 -0.305069118738174438 0.162400007247924805 49
2.11813207438025231 -3.05901029250873746 -0.467412441968917847 0.324800014495849609 55
2.12234943291608058 -3.05901029250873746 -0.447873562574386597 0.243600010871887207 61.5
2.15433197725084469 -3.0416721520640646 -0.411808371543884277 0.162400007247924805 56.5
2.12495293958244336 -3.12019033887988018 -0.616127252578735352 0.324800014495849609 53.5
2.12538359579776825 -3.23497823350160907 -0.477137833833694458 0.324800014495849609 52
2.14918597686631729 -3.22279467582798107 -0.452322065830230713 0.243600010871887207 59
2.14692451411221219 -3.23107949504604797 -0.401049643754959106 0.162400007247924805 54
2.19906637956128703 -3.30613024845022618 -0.185028448700904846 0.324800014495849609 49
2.20072101455198288 -3.30613024845022618 -0.164181381464004517 0.243600010871887207 55
2.20072101455198288 -3.30613024845022618 -0.164181381464004517 0.162400007247924805 49.5
4.01713573622270648 -0.323895202103253066 -0.400266647338867188 0.324800014495849609 54.5
4.02463268265211926 -0.323895202103253066 -0.316107779741287231 0.243600010871887207 52
4.11040739269481925 -0.310821292588552012 -0.153515905141830444 0.406000018119812012 55
4.11040739269481925 -0.310821292588552012 -0.153515905141830444 0.324800014495849609 64
4.11245227876476527 -0.307728543408566424 -0.0930793285369873047 0.243600010871887207 60.5
4.18849463979393022 -0.309124987580633226 0.0309249795973300934 0.406000018119812012 58.5
4.18902157969860411 -0.297578723188826888 0.0595575980842113495 0.324800014495849609 67.5
4.18902157969860411 -0.297578723188826888 0.0595575980842113495 0.243600010871887207 64
4.2650522535845381 -0.290605965794988208 0.0224418323487043381 0.406000018119812012 60
4.26438419050164086 -0.296482189368048654 0.052460789680480957 0.324800014495849609 67.5
4.26547097424164079 -0.283127135792911322 0.0349746234714984894 0.243600010871887207 63.5
4.33897271149587382 -0.308206540764302983 -0.0287671200931072235 0.406000018119812012 63.5
4.3390636892615273 -0.308206540764302983 -0.00622809911146759987 0.324800014495849609 71.5
4.33903639613212455 -0.308206540764302983 0.0166077055037021637 0.243600010871887207 67.5
4.29451681885529091 0.2783099627360196 -0.634170055389404297 0.162400007247924805 46.5
4.348889740470959 0.27315536813728003 -0.770175576210021973 0.243600010871887207 63
4.35877633860775138 0.293061427353762005 -0.704138457775115967 0.162400007247924805 46.5
4.44396426604145578 -0.70177290484036714 -0.0932592898607254028 0.406000018119812012 57.5
4.44396426604145578 -0.70177290484036714 -0.0932592898607254028 0.324800014495849609 65
4.44560143769614946 -0.688839590087700127 -0.110128752887248993 0.243600010871887207 60.5
4.64240644419814164 -0.265545324433107521 0.00697428872808814049 0.406000018119812012 46
4.64458124174112363 -0.223127799961298195 -0.0240937527269124985 0.324800014495849609 53.5
4.71808785311170276 -0.188938874249336308 -0.171982452273368835 0.324800014495849609 52
4.71849474483563291 -0.151151099399469052 -0.196446076035499573 0.243600010871887207 48.5
4.87262369890886315 -0 -0.152197182178497314 0.324800014495849609 45.5
4.94543206588855089 -0.197935958959467556 0.0776165202260017395 0.324800014495849609 46
5.13069884766492024 -0.662185739742716106 -0.134407535195350647 0.324800014495849609 50.5
5.13374694364862716 -0.62661912286200383 -0.180604726076126099 0.243600010871887207 47.5
5.20687138916279224 -0.659973931074501308 -0.124189585447311401 0.406000018119812012 52.5
5.20687138916279224 -0.659973931074501308 -0.124189585447311401 0.324800014495849609 60.5
5.20744922528297582 -0.659973931074501308 -0.0969931334257125854 0.243600010871887207 56.5
5.27851299875597935 -0.690695276705455385 -0.125963732600212097 0.406000018119812012 51
5.27864342172714451 -0.689364457289837973 -0.127778708934783936 0.324800014495849609 59
5.39528731678912354 -0.105940719236305034 -0.199127122759819031 0.406000018119812012 56.5
5.39725532499097582 -0.124834605469531415 -0.118536204099655151 0.324800014495849609 65.5
5.39725532499097582 -0.124834605469531415 -0.118536204099655151 0.243600010871887207 62
5.47130530218943978 -0.112885352934742 -0.166452005505561829 0.406000018119812012 53.5
5.47277332955945006 -0.126568426017741043 -0.0914462730288505554 0.324800014495849609 62.5
5.47358712517344603 -0.112885352934742 -0.0522568449378013611 0.243600010871887207 59
5.54908140238101666 0.0298216006936990116 -0.0964821651577949524 0.324800014495849609 52
5.54992575893303464 -0 -0.0287570618093013763 0.243600010871887207 49
5.62143232750026467 -0.0541231106497478687 -0.192860215902328491 0.406000018119812012 45
5.62426858693883069 -0.0597462909769943956 -0.0682601183652877808 0.324800014495849609 53
5.62463463603121294 -0.0639636762224292943 -0.00421868963167071342 0.243600010871887207 49.5
5.69540074455488643 -0.0306275903863718023 -0.226887553930282593 0.324800014495849609 47.5
4.3865197554289308 -3.75614394112086458 0.0212612859904766083 0.324800014495849609 51.5
4.38248820856823063 -3.76047379004434656 0.0570885539054870605 0.243600010871887207 51
4.45501163926958199 -3.78957393325039948 -0.120439454913139343 0.406000018119812012 52
4.45501163926958199 -3.78957393325039948 -0.120439454913139343 0.324800014495849609 64.5
4.44299195013985404 -3.80492521654481664 -0.0697946175932884216 0.243600010871887207 63.5
4.4397796952957016 -3.80931129748607811 -0.00319074327126145363 0.162400007247924805 49
4.51119272109011149 -3.83815808772160105 -0.152675256133079529 0.406000018119812012 53
4.49855780117173332 -3.85370618182695468 -0.132484033703804016 0.324800014495849609 65
4.51833158686894443 -3.8314946188193062 -0.0997703149914741516 0.243600010871887207 64.5
4.51833158686894443 -3.8314946188193062 -0.0997703149914741516 0.162400007247924805 50
4.55258875224140436 -3.90698569137089002 -0.0969432368874549866 0.324800014495849609 54
4.55348795921495864 -3.90698569137089002 -0.0347700789570808411 0.243600010871887207 53
4.64491194016785069 -3.88674242523903679 -0.472922742366790771 0.324800014495849609 48
4.66824580142858636 -3.86245028508129318 -0.441121697425842285 0.243600010871887207 47.5
6.2021223721538199 -0.409161369618402437 -0.341895610094070435 0.406000018119812012 46.5
6.20008701912982829 -0.398271143050612231 -0.388499230146408081 0.324800014495849609 53.5
6.20381834890824635 -0.412272862923485361 -0.305445969104766846 0.243600010871887207 50.5
6.2800156348906242 -0.4235379550709788 -0.268365383148193359 0.406000018119812012 49
6.28290973322052082 -0.40306957806011362 -0.229309931397438049 0.324800014495849609 57.5
6.28425382260859156 -0.4235379550709788 -0.137004539370536804 0.243600010871887207 53.5
6.36159646844088478 -0.407868043577320816 -0.0660623610019683838 0.324800014495849609 51
6.36193954220742341 -0.407868043577320816 0.00043441803427413106 0.243600010871887207 48
6.43826090938249163 0.185377519677674046 -0.341958075761795044 0.324800014495849609 45
6.45011720126626908 -0.491662779098795188 -0.854329407215118408 0.649600028991699219 46
6.51992573662980046 0.187533066654598513 -0.176141127943992615 0.324800014495849609 48.5
6.51847838475990216 0.208732456798161797 -0.203710079193115234 0.243600010871887207 46
5.44055725688443825 -3.99470758667221437 0.0717887580394744873 0.406000018119812012 46
5.44092712574691895 -3.99470758667221437 -0.0335940234363079071 0.324800014495849609 56
5.23594521250019085 -4.22074995859681046 1.16223001480102539 0.324800014495849609 50.5
5.20242505783849829 -4.22074995859681046 1.30409824848175049 0.243600010871887207 48
5.62332861503113346 -4.14405908608342255 -0.952604353427886963 0.324800014495849609 47
5.63172720892087852 -4.13965426137457548 -0.921638786792755127 0.243600010871887207 45.5
7.07098817923565015 2.91944279869459367 0.0219056122004985809 0.324800014495849609 61
7.07609474549590267 2.90605962934890805 0.0787534564733505249 0.243600010871887207 66
7.07960302976962907 2.895544282005869 0.132467612624168396 0.162400007247924805 59
7.12908684324324149 2.96544052381371825 0.240647763013839722 0.324800014495849609 73.5
7.12762406775581159 2.96544052381371825 0.280651509761810303 0.243600010871887207 78.5
7.13206470729957953 2.94806489574449726 0.343799561262130737 0.162400007247924805 72
7.18866528210918698 2.97668681082070297 0.549935996532440186 0.324800014495849609 73.5
7.18866528210918698 2.97668681082070297 0.549935996532440186 0.243600010871887207 78.5
7.18199785602615393 2.97668681082070297 0.631064295768737793 0.162400007247924805 71.5
6.95392840289382619 2.93347277484030089 2.24794363975524902 0.324800014495849609 58.5
6.97988645357129212 2.93347277484030089 2.16599941253662109 0.243600010871887207 63.5
6.99259435289645026 2.92855249175603349 2.13139247894287109 0.162400007247924805 57
6.8765567970079049 3.02002282310357195 2.60670828819274902 0.324800014495849609 53.5
7.00625351699765897 2.98823310917616602 -2.27714323997497559 0.243600010871887207 56
7.15376973914720171 2.98127910925454609 -1.77145671844482422 0.162400007247924805 47
7.28596990756647944 2.99536528226266885 1.53070557117462158 0.324800014495849609 51
7.32302267238999871 3.01642409408975842 1.29427874088287354 0.243600010871887207 53
7.35010125786429835 2.97983585934992812 -1.64517271518707275 0.243600010871887207 48
7.22740013365939316 3.21684347289443417 -2.0608823299407959 0.243600010871887207 50.5
7.9310722032504346 2.21061296873902613 -1.2316356897354126 0.243600010871887207 45.5
8.08926425721344167 2.35846502704381056 -0.909435391426086426 0.243600010871887207 46.5
6.91169459527161489 -5.14422594287330792 -0.395015418529510498 0.324800014495849609 52
8.68745651130662822 3.59692381852174048 -0.944854497909545898 0.243600010871887207 46.5
8.98369767506726724 3.14698481628216475 -1.7306903600692749 0.243600010871887207 49
9.03784198434560793 3.19696545538389465 -1.77744972705841064 0.324800014495849609 47.5
9.03784198434560793 3.19696545538389465 -1.77744972705841064 0.243600010871887207 51
10.3021331265474299 2.32760315791491612 -1.36778533458709717 0.324800014495849609 45.5
10.2992309123096621 -3.23220410918408385 -0.344534635543823242 0.324800014495849609 47
10.3346028218115382 -3.30493051766702761 -0.734192430973052979 0.243600010871887207 48
10.3588403963694677 -3.38656058804226046 -1.06214344501495361 0.324800014495849609 52
10.3645485821819996 -3.38656058804226046 -1.00491690635681152 0.243600010871887207 48
10.4408020059795188 -3.3505159400804958 -1.14644551277160645 0.324800014495849609 50
10.3963777621160922 -3.40975614790264281 -1.35629165172576904 0.243600010871887207 46
10.5098900380496669 -3.15970262233703947 -1.66388297080993652 0.324800014495849609 46
10.7169349362714321 2.78103764608681514 -0.78939443826675415 0.243600010871887207 46
10.8561767215356735 2.50239026407319098 -0.872982919216156006 0.243600010871887207 45
9.0977347401787334 -7.18918918854862898 0.829102933406829834 0.324800014495849609 49.5
11.0701990621920032 -4.10617761468055509 -1.00623416900634766 0.406000018119812012 46.5
11.0656988201365696 -4.04398523825914058 -1.27240324020385742 0.324800014495849609 54.5
12.0151042630917271 3.21417258415064477 -0.555780529975891113 0.243600010871887207 47
11.8514849092881711 -4.14718952121783602 2.21487116813659668 0.406000018119812012 48.5
11.7700139283394574 -4.14718952121783602 2.61345052719116211 0.324800014495849609 56.5
11.6847676899921478 -4.1073586575872385 3.02627325057983398 0.243600010871887207 52.5
12.1355605473174109 -4.13151952761554853 0.37330329418182373 0.406000018119812012 58.5
12.1269769650108898 -4.15395601845597451 0.402144253253936768 0.324800014495849609 66
12.1380068055387831 -4.12510910166114098 0.36456337571144104 0.243600010871887207 61.5
12.1731720937746086 -4.17824809569157551 0.875291109085083008 0.406000018119812012 68
12.1627784348605701 -4.17824809569157551 1.0094914436340332 0.324800014495849609 75
12.1570652942061912 -4.17824809569157551 1.07611465454101562 0.243600010871887207 70.5
12.187738206889783 -4.09764917409258622 1.03842282295227051 0.162400007247924805 45
12.238061930918839 -4.17984126767216857 1.05327856540679932 0.406000018119812012 64
12.2257086255620866 -4.17984126767216857 1.18811500072479248 0.324800014495849609 71.5
12.7638608058710172 2.28286132850365098 0.472269684076309204 0.162400007247924805 57
12.8448086891964586 2.2960570247797798 0.203735619783401489 0.406000018119812012 61.5
12.8448086891964586 2.2960570247797798 0.203735619783401489 0.324800014495849609 75
12.9186301786539843 2.30925288884829039 -0.204906105995178223 0.324800014495849609 67.5
12.9186301786539843 2.30925288884829039 -0.204906105995178223 0.162400007247924805 53.5
9.95537937934042994 -8.32770537539912858 -3.12446022033691406 0.406000018119812012 47
9.8638286032881517 -8.32770537539912858 -3.40245556831359863 0.324800014495849609 56
10.1238712899733727 -8.66757076871699184 2.1518547534942627 0.324800014495849609 54.5
10.1922386235256521 -8.66757076871699184 1.80042243003845215 0.243600010871887207 53.5
10.1716916152112624 -9.08284240433542855 0.600983202457427979 0.324800014495849609 50.5
10.2081906088081489 -9.04872844225341666 0.485678344964981079 0.243600010871887207 49.5
13.1961434918476641 -4.43117880382239893 -0.910475790500640869 0.324800014495849609 45
13.1755573689951788 -4.4939334997065874 -0.900985360145568848 0.243600010871887207 45
14.0166239473935299 2.56417040083026304 0.14766925573348999 0.243600010871887207 46.5
14.0966263990570155 2.52038453264349727 0.372056096792221069 0.324800014495849609 48.5
14.099761807144402 2.52038453264349727 0.22364082932472229 0.243600010871887207 51
14.1847514637694978 2.47599886008054382 0.149223655462265015 0.243600010871887207 57
14.2370546281946577 2.59742203734453403 -0.292091310024261475 0.324800014495849609 51.5
14.247402908700991 2.54677592519575491 -0.225982144474983215 0.243600010871887207 54
16.2094287221239952 1.83060765431147199 -1.10715734958648682 0.324800014495849609 60.5
16.1972640674213757 1.91846047700722355 -1.13606977462768555 0.243600010871887207 59.5
15.4845291022851672 -5.21735576654753075 -1.67009818553924561 0.406000018119812012 46
16.2324423583189308 2.10172002554865101 -1.36793661117553711 0.324800014495849609 56
16.2306788081164157 2.13866432287274844 -1.3311079740524292 0.243600010871887207 55.5
15.4044820463707772 -5.80612112722628471 -1.11394715309143066 0.406000018119812012 48.5
15.4043495609430785 -5.85972877967936778 -0.787144005298614502 0.324800014495849609 56
15.4254860571371424 -5.80612112722628471 -0.7702903151512146 0.243600010871887207 51.5
15.400920119983148 -6.09762707606163801 -0.601044535636901855 0.406000018119812012 50
16.4390193381488956 2.05463521041207375 -0.517470419406890869 0.243600010871887207 56
15.365644015193098 -6.3915322729094477 -0.517542421817779541 0.406000018119812012 49.5
15.365644015193098 -6.3915322729094477 -0.517542421817779541 0.324800014495849609 57.5
16.4985670944078038 2.13051075763648257 -0.693372905254364014 0.243600010871887207 54.5
15.4709819354675471 -6.35344415732321632 0.0900795981287956238 0.406000018119812012 48
15.4702986639049946 -6.35344415732321632 -0.171035781502723694 0.324800014495849609 55.5
15.4709819354675471 -6.35344415732321632 0.0900795981287956238 0.243600010871887207 51
15.594858864243756 -6.24757869636648167 0.090483546257019043 0.324800014495849609 52.5
15.5931982773269855 -6.38722995421115414 -0.906145989894866943 0.324800014495849609 50.5
15.5927336071160951 6.43994726977908982 0.399181336164474487 0.243600010871887207 51
15.2872346581504175 -7.18447541242263554 -1.40935707092285156 0.324800014495849609 48.5
15.6655638386318188 6.46856954880269175 0.224180042743682861 0.243600010871887207 50
17.0099726406484031 1.52354451185166617 0.865837693214416504 0.324800014495849609 55
17.0052376605919626 1.52354451185166617 0.954314470291137695 0.243600010871887207 53
17.0977022761284907 1.5559809600637069 0.477682560682296753 0.406000018119812012 50.5
17.0990435005767729 1.53022679244885929 0.511624932289123535 0.324800014495849609 61.5
17.0907368539061046 1.57958894704398367 0.626313447952270508 0.243600010871887207 60
17.174056747743677 1.44853125229870638 0.718359827995300293 0.406000018119812012 45.5
17.171276801520392 1.3795535736178155 0.898097038269042969 0.324800014495849609 57
17.1663088960975827 1.3795535736178155 0.988517343997955322 0.243600010871887207 55.5
16.9683286713217818 3.04821372602770468 -1.71460282802581787 0.243600010871887207 54
16.9399341541368358 3.30058221432248233 -2.21468925476074219 0.324800014495849609 57.5
16.957847653874957 3.28318784165148125 -2.1005089282989502 0.243600010871887207 56.5
16.796025864629847 3.91313378728358874 -2.82073378562927246 0.324800014495849609 54.5
16.7803737767608609 3.91313378728358874 -2.91240358352661133 0.243600010871887207 54
16.6611563758075398 4.49134688385232472 -3.19940972328186035 0.324800014495849609 51.5
16.6435138538989591 4.49134688385232472 -3.28995203971862793 0.243600010871887207 51.5
10.8975075210748127 -13.6068042285251245 -3.47129702568054199 0.243600010871887207 47.5
17.6892848537311451 2.37997363650031168 -0.217829182744026184 0.324800014495849609 45
11.7158106950145218 -13.894344677319328 -1.35558414459228516 0.324800014495849609 45
11.6663378483633036 -13.9512793793244079 -1.1870124340057373 0.243600010871887207 46
11.7747152139558438 -13.9515236309286923 -1.26534247398376465 0.324800014495849609 50.5
18.2410894973338316 1.763429350624512 1.3392559289932251 0.324800014495849609 50
18.2254191149019498 1.72209897521925015 1.58401477336883545 0.243600010871887207 51
18.3589546615345256 1.83057019942908061 0.0176098793745040894 0.324800014495849609 47.5
18.3558065136488473 1.7706270946618814 0.576008439064025879 0.243600010871887207 49
17.4906740754802819 1.82685886218312921 -6.05796575546264648 0.324800014495849609 49
17.4906740754802819 1.82685886218312921 -6.05796575546264648 0.243600010871887207 47
12.9031233473636657 14.1144637804051563 0.23860497772693634 0.162400007247924805 52.5
12.9427929166928646 14.0714464509017194 0.494116783142089844 0.0812000036239624023 50
12.9191073685506197 14.2034043136403287 -0.00392616307362914085 0.243600010871887207 50.5
12.9187535998800005 14.2034043136403287 0.0955569371581077576 0.162400007247924805 60
12.889026874845765 14.2297957743582408 0.161004215478897095 0.0812000036239624023 57
13.0055445409806101 14.225166583229905 -0.161632522940635681 0.243600010871887207 47
12.9691462781886191 14.2588869239283849 -0.105127401649951935 0.162400007247924805 56.5
12.9691462781886191 14.2588869239283849 -0.105127401649951935 0.0812000036239624023 54
13.2571785578267765 14.0822432347501554 0.600149989128112793 0.162400007247924805 47
12.5288383017900333 -14.7800711345307736 -1.38144028186798096 0.324800014495849609 51.5
12.5902079932190638 -14.7582250776723765 -1.00604605674743652 0.243600010871887207 55
13.1550379094171781 14.2921758646932489 0.0966767445206642151 0.162400007247924805 54
13.1055260543263792 14.3358679784100431 0.242347821593284607 0.0812000036239624023 51
12.6666378734908278 -14.7372310016477073 -1.61873400211334229 0.324800014495849609 50.5
12.6785127087466005 -14.7494145590234105 -1.40003418922424316 0.243600010871887207 54
13.202582932645214 14.3473571656252812 -0.308420389890670776 0.162400007247924805 49.5
13.1868126358515418 14.3473571656252812 -0.715083897113800049 0.0812000036239624023 46
12.7134446364920812 -14.7156385627359505 -2.23584222793579102 0.243600010871887207 46
13.2872331439545288 14.5769893881658739 -0.190957695245742798 0.162400007247924805 48.5
13.3079274744522476 14.5572707687703176 0.246090635657310486 0.0812000036239624023 46.5
13.6468607740792152 14.3429344261004186 0.288869023323059082 0.162400007247924805 49
13.6468607740792152 14.3429344261004186 0.288869023323059082 0.0812000036239624023 45
13.7589827277030867 14.3053707525151754 1.03070616722106934 0.162400007247924805 46.5
13.0309364152805465 15.8877158374390621 0.27879670262336731 0.162400007247924805 45
12.9995047692904038 15.999822424458797 0.639694750308990479 0.162400007247924805 46.5
13.0487465552820101 15.9456993138090493 0.924936294555664062 0.0812000036239624023 46
20.4119081550821306 -7.05821607141242513 0.309239029884338379 0.324800014495849609 50.5
20.4029986096439089 -7.0825082108551447 0.340162903070449829 0.243600010871887207 46
20.4849599090971246 -7.08272401497716597 0.0842301398515701294 0.324800014495849609 48.5
17.4029200343705845 13.520544175966279 -0.73197174072265625 0.162400007247924805 45.5
17.3720115435086235 13.6992387730740592 0.244358956813812256 0.162400007247924805 49
17.5346347275823575 13.6125204282773069 -0.275454550981521606 0.243600010871887207 57
17.5600367121350658 13.5820053019860794 -0.119566835463047028 0.162400007247924805 59.5
17.5097340614686736 13.6458096569586456 -0.202808558940887451 0.0812000036239624023 49.5
17.5849752947119278 13.6585091392035736 -0.624078691005706787 0.243600010871887207 56.5
17.5849752947119278 13.6585091392035736 -0.624078691005706787 0.162400007247924805 58.5
17.5688891681508963 13.6919108326354948 -0.20349372923374176 0.0812000036239624023 48.5
17.6056237949596479 13.7044966805883366 -1.32336807250976562 0.162400007247924805 48
17.2756321259484835 14.6130159326643643 1.01729106903076172 0.162400007247924805 45.5
17.4263057326123914 14.4995394126092876 1.58521664142608643 0.162400007247924805 47
17.4064653402084062 14.6784507600546537 1.18239498138427734 0.243600010871887207 49.5
17.3699903090544225 14.7439795580906114 0.859397470951080322 0.162400007247924805 52
17.6644806307007194 14.4780492483977046 1.27193546295166016 0.324800014495849609 48
17.7162590763183942 14.3922957484071947 1.50387740135192871 0.243600010871887207 68
17.6457160672390572 14.4780492483977046 1.51010310649871826 0.162400007247924805 71
17.6350529645753404 14.4780492483977046 1.62990474700927734 0.0812000036239624023 61.5
17.712265342271504 14.5599326099534458 0.993249297142028809 0.324800014495849609 55
17.7494911627229364 14.4997083466465657 1.19017386436462402 0.243600010871887207 75
17.7305486639164478 14.5255187452066572 1.1573566198348999 0.162400007247924805 77.5
17.7223975497928201 14.5255187452066572 1.27610576152801514 0.0812000036239624023 68
17.8663225508899721 14.509689971270431 0.643522739410400391 0.324800014495849609 50
17.8331303795061906 14.5470934948925823 0.715701282024383545 0.243600010871887207 70.5
17.8083687810230629 14.5729882420156116 0.800422787666320801 0.162400007247924805 73
17.8732423525856561 14.4866724182721818 0.913369536399841309 0.0812000036239624023 63.5
17.9688482374154468 14.5165401574615398 -0.023622540757060051 0.243600010871887207 56.5
17.9688482374154468 14.5165401574615398 -0.023622540757060051 0.162400007247924805 59.5
17.9788569413706369 14.5021073277165957 -0.24410402774810791 0.0812000036239624023 50.5
17.6805371976334911 14.6679260284340653 -3.05470514297485352 0.243600010871887207 58.5
17.890683249596389 14.5810478880879604 -2.09694743156433105 0.162400007247924805 59.5
17.8837220259036158 14.6418625863302339 -1.69382715225219727 0.0812000036239624023 49
17.4400328198305345 14.9711562795077491 -4.38973760604858398 0.243600010871887207 47.5
22.5172638112346171 -7.60553932006846711 -0.615874886512756348 0.730800032615661621 51
22.5253645745356366 -7.60553932006846711 -0.119946755468845367 0.649600028991699219 58
22.5253301730221338 -7.60553932006846711 0.126429229974746704 0.568400025367736816 52.5
17.639565183178636 15.8943888134243352 1.21029448509216309 0.162400007247924805 46
22.6077856190757522 -7.57588604885895567 -0.562549710273742676 0.730800032615661621 55.5
22.613983700425532 -7.57588604885895567 -0.190242156386375427 0.649600028991699219 62
22.613983700425532 -7.57588604885895567 -0.190242156386375427 0.568400025367736816 57
22.7011463472394581 -7.52496838976620452 -0.662155747413635254 0.730800032615661621 48.5
22.6985429349104741 -7.55785462428643751 -0.24629683792591095 0.649600028991699219 55
22.7106443260684721 -7.52496838976620452 0.0848197042942047119 0.568400025367736816 49.5
22.7814845296893793 -7.75565924852593813 -0.677791178226470947 0.649600028991699219 49.5
17.470923039089211 16.9869262003011379 0.593208372592926025 0.162400007247924805 48.5
17.4497494841419254 17.1094638762536313 0.758329093456268311 0.162400007247924805 49
24.1185117799346855 4.42839536273754231 -0.402943849563598633 0.243600010871887207 45
17.6391896124795693 17.0240389204201037 -0.718874692916870117 0.162400007247924805 45
18.1429250048826702 16.6749047400495094 1.27963137626647949 0.162400007247924805 45.5
17.8559277543809856 17.1369245269501498 0.232855230569839478 0.243600010871887207 49.5
17.8364275893697872 17.1554810234601085 0.33746454119682312 0.162400007247924805 55
17.7086856761583071 17.2853764990298444 0.425199896097183228 0.0812000036239624023 49.5
17.7109593516167365 17.3904916856470066 -0.416332453489303589 0.243600010871887207 48
17.5557052783986585 17.5518019902587881 -0.110012374818325043 0.162400007247924805 54
17.5029878811794148 17.6045380513818692 0.0795466676354408264 0.0812000036239624023 49
17.2229820769757076 18.1898083217751108 0.047819770872592926 0.162400007247924805 50
17.0247266436304834 18.3744923160935976 0.198106855154037476 0.0812000036239624023 46.5
16.820811247751255 18.6586977988245053 0.42307746410369873 0.162400007247924805 53
16.8105712226094326 18.6210224877718566 1.38849103450775146 0.0812000036239624023 50
16.8711432441676656 18.6766067771447979 1.26052892208099365 0.162400007247924805 49
17.325054918672631 18.3279232780545449 1.65994167327880859 0.162400007247924805 48.5
17.4755646726242908 18.1921140929853848 1.57396101951599121 0.0812000036239624023 45
17.3808183408306647 18.3633016241368665 1.82176923751831055 0.243600010871887207 50
17.5151189557996609 18.246095800418896 1.70970404148101807 0.162400007247924805 57.5
17.5388752147411431 18.246095800418896 1.44579076766967773 0.0812000036239624023 54
17.4711483625340165 18.3000788806991679 2.50933551788330078 0.162400007247924805 56
17.3827159798792863 18.401745985591937 2.37648153305053711 0.0812000036239624023 52.5
23.8588646027683744 -13.1114010573445086 -0.215306863188743591 0.324800014495849609 47
23.7265340086287111 -13.3897301171893179 -1.74835705757141113 0.324800014495849609 48.5
23.9092115431163386 -13.3238924145703077 -0.462830513715744019 0.324800014495849609 53.5
23.856184437926089 -13.4265154626928016 -0.0429240800440311432 0.243600010871887207 50
23.9773823509492559 -13.3192339887178939 -1.08890211582183838 0.324800014495849609 47
11.6624043469747285 25.0147555193631526 -0.101611495018005371 0 51.5
20.7324746891484324 17.3444375440338199 5.57628965377807617 0.243600010871887207 46.5
11.8152174528770377 24.9112889999117684 -1.26028931140899658 0.162400007247924805 45
11.6602434035047189 25.0147555193631526 -0.246497943997383118 0.0812000036239624023 54
11.6919291694190459 25.0827310890285702 -0.247167780995368958 0 54.5
20.8645685589984069 17.4607347674762501 5.06933927536010742 0.243600010871887207 47
12.0091595758835705 24.899443518682709 -1.30517876148223877 0.162400007247924805 48
11.9118075780285935 24.9789834077007242 -0.254712551832199097 0.0812000036239624023 57
11.6861736237715519 25.1507066586939878 -0.968460142612457275 0 47
11.6237712895887064 25.1507066586939878 -1.54677820205688477 0.0812000036239624023 49.5
24.408595932426806 -13.3516797351066305 -0.428709626197814941 0.324800014495849609 49
24.4282321697436622 -13.2890937363483204 -0.944534122943878174 0.243600010871887207 45.5
24.3428494533368678 -13.5794189149396107 -1.19797873497009277 0.324800014495849609 52.5
24.3428494533368678 -13.5794189149396107 -1.19797873497009277 0.243600010871887207 49
23.8035185011211396 -14.6366793650164606 -1.32694876194000244 0.324800014495849609 46.5
23.3908525819620472 -15.4330252210572159 -1.22161400318145752 0.324800014495849609 45
23.8052108352450347 -14.9752331245713446 -0.26460731029510498 0.324800014495849609 49
23.7933395175523259 -14.9963200522285653 0.0556076392531394958 0.243600010871887207 46.5
24.2887438915312082 -14.4721175741497259 0.300715118646621704 0.406000018119812012 59
24.3229795388447663 -14.4085194012164521 0.512739837169647217 0.324800014495849609 68
24.3150407303146991 -14.4085194012164521 0.805672228336334229 0.243600010871887207 65
24.3160523537101483 -14.5742714318714501 -0.206809639930725098 0.406000018119812012 62.5
24.315788355897606 -14.5742714318714501 0.235799714922904968 0.324800014495849609 71.5
24.3138890632674176 -14.5742714318714501 0.384617358446121216 0.243600010871887207 68
24.245296025087903 -14.6628365232172921 0.943039476871490479 0.162400007247924805 48
24.294400441632277 -14.701627490106187 -1.27472949028015137 0.406000018119812012 54
24.2938996857999499 -14.7442511987027753 -0.627836942672729492 0.324800014495849609 63
24.2346397811636685 -14.8508104701942401 -0.341068357229232788 0.243600010871887207 59.5
24.0476283350116482 -15.0827196036554518 3.27929854393005371 0.243600010871887207 50
25.2693741580146778 -13.5005256713048709 0.130867525935173035 0.324800014495849609 46.5
24.6811377480311123 -14.8344001471686049 -0.47121816873550415 0.324800014495849609 52.5
24.6735749337135033 -14.8344001471686049 -0.771561145782470703 0.243600010871887207 49.5
26.5417403198110513 11.722307253646866 -0.757807910442352295 0.324800014495849609 63.5
26.5456061095287161 11.722307253646866 -0.607458591461181641 0.243600010871887207 69
26.5456061095287161 11.722307253646866 -0.607458591461181641 0.162400007247924805 63
26.6682956623357157 11.6362346430540171 -0.458274126052856445 0.324800014495849609 59.5
26.6056062423043045 11.7707786061143302 -0.632830500602722168 0.243600010871887207 65.5
26.6110949692470307 11.7707786061143302 -0.329329788684844971 0.162400007247924805 59.5
27.5414289937069441 9.56630469943197248 -1.06589949131011963 0.324800014495849609 53
27.5515209826730008 9.56630469943197248 -0.761724174022674561 0.243600010871887207 56.5
27.4947530300085603 9.66473847492155613 -1.3461155891418457 0.162400007247924805 48.5
27.4712039172623648 9.9819892088221831 -1.12045300006866455 0.324800014495849609 54
27.4744467264575469 10.0112297484305977 -0.701883077621459961 0.243600010871887207 57.5
27.4389438248471826 10.0587456252942697 -1.22008025646209717 0.162400007247924805 49
27.4285388134281582 10.3190609991290714 -1.07137966156005859 0.324800014495849609 51.5
26.8675564761171053 11.7262056808284907 -0.765640497207641602 0.243600010871887207 56
26.6579307671158929 12.1952539080616305 -0.765640497207641602 0.162400007247924805 50
26.7830764885319113 12.0684702446978402 -1.17426490783691406 0.324800014495849609 47
26.7212327883100365 12.2264441322235644 -0.921873688697814941 0.243600010871887207 54
26.6404482224792005 12.3844180197492886 -1.12820219993591309 0.162400007247924805 49
26.1253359385580346 13.4031035265717406 -2.56891632080078125 0.243600010871887207 49.5
26.1318823577816062 13.3183903138454021 -2.9190514087677002 0.162400007247924805 45
27.993387100691141 9.45294137488237141 -0.463346123695373535 0.324800014495849609 48
26.2560920833130034 13.437208462186307 -1.80599367618560791 0.243600010871887207 52.5
26.2331262446561304 13.437208462186307 -2.11355137825012207 0.162400007247924805 47.5
28.1137188041224064 9.27332785421577022 -1.1247248649597168 0.324800014495849609 48.5
26.322732586250158 13.4713133978008752 -1.81057751178741455 0.243600010871887207 52.5
26.3115973129676739 13.4713133978008752 -1.96578109264373779 0.162400007247924805 47.5
28.153392468816552 9.43412234097363722 -0.688389420509338379 0.243600010871887207 51.5
28.208666936817373 9.5249182051019492 -0.312610417604446411 0.243600010871887207 49
26.3573542209543099 14.0063114577722096 -0.368339478969573975 0.243600010871887207 47.5
28.3004853436571189 9.57290255519696309 -1.71689891815185547 0.243600010871887207 50.5
26.4679742592901306 14.0354589891577355 -1.56599259376525879 0.243600010871887207 49
26.5341431810583579 14.0705470989895183 -1.569907546043396 0.243600010871887207 49.5
26.6328815623207724 14.5752843234541789 0.944166183471679688 0.243600010871887207 46.5
26.4311958043046289 15.0983145326901838 -0.797088563442230225 0.162400007247924805 47
26.4189219233856889 15.2766353381848408 -0.663819670677185059 0.243600010871887207 46.5
27.0058924987095992 14.3888189279472893 0.0605011060833930969 0.243600010871887207 52.5
26.9789266368395069 14.4385278426598376 -0.162721827626228333 0.162400007247924805 48.5
27.319829091359896 13.9487772924575602 -0.119203619658946991 0.324800014495849609 59.5
27.3434623851657364 13.9027796756646254 -0.0585567653179168701 0.243600010871887207 67
27.2767834033520273 14.033106256577943 -0.0690150335431098938 0.162400007247924805 62.5
27.4434822165790457 13.8714495310086239 0.0272530261427164078 0.324800014495849609 60.5
27.4103174940095542 13.9367721465286092 -0.0586999393999576569 0.243600010871887207 68
27.4313811967250878 13.8945045717803843 0.157233893871307373 0.162400007247924805 64
27.4285190593529791 14.0516532039376578 0.638827145099639893 0.324800014495849609 49
27.4623749165068851 13.9707637529281481 0.903540670871734619 0.243600010871887207 56.5
27.4353064132037687 14.0169862963621537 1.0043644905090332 0.162400007247924805 52
27.4328774544828384 14.0047562237921301 -2.4726860523223877 0.324800014495849609 49
27.5049421007315189 14.0510912319767201 -0.924689173698425293 0.243600010871887207 55
27.5614965806425189 13.9622824662895919 0.478195011615753174 0.162400007247924805 50.5
27.6157714647917629 13.99617098262285 0.962816357612609863 0.243600010871887207 51.5
27.5834949026431673 14.0387478301916691 1.23084521293640137 0.162400007247924805 46.5
29.5281545424859146 10.5301925361473074 0.160301864147186279 0.324800014495849609 53
29.4679190651650735 10.6986442768669274 -0.057707618921995163 0.243600010871887207 57
29.4677878600885244 10.6986442768669274 0.104730047285556793 0.162400007247924805 49
29.5364403584778081 10.7006782532581202 0.790484428405761719 0.324800014495849609 59
29.528736033797415 10.7242393796873117 0.758355975151062012 0.243600010871887207 63
29.51850134392933 10.7242393796873117 1.08601284027099609 0.162400007247924805 55
29.5474304954242903 10.7498344825076977 1.90802431106567383 0.324800014495849609 61
29.51365096394726 10.8679212765301187 1.75580322742462158 0.243600010871887207 65
29.536309405676068 10.7498344825076977 2.07305645942687988 0.162400007247924805 56.5
29.2766079068772171 10.7754289344175795 4.87349700927734375 0.324800014495849609 52.5
29.3092599015022586 10.8937968831662157 4.39012670516967773 0.243600010871887207 56.5
29.2367115199021299 10.8582864985416254 4.92878627777099609 0.162400007247924805 48.5
31.1515759210916059 5.81931699129479529 9.46945476531982422 0.162400007247924805 46
30.2423495949403538 11.3765945534729376 -8.05379581451416016 0.243600010871887207 46
29.8051372289597047 15.3369157657013577 -0.598803937435150146 0.243600010871887207 46.5
29.4743918931986251 16.0640027502003768 1.47247660160064697 0.243600010871887207 47
26.6214904935355996 20.8590473148988522 -0.571880936622619629 0.162400007247924805 45.5
31.1587531081625073 13.3395713878059432 0.63092195987701416 0.243600010871887207 46
31.1274545038511796 13.7985547463265679 0.290174335241317749 0.324800014495849609 48
31.1078870247255566 13.8325937342916045 0.601217985153198242 0.243600010871887207 53
30.9853204186071487 14.083631270533747 0.981826126575469971 0.162400007247924805 46.5
31.2698506092075412 13.6455842607849149 -0.714195489883422852 0.324800014495849609 53
31.2099486947481495 13.7820401033927649 -0.714195489883422852 0.243600010871887207 58.5
31.2759531538611384 13.6455842607849149 -0.358281433582305908 0.162400007247924805 51.5
31.2701491961996325 13.7952361409738522 -1.22851598262786865 0.243600010871887207 52.5
28.2007279774245667 -19.9865265099626406 0.829662859439849854 0.324800014495849609 50
28.104690387144565 -20.0945384344652496 1.32914161682128906 0.243600010871887207 47
28.2739202547345592 -20.029881671312733 0.108666181564331055 0.406000018119812012 49
28.3238786311603796 -19.9519443885449768 0.548036277294158936 0.324800014495849609 58.5
28.372413841409724 -19.8740071057772241 0.807846248149871826 0.243600010871887207 55.5
28.4790010506385052 -19.7564736919831034 -2.1104588508605957 0.406000018119812012 54
28.5233913701660242 -19.7564736919831034 -1.38695061206817627 0.324800014495849609 64.5
28.6136903227865282 -19.6262970588270527 -1.37512493133544922 0.243600010871887207 62
28.6094863921351141 -19.7600073542573895 -1.44209921360015869 0.406000018119812012 59
28.6916408940901064 -19.6425953387281353 -1.41365623474121094 0.324800014495849609 69
28.6254680743486389 -19.7600073542573895 -1.07933855056762695 0.243600010871887207 67
28.64409802263879 -19.6686868977346343 -1.92316257953643799 0.162400007247924805 48
28.6548102568690091 -19.8418135232139292 -1.21236550807952881 0.406000018119812012 56
28.6619678409890142 -19.8418135232139292 -1.02937984466552734 0.324800014495849609 66
28.6678858218525043 -19.8418135232139292 -0.848743081092834473 0.243600010871887207 63.5
28.7295378163614679 -19.8844845239979691 -0.85056835412979126 0.406000018119812012 56
28.734327109838592 -19.8844845239979691 -0.669520378112792969 0.324800014495849609 66.5
28.7380148286109112 -19.8844845239979691 -0.48607143759727478 0.243600010871887207 64
28.7917959987169922 -19.7884031140423424 -0.976811826229095459 0.162400007247924805 46
28.7996850143179373 -19.9271555247820089 -0.487114518880844116 0.324800014495849609 59
28.7996850143179373 -19.9271555247820089 -0.487114518880844116 0.243600010871887207 56.5
28.9505137487368458 -20.1080242518729904 0.312418341636657715 0.406000018119812012 52.5
28.8190862929581826 -20.2974317092290768 0.19225744903087616 0.324800014495849609 63
28.8172898689479418 -20.2974317092290768 0.374896794557571411 0.243600010871887207 61
29.7903714551140588 18.7953865241494107 -1.3526914119720459 0.162400007247924805 47
28.8234019924079448 -20.4200737131933465 0.296222597360610962 0.406000018119812012 53.5
28.8173153054898989 -20.4200737131933465 0.66225963830947876 0.324800014495849609 63.5
28.8124574211369548 -20.4200737131933465 0.847659885883331299 0.243600010871887207 61.5
30.1100791872927651 18.3233303033864239 -2.34400725364685059 0.162400007247924805 46
28.8059325218410294 -20.5740180924127856 -0.296850383281707764 0.406000018119812012 49.5
28.8849918580889913 -20.463428874543439 -0.25582471489906311 0.324800014495849609 59.5
28.8073716082166058 -20.5740180924127856 0.0724053159356117249 0.243600010871887207 57
29.1262023130400927 -20.2363746484768647 -0.793227195739746094 0.406000018119812012 50
28.9985366545188405 -20.4269911019017272 -0.54657590389251709 0.324800014495849609 60.5
29.0036863504364852 -20.4269911019017272 0.00725532695651054382 0.243600010871887207 58.5
29.201053518213886 -20.2258503599330339 -1.41990196704864502 0.324800014495849609 55
29.2227506366824663 -20.2258503599330339 -0.865170478820800781 0.243600010871887207 52.5
29.2592141012088156 -20.3219394034886633 -0.240451052784919739 0.324800014495849609 50
29.1035547938628198 -20.6725357667149829 0.345612794160842896 0.324800014495849609 54
29.1028683083333064 -20.6725357667149829 -0.399154841899871826 0.243600010871887207 52
29.3242877043774612 -20.4835036199220895 0.602411746978759766 0.324800014495849609 58
29.327544512458541 -20.4835036199220895 0.414625823497772217 0.243600010871887207 56
30.7708469997542196 18.2482893445050109 0.0756117403507232666 0.162400007247924805 45.5
29.1079598876473575 -20.7235576375088861 2.91264700889587402 0.324800014495849609 50.5
28.546051710929806 -21.633499354982856 3.62142372131347656 0.324800014495849609 54.5
28.5409480428567974 -21.4985430271289388 4.38485908508300781 0.243600010871887207 52.5
29.3815579688863089 -20.853620916424056 1.80450725555419922 0.406000018119812012 47.5
29.15300600513417 -20.9663188245327028 3.45273876190185547 0.324800014495849609 56.5
29.0538989899567142 -20.9663188245327028 4.20596456527709961 0.243600010871887207 53.5
29.5530517087705782 -20.815664886810044 0.384468644857406616 0.406000018119812012 47
29.5555528732093045 -20.815664886810044 0.00739337736740708351 0.324800014495849609 57
29.4062021532626794 -21.009908287446514 0.825567662715911865 0.243600010871887207 54.5
30.2848030915817965 -19.8448794103589847 -1.12353551387786865 0.406000018119812012 49.5
30.2652980111673457 -19.8946726753028607 -0.681600987911224365 0.324800014495849609 59
30.3468255474880095 -19.78150616406678 0.1136055588722229 0.243600010871887207 56
30.2515306800285266 -19.7408134921885612 -3.58264899253845215 0.406000018119812012 48
30.2096773747333138 -19.9358628902042128 -2.7617032527923584 0.324800014495849609 57.5
30.2684003457082156 -19.85875033750035 -2.67286300659179688 0.243600010871887207 54.5
29.3185564798510043 -21.5270338074536554 0.386861592531204224 0.324800014495849609 56
29.8718791102329604 20.7497697067200022 -0.508369922637939453 0.162400007247924805 46
30.2023629099305104 -20.4053971986200935 0.198802381753921509 0.406000018119812012 46.5
30.1734282847655031 -20.4053971986200935 1.33665800094604492 0.324800014495849609 55.5
29.7983365066017498 20.988408547152094 -0.385177135467529297 0.162400007247924805 45.5
29.7691550704019257 -21.1502628651731399 0.734549820423126221 0.406000018119812012 49
29.7112457311883738 -21.2278533849633746 0.83413165807723999 0.324800014495849609 60
29.7112457311883738 -21.2278533849633746 0.83413165807723999 0.243600010871887207 58
29.3807258839229917 -21.6601920721449872 2.67753124237060547 0.406000018119812012 48.5
29.588191077616667 -21.4635306998683326 1.84821152687072754 0.324800014495849609 60
29.5659067852123698 -21.4909718215813541 1.88559341430664062 0.243600010871887207 58
29.007888016843733 -22.410343581975475 -1.17248177528381348 0.324800014495849609 57
29.0526242348182713 -22.3736804431910592 -0.647566258907318115 0.243600010871887207 56
29.7663245439443216 -21.5514946418771736 -0.248044252395629883 0.324800014495849609 55.5
29.8656870494418527 -21.4137267238596358 -0.235515028238296509 0.243600010871887207 54.5
29.842013324324693 -21.5586646434462956 -0.871101260185241699 0.406000018119812012 48
29.7976750072077259 -21.6230875473968283 -0.788272082805633545 0.324800014495849609 58
29.7976750072077259 -21.6230875473968283 -0.788272082805633545 0.243600010871887207 56
29.9964170654212658 -21.3305232810048544 2.61416506767272949 0.324800014495849609 50.5
29.8855105854663954 -21.3950773938310697 3.27368712425231934 0.243600010871887207 49
30.0585625159213521 -21.4108414833274558 2.28242921829223633 0.324800014495849609 54
29.8155404030906368 -21.683443910499733 2.83065557479858398 0.243600010871887207 53
30.9934462934250234 -20.2690550620451049 1.12892758846282959 0.324800014495849609 49
30.2608934523178021 -21.3338980643910112 1.35866069793701172 0.243600010871887207 47
30.0798485747821047 -21.6739862533390308 -1.92527997493743896 0.324800014495849609 50
30.6882563525542942 -21.0251466505198294 -0.119198650121688843 0.324800014495849609 47
29.9358872861873238 -22.2087141237209558 0.20330202579498291 0.406000018119812012 47
30.0439652927288812 -22.0596623510785363 0.396433442831039429 0.324800014495849609 54.5
30.1695782755511104 -21.8873212389607339 -0.40913999080657959 0.243600010871887207 50.5
29.8798975950175354 -22.402751796596938 -0.57546466588973999 0.406000018119812012 47.5
29.8468978706739634 -22.44475695621556 0.64675372838973999 0.324800014495849609 55
29.9328845706109377 -22.3047397574868285 1.2424170970916748 0.243600010871887207 50
29.407335454812003 -23.0042545272310903 -2.5775456428527832 0.324800014495849609 49.5
29.5827530081505685 -22.8686327786460701 -1.58656930923461914 0.243600010871887207 47
29.8349344070479212 -22.591126964712938 -2.40158939361572266 0.324800014495849609 52.5
29.8637985314470207 -22.591126964712938 -2.01110434532165527 0.243600010871887207 52
30.47828598026042 -22.5479048064729746 3.77839851379394531 0.406000018119812012 50
30.7747606195437449 -22.4587216073191911 2.41884613037109375 0.406000018119812012 53.5
30.6062872540699082 -22.5922908947034173 3.18973231315612793 0.324800014495849609 64
30.5851077037832191 -22.5922908947034173 3.38680243492126465 0.243600010871887207 62
30.7032203063337512 -22.7896252302647397 1.00387728214263916 0.406000018119812012 45.5
36.4413333045554069 -15.4030155523936969 6.69267511367797852 0.324800014495849609 45
33.925973875994238 -20.3298223811052985 7.99057626724243164 0.243600010871887207 46
34.2760413592271433 -20.3019411580889546 6.86768436431884766 0.243600010871887207 51
34.5791511043207649 -20.4509445321629109 5.12749290466308594 0.243600010871887207 46
30.3584825268035026 27.0285857587937315 -0.490526348352432251 0.162400007247924805 45.5
32.8714605288816628 -24.8502396611842329 1.8695366382598877 0.324800014495849609 47.5
32.7496187090347775 -24.9791042103503003 2.25153183937072754 0.243600010871887207 45.5
37.9597898761726924 -15.5647010155068255 7.46220874786376953 0.324800014495849609 47.5
37.8316636442313623 -15.7493009441736795 8.11637687683105469 0.324800014495849609 47.5
43.9693492259436525 7.61167747046908527 -0.386378645896911621 0.324800014495849609 54
43.9282574132158672 7.85145925159008939 0.231223717331886292 0.243600010871887207 53.5
44.0448785597284456 7.62447033584800415 0.0792351141571998596 0.243600010871887207 52.5
44.1264752950997732 7.59250268429665365 -0.0946321263909339905 0.324800014495849609 48.5
44.1807717945394387 7.68368268667883303 0.736883461475372314 0.324800014495849609 50.5
44.1828166142910206 7.53236289635036549 1.6324697732925415 0.243600010871887207 50.5
44.2302397614684182 7.4944346697433355 2.40318679809570312 0.324800014495849609 49.5
42.3118993457895769 -15.3825005765306617 2.19945025444030762 0.324800014495849609 50.5
42.3640988791325555 -15.5265760928502683 1.6526191234588623 0.406000018119812012 65
42.4181636431103897 -15.374244132636985 1.68953239917755127 0.324800014495849609 72
42.3307624836833511 -15.5265760928502683 2.35682034492492676 0.243600010871887207 67.5
42.497550218278846 -15.433690782171432 1.02973294258117676 0.406000018119812012 68
42.4344718498921694 -15.5523680089841747 1.65536439418792725 0.324800014495849609 75.5
42.4835031208699121 -15.433690782171432 1.50129044055938721 0.243600010871887207 70.5
42.5802623274587617 -15.459285884991818 -0.148242086172103882 0.406000018119812012 59
42.5792856478248112 -15.459285884991818 0.324281543493270874 0.324800014495849609 66
42.5919089343388535 -15.4253218735271709 0.281043261289596558 0.243600010871887207 61.5
41.4758161342300156 -15.8647723769327591 9.32503318786621094 0.406000018119812012 46
41.1271670019767654 -15.7853918146464629 10.8751201629638672 0.324800014495849609 53.5
40.9997554474220749 -15.7853918146464629 11.3460178375244141 0.243600010871887207 49
42.2176283996750712 -15.8909954079439046 5.55434083938598633 0.406000018119812012 51.5
42.0452235098286309 -15.8909954079439046 6.73632574081420898 0.324800014495849609 59
41.9736579335686457 -15.8114836367819258 7.34244775772094727 0.243600010871887207 54.5
42.317834664633196 -15.9172184389550502 5.32623291015625 0.406000018119812012 51.5
42.317834664633196 -15.9172184389550502 5.32623291015625 0.324800014495849609 58.5
42.3607576651924873 -15.8375754589173905 5.22141551971435547 0.243600010871887207 54.5
42.1071561048310699 -15.7326096849809396 7.67024517059326172 0.324800014495849609 48
41.4632221178133022 -15.9240042736693272 -10.6505050659179688 0.324800014495849609 48
30.739816034616819 -33.4781663962949523 -5.22862577438354492 0.243600010871887207 52
30.5481358569136887 -33.7162899005612005 -5.47301483154296875 0.324800014495849609 53.5
30.4170261642058932 -33.8651729741710099 -5.28064823150634766 0.243600010871887207 54.5
43.5923384301425259 -16.1128483490364509 -1.52777433395385742 0.324800014495849609 47
41.8495784120328764 -16.0343123010612381 -14.7307348251342773 0.243600010871887207 48
42.5592243955501104 -16.2487418736115785 -12.5400724411010742 0.324800014495849609 45
27.5748225431781222 38.933401071101045 5.27440166473388672 0 49
47.6360339570021267 -4.86442586175673242 3.33851718902587891 0.324800014495849609 49.5
27.9226440191003036 38.9633913661796925 2.48598384857177734 0.243600010871887207 45
27.8281323429067342 38.8974127170066737 4.07262516021728516 0.162400007247924805 60
27.750583342369449 38.8974127170066737 4.57128000259399414 0.0812000036239624023 61
27.4292928753817193 39.0242722844957797 5.99547576904296875 0.0812000036239624023 56.5
43.6465914850008971 -16.7507799440622271 -11.5242767333984375 0.324800014495849609 48.5
46.591686277733821 21.4492852434470542 0.912794709205627441 0.324800014495849609 49
46.6346350533312517 21.3338975762677165 1.32889258861541748 0.243600010871887207 55.5
46.6213060877429157 21.218509909088386 2.81405830383300781 0.162400007247924805 50
46.738550170553907 21.1981730519887961 2.35291957855224609 0.324800014495849609 50
46.7416578572807424 21.2495314361244461 1.75095498561859131 0.243600010871887207 56.5
46.6541004362846223 21.2495314361244461 3.35309791564941406 0.162400007247924805 51
47.2633092374415256 20.1040133480237095 3.0184013843536377 0.243600010871887207 52.5
47.1311130494990067 20.3651072875667012 4.32970523834228516 0.243600010871887207 49
46.6545917082753974 20.9621675294649847 6.81885480880737305 0.243600010871887207 48
46.7598982719165193 20.8441185316299133 7.02426958084106445 0.243600010871887207 47
47.7966410538821691 19.3050437573077467 5.3504185676574707 0.243600010871887207 49
48.2769012022592108 18.8530621646594128 2.74096941947937012 0.243600010871887207 52
48.689998751240033 19.8209330678958864 0.738364219665527344 0.243600010871887207 50.5
48.8812129118902732 19.3689327349359175 2.73756313323974609 0.243600010871887207 50
48.7816544265513912 19.8181876541895825 2.74146294593811035 0.243600010871887207 47
48.619180038473651 21.5089752610540259 1.05852043628692627 0.324800014495849609 49
48.5384454898437667 21.688382839691176 1.10201573371887207 0.243600010871887207 55
48.5544942639223365 21.5089752610540259 2.72141456604003906 0.162400007247924805 49
48.7290504981132671 21.2931110312254859 2.76513433456420898 0.324800014495849609 60
48.6944129699169963 21.2931110312254859 3.31968426704406738 0.243600010871887207 65.5
48.5889623061878524 21.5393126275240299 3.27620244026184082 0.162400007247924805 59.5
48.7039488148881503 21.5363311070558652 2.76902890205383301 0.324800014495849609 64
48.6872524535052307 21.5363311070558652 3.0485539436340332 0.243600010871887207 69.5
48.7431483624994826 21.323100105995902 3.60370421409606934 0.162400007247924805 63
48.8386771776745334 21.5666216132131261 1.10667860507965088 0.324800014495849609 60.5
48.9166463496078663 21.3530907061516082 1.66350686550140381 0.243600010871887207 66
48.8316241316281747 21.5666216132131261 1.38329160213470459 0.162400007247924805 60
48.3805599535638677 21.5969121193703906 -7.24366283416748047 0.324800014495849609 51
48.4214005383102872 21.5969121193703906 -6.96542882919311523 0.243600010871887207 57
48.5162083950419003 21.3830813063073144 -6.96542882919311523 0.162400007247924805 50.5
27.8040742344500522 -43.9691283614303075 17.3040409088134766 0.243600010871887207 50
47.7995752170119204 21.952896607724572 -15.7251777648925781 0.324800014495849609 52
47.3742579495569487 21.9828872078802782 17.1663417816162109 0.324800014495849609 49
47.0499418108508536 21.9828872078802782 -18.0362567901611328 0.243600010871887207 55
47.1576443495854321 21.9828872078802782 -17.7527427673339844 0.162400007247924805 49.5
42.5975660824452902 34.8898100646178975 -7.53188085556030273 0.243600010871887207 45
33.127496300207298 -45.6664397222724787 -2.56341099739074707 0.243600010871887207 45.5
32.8661955471408831 -45.8260168302543889 -4.20621585845947266 0.243600010871887207 49
52.9959087292840749 -27.7962065062518136 3.13215279579162598 0.324800014495849609 45
55.3891969084442124 -23.4133302421753982 1.36956191062927246 0.324800014495849609 48.5
53.4724464341172592 -28.3543533128432266 0.061896052211523056 0.243600010871887207 49
53.6712970951858708 -28.1093048329835113 1.27241885662078857 0.324800014495849609 48.5
53.8231667156113787 -27.8291204906288847 -0.983258366584777832 0.243600010871887207 45
56.7928025006135115 -21.377083674399465 2.85675311088562012 0.324800014495849609 48
54.3378019168534792 -27.4722356164372812 1.22060060501098633 0.324800014495849609 48
56.193126542764098 -23.6506474897469694 0.964401483535766602 0.324800014495849609 49
56.3082722379733625 -23.527162738058454 1.71876215934753418 0.324800014495849609 48.5
52.2838971788741205 -31.6143183899835627 -1.78752458095550537 0.324800014495849609 47.5
52.6515645394309288 -31.1866083381180204 -0.805254101753234863 0.406000018119812012 45.5
52.6864836945646431 -31.1254281353948805 -0.884520649909973145 0.324800014495849609 54
52.6457595816136816 -31.1866083381180204 -1.12231814861297607 0.243600010871887207 51
52.7447655713486654 -31.1635724299679175 -1.20305037498474121 0.243600010871887207 48.5
55.0105514374815741 -27.146260177297183 0.861600518226623535 0.324800014495849609 46
54.3405446976076476 -28.4919813520764507 2.88849472999572754 0.324800014495849609 47
54.4494146168935984 -28.5267704482570679 1.93260252475738525 0.324800014495849609 50.5
54.4068952406826156 -28.5267704482570679 2.89202165603637695 0.243600010871887207 46
54.6363355731840201 -28.2768655234620212 -2.60197758674621582 0.324800014495849609 49.5
55.4444552940010738 -26.95544657926418 -0.197542920708656311 0.324800014495849609 50.5
54.8773168335988544 -27.9755199767202782 3.97821927070617676 0.324800014495849609 46
56.6076074137466847 -25.1667875356785871 -0.118258893489837646 0.324800014495849609 48.5
59.3805527007252252 -17.5453354401361068 4.74567890167236328 0.324800014495849609 51.5
59.4499359640685796 -17.5453354401361068 3.77843999862670898 0.243600010871887207 46.5
59.8223848136163454 -16.4088908547349916 4.21446990966796875 0.324800014495849609 49.5
58.7280930025434742 -20.5619466146278818 4.68800878524780273 0.324800014495849609 51.5
61.5343866007603424 9.80154117941862602 5.47283267974853516 0.243600010871887207 48.5
62.2782368745235786 6.346556003100571 -1.74176633358001709 0.324800014495849609 53.5
62.2822006520660381 6.51089345817469134 -0.653235554695129395 0.243600010871887207 51.5
62.4417990429236056 5.68034939635922509 -0.213733434677124023 0.324800014495849609 54.5
62.4374758232588647 5.68034939635922509 0.765149891376495361 0.243600010871887207 52.5
62.543231623250179 5.02037551819652617 1.95983362197875977 0.324800014495849609 53.5
62.5046615248665489 5.02037551819652617 2.94342660903930664 0.243600010871887207 51.5
62.5564711433564113 6.03164836587320075 0.655584454536437988 0.243600010871887207 50
62.2480436848889838 9.05826916486585532 -1.63860702514648438 0.243600010871887207 47.5
62.7795522800160342 5.91136839052035157 1.49635100364685059 0.243600010871887207 46
62.7017926014597293 8.09018229329010374 -0.65949404239654541 0.324800014495849609 49.5
62.7052618596112836 8.09018229329010374 -2.76365267382061575e-06 0.243600010871887207 49
62.7272759820920314 9.53820728117528915 0.46286165714263916 0.243600010871887207 49
63.9046366094726963 -0 2.99969291687011719 0.324800014495849609 48
63.8608471421246122 -1.53670279304842583 4.67261981964111328 0.324800014495849609 45.5
63.1372367915748995 11.5657575716500176 3.34638762474060059 0.243600010871887207 45.5
62.3316545770766695 16.2781518778053389 0.606129229068756104 0.243600010871887207 48
62.6160891028409168 15.4749922605824537 -0.00439323810860514641 0.324800014495849609 49
62.4783021039291739 15.9908253359352006 1.00257158279418945 0.243600010871887207 50.5
62.9800780507560916 14.2503208272978394 0.607540488243103027 0.324800014495849609 48.5
62.8794785565618994 14.6699225730619887 -0.946507632732391357 0.243600010871887207 49.5
63.2631208553798885 15.6369405861920914 -1.02194869518280029 0.243600010871887207 47.5
42.7536639317320422 48.9957471700685545 4.39565944671630859 0.162400007247924805 53
42.7536639317320422 48.9957471700685545 4.39565944671630859 0.0812000036239624023 51
42.8672614208320297 49.0521266306369412 3.72141408920288086 0.162400007247924805 53.5
42.8672614208320297 49.0521266306369412 3.72141408920288086 0.0812000036239624023 51
63.3935361020016188 16.1261861616464408 2.86043667793273926 0.243600010871887207 45
63.3589103352672964 16.7753722361899058 1.01889252662658691 0.324800014495849609 45
62.8723901773126954 17.8238330009517725 5.11626482009887695 0.243600010871887207 47
64.2073713865770515 13.2424781297264627 4.3059229850769043 0.324800014495849609 46
63.3091677026925694 -17.9054074333752951 2.75123333930969238 0.324800014495849609 46
63.5326913108792297 16.4983188896679529 5.25603723526000977 0.243600010871887207 47.5
64.2743738111533816 14.1281006467076704 3.91246867179870605 0.324800014495849609 50
64.2784227464526197 14.2351941209975816 3.42780351638793945 0.243600010871887207 50.5
61.9518159916534685 22.6389239974945333 -2.33484768867492676 0.243600010871887207 52.5
62.7755357161795189 20.5013952519899014 2.19793081283569336 0.324800014495849609 52
62.5989972937203234 20.9885407694556285 2.59859275817871094 0.243600010871887207 55.5
62.4265524761697037 21.4921996942930775 2.63010668754577637 0.162400007247924805 46.5
64.9152514695016833 -13.2060021185356664 2.70228719711303711 0.324800014495849609 46.5
65.5960963840033173 9.198257799801695 4.26436519622802734 0.324800014495849609 49.5
62.1155608192202067 23.2071463695627962 2.95400571823120117 0.243600010871887207 51
62.3187857379485664 22.9261388840216576 -2.52280068397521973 0.324800014495849609 49.5
62.3326826269630558 23.0257816462846989 -0.231047600507736206 0.243600010871887207 53
62.2558296579953918 23.2333707343327021 -0.158558651804924011 0.162400007247924805 45
62.328941411295105 22.8771974166269345 -4.16083955764770508 0.243600010871887207 47.5
65.9101625445429704 9.95635668329550327 -1.50903773307800293 0.324800014495849609 48.5
65.8844593609388625 10.2063070602820005 -0.790933549404144287 0.243600010871887207 48.5
62.870874260769547 22.4207446007973665 -0.354956924915313721 0.324800014495849609 50.5
62.8709502943403677 22.4207446007973665 0.341312587261199951 0.243600010871887207 54
63.1910280618443423 21.7361520008234557 -0.123008355498313904 0.324800014495849609 53.5
63.1565216648823693 21.8363570811192211 0.091121971607208252 0.243600010871887207 57
64.2713940872948513 -18.5503849803950231 0.825526773929595947 0.324800014495849609 51
63.5994670103680448 20.6904924860196857 1.61900794506072998 0.243600010871887207 53
44.8026358068335568 49.6822613512787825 0.0821007266640663147 0.162400007247924805 46
66.2108398671412459 10.5737163050068919 -0.155418366193771362 0.324800014495849609 47.5
66.1858260174858657 10.7245300082478767 -0.351988315582275391 0.243600010871887207 47.5
63.6389896768620389 -20.3993987124964811 6.30153322219848633 0.324800014495849609 47.5
63.5508010132086056 21.4730512763120842 2.44324493408203125 0.243600010871887207 49.5
63.7648296481849783 -20.0611095505638772 6.88760614395141602 0.324800014495849609 45.5
62.8072754554892683 22.5970880483892742 8.39902782440185547 0.243600010871887207 49.5
66.9826981510291688 7.92905030526517507 4.10236501693725586 0.324800014495849609 49
62.0458654593981507 26.1599551072540066 5.68758869171142578 0.243600010871887207 48
61.3041479510977751 29.3772941062070423 -2.48527193069458008 0.324800014495849609 48
61.337985475753932 29.3772941062070423 -1.42368209362030029 0.243600010871887207 54.5
61.5352976069536552 29.137373698071027 -1.42525184154510498 0.324800014495849609 48
61.4210892082788789 29.4096856017913133 -0.362135857343673706 0.243600010871887207 54.5
61.0555186707043944 30.3110238974100987 -1.13869392871856689 0.243600010871887207 48
66.0623077960112255 17.7269639134942807 -0.293787688016891479 0.324800014495849609 47.5
65.9229163077069416 18.231250736491468 -0.592230796813964844 0.243600010871887207 49
61.3695571472355397 30.1192560321644613 -3.92864370346069336 0.243600010871887207 51
61.210341836013221 30.3930674506386822 -4.28746366500854492 0.162400007247924805 45
61.657249488696138 29.9209625972559188 -1.49073994159698486 0.243600010871887207 51.5
61.5249929841627505 30.1522440144119201 -2.14947080612182617 0.162400007247924805 46
61.1194405613398928 31.2056986465464412 0.0935764312744140625 0.243600010871887207 50.5
66.1633085208289629 -18.7415360303584073 4.6720118522644043 0.324800014495849609 45
61.3519897074752549 31.7210652257101877 -1.03130459785461426 0.243600010871887207 45
61.6442845629007223 31.1938437963532778 2.94092082977294922 0.243600010871887207 48
65.6401943901277463 21.9199273495815277 1.7271733283996582 0.243600010871887207 47.5
65.2363036187037153 24.5704505628417316 -4.00609779357910156 0.243600010871887207 49
61.6510572328047033 32.9391110211968794 -4.60054826736450195 0.243600010871887207 45.5
68.7350488522549341 -14.6124716914006711 0.73782581090927124 0.324800014495849609 45
68.7410707878760689 -14.9533311189639804 0.431657642126083374 0.324800014495849609 48.5
69.2427230814311514 -13.2497123657467597 0.374900549650192261 0.324800014495849609 46.5
67.7236952178009659 20.6888050600054392 -2.95634818077087402 0.324800014495849609 45.5
67.8159177288062835 20.5293878977279967 1.67656171321868896 0.243600010871887207 47.5
61.7964758804401342 35.61531459725812 0.0389047935605049133 0.243600010871887207 51
61.7494493977037351 35.6955292697744611 0.301489800214767456 0.162400007247924805 48.5
61.1062640572730373 36.928625610027332 -0.511116981506347656 0.243600010871887207 49.5
60.8461024596672289 37.3568870329027405 0.418634742498397827 0.162400007247924805 47
69.0170928185958275 -17.1664456352031465 7.83306789398193359 0.324800014495849609 45
60.2087828159544358 38.5799499769550494 6.99378204345703125 0.243600010871887207 46
61.1247905950625565 38.003701923662959 1.8651123046875 0.243600010871887207 49
61.1532389992335226 38.003701923662959 -0.00981359556317329407 0.162400007247924805 46.5
67.0222046628215367 -26.5977940220350568 5.2793879508972168 0.324800014495849609 45
60.6634235929748584 39.3184781195300843 -1.13859856128692627 0.243600010871887207 49
60.2942208050941062 39.8966910330525906 -0.389400094747543335 0.162400007247924805 47.5
61.4535623360934835 38.2016378711820366 1.49498856067657471 0.162400007247924805 45
63.7001578044521182 34.5651091368447112 -2.72379803657531738 0.243600010871887207 45
61.5736802603249345 39.5700975101770354 1.06294929981231689 0.243600010871887207 48
61.1473463723623496 40.2012433095765331 1.76149952411651611 0.162400007247924805 47
60.4330559753230006 41.4144521855362555 1.38371419906616211 0.243600010871887207 45.5
60.3373650594593158 41.4144521855362555 3.67027831077575684 0.162400007247924805 45
67.5607811780433565 -29.6304139783208491 6.95633029937744141 0.324800014495849609 45
61.9439735527630546 41.9024437007502684 3.10685825347900391 0.243600010871887207 46.5
62.8659336926986683 40.7460161652737369 -1.17993772029876709 0.243600010871887207 46
62.064046983182898 41.9444284054288516 -1.57319867610931396 0.162400007247924805 45
63.0463446464290698 40.6181058971441118 -0.572676181793212891 0.243600010871887207 47.5
62.934954768274082 40.7868013069615003 -0.792545557022094727 0.162400007247924805 47
62.2071213375233469 42.0284020858648262 0.37876167893409729 0.243600010871887207 47.5
62.2082770251760522 42.0284020858648262 -0.0102327177301049232 0.162400007247924805 47.5
61.5263715626688565 43.1409278829813445 0.942701101303100586 0.243600010871887207 46.5
61.5263715626688565 43.1409278829813445 0.942701101303100586 0.162400007247924805 46.5
61.0155169584367627 44.1272047205262439 3.35968351364135742 0.243600010871887207 51.5
60.9191525609920674 44.2025553369113453 4.0474543571472168 0.162400007247924805 52.5
60.8768012924308621 44.4068200565103481 3.84087133407592773 0.162400007247924805 51
61.4218402343582142 44.5104347266244531 -2.64369678497314453 0.162400007247924805 45
75.8105427462289043 -4.87522266085902078 5.95269155502319336 0.324800014495849609 46.5
67.5232313751723439 35.4149424835891367 3.96465754508972168 0.243600010871887207 47
76.2827860807620795 -2.86386705374350914 6.92512655258178711 0.324800014495849609 47.5
76.5505489140173978 -2.32018061939681131 4.62129116058349609 0.324800014495849609 47
71.4219661886292414 -33.0833254176501228 8.07228851318359375 0.324800014495849609 47
62.8109192830828391 48.0924371881201935 1.63441753387451172 0.162400007247924805 46
62.9646623564159071 48.0052975609844452 3.93303012847900391 0.162400007247924805 46.5
63.0780906725770976 47.848008749732621 6.32878255844116211 0.162400007247924805 45.5
62.1525969976197032 49.1647776765261071 6.33475875854492188 0.162400007247924805 46
65.5956811822300665 57.8681216406441123 3.01880168914794922 0.162400007247924805 47
52.1544060955395068 86.8200993853521084 2.99073934555053711 0.0812000036239624023 48.5
51.4748076608249931 87.3531836445054637 -1.31345462799072266 0 46
52.1930088206107143 86.8843603496335959 2.99295282363891602 0.162400007247924805 48.5
51.9757849727808932 87.0364111479704121 2.26732492446899414 0.0812000036239624023 53
52.3029348352071679 86.9486278511444084 -1.23141264915466309 0.0812000036239624023 46.5
