
X Y Z V_r Mag
5.43968647623623802 6.73923226172103718 0.826182365417480469 0.406000018119812012 47.5
5.40044209166633227 6.73923226172103718 1.05260932445526123 0.324800014495849609 49.5
5.51642860785044853 6.79732893872083999 0.604951620101928711 0.406000018119812012 53
5.49335010712823824 6.79732893872083999 0.787436127662658691 0.324800014495849609 55.5
5.44699750445983 6.79732893872083999 1.06168341636657715 0.243600010871887207 46
5.74773490104603457 6.65304734701974354 1.01143932342529297 0.324800014495849609 47
7.20562743347956403 6.39673325507066171 -0.875424623489379883 0.406000018119812012 45
7.41357272025631531 6.29037067307433251 -0.729849278926849365 0.406000018119812012 46
9.95686237922846296 -0.569637560901694373 -0.192446395754814148 0.568400025367736816 54.5
9.95427128038338083 -0.615757013316054702 -0.184286966919898987 0.487200021743774414 57.5
9.95786465940252086 -0.532243410295456187 -0.241398856043815613 0.406000018119812012 49
10.0353122450980052 -0.536245230117833316 -0.086331099271774292 0.649600028991699219 56
10.0335881059747418 -0.573920539025409515 0.0150734633207321167 0.568400025367736816 74.5
10.0342396264097751 -0.562617946353136555 0.000684847182128578424 0.487200021743774414 77
10.0333703012410869 -0.573920539025409515 0.0678328275680541992 0.406000018119812012 67
10.1105197377997058 -0.540247049940210444 -0.0338239744305610657 0.649600028991699219 60.5
10.1105197377997058 -0.540247049940210444 -0.0338239744305610657 0.568400025367736816 79
10.1082460071712532 -0.578203517149124546 0.0683390423655509949 0.487200021743774414 81.5
10.1077551434458677 -0.578203517149124546 0.120798692107200623 0.406000018119812012 71.5
10.1107925808656773 -0.532655756498427668 0.0614351779222488403 0.324800014495849609 49.5
10.1857788166254597 -0.53660139483141267 -0.0445059500634670258 0.649600028991699219 57
10.1854132384465572 -0.5442489206484874 -0.0340745262801647186 0.568400025367736816 75.5
10.1854132384465572 -0.5442489206484874 -0.0340745262801647186 0.487200021743774414 78
10.1854534216853025 -0.5442489206484874 0.0187760107219219208 0.406000018119812012 68
10.1885476467652207 -0.453753198479769471 0.166194677352905273 0.324800014495849609 45.5
10.2598783299936631 -0.399311429242245663 -0.388694196939468384 0.649600028991699219 49
10.2619216933721802 -0.49304047854991101 -0.159711658954620361 0.568400025367736816 67.5
10.2626121539660922 -0.49304047854991101 -0.106476977467536926 0.487200021743774414 70
10.3237178728608257 -0.662185739742716106 0.323832064867019653 0.487200021743774414 58.5
10.3276932655330089 -0.606572484256511446 0.305493712425231934 0.406000018119812012 48
10.3664677413499735 0.977027599734693664 -0.512239933013916016 0.568400025367736816 61
10.3626773624786903 1.0004762621283263 -0.542762637138366699 0.487200021743774414 63.5
10.3664677413499735 0.977027599734693664 -0.512239933013916016 0.406000018119812012 53
10.4368573655558343 0.973559953990616123 -0.611711502075195312 0.649600028991699219 47
10.4366930328672911 0.935509767109581225 -0.671017289161682129 0.568400025367736816 65
10.4366930328672911 0.935509767109581225 -0.671017289161682129 0.487200021743774414 67
10.4301254590051009 0.95125467202587155 -0.746724426746368408 0.406000018119812012 56.5
10.5005716076584523 0.958049417373648682 -0.806702792644500732 0.568400025367736816 63
10.5035336232686891 0.942192047706774449 -0.786573529243469238 0.487200021743774414 65.5
10.5088848181161829 0.913120203317505097 -0.74846184253692627 0.406000018119812012 55
10.5874718836346258 0.851724425995166512 -0.776221573352813721 0.406000018119812012 47
8.79659740958798864 6.52468893594622923 -1.26449406147003174 0.406000018119812012 47.5
11.4303530689469852 -1.00947336590577352 0.0602386072278022766 0.568400025367736816 46.5
11.512365984913842 -0.923701103676216384 0.121264860033988953 0.568400025367736816 46
11.5090465154121784 -0.969886158860027159 0.0606323219835758209 0.487200021743774414 49.5
11.0191737701371615 -3.68102756188769975 -0.410459399223327637 0.568400025367736816 50
10.9996522931410752 -3.75656561761704477 -0.190997838973999023 0.487200021743774414 57.5
10.9924076580401238 -3.78126075122086958 -0.0982752963900566101 0.406000018119812012 53.5
11.033455260249097 -3.86706136321269511 -0.445789575576782227 0.568400025367736816 56.5
11.0377076962549765 -3.86706136321269511 -0.32381284236907959 0.487200021743774414 64.5
11.018752001173949 -3.92992852337078391 -0.181063756346702576 0.406000018119812012 60.5
11.1861233691951494 -3.67261171380133344 -0.182224422693252563 0.568400025367736816 58
11.1954957413135023 -3.64171233640156222 -0.222356975078582764 0.487200021743774414 65.5
11.1765131554554316 -3.70351109120110422 -0.142089739441871643 0.406000018119812012 61.5
11.2473906433047279 -3.72710027268335997 0.165613681077957153 0.568400025367736816 63
11.23940859441716 -3.75227337742536093 0.136531397700309753 0.487200021743774414 70.5
11.2102557590995477 -3.82927346251854095 0.298890203237533569 0.406000018119812012 66
11.3549397940410906 -3.62402731526848498 -0.370672255754470825 0.568400025367736816 52
11.23198330063898 -4.00550387477043124 0.0642271563410758972 0.406000018119812012 55
11.3465898264558191 -3.76618149393674173 -1.69600236415863037 0.568400025367736816 46
11.3471811890659424 -3.82351919296302212 -1.55814611911773682 0.487200021743774414 53.5
11.3490211136905312 -3.86275025019152984 -1.4437863826751709 0.406000018119812012 48.5
11.1547906221684965 -4.81591678627274433 0.00993978790938854218 0.568400025367736816 45.5
11.1546691450830391 -4.81591678627274433 -0.0530144385993480682 0.487200021743774414 56.5
11.1347580411542477 -4.85842803154879554 -0.188027739524841309 0.406000018119812012 54.5
11.2596117380888554 -4.75856964058304044 -0.166686639189720154 0.487200021743774414 55
11.2528031160237116 -4.77690120902188387 -0.0791783779859542847 0.406000018119812012 53.5
11.3299043530284589 -4.78776324420530042 0.0243190731853246689 0.568400025367736816 45.5
11.344876190672224 -4.7493381780399293 0.166033849120140076 0.487200021743774414 56
11.3341180766763809 -4.77085621509253688 0.258263230323791504 0.406000018119812012 54
12.319750756609805 -0.462366038039892957 -1.07266831398010254 0.568400025367736816 46
11.3897793661988622 -4.83551371555433196 0.177168220281600952 0.487200021743774414 56
11.3937424280948338 -4.81695721904437058 0.346710771322250366 0.406000018119812012 53.5
7.20751520020962744 -10.0282399889254386 -0.79168391227722168 0.243600010871887207 45.5
11.9371003346786999 3.51754318139622812 -0.367477566003799438 0.568400025367736816 55.5
11.9348762112979063 3.53465639457418401 -0.259714901447296143 0.487200021743774414 60
11.9369858532140842 3.53465639457418401 -0.130713671445846558 0.406000018119812012 52.5
11.9945476746943456 3.53873314537373318 -0.695583701133728027 0.568400025367736816 64.5
11.9881481523453921 3.55594944992884621 -0.717749178409576416 0.487200021743774414 69
11.9952473789496938 3.55594944992884621 -0.587278246879577637 0.406000018119812012 61.5
12.0093174734061101 3.66856295656275311 -1.038246750831604 0.568400025367736816 64
12.0199795757353645 3.65596703224837505 -0.956039190292358398 0.487200021743774414 68.5
12.0090872597924907 3.69532929573080793 -0.941476285457611084 0.406000018119812012 60.5
6.75341385321994814 -10.6372580834926875 0.0120262587442994118 0.324800014495849609 47
6.82464879695218585 -10.5915978578530652 -0.0472470186650753021 0.243600010871887207 52.5
12.066633047173335 3.85195355786621141 -0.463077157735824585 0.568400025367736816 66.5
12.0690020435324268 3.85195355786621141 -0.396576553583145142 0.487200021743774414 71
12.0726016628209987 3.85195355786621141 -0.265272617340087891 0.406000018119812012 64
7.24505613834241302 -10.3980571987630253 0.212568938732147217 0.324800014495849609 50
7.18515635233404293 -10.4408214857952579 0.135667547583580017 0.243600010871887207 53
12.1353211284696521 3.87474641398454756 -0.531829833984375 0.487200021743774414 72
12.1404169821960508 3.87474641398454756 -0.398923188447952271 0.406000018119812012 65
7.20592321817574444 -10.5169412330230259 -0.176452919840812683 0.243600010871887207 54
12.2155914979371101 3.78054870661174514 -0.983573317527770996 0.568400025367736816 62
11.997020366582765 4.70858899981292112 -0.557417809963226318 0.487200021743774414 60
12.0172234644134281 4.66345360371748718 -0.498541861772537231 0.406000018119812012 55
12.3605761735458781 3.9431241128699428 -0.136225700378417969 0.568400025367736816 56
12.3260662669778629 4.04689053689283629 -0.20344892144203186 0.487200021743774414 61.5
12.4059146010969652 4.04908351742059214 0.0266917888075113297 0.568400025367736816 50.5
12.3941593210343779 4.08495940843277605 -0.0204624384641647339 0.487200021743774414 56
12.3740706368012834 4.14529613422599486 0.0373683981597423553 0.406000018119812012 49.5
12.1922971408601146 4.82843785850097085 -0.547471880912780762 0.568400025367736816 50
12.1890118634264226 4.82843785850097085 -0.616305351257324219 0.487200021743774414 56
12.1890118634264226 4.82843785850097085 -0.616305351257324219 0.406000018119812012 50.5
12.4939096281480264 4.37435651282190729 -0.996425807476043701 0.568400025367736816 50
12.494322959291523 4.45895726449195529 -0.484997957944869995 0.406000018119812012 48.5
12.5161742401685974 4.39907032750951554 -1.48865246772766113 0.568400025367736816 50.5
12.5397519046454118 4.41241600920085997 -1.2278902530670166 0.487200021743774414 56
12.5466216974989226 4.48414904829183758 -0.834982454776763916 0.406000018119812012 49.5
12.8325013208852816 -3.93728531730627518 0.235213518142700195 0.568400025367736816 45.5
12.8342968576484751 -3.93728531730627518 0.0961032956838607788 0.487200021743774414 52
12.770531894867597 4.37258533135742411 0.209840565919876099 0.568400025367736816 48.5
12.7780592949388758 4.34896797231459864 0.240209132432937622 0.487200021743774414 54
12.7674420469893271 4.37258533135742411 0.350628793239593506 0.406000018119812012 48.5
13.5123430209590651 -1.30277849143497004 0.000925054831895977259 0.568400025367736816 54.5
13.5151960233558537 -1.27224462054196308 -0.0388712957501411438 0.487200021743774414 57
13.5141556945302934 -1.27902992518485359 0.111059777438640594 0.406000018119812012 48.5
13.5868078405455677 -1.30997614394922213 0.0716563835740089417 0.568400025367736816 58.5
13.585310304053916 -1.30997614394922213 0.214033439755439758 0.487200021743774414 61.5
13.5840124963161824 -1.30997614394922213 0.284748077392578125 0.406000018119812012 51.5
13.6489611682286345 -1.40464236888487704 0.329345554113388062 0.568400025367736816 51
13.6545512819980743 -1.37205603798278575 0.215209439396858215 0.487200021743774414 53.5
13.7235779492078915 -1.22952713948062375 -0.769208550453186035 0.568400025367736816 45
11.0515255646649724 7.35819397498432171 -3.76308012008666992 0.487200021743774414 50.5
11.1227085617505228 7.35819397498432171 -3.54715895652770996 0.406000018119812012 49
12.998267768967418 4.75931957659692451 0.953715801239013672 0.487200021743774414 52
12.9323024188442641 4.80786637009226681 1.46820664405822754 0.406000018119812012 48
12.9996950666383846 4.93321637089590403 1.12863421440124512 0.487200021743774414 52
7.48861760667000098 -11.7612759202949348 -0.442171692848205566 0.243600010871887207 47
13.0559356958253314 4.41118833538507982 -2.60472655296325684 0.487200021743774414 50.5
7.5397421940769549 -11.8139930746248805 -0.531509041786193848 0.243600010871887207 50
13.3269395771724053 4.56692225813275154 -0.588141202926635742 0.568400025367736816 50.5
13.3212257089984654 4.54225523976320744 -0.850228786468505859 0.487200021743774414 55
14.2958973232780409 3.40929692148541674 -0.306651324033737183 0.568400025367736816 47
14.287450120435162 3.43317669518116642 -0.414855778217315674 0.487200021743774414 50.5
14.3757602058952472 3.41007474988432424 0.0977094843983650208 0.568400025367736816 49
14.3750243276600909 3.41007474988432424 0.175269216299057007 0.487200021743774414 52.5
14.4487334195485726 3.42738472930336524 0.09820546954870224 0.568400025367736816 45
14.4452974889317662 3.42738472930336524 0.330024391412734985 0.487200021743774414 48.5
9.51852716569872115 -11.3751317761936264 -0.72562175989151001 0.324800014495849609 46
9.39847584008222015 -11.5612682725339457 -0.872552037239074707 0.324800014495849609 51.5
9.23056203933870911 -11.6974148419636883 -0.850203454494476318 0.243600010871887207 49
8.93906229420818299 -11.9961187941519096 -1.08918941020965576 0.324800014495849609 45
13.3120142503940642 6.83241748650503933 -1.83412063121795654 0.487200021743774414 46.5
8.58314412555959194 -12.3575017125649467 -0.936719655990600586 0.324800014495849609 49.5
8.18116091969745796 -12.721883652858919 -0.863020658493041992 0.324800014495849609 46
8.44930344322654214 -12.5515012825081289 -0.769164741039276123 0.243600010871887207 47.5
10.1799871754996243 -11.2837832022915183 -0.91910243034362793 0.324800014495849609 48
14.656055635899083 4.37056073203395012 -0.433874338865280151 0.487200021743774414 50
10.8910469495175466 -10.6855047818625302 -1.13802123069763184 0.324800014495849609 47.5
8.7986804665333711 -12.4807613555195207 -0.950700521469116211 0.243600010871887207 47.5
9.13882263154122931 -12.3306043060960313 -0.910370707511901855 0.243600010871887207 45
15.0691820982216012 3.66271487295189857 -0.727943718433380127 0.568400025367736816 45.5
14.2651877233824553 6.23798152889734681 -0.975709855556488037 0.487200021743774414 46.5
10.9381143484696661 -11.1036071214372782 0.653898358345031738 0.324800014495849609 46
14.1792482208929211 6.54611299401121727 -1.34274375438690186 0.487200021743774414 47
11.8575630162323886 -10.2246289134466046 0.748854994773864746 0.324800014495849609 48
11.8997134365451309 -10.2381250417438743 1.2806851863861084 0.406000018119812012 50
11.9914673976979316 -10.1279107006562814 1.30101990699768066 0.324800014495849609 48.5
12.1856428441283153 -10.1727084567699269 0.914402306079864502 0.406000018119812012 51
12.1048818484171523 -10.2581433129498318 1.02584803104400635 0.324800014495849609 49.5
11.1880765628471028 -11.4780552463269192 0.82687908411026001 0.324800014495849609 45.5
14.5624017114238296 7.08318320099551535 -0.452771157026290894 0.487200021743774414 47.5
10.5304780684280868 -12.3080176799236174 -0.248494639992713928 0.324800014495849609 48.5
14.6367932876723241 7.11597604785327054 0.0532596781849861145 0.487200021743774414 47
11.6528598122199938 -11.3237366774641348 -0.927106380462646484 0.406000018119812012 48.5
14.5500997908620988 7.61873509261385973 -0.173567488789558411 0.568400025367736816 53
14.5511352884377025 7.61873509261385973 -0.00223872647620737553 0.487200021743774414 62.5
14.5508932737248529 7.61873509261385973 0.0839859098196029663 0.406000018119812012 60
9.03503190068242823 -13.7145441510899282 0.24522930383682251 0.243600010871887207 47
14.5817995978793142 7.71950195324403854 -0.174360021948814392 0.568400025367736816 64.5
14.6173147076763037 7.65352330407101178 -0.0877421572804450989 0.487200021743774414 74
14.6175778100902196 7.65352330407101178 -0.00224894890561699867 0.406000018119812012 71.5
14.5806065732238785 7.71950195324403854 0.255346834659576416 0.324800014495849609 52.5
9.6527345252995449 -13.3709856214710445 -0.539864480495452881 0.243600010871887207 50
14.6392045993369919 7.76494697967224212 -0.360452443361282349 0.568400025367736816 62.5
14.6829770673394648 7.68831240025163076 -0.175152570009231567 0.487200021743774414 72
14.642426334454024 7.76494697967224212 -0.188710346817970276 0.406000018119812012 69.5
14.6481348389237684 7.75459095542621402 0.170632496476173401 0.324800014495849609 50
9.87798927933238424 -13.2847079028054846 -0.820068836212158203 0.243600010871887207 47
14.3510707835078701 8.01854341790137148 -2.64050483703613281 0.568400025367736816 48.5
14.3510707835078701 8.01854341790137148 -2.64050483703613281 0.487200021743774414 57
14.3347174134507345 8.01854341790137148 -2.72788810729980469 0.406000018119812012 53
15.4588265666226388 6.25939646420494533 1.25311005115509033 0.487200021743774414 50
15.3793241912806309 6.36598384973898579 1.63593173027038574 0.406000018119812012 46.5
15.1502914309011185 7.25525267965139697 -0.264570653438568115 0.487200021743774414 45.5
12.8519611634043116 -10.8031048291337068 0.600047647953033447 0.406000018119812012 50
12.7145158690525371 -10.9395606810368733 0.952438771724700928 0.324800014495849609 48
14.8623106000734708 7.91814079830402129 -1.08645665645599365 0.487200021743774414 45
13.065759061590148 -10.6615499004594234 0.61882317066192627 0.406000018119812012 46
15.0069813421765357 7.89704520788840814 -1.50926387310028076 0.487200021743774414 46.5
13.2591151180361706 -10.4393321215270536 2.25097417831420898 0.406000018119812012 48
15.4531778879284811 7.16685595056169511 -1.49849247932434082 0.487200021743774414 50
15.7214467475137631 6.86777803062601588 -0.806479573249816895 0.487200021743774414 53.5
11.910879100854638 -12.3620004551268305 0.54088515043258667 0.324800014495849609 47
15.8918045438054119 6.62185715336551439 -1.07890987396240234 0.487200021743774414 48.5
13.5407156223593557 -10.6225625168571813 1.17162084579467773 0.406000018119812012 49
13.1581654968603186 -11.1291173446699734 0.753608644008636475 0.324800014495849609 46
15.0758771990440774 8.43238101056669898 -1.32986462116241455 0.487200021743774414 47
14.0003814158294357 -10.1145273636373858 1.35694825649261475 0.406000018119812012 47
10.6353996110293725 -13.7611230793458432 0.528998732566833496 0.324800014495849609 45.5
11.0271193408973076 -13.5562134773752909 -0.0857796221971511841 0.243600010871887207 45.5
11.7468235036016928 -13.0332395169601405 -0.386439085006713867 0.406000018119812012 47.5
11.5700503872981475 -13.1933314713162044 -0.269202530384063721 0.324800014495849609 53.5
11.4646553758864567 -13.287632211553337 -0.05503816157579422 0.243600010871887207 49
12.7943671437769133 -12.122077270789589 0.00480646314099431038 0.406000018119812012 48
11.8738420257101911 -13.0250663116732603 -0.0120167527347803116 0.324800014495849609 52.5
11.5991362684126997 -13.2497123657467597 0.738779366016387939 0.243600010871887207 46.5
13.2303831335133353 -11.748998506439122 -0.456093162298202515 0.406000018119812012 52.5
12.5716028203629424 -12.456769500802924 -0.27150338888168335 0.324800014495849609 53
11.6352802763276166 -13.3060946940394871 0.926346778869628906 0.243600010871887207 46
16.1520012105396376 7.39200856554547947 -0.64940410852432251 0.487200021743774414 48
13.3735230663248075 -11.6566288918217182 -1.10570013523101807 0.406000018119812012 49.5
11.2134512859442665 -13.7889390549598385 -0.272653847932815552 0.243600010871887207 46
16.4415747192902337 6.89233227440109086 -0.890442848205566406 0.487200021743774414 47.5
11.5479162080833575 -13.5816864785851905 -0.897736549377441406 0.324800014495849609 49.5
11.4707361170204276 -13.6463717976653296 -0.906243562698364258 0.243600010871887207 45
16.5716044027510243 6.78465802896826808 -0.809958279132843018 0.487200021743774414 49.5
11.920902667534989 -13.3318866254272468 -1.20771276950836182 0.324800014495849609 49
14.1237714747448386 -11.1451434086026246 0.552147269248962402 0.406000018119812012 49
16.2490610866708884 7.80587433255376695 -1.31984627246856689 0.487200021743774414 50
16.269559089200424 7.80587433255376695 -1.03702414035797119 0.406000018119812012 46.5
13.6090190166620584 -11.986465912938483 -0.736058294773101807 0.324800014495849609 47
10.7237568988297394 -14.6400449324537192 -0.304388105869293213 0.243600010871887207 47
13.9105305165065989 -11.7581546580887881 -0.627351045608520508 0.406000018119812012 53
13.0956489036638661 -12.7807024378397731 -0.218331888318061829 0.324800014495849609 48.5
14.4986558239046701 -11.3615238574137418 -1.0522613525390625 0.406000018119812012 48
11.8181607016970958 -14.1650167572950512 0.293069452047348022 0.324800014495849609 54
11.5774370376095188 -14.3609845998032046 0.357211887836456299 0.243600010871887207 51.5
11.3946097796988735 -14.6045532647833003 0.213438332080841064 0.324800014495849609 52.5
11.2154980920464507 -14.7411309542146238 0.295523792505264282 0.243600010871887207 52.5
18.4821053071853925 1.91285603508487956 -0.844257533550262451 0.487200021743774414 47
13.6074835867849622 -12.6439086644735674 -0.963318169116973877 0.406000018119812012 53.5
13.4121148984859708 -12.8786577040161827 -0.464071929454803467 0.324800014495849609 55
18.5448405292942553 1.99057784192679055 -0.939228594303131104 0.568400025367736816 48
18.5531452977097651 1.94157182237173465 -0.875642478466033936 0.487200021743774414 50.5
13.2006896671612317 -13.2036218401193199 -0.402301311492919922 0.406000018119812012 53
12.1422428423883844 -14.1884094711780619 0.103128932416439056 0.243600010871887207 50
18.6378809561410108 2.01262995879365425 -0.375800073146820068 0.568400025367736816 46.5
18.6296818076736166 2.01262995879365425 -0.668417692184448242 0.487200021743774414 48.5
14.747368359051185 -11.5767224987187962 0.239040106534957886 0.406000018119812012 51
12.0735464012076505 -14.3344238508726143 -0.562375664710998535 0.324800014495849609 54
11.7943710054638853 -14.5757520065836115 -0.0524111166596412659 0.243600010871887207 51.5
18.7247636966127118 1.93599546136250189 0.125776395201683044 0.487200021743774414 49
14.5674340039108667 -11.9147229791021534 -0.458138763904571533 0.406000018119812012 50
12.5771233716930979 -14.1066486986410755 0.168798133730888367 0.324800014495849609 46
12.4650965656326385 -14.2645842379806478 1.09253597259521484 0.324800014495849609 48
18.2096732743976482 4.79904730678309921 -2.87740969657897949 0.487200021743774414 45.5
11.9847011642536483 -14.7946820494330176 0.622000455856323242 0.324800014495849609 46.5
15.8658006356560151 -10.5703137996498491 1.52002787590026855 0.406000018119812012 48.5
12.0482013446915399 -14.8361989754072479 0.702636063098907471 0.324800014495849609 50.5
11.9102491491230129 -14.9222336344141198 1.11288738250732422 0.243600010871887207 47
17.5010708146581955 7.85265917542986447 -0.829645097255706787 0.487200021743774414 49
15.8847050067694386 -10.6261617745123331 1.84414827823638916 0.406000018119812012 48
11.8903276018431079 -15.0479310566135371 0.905490577220916748 0.324800014495849609 48
17.5148894428563118 7.95318321331275691 -1.22523784637451172 0.487200021743774414 48
15.9581285182129058 -10.66767063954034 1.75060832500457764 0.406000018119812012 52.5
15.9093038955011146 -10.7905090235133727 1.4087824821472168 0.324800014495849609 46.5
16.848055361691042 -9.52997857927318037 2.36061644554138184 0.487200021743774414 52
16.8255418190297803 -9.57871280877598252 2.32366228103637695 0.406000018119812012 53.5
16.9988812680365236 -9.70605947754924436 0.105429485440254211 0.568400025367736816 48.5
16.9914429285898123 -9.70605947754924436 0.513749003410339355 0.487200021743774414 65
17.0359174434048697 -9.62778480434320194 0.513749003410339355 0.406000018119812012 67
16.9794588087632832 -9.70605947754924436 0.819183111190795898 0.324800014495849609 56
17.0565449021999029 -9.74324782174231885 0.515717387199401855 0.568400025367736816 56.5
17.0531631767907577 -9.74324782174231885 0.617490112781524658 0.487200021743774414 73
17.0491193398274028 -9.74324782174231885 0.720585227012634277 0.406000018119812012 74.5
17.0891912108021451 -9.66467324253471993 0.822321772575378418 0.324800014495849609 63.5
17.0642399750346634 -9.85930969777874644 0.825460314750671387 0.324800014495849609 53
17.1425619605648407 -9.81762356438959038 -1.33673655986785889 0.568400025367736816 49.5
17.169738116046986 -9.81762356438959038 -0.924348413944244385 0.487200021743774414 66.5
17.1796043169400257 -9.81762356438959038 -0.717989861965179443 0.406000018119812012 68
17.1869905636736213 -9.81762356438959038 -0.511555612087249756 0.324800014495849609 57
17.3491911795563034 -9.6958623989269519 0.107045263051986694 0.487200021743774414 58.5
17.3596393072463471 -9.6735102571261482 0.285897940397262573 0.406000018119812012 60
17.2972035618779252 -9.76291882432936653 0.712586402893066406 0.324800014495849609 49
17.5720586263207252 -9.34604470818578648 1.36993157863616943 0.487200021743774414 49.5
17.5402430569079044 -9.39590357566076939 1.43505704402923584 0.406000018119812012 51
15.2762316745937738 -13.1372401324329982 1.03939473628997803 0.406000018119812012 49.5
15.4086639405754635 -12.9884976323728285 0.950098335742950439 0.324800014495849609 48
15.1629106544549046 -13.4087546493357177 0.594944655895233154 0.324800014495849609 49
11.7126716902087473 -16.5186545293194094 -0.0994012802839279175 0.243600010871887207 47.5
20.2250516344186195 0.650189621711256827 1.90530252456665039 0.487200021743774414 46
15.5560369686257527 -13.0698273176801862 -0.543127834796905518 0.406000018119812012 50.5
15.5214979908800981 -13.1130039722469505 -0.487718731164932251 0.324800014495849609 49
12.0136500900178511 -16.3944297193209501 -0.0235565975308418274 0.243600010871887207 48
20.2510898973599183 1.07320278966282534 2.21397161483764648 0.568400025367736816 60.5
20.2391707966725214 1.07320278966282534 2.32040023803710938 0.487200021743774414 62.5
15.5464960766003593 -13.1919820344539716 -0.661907732486724854 0.324800014495849609 53.5
20.3135783718843186 1.07714832765405943 2.32893109321594238 0.649600028991699219 48.5
20.3399960526392825 0.982482085081137324 2.13189077377319336 0.568400025367736816 66
20.3255412921229102 1.07714832765405943 2.22211098670959473 0.487200021743774414 68.5
20.3135783718843186 1.07714832765405943 2.32893109321594238 0.406000018119812012 58
15.6172358623425289 -13.2404812247262669 -0.131215512752532959 0.324800014495849609 55
11.5301537118903479 -16.9196719495874 0.0767746120691299438 0.243600010871887207 45
20.4145022892063892 0.98608095709982202 2.13969993591308594 0.568400025367736816 61.5
20.4029735150835023 0.98608095709982202 2.2469632625579834 0.487200021743774414 63.5
20.3782277142852557 0.98608095709982202 2.46130132675170898 0.406000018119812012 53
15.6722085042326462 -13.2889816484155716 0.295607715845108032 0.324800014495849609 51
20.3852709553338158 1.8479176350413915 2.53309369087219238 0.568400025367736816 47.5
20.3995987965639713 1.86853596290796187 2.39907288551330566 0.487200021743774414 49
15.7576664459306652 -13.3065533468880108 0.149051055312156677 0.406000018119812012 48.5
15.5646835944706687 -13.5256230804703232 0.434466928243637085 0.324800014495849609 47
15.2636095371012424 -13.74035409966136 2.59131836891174316 0.406000018119812012 48
15.7066906069110317 -13.4635811537532728 0.722419559955596924 0.324800014495849609 46
15.9295078620194293 -13.2916997551034513 1.08727991580963135 0.406000018119812012 49.5
15.9062937587379096 -13.3384283870549876 0.822699666023254395 0.324800014495849609 46.5
20.7488433062064814 1.66746043688054368 1.1948167085647583 0.487200021743774414 49.5
20.8644955497110445 1.48257969026394609 0.574848651885986328 0.568400025367736816 46
20.8423258328755949 1.45120234232185186 1.16065895557403564 0.487200021743774414 48.5
20.8643119483867849 1.34356521952343777 1.96857821941375732 0.568400025367736816 48.5
20.8054941459346914 1.34356521952343777 2.5151982307434082 0.487200021743774414 51.5
16.1857294969716854 -13.351679369014164 -0.868803977966308594 0.406000018119812012 47
8.11457774590938641 19.3688571978564354 0.0314967893064022064 0.243600010871887207 50
8.18737779481149275 19.3373673880238535 0.181825906038284302 0.162400007247924805 46.5
20.9132933758759307 1.46160519947135681 2.15720486640930176 0.487200021743774414 48.5
15.4774626194533997 -14.3026627717638544 0.193968772888183594 0.406000018119812012 47.5
8.27374166335829919 19.3827284110075411 0.103451631963253021 0.243600010871887207 51
8.21466597834703727 19.4064301169449145 -0.25574791431427002 0.162400007247924805 47.5
16.7664749819908927 -12.8920415391687104 -0.0562354102730751038 0.487200021743774414 47
16.9576638913754145 -12.6303949396652868 0.483008503913879395 0.406000018119812012 50
15.2384953345533365 -14.7492555006641659 0.865098714828491211 0.406000018119812012 50
15.3151908735972651 -14.6749920311409507 0.768217742443084717 0.324800014495849609 49
16.158924035777531 -13.8697999495650404 -0.455945581197738647 0.487200021743774414 47
15.9094334348494577 -14.16258022100088 0.0363039299845695496 0.406000018119812012 51.5
15.671130993687175 -14.4234208264618999 0.265740454196929932 0.324800014495849609 47.5
16.1366043953492913 -14.0174639197601536 -0.106381066143512726 0.406000018119812012 50
15.9315655497144171 -14.2444998254727313 0.412385791540145874 0.324800014495849609 47
15.9279249555492797 -14.3614906029944951 0.388975024223327637 0.324800014495849609 49
12.6761980732506814 -17.3018704446303602 -0.248600959777832031 0.243600010871887207 48
19.982747326361892 7.81911714702808958 1.69614779949188232 0.487200021743774414 58
19.9879940300429162 7.83256592093078652 1.56737911701202393 0.406000018119812012 52.5
12.442749539904181 -17.5587192073613245 -0.441688001155853271 0.324800014495849609 48.5
12.5633292255145967 -17.472647054384062 -0.441688001155853271 0.243600010871887207 49.5
20.0006126898901613 7.77348462167028043 2.47152400016784668 0.568400025367736816 55.5
19.9559931786427462 7.77348462167028043 2.80914473533630371 0.487200021743774414 61.5
19.9282260524078545 7.83016628036996032 2.84856438636779785 0.406000018119812012 55.5
20.1586281500862263 7.77609967380475808 1.72269845008850098 0.568400025367736816 59
20.1487491402442096 7.77609967380475808 1.83462703227996826 0.487200021743774414 65
20.1381067655962696 7.77609967380475808 1.94797849655151367 0.406000018119812012 59
16.0155973799743698 -14.5608888353794423 1.13438224792480469 0.324800014495849609 46
20.3124048382063336 7.7703917352056191 0.299525648355484009 0.568400025367736816 64.5
20.3104314831019082 7.7703917352056191 0.412206560373306274 0.487200021743774414 70.5
20.318171772541092 7.74049515979909231 0.564901888370513916 0.406000018119812012 65
20.3786431562786632 7.79718646203223287 -0.495447278022766113 0.568400025367736816 62.5
20.3677026535754457 7.82991337268084564 -0.424042731523513794 0.487200021743774414 68.5
20.3840766073912683 7.79718646203223287 -0.154746115207672119 0.406000018119812012 62.5
16.8308339580227369 -14.0114668369910067 -0.108993940055370331 0.406000018119812012 51.5
16.7028122209992986 -14.1619806409039981 -0.253816366195678711 0.324800014495849609 48.5
20.3799212261609419 8.08418408173584524 1.48507082462310791 0.487200021743774414 51
16.4820463148078673 -14.5290142583099051 0.388010710477828979 0.406000018119812012 49
16.1652038886514724 -14.8338187532394823 1.24283182621002197 0.324800014495849609 49.5
20.4478024008881825 7.97125215020795608 2.13285183906555176 0.568400025367736816 46.5
20.4594943191565086 7.97125215020795608 2.01761150360107422 0.487200021743774414 53
20.4301186127622252 7.99329501823480193 2.21812200546264648 0.406000018119812012 48
16.4335637657539166 -14.6364643698253243 1.38363075256347656 0.324800014495849609 48
20.3484680119654904 8.67461817387877332 1.87906444072723389 0.487200021743774414 50
11.8937111888176297 -18.716868826082532 1.02883076667785645 0.243600010871887207 52
12.0643770473564445 -18.7244326430451267 0.148827046155929565 0.324800014495849609 51
12.2315031467321678 -18.615877139391376 0.12300921231508255 0.243600010871887207 54.5
12.2840229639487184 -18.5769084970541343 0.420637786388397217 0.162400007247924805 45
12.3645616737879944 -18.5891848188294198 -1.04034864902496338 0.243600010871887207 48.5
16.4962325101162079 -15.1375834695255485 1.26828229427337646 0.406000018119812012 47
16.3134445721570174 -15.2804966048357684 1.80516529083251953 0.324800014495849609 47.5
12.6626703759058774 -18.6860537861628231 -0.344742715358734131 0.324800014495849609 47
12.8454553566902501 -18.5591104859850873 0.429381072521209717 0.243600010871887207 49
17.4224646500455655 -14.4177228667426434 -1.26867353916168213 0.406000018119812012 45.5
12.7831262427013002 -18.6830366398445591 0.747261941432952881 0.324800014495849609 49
12.9217276583721485 -18.5981266111829413 0.401473343372344971 0.243600010871887207 50.5
12.4699904755727502 -18.9919544832610505 0.48025280237197876 0.243600010871887207 47
12.9239087450360302 -18.9649072975422754 0.0860550627112388611 0.243600010871887207 49
17.3457224415060658 -15.5935481558659408 0.151071131229400635 0.324800014495849609 46
13.9761113968355719 -20.2423248559177544 -0.276725172996520996 0.243600010871887207 45.5
24.5678055483249906 7.70203294799936256 1.65580570697784424 0.568400025367736816 47.5
24.5541550373158231 7.7213766891831197 1.76462352275848389 0.487200021743774414 51.5
24.639224311043602 7.72442280542810611 1.66061913967132568 0.568400025367736816 47.5
24.6154215979325492 7.74382277898715543 1.90524399280548096 0.487200021743774414 51.5
21.43211528936056 -15.3829229437999544 -0.995090961456298828 0.406000018119812012 50.5
14.8529254512461559 -21.8158416099826482 0.647889196872711182 0.324800014495849609 48
14.6037508061057064 -21.9576957139036004 1.24504947662353516 0.243600010871887207 51.5
14.8951206158914022 -21.8778174834649093 0.649729728698730469 0.324800014495849609 52.5
14.8014084468873506 -21.934058659514946 0.860825061798095703 0.243600010871887207 55
15.1735557466123581 -21.7805464593673292 -0.52308279275894165 0.324800014495849609 47
15.0532443331522412 -21.8701237258414949 0.00905075855553150177 0.243600010871887207 49
15.2267771402188092 -21.9483987041245996 1.8203808069229126 0.324800014495849609 48.5
23.2497495972780897 -13.1891509010063643 -2.53336811065673828 0.487200021743774414 50
23.3079000546833548 -13.1220476148145231 -2.34013247489929199 0.406000018119812012 49.5
11.0302286746531557 24.4792788027836252 -0.146442055702209473 0.243600010871887207 46
23.2529317665130684 -13.2562733062344034 -2.92029094696044922 0.487200021743774414 47.5
23.275626451687625 -13.2428151607458418 -2.79799675941467285 0.406000018119812012 47
11.0543027038643622 24.5476573711386337 0.413008123636245728 0.243600010871887207 50.5
11.0305890263108886 24.5476573711386337 0.833257377147674561 0.162400007247924805 45
18.7876217996060113 19.4876942912442814 0.557419419288635254 0.406000018119812012 46.5
18.6829881713834212 19.5959592595289713 -0.00553650315850973129 0.324800014495849609 45.5
16.6865303399451967 21.5109986729603904 0.19303467869758606 0.406000018119812012 54
16.9037277921424973 21.3374954415321127 0.419466078281402588 0.324800014495849609 57.5
16.9037277921424973 21.3374954415321127 0.419466078281402588 0.243600010871887207 49
22.5027506538455953 -15.5747579367236479 -0.66621774435043335 0.406000018119812012 47.5
19.0164335162569458 21.3838875191471729 1.38823032379150391 0.406000018119812012 49.5
19.0210668772564979 21.4053680691412929 0.912022113800048828 0.324800014495849609 50.5
22.9613893917660299 -16.9996990881379482 -2.98504924774169922 0.406000018119812012 48.5
23.048270732909657 -17.6870766574421054 -1.65966427326202393 0.406000018119812012 47
17.8866235859097209 23.000692206065672 1.48916149139404297 0.324800014495849609 45.5
17.9713008135034151 23.0269249416256905 1.53481090068817139 0.406000018119812012 47
18.0418022034145231 22.9245830529962404 2.12590932846069336 0.324800014495849609 50
18.0057654966104614 22.9833631344238434 2.74101543426513672 0.324800014495849609 47
25.0583587127530194 -14.6520591310676753 -5.53157806396484375 0.487200021743774414 47
26.4040740284435067 10.6282332412987941 8.21622276306152344 0.487200021743774414 49.5
23.6342170532494471 -17.9849554934532847 -0.234880208969116211 0.406000018119812012 48
23.2197089649112876 19.4538804191634291 0.694035112857818604 0.406000018119812012 45.5
23.4303636720417501 20.4113960813438773 1.77727627754211426 0.406000018119812012 53
23.5254998673244522 20.2869363491405608 1.93826067447662354 0.324800014495849609 48.5
23.4740238917024939 20.4605794147833002 1.94293105602264404 0.487200021743774414 53
23.4740238917024939 20.4605794147833002 1.94293105602264404 0.406000018119812012 60.5
23.4868215147339612 20.4605794147833002 1.78155875205993652 0.324800014495849609 56
23.5163154960712788 20.5097639990386575 2.11143732070922852 0.487200021743774414 66
23.3917061125415522 20.6543640882087089 2.0859076976776123 0.406000018119812012 72.5
23.3915127021989946 20.6348235356181604 2.27308773994445801 0.324800014495849609 67.5
23.4627867747214154 20.6843067674322114 2.1165006160736084 0.487200021743774414 62
23.4627867747214154 20.6843067674322114 2.1165006160736084 0.406000018119812012 68
23.523785722860481 20.5589473324780805 2.60455727577209473 0.324800014495849609 62
23.5971389410509005 20.7534255297134571 -0.0321358591318130493 0.487200021743774414 63
23.5270659029359557 20.8319626178107598 0.192819342017173767 0.406000018119812012 70
23.5953079582359528 20.7534255297134571 0.295655578374862671 0.324800014495849609 64.5
23.6526721324579157 20.8029568802831122 -0.195426419377326965 0.487200021743774414 57.5
23.6701674262743325 20.783275747946039 -0.169655650854110718 0.406000018119812012 64.5
23.7802456265388678 20.6573165009887951 0.158920988440513611 0.324800014495849609 59
23.3270554535194492 20.8524869712182017 4.24298858642578125 0.406000018119812012 52.5
23.1631207545079647 20.9077253473009002 4.82882785797119141 0.324800014495849609 47.5
23.7830317601968169 20.7556844186835718 2.30034303665161133 0.406000018119812012 51
24.0072608586656102 20.8540523363783521 -0.00650270748883485794 0.406000018119812012 49.5
23.4969178158729335 21.3413764140158939 2.90795779228210449 0.406000018119812012 46.5
20.0498651403659309 25.0419356640988866 1.14651954174041748 0.324800014495849609 46.5
23.0172268307532875 22.8022222280690166 0.161252334713935852 0.406000018119812012 47.5
23.39976869263133 22.5100704067917157 0.611039042472839355 0.406000018119812012 48
23.568996767179641 22.3355737369716252 0.500354886054992676 0.324800014495849609 45
32.6163129167869457 2.26782867889032813 -0.568462491035461426 0.568400025367736816 48.5
32.5992062336359965 2.35363841268617824 -1.02089190483093262 0.487200021743774414 51
22.9069865265955777 23.3279890590718608 0.60412973165512085 0.406000018119812012 50.5
20.353343417533285 25.3669917811732581 3.39812493324279785 0.243600010871887207 45
32.6911217331770487 2.2730301736048335 -0.56976628303527832 0.568400025367736816 50.5
32.682736845162907 2.32217677195304617 -0.804338634014129639 0.487200021743774414 52
20.3373142797499931 25.5357533917588029 2.91885232925415039 0.243600010871887207 48.5
23.59075256687942 22.8274708243672819 1.22702276706695557 0.406000018119812012 51
22.5204455692944663 23.9986768287863264 0.974068343639373779 0.406000018119812012 49
22.5162096056856953 23.9616481828992924 1.70747184753417969 0.324800014495849609 48
22.5729940044952713 24.4259729439963955 1.64982807636260986 0.487200021743774414 45.5
22.7688291133579739 24.2720102525265702 1.15761470794677734 0.406000018119812012 58
22.6724048228058237 24.36771679046727 1.03281641006469727 0.324800014495849609 58
22.8869362390331119 24.2891399841971491 0.34130561351776123 0.487200021743774414 56
22.9734816910028883 24.2015589506002833 0.62797313928604126 0.406000018119812012 68
22.9989217690586969 24.176535798144041 0.659823954105377197 0.324800014495849609 67.5
22.9932297584165255 24.176535798144041 0.834985852241516113 0.243600010871887207 52.5
22.9381587434142062 24.343722876480534 -0.355752080678939819 0.487200021743774414 55.5
22.9401909682378573 24.343722876480534 -0.182438984513282776 0.406000018119812012 68
23.0334585066028943 24.255945029570146 0.107183724641799927 0.324800014495849609 67
23.0251080177205161 24.255945029570146 0.629384279251098633 0.243600010871887207 52
22.8224536360919217 24.4862804289878255 -1.86639666557312012 0.406000018119812012 54.5
22.9254849798092231 24.3983057687639189 -1.75227963924407959 0.324800014495849609 53.5
24.3058246419174893 23.9394718875145358 0.802580833435058594 0.406000018119812012 45.5
9.61233320045029238 32.8213796662574921 -0.00932549778372049332 0.162400007247924805 46.5
33.3482218312213021 -7.59802285249527642 2.2230370044708252 0.568400025367736816 47
33.3920535453017635 -7.49094812233046081 1.90581810474395752 0.487200021743774414 51
16.0261077020205107 30.2892996690228848 0.705652832984924316 0.324800014495849609 56
15.9209867065212709 30.3364125502953996 0.99999469518661499 0.243600010871887207 58.5
11.3375356941309864 32.3451344881873339 0.168246954679489136 0.162400007247924805 51
33.502863540929269 -7.58031000130346566 -0.140511423349380493 0.568400025367736816 48.5
33.4943616715657413 -7.6146488914565964 0.259944617748260498 0.487200021743774414 54
16.3094503926860632 30.2182233347544731 0.88513106107711792 0.324800014495849609 60
16.0132301776121047 30.3770407017127013 0.857037186622619629 0.243600010871887207 62.5
15.8515773025720712 30.4371337594806768 1.49364829063415527 0.162400007247924805 52.5
16.369110036465166 30.284202655097026 -0.00938685052096843719 0.324800014495849609 53
33.9613543995332421 -6.07003572391838819 -0.176407665014266968 0.406000018119812012 46
34.0124546104411891 -6.08323158798689878 -1.25611865520477295 0.568400025367736816 50.5
34.0185953011212163 -6.08323158798689878 -1.0770728588104248 0.487200021743774414 54
33.9278936581495856 -6.63625264144025362 -0.537423908710479736 0.406000018119812012 46.5
34.0442773474442717 -5.91024394322133162 -2.58434748649597168 0.568400025367736816 49
34.0618600403804379 -6.09642745205540937 -1.8016430139541626 0.487200021743774414 52
33.9350245217410205 -7.22046391905554241 1.4508211612701416 0.487200021743774414 63.5
34.0218888522846399 -7.23605903113650939 1.09119844436645508 0.487200021743774414 67.5
34.0240140331991867 -7.39110822213284102 2.00089836120605469 0.487200021743774414 58.5
34.0734120785135914 -7.25165335001712652 1.63761246204376221 0.406000018119812012 50.5
34.3371187750912341 -7.0898656951466501 2.82434535026550293 0.568400025367736816 45.5
34.511747820193591 -6.52354521731082215 2.99083423614501953 0.487200021743774414 47
33.2240050200113117 -7.43879310858803056 -10.9854698181152344 0.487200021743774414 48.5
33.3305944068621187 17.0944681948294566 -1.76087236404418945 0.487200021743774414 46
33.4216882932232835 17.0863992779896705 -1.7106553316116333 0.487200021743774414 49
33.3865530238381325 17.0863992779896705 -2.29645395278930664 0.406000018119812012 45.5
32.5510327208853809 19.049677266280078 -0.846109390258789062 0.487200021743774414 50.5
32.4833458998648155 19.1581015615348278 -0.987525999546051025 0.406000018119812012 49.5
32.4059516294574124 18.917504784214799 -4.56317472457885742 0.568400025367736816 45
32.4276516490762816 19.1442314333140047 -3.28421735763549805 0.487200021743774414 57.5
32.5366395940798157 19.0875497710392033 -2.42337441444396973 0.406000018119812012 56
31.9584706316844667 19.4709179207959586 -5.83567285537719727 0.487200021743774414 55
32.1810717572497822 19.5371777289853483 -4.14643383026123047 0.406000018119812012 55
31.8573978229889043 20.3962688854902829 -3.04973959922790527 0.487200021743774414 47.5
32.018357221292554 20.1828691877811295 -2.77112960815429688 0.406000018119812012 49
34.0819023992564993 17.1827347556422545 -0.713086545467376709 0.487200021743774414 48
34.2980265678893517 -17.0778426649654733 0.893526911735534668 0.406000018119812012 48
32.1359185280886663 21.4154605377938694 -0.742553889751434326 0.406000018119812012 45
35.0398295099396577 16.7777716672485973 0.198651611804962158 0.487200021743774414 47
32.2482168325128384 21.7909501125772813 0.602386415004730225 0.406000018119812012 47
32.3153043797271167 21.8329348172558646 -0.210049837827682495 0.487200021743774414 46.5
32.3059426713545221 21.8329348172558646 0.805589675903320312 0.406000018119812012 48.5
32.8415217581934797 21.5834547260874494 -0.281329095363616943 0.487200021743774414 52
32.9356943857409945 21.4410383012736716 0.109854958951473236 0.406000018119812012 53
32.876720611130402 21.5705197353176956 -2.05536508560180664 0.568400025367736816 52.5
33.0273928411448594 21.4130706861547893 -1.03071796894073486 0.487200021743774414 67
33.0331268342997788 21.4130706861547893 -0.826756000518798828 0.406000018119812012 67
33.0427922139649084 21.4130706861547893 -0.2120695561170578 0.324800014495849609 54.5
32.8776947901499526 21.6116068575310116 -2.8806602954864502 0.568400025367736816 53
32.9628242441609274 21.5425916896465601 -2.38151669502258301 0.487200021743774414 67
33.0543965594740925 21.4538579023665505 -1.855124831199646 0.406000018119812012 67.5
33.0016439126389969 21.5425916896465601 -1.76377499103546143 0.324800014495849609 54.5
32.3098202793382825 21.9687917020763592 -5.97272300720214844 0.406000018119812012 55
32.9102858616240681 21.916459055787044 2.1776430606842041 0.487200021743774414 48.5
32.8592350331047314 22.2108142436783567 1.02775466442108154 0.487200021743774414 49
32.7971514367675994 22.2108142436783567 2.26549196243286133 0.406000018119812012 50.5
36.2791547583750074 -16.0786406687123673 2.3157660961151123 0.406000018119812012 49.5
36.3338715891336435 -16.1089780351823748 2.52610349655151367 0.487200021743774414 54.5
36.3187660888032795 -16.1089780351823748 2.73471307754516602 0.406000018119812012 52
36.2649038949090468 -16.5930310956747356 -1.24023675918579102 0.487200021743774414 46.5
36.3056807939533073 -16.6242213198366713 1.8798140287399292 0.568400025367736816 47.5
36.3975856044718569 -16.4643730379151663 1.46319937705993652 0.487200021743774414 57.5
36.3975856044718569 -16.4643730379151663 1.46319937705993652 0.406000018119812012 55.5
36.4207878426285774 -16.5653281882918826 1.76605260372161865 0.568400025367736816 50
36.4467027830159367 -16.4952633560755402 1.88334095478057861 0.487200021743774414 60.5
36.4467027830159367 -16.4952633560755402 1.88334095478057861 0.406000018119812012 58.5
36.5070061482775472 -16.4709980760459977 2.44138336181640625 0.568400025367736816 47.5
36.5521272141332219 -16.4108300465444579 2.15461492538452148 0.487200021743774414 58.5
36.53912123243461 -16.4108300465444579 2.36492156982421875 0.406000018119812012 57
35.6958827358505459 18.4609013647122957 -1.01943588256835938 0.568400025367736816 49
35.7612460290248535 18.3604338742920916 -0.260365694761276245 0.487200021743774414 59.5
35.7104244101739283 18.4609013647122957 0.0274097025394439697 0.406000018119812012 57
35.7559128455556419 18.4953436945786152 -1.22993826866149902 0.568400025367736816 52
35.7720060127835637 18.4953436945786152 -0.601314365863800049 0.487200021743774414 62
35.7766004145780059 18.4953436945786152 -0.181225508451461792 0.406000018119812012 59
35.850975635571281 18.499533312568289 -0.772965610027313232 0.487200021743774414 54.5
35.8548719529237303 18.499533312568289 -0.563923776149749756 0.406000018119812012 51
38.7304925930244437 -12.1351797364702563 2.26029181480407715 0.568400025367736816 49.5
38.7641990595043637 -11.9827915438816781 2.48438858985900879 0.487200021743774414 56.5
38.8605806302297907 -12.0049002394339634 2.0648341178894043 0.568400025367736816 55
38.8357204468368735 -12.0049002394339634 2.48897242546081543 0.487200021743774414 61
38.7065810726847133 -12.1575695938989998 3.53835439682006836 0.406000018119812012 55.5
38.0843126920207879 -12.0491165060435641 8.67004108428955078 0.568400025367736816 51.5
38.10416327459901 -12.0950860052188052 8.5174713134765625 0.487200021743774414 57
38.0194291944399296 -12.2329945027445266 8.69727134704589844 0.406000018119812012 51
37.6149786111271993 -11.7897850209736479 11.0913009643554688 0.568400025367736816 48.5
37.2132418838965435 -12.0712252015958494 12.0980415344238281 0.487200021743774414 52.5
36.6259754698374635 -12.444773077694407 13.4375581741333008 0.406000018119812012 45
39.0680958440017818 -12.7111998376148936 1.14869856834411621 0.568400025367736816 50.5
39.0055174166645671 -12.7522865441607198 2.27132272720336914 0.487200021743774414 57.5
38.9454999677625224 -12.8652749871617402 2.63494038581848145 0.406000018119812012 53.5
38.9190962688741067 -13.0791247879348749 3.10180401802062988 0.568400025367736816 56
38.9015608994620479 -13.0791247879348749 3.31450080871582031 0.487200021743774414 63
38.8826064371575555 -13.0791247879348749 3.52991056442260742 0.406000018119812012 58.5
39.0388665169908293 -12.912227826439846 3.28690314292907715 0.568400025367736816 47.5
39.0460860379533656 -12.97408281003956 2.93917250633239746 0.487200021743774414 55
39.0590904857559238 -12.8658365887400645 3.22802472114562988 0.406000018119812012 51.5
39.3113278263012873 -12.5587361989932695 2.15715622901916504 0.487200021743774414 51
36.5759489162240996 -19.3947995179331478 0.0423378199338912964 0.487200021743774414 56.5
36.5357743055565081 -19.4672260832175077 0.352811038494110107 0.406000018119812012 56
36.2281224133198307 -20.12441693310274 -1.64525377750396729 0.487200021743774414 53
35.9532004803434333 -20.5649462762172739 -2.15086841583251953 0.406000018119812012 53
36.106560943291413 -20.639321073125668 -1.72492456436157227 0.487200021743774414 52.5
36.137579792882903 -20.639321073125668 -0.856972992420196533 0.406000018119812012 54.5
35.8386111532796434 -21.1698681370013766 0.266758143901824951 0.324800014495849609 45.5
36.8404954978074812 -19.4936546699066078 1.29050445556640625 0.487200021743774414 55.5
37.0066170377947401 -19.2070599073177632 0.699339210987091064 0.406000018119812012 56
39.9769491651840241 -12.0273083776520231 1.52908444404602051 0.568400025367736816 47
36.8822788347703749 -19.6017981588903432 -0.786028444766998291 0.487200021743774414 57.5
36.8822788347703749 -19.6017981588903432 -0.786028444766998291 0.406000018119812012 58
36.8672193213829544 -19.6435596463127453 -0.299046367406845093 0.324800014495849609 46.5
40.2156438784030286 -11.5311753687195786 1.07553839683532715 0.487200021743774414 52
40.20926022867949 -11.5311753687195786 1.29229438304901123 0.406000018119812012 46
40.2578510779384189 -11.6985308081205055 0.394442647695541382 0.568400025367736816 50.5
40.2872563752882584 -11.5937522070625523 0.477327495813369751 0.487200021743774414 56.5
37.3950524666138406 -18.9125374909606023 1.27747070789337158 0.406000018119812012 52
40.2066252415979548 -12.0920869757109397 1.0994337797164917 0.568400025367736816 55.5
40.2000870689527616 -12.0920869757109397 1.3169635534286499 0.487200021743774414 61.5
40.2000870689527616 -12.0920869757109397 1.3169635534286499 0.406000018119812012 56
40.1782709523275372 -12.4028522613952141 1.476997971534729 0.568400025367736816 53
40.1364457460495174 -12.4028522613952141 2.35384488105773926 0.487200021743774414 59
39.9394101380392215 -13.869912668625954 1.3263704776763916 0.487200021743774414 47
40.3656294668435436 -12.030606870799712 4.63908100128173828 0.487200021743774414 49
40.1213762019490474 -12.0519001969102622 6.85779762268066406 0.487200021743774414 49.5
39.3701886990399004 -14.6929489837819336 6.51775598526000977 0.487200021743774414 50.5
35.5573795485912285 -23.4596846585043721 -0.275909930467605591 0.406000018119812012 56
35.667555379737955 -23.262723384992988 -1.19642782211303711 0.324800014495849609 49
40.2330502793387694 -13.555595600996897 4.32473659515380859 0.568400025367736816 54.5
40.1559778239977305 -13.555595600996897 4.98990535736083984 0.487200021743774414 61.5
40.0731953602361486 -13.422279357871437 5.92768573760986328 0.406000018119812012 57
40.253282608047023 -13.5794181722676477 4.77862167358398438 0.568400025367736816 46.5
40.1443099805109966 -13.3817633837649321 6.07661581039428711 0.487200021743774414 54
35.8750102917319111 -23.2484767449680554 0.23316328227519989 0.324800014495849609 46.5
40.3062878843365553 -13.528322448038276 5.13500595092773438 0.487200021743774414 56.5
36.0231764400113121 -23.150127733470562 -0.618947684764862061 0.406000018119812012 55
39.6260430640852661 -13.6508895212637142 9.50161647796630859 0.487200021743774414 49
37.9789271028244002 -20.1057947944969904 0.457055062055587769 0.406000018119812012 47
38.1995336364067128 -19.8041382150213785 2.89091658592224121 0.406000018119812012 48
38.0361599480095691 -20.3136268273231018 2.61671900749206543 0.487200021743774414 50.5
37.7503382398535123 -20.7292923244540788 3.38355898857116699 0.406000018119812012 50.5
35.225216782048058 -25.2377905818574497 -1.20863258838653564 0.406000018119812012 46.5
36.5550901383916269 -23.3822257322729179 -1.65160632133483887 0.487200021743774414 49
36.5029710728402392 -23.3822257322729179 -2.55646252632141113 0.406000018119812012 53
39.6278912018480156 -17.8564091291713609 1.74039781093597412 0.487200021743774414 55
39.6278912018480156 -17.8564091291713609 1.74039781093597412 0.406000018119812012 54
36.3680026210470118 -23.6563447580376724 -3.16160750389099121 0.324800014495849609 46
39.4012548585035915 -18.4698234505179393 2.2775728702545166 0.568400025367736816 47
39.4683886794637786 -18.4208174331079562 1.3039926290512085 0.487200021743774414 58.5
39.4507638720298104 -18.4208174331079562 1.75824284553527832 0.406000018119812012 57.5
39.3650896188115311 -18.5725217930883204 3.28232049942016602 0.487200021743774414 55
39.1558703504109644 -18.8507005336015361 4.09775686264038086 0.406000018119812012 54
41.3041435882599046 -13.9874743568664428 3.1928248405456543 0.568400025367736816 48
41.3869328824519869 -13.7962393558936611 2.94303727149963379 0.487200021743774414 55.5
41.2882387499560366 -14.2468156940185917 3.27870893478393555 0.568400025367736816 52
41.3655438856594913 -14.1099849631886016 2.87061524391174316 0.487200021743774414 59.5
26.1179320773268877 -35.2474819541988182 2.65915679931640625 0.243600010871887207 46
39.6911193439947922 -19.0126481270262353 1.15544307231903076 0.487200021743774414 54.5
39.7474436736733026 -18.8586104685896814 1.64143478870391846 0.406000018119812012 53.5
26.1846884900649428 -35.3076318516361027 2.43596529960632324 0.324800014495849609 49
26.2233131740539598 -35.3076318516361027 1.9773174524307251 0.243600010871887207 49
39.6268511601308333 -19.2540706735788802 3.22868824005126953 0.487200021743774414 58.5
39.7493150981937688 -19.3475828322850205 1.93016088008880615 0.568400025367736816 52.5
39.6293472804487408 -19.513466651938792 2.60804414749145508 0.487200021743774414 65
39.7098058256843771 -19.3475828322850205 2.62009239196777344 0.406000018119812012 64
39.7634681568161881 -19.5465406606730063 1.226753830909729 0.568400025367736816 48.5
39.6863921465769565 -19.6739338131795165 1.6224217414855957 0.487200021743774414 61
39.5878239689034359 -19.8511764601450977 1.85493183135986328 0.406000018119812012 60.5
36.0781427060187525 -25.7001838100092783 -1.60429775714874268 0.324800014495849609 53.5
40.1329854298039947 -18.8916372766595586 1.95182168483734131 0.568400025367736816 47
40.0002938559488399 -18.8916372766595586 3.80035519599914551 0.487200021743774414 58
39.9015928506895463 -18.8916372766595586 4.72534942626953125 0.406000018119812012 56.5
36.2892899252527812 -25.4662599412238997 -2.43253493309020996 0.324800014495849609 50
40.2492751090380381 -18.8513006506817078 1.62791216373443604 0.568400025367736816 49
40.1755647470463231 -18.9235491496377399 2.41847658157348633 0.487200021743774414 59.5
40.1023439248765214 -18.9680097643799144 3.16896247863769531 0.406000018119812012 58
39.8058555682637092 -19.7125660737394952 3.40753817558288574 0.568400025367736816 49
39.7344290382827836 -19.9519448766682679 2.79246711730957031 0.487200021743774414 61.5
39.764311907384041 -19.9519448766682679 2.32853412628173828 0.406000018119812012 61
39.8878479596446169 -19.7738025116980189 1.63065743446350098 0.324800014495849609 46.5
36.0541956006270894 -26.231011590539616 -1.84924352169036865 0.324800014495849609 47.5
40.2205327934429917 -19.304153465707472 -2.78362107276916504 0.487200021743774414 56.5
39.0011361718327478 -20.7688798556442009 7.23641443252563477 0.487200021743774414 52.5
39.1998902321939582 -20.7688798556442009 6.06819677352905273 0.406000018119812012 51.5
39.6640218066151249 -20.8036689518248181 2.34421443939208984 0.568400025367736816 51
39.6496291930037685 -20.8036689518248181 2.57625150680541992 0.487200021743774414 64.5
39.6496291930037685 -20.8036689518248181 2.57625150680541992 0.406000018119812012 64.5
39.7933355825806601 -20.8384580480054389 0.710549235343933105 0.568400025367736816 54
39.5969445587487527 -21.0813030468472462 3.55818367004394531 0.568400025367736816 52.5
39.5294316545849824 -21.1150421288107246 4.07174396514892578 0.487200021743774414 66
39.4781591957046984 -21.1150421288107246 4.5420384407043457 0.406000018119812012 66
39.2537814268547436 -21.3512157025550806 5.31660127639770508 0.324800014495849609 53
39.5520781273034601 -21.5276152337972135 1.98763585090637207 0.568400025367736816 47
39.4764649911904542 -21.6290011768135244 2.35597467422485352 0.487200021743774414 60.5
36.1127003077992086 -26.9630282899495732 -0.789737820625305176 0.324800014495849609 57.5
35.9287848015379936 -27.3407658960582864 -0.357065379619598389 0.487200021743774414 64
35.9303607046257767 -27.3407658960582864 -0.120048642158508301 0.406000018119812012 71.5
35.9288761111140573 -27.3407658960582864 0.347831070423126221 0.324800014495849609 67
35.9853782789494261 -27.3861829111690831 -0.591975629329681396 0.487200021743774414 70.5
35.9853782789494261 -27.3861829111690831 -0.591975629329681396 0.406000018119812012 78
36.0960259593401318 -27.2449004982967686 -0.305246293544769287 0.324800014495849609 73.5
36.0889530655350939 -27.2449004982967686 -0.776954710483551025 0.243600010871887207 48.5
35.8790392449478475 -27.6353839950677589 -1.03452730178833008 0.487200021743774414 64
35.8850404086268142 -27.6353839950677589 -0.799856841564178467 0.406000018119812012 71.5
35.9600795506699029 -27.5334919606738175 -0.932633757591247559 0.324800014495849609 67
35.9368854788538528 -27.6811360772643766 1.08881998062133789 0.487200021743774414 57.5
36.028492975631444 -27.5790753543248535 0.482579916715621948 0.406000018119812012 64.5
36.1048295106262813 -27.4770146313853303 0.587752938270568848 0.324800014495849609 59.5
40.6310929278668382 -20.3550134174663881 -0.700264215469360352 0.487200021743774414 51
36.5057535499657817 -27.1525674085534163 -1.61051440238952637 0.406000018119812012 53.5
36.3778128305353192 -27.3573636429359688 -0.868996918201446533 0.324800014495849609 49
37.4011938641456965 -26.0120837420999571 -1.97040712833404541 0.406000018119812012 50.5
36.4564223268691947 -27.5159944814909778 -0.0716185346245765686 0.406000018119812012 46
35.8277171125635689 -28.3272394968650048 -2.64663362503051758 0.406000018119812012 48.5
36.4909158318336537 -27.6693466031779423 -1.65858876705169678 0.406000018119812012 52
36.4517967001752652 -27.7495144120447677 -1.07774996757507324 0.324800014495849609 48
43.3876750188931126 -14.4366162612774556 3.98797941207885742 0.487200021743774414 52
43.6768185562140729 -14.1844449657357909 2.19953370094299316 0.568400025367736816 46.5
43.5229121141145896 -14.2189150628578709 4.15684318542480469 0.487200021743774414 53.5
36.1010389573628245 -28.4665552066508063 -0.266425728797912598 0.406000018119812012 59
36.0793512249873842 -28.4952802875858708 0.0125377112999558449 0.324800014495849609 56
36.4260521956386327 -28.1734848698552547 0.01255816500633955 0.487200021743774414 51.5
36.3232591380660352 -28.3058357995951795 -0.0565118193626403809 0.406000018119812012 60
36.3232591380660352 -28.3058357995951795 -0.0565118193626403809 0.324800014495849609 56.5
36.1940329596439909 -28.5882487837213617 -0.46854555606842041 0.487200021743774414 62.5
36.1963382622857566 -28.5882487837213617 -0.229559138417243958 0.406000018119812012 71
36.0497514850949372 -28.7726890984550501 0.251570910215377808 0.324800014495849609 67.5
36.0301951736995534 -28.7726890984550501 1.21370208263397217 0.243600010871887207 45.5
36.0705106638160302 -28.8194744346979519 -1.67216145992279053 0.487200021743774414 57.5
36.0967212403819246 -28.8194744346979519 -0.951162815093994141 0.406000018119812012 66
36.1061991126221002 -28.8194744346979519 -0.469307422637939453 0.324800014495849609 63
35.2636793798347483 -29.85506794819063 -2.55415821075439453 0.406000018119812012 50.5
36.7010261172545356 -28.27593874464565 1.35229039192199707 0.406000018119812012 49
36.4834373897166131 -28.5829081738685566 0.54666900634765625 0.324800014495849609 45.5
41.4609846785928582 -20.6408406886442393 3.19739794731140137 0.487200021743774414 46.5
36.6296352871418165 -28.4667243561487595 1.78784584999084473 0.406000018119812012 53
36.4547533616466026 -28.7451842642586293 0.215225785970687866 0.324800014495849609 48.5
36.6721523330877588 -28.5824381640498792 0.668893337249755859 0.406000018119812012 53
36.470283493333163 -28.8439160492668414 -0.443825244903564453 0.324800014495849609 48.5
37.174450139986746 -28.0581801497911236 0.171470880508422852 0.406000018119812012 46.5
37.8673973077162458 -27.234787657646983 0.741012990474700928 0.406000018119812012 48
37.3225394893824571 -27.9500285576747309 -3.00827813148498535 0.406000018119812012 47.5
36.1206187573514228 -30.0862649991464224 -1.21173906326293945 0.406000018119812012 52.5
36.2118421357114926 -29.9804929737588033 -1.10597264766693115 0.324800014495849609 51
36.5985311434412282 -29.6339743253040275 -0.886222422122955322 0.406000018119812012 54.5
36.5017136545471743 -29.7575718349031106 -0.722475171089172363 0.324800014495849609 52.5
45.0137226863924056 -15.4255082737026861 1.98978698253631592 0.487200021743774414 46
36.5066017885611203 -31.0453556364143459 0.509700179100036621 0.406000018119812012 53
36.3911029407768325 -31.1711180724414874 0.92461240291595459 0.324800014495849609 52
36.2232636380408266 -31.4778137145491144 1.01112306118011475 0.487200021743774414 47
36.2153562582006572 -31.4778137145491144 1.26303958892822266 0.406000018119812012 59
36.3991997505139508 -31.2558855309671202 1.47239267826080322 0.324800014495849609 58
36.3551170207811154 -31.3347605042995667 2.76477313041687012 0.324800014495849609 53.5
45.6864349291866674 -15.8809866281251271 4.7438507080078125 0.487200021743774414 49
45.5256050201157976 -15.7048686119814818 6.5373382568359375 0.406000018119812012 45
45.6392833839897918 -16.0879667847494083 5.2430119514465332 0.568400025367736816 54.5
45.6741810671597861 -15.9602362356077307 5.32878541946411133 0.487200021743774414 62.5
45.5593380159233092 -16.1244612273613157 5.79692363739013672 0.406000018119812012 58.5
45.6487279568168631 -16.1127558901906092 5.75635099411010742 0.568400025367736816 54
45.5964994625791107 -16.1493065651778096 6.05987215042114258 0.487200021743774414 62
45.5964994625791107 -16.1493065651778096 6.05987215042114258 0.406000018119812012 58
45.9332012185781551 -15.881295403288771 4.66972732543945312 0.487200021743774414 50.5
45.7330434426231278 -16.399893217072691 4.83868980407714844 0.406000018119812012 47.5
45.9862464472655503 -16.2793329874476278 5.11381959915161133 0.487200021743774414 47.5
45.7122345342298146 -16.5006616335958611 7.16837739944458008 0.487200021743774414 50
45.7122345342298146 -16.5006616335958611 7.16837739944458008 0.406000018119812012 45
45.8497922973044822 -16.2614880011852598 7.34851360321044922 0.487200021743774414 53
45.6260687354097243 -16.2614880011852598 8.62936210632324219 0.406000018119812012 49
46.0618194831180077 -16.1015556271562126 6.86108207702636719 0.487200021743774414 53
46.1467468983470752 -15.8737324691429151 6.82115888595581055 0.406000018119812012 49.5
48.391091614098805 -16.41069044328286 4.54773950576782227 0.487200021743774414 45.5
51.8636279042634101 -7.06853489413302505 2.92929649353027344 0.487200021743774414 46.5
52.1837348877985008 -6.30695914656282675 1.10033369064331055 0.568400025367736816 48
52.2263893154927317 -5.88649520345863753 1.37267184257507324 0.487200021743774414 51
52.2011228914414929 -6.13832005492364452 3.06371378898620605 0.487200021743774414 53.5
52.4847388532767738 -5.74014280982455904 -0.493155986070632935 0.487200021743774414 47
50.2189956761580092 17.6648557440609828 3.0921022891998291 0.487200021743774414 45
50.2896278924894986 17.6897010818774731 3.0964512825012207 0.568400025367736816 45
50.4094473425375043 17.3694047212851999 2.95833277702331543 0.487200021743774414 50.5
50.5312945644607368 17.473986754998009 0.907752037048339844 0.568400025367736816 46
50.4586342968498514 17.473986754998009 2.85691976547241211 0.487200021743774414 51
50.6602416420429975 17.3445882442350481 0.554925501346588135 0.568400025367736816 51.5
50.5697719302469295 17.4984946985627481 2.02575111389160156 0.487200021743774414 56
50.6143409066638554 17.3445882442350481 2.22639060020446777 0.406000018119812012 49.5
50.6799724130107521 17.5230026421274907 0.354630887508392334 0.568400025367736816 49.5
50.6151226305619701 17.5230026421274907 2.5874323844909668 0.487200021743774414 54.5
50.6001746767345253 17.5230026421274907 2.86493349075317383 0.406000018119812012 48
53.3212573082677537 -5.8688292874187864 -10.5714902877807617 0.568400025367736816 46
53.3849653183505026 -6.34024863646639503 -9.96006011962890625 0.487200021743774414 52
53.910900600169235 -5.7400491583180937 -7.63081693649291992 0.568400025367736816 50
54.0095703077507565 -6.13001674118356554 -6.55377340316772461 0.487200021743774414 55
54.035453968885669 -5.93845371802157906 -6.51671409606933594 0.406000018119812012 49.5
54.1861241545812291 -5.43962105312802535 -6.32890462875366211 0.568400025367736816 46.5
54.1404377991513712 -5.88493008140676732 -6.32147789001464844 0.487200021743774414 52
54.1519802548669844 -5.43962105312802535 -6.61470270156860352 0.406000018119812012 45.5
51.0289504037610371 -15.8924573877327173 13.8027591705322266 0.487200021743774414 46.5
30.3419741967333749 45.9739240128850497 4.59224605560302734 0.324800014495849609 47.5
30.4651976501600608 46.0363044612089212 4.01911020278930664 0.324800014495849609 53
30.6308461469338553 45.911807243615506 4.18092823028564453 0.243600010871887207 50
31.3338232243594597 45.7177612812238507 -0.0944651588797569275 0.406000018119812012 48
30.7651537706117502 46.0986849095327855 -0.589463710784912109 0.324800014495849609 57.5
30.7651537706117502 46.0986849095327855 -0.589463710784912109 0.243600010871887207 54.5
30.8124341989501502 46.161065357856657 -0.0151334833353757858 0.406000018119812012 48
30.6210588107603598 46.2858999697018234 -0.465401023626327515 0.324800014495849609 58
30.6067885192728362 46.2858999697018234 -1.04427480697631836 0.243600010871887207 55
55.8012878440665077 5.76942073900980645 0.374823689460754395 0.568400025367736816 50.5
55.7659465236087115 5.9797276918291189 1.2696983814239502 0.487200021743774414 52.5
55.950313937842111 4.8505462418259544 1.2905430793762207 0.568400025367736816 52.5
55.887981705468782 5.16642841386961216 2.33935451507568359 0.487200021743774414 55
55.9840669691980679 5.17332625190542483 1.75612330436706543 0.568400025367736816 49.5
55.9137295448638625 5.39825348024913865 2.92857742309570312 0.487200021743774414 51.5
44.550437770466111 -34.5831597541009401 -0.472948044538497925 0.406000018119812012 48
44.746078752533613 -34.4527211751096019 0.473578810691833496 0.406000018119812012 52
44.6120460502246559 -34.6291484650272068 0.115511022508144379 0.324800014495849609 47.5
44.8898531766896269 -34.3712792386056023 1.19122946262359619 0.487200021743774414 48
44.9967651572256031 -34.2440828927390513 0.732505381107330322 0.406000018119812012 56.5
44.90162837955247 -34.3712792386056023 0.601430237293243408 0.324800014495849609 52
45.196385668325334 -34.1126040148048091 -0.0887881666421890259 0.487200021743774414 46
45.0564431684453481 -34.2894999078498515 0.733476877212524414 0.406000018119812012 54
45.1959924101817947 -34.1126040148048091 0.208471059799194336 0.324800014495849609 49.5
46.5767989327211325 -35.2873407784992636 -4.05411720275878906 0.406000018119812012 49.5
46.8655596861295081 -35.1786170424854703 -2.4304344654083252 0.406000018119812012 49.5
46.705905695913664 -35.1786170424854703 -4.56574773788452148 0.324800014495849609 46.5
46.9876385769801104 -35.2236029427190331 -0.292267978191375732 0.406000018119812012 47
51.5861920946830992 29.1782336131922655 -3.98192143440246582 0.406000018119812012 45.5
51.7084205965628954 29.2522350424969773 -2.79679465293884277 0.487200021743774414 49
51.8524693055542159 29.0664357853672968 -1.93380630016326904 0.406000018119812012 48.5
51.6855698817268276 29.564434780009119 -3.11241030693054199 0.406000018119812012 48.5
51.6941480769798858 29.3852787388360746 -5.32077169418334961 0.487200021743774414 47
51.8000026659337038 30.4256514579499644 -0.212977975606918335 0.487200021743774414 53
51.7953638139881818 30.4256514579499644 0.724923908710479736 0.406000018119812012 52
52.2268180235382147 29.8247494064051288 0.930855274200439453 0.406000018119812012 59.5
52.5891243466026879 29.3125623837147238 -1.4862058162689209 0.568400025367736816 52
52.6550911009042011 29.2222541042270265 -0.743157267570495605 0.487200021743774414 63
52.6585685634058791 29.2222541042270265 -0.431120723485946655 0.406000018119812012 61.5
52.7379393342357616 29.1757601408850427 -1.89078164100646973 0.568400025367736816 49
52.7567308984545207 29.1757601408850427 -1.26200699806213379 0.487200021743774414 61.5
52.7153285495327779 29.2586458231034641 -1.05648791790008545 0.406000018119812012 60
52.6206217188940002 29.5515483007816862 -1.70798718929290771 0.487200021743774414 56
52.5646882212275983 29.5515483007816862 -2.96656966209411621 0.406000018119812012 54.5
52.9961039963053793 29.5315856287969574 -0.868666410446166992 0.568400025367736816 53.5
53.0520329906082608 29.4406025665259499 -0.434342056512832642 0.487200021743774414 63.5
53.0031548472333256 29.5315856287969574 0.0827358812093734741 0.406000018119812012 61.5
53.1549182017849802 29.2872119374407447 -2.7160794734954834 0.568400025367736816 59.5
53.1700521339637717 29.2872119374407447 -2.40158724784851074 0.487200021743774414 70
53.1834921709079254 29.2872119374407447 -2.08289051055908203 0.406000018119812012 68
53.0534631916869515 29.476994285402391 -2.64574170112609863 0.324800014495849609 50
53.1843747469040125 29.323367515710828 -3.35310721397399902 0.568400025367736816 58.5
53.270486258943528 29.1865555366328593 -3.17505002021789551 0.487200021743774414 69
53.270486258943528 29.1865555366328593 -3.17505002021789551 0.406000018119812012 67
53.1636039679479566 29.323367515710828 -3.66774201393127441 0.324800014495849609 49.5
53.3164581126286876 29.222544256819706 -3.49404001235961914 0.487200021743774414 56.5
53.2945884818847588 29.222544256819706 -3.81316566467285156 0.406000018119812012 54.5
53.6142796609069521 29.5403101805445267 -2.73955154418945312 0.487200021743774414 49
53.7511692930666314 29.4024860272915944 -0.964974105358123779 0.406000018119812012 46.5
53.5805814466962147 29.8045160533709215 3.72064733505249023 0.487200021743774414 51
53.5323503231823921 29.8045160533709215 4.35998392105102539 0.406000018119812012 50.5
53.9572393741217198 29.5104521878521382 -0.00838244613260030746 0.487200021743774414 49.5
53.9635113342542496 29.3721219432215825 2.73285555839538574 0.406000018119812012 48.5
53.2967399125861192 31.5687971610265414 0.819348275661468506 0.568400025367736816 51.5
53.2116280384397839 31.7081395712517669 0.958711326122283936 0.487200021743774414 63.5
53.2730963487474725 31.5687971610265414 1.78631794452667236 0.406000018119812012 63
53.1416261794822518 31.7081395712517669 2.89208483695983887 0.324800014495849609 48.5
53.3672845315931355 31.6070164320999716 0.173377946019172668 0.568400025367736816 59.5
53.3612644663617672 31.6070164320999716 0.820340216159820557 0.487200021743774414 72
53.2760495501586462 31.7465275394510691 0.959872007369995117 0.406000018119812012 71
53.2692895430630529 31.7465275394510691 1.28119754791259766 0.324800014495849609 56.5
53.43181636484438 31.6452357031733982 0.173587605357170105 0.568400025367736816 58
53.3482056903295359 31.7849155076503713 0.313301354646682739 0.487200021743774414 70.5
53.4257890201374082 31.6452357031733982 0.821332156658172607 0.406000018119812012 69.5
53.4198728706855377 31.6452357031733982 1.1430584192276001 0.324800014495849609 54.5
53.8660399034685966 31.2004991167188628 0.203712135553359985 0.487200021743774414 52.5
53.8301914109628541 31.2627289828205193 0.123078241944313049 0.406000018119812012 52
64.9644834964985591 -16.5141005048879421 1.61350464820861816 0.487200021743774414 49
64.7109317535370963 -17.7152673029574714 2.10478997230529785 0.487200021743774414 46
66.382990612908074 -13.3628988180587065 1.18658006191253662 0.487200021743774414 47.5
66.2719019630798272 -13.5556139857030864 4.59575462341308594 0.568400025367736816 46
66.3417827930642545 -13.6657533493369243 2.97586584091186523 0.487200021743774414 50
66.0823685237266574 -14.8343714418008918 4.48079776763916016 0.487200021743774414 46
66.1475604758784215 -15.215877136161847 3.19070315361022949 0.487200021743774414 49
68.3550111393745965 -10.7004538798075579 -2.27913022041320801 0.487200021743774414 47.5
68.3702816210107045 -11.3095656994096103 0.29765552282333374 0.568400025367736816 47
68.2035267094326656 -12.1928549041108187 1.45036852359771729 0.487200021743774414 49.5
69.4932945019654937 -8.73591092191190199 1.17001354694366455 0.568400025367736816 46
69.4702635008154772 -8.96349978360499655 0.735463500022888184 0.487200021743774414 48.5
69.2609668869978634 13.9400330277268907 -0.130049228668212891 0.487200021743774414 46
69.4385740407071808 13.4157285507089359 0.573792874813079834 0.568400025367736816 48.5
69.4831537091500877 13.1947844046168914 0.125366970896720886 0.487200021743774414 51.5
69.7487680019667664 12.1294254159096653 0.791603446006774902 0.568400025367736816 45
69.6955473881422449 12.456769500802924 -3.09476649817952421e-06 0.487200021743774414 48
70.3693417187174504 8.97227213330058504 1.24792110919952393 0.487200021743774414 45
69.1679190260155394 16.1352102094482746 0.0677908733487129211 0.487200021743774414 47
69.565209379679402 15.3850213753465077 0.738346219062805176 0.487200021743774414 47
71.9833083514883469 10.4726110414639386 1.13576745986938477 0.487200021743774414 47.5
67.0930282889341782 29.828433072685268 0.145172998309135437 0.487200021743774414 49
67.7502756568829625 28.4536673345559343 1.59337806701660156 0.487200021743774414 48
62.9766688421204606 -37.7851476482773094 2.91063404083251953 0.406000018119812012 46
71.9776535758509652 17.288496388389234 -0.161499693989753723 0.487200021743774414 48
66.0866091400961011 33.8470470257623219 -0.0101202698424458504 0.487200021743774414 45
67.3764891365296279 30.9091996235387825 5.40704488754272461 0.487200021743774414 45.5
67.8112833190088509 30.5406176197026937 2.06419110298156738 0.487200021743774414 49.5
68.2222365421664705 29.7803654537140901 2.32003140449523926 0.487200021743774414 50.5
69.2527047730783352 27.4255261662057457 3.09948492050170898 0.487200021743774414 48
69.6694098373328785 26.5019551626407797 3.56512284278869629 0.487200021743774414 50.5
70.1786567414018094 25.091082012188572 5.04822731018066406 0.487200021743774414 49.5
73.3615281477940187 14.9801530019388736 2.72715282440185547 0.487200021743774414 46
67.3217341709782033 33.7234883767835072 0.775181114673614502 0.487200021743774414 49.5
68.0329455434499693 32.0711060989096879 4.93488502502441406 0.487200021743774414 49.5
65.8247997434448422 36.9669662855624992 -2.13657522201538086 0.487200021743774414 47.5
69.3571837767231045 30.260208954664229 0.779041588306427002 0.487200021743774414 46.5
68.1308938292838207 34.1265586260131499 -0.0103860553354024887 0.406000018119812012 46.5
64.119848185573872 41.9906125873295792 -0.809981584548950195 0.487200021743774414 45.5
64.1086591396386325 42.0317017993207429 3.18468523025512695 0.487200021743774414 45
64.3087611813095634 41.7249010562600091 3.18468523025512695 0.406000018119812012 45
64.7024978539699021 41.3530197212676853 1.32464408874511719 0.487200021743774414 47
64.7342561280914168 41.2378569835895235 2.67504763603210449 0.406000018119812012 47
64.8950175377565444 41.0667888274223216 -3.45272397994995117 0.487200021743774414 47
64.968363279770017 40.9899386962832892 -2.95001840591430664 0.406000018119812012 47
65.3613484845435693 40.6560444258220315 2.7983405590057373 0.406000018119812012 45.5
64.4176434303596608 42.3431135342332823 -1.35608935356140137 0.487200021743774414 48.5
63.5973233162380112 43.6187022483627587 -2.96153068542480469 0.406000018119812012 48.5
64.6112577762104365 42.4666820839159769 1.05959320068359375 0.487200021743774414 45.5
64.8714266747912376 42.0511946369061036 1.59723663330078125 0.406000018119812012 47
64.1348044366978201 43.3299791838466319 -0.0105496151372790337 0.406000018119812012 46
65.1666442186748185 41.9215982345728904 3.14497852325439453 0.487200021743774414 45
64.6929202404002837 43.7078586102691204 0.393897026777267456 0.406000018119812012 51
64.7096800079708316 43.7498433149477108 -2.45581698417663574 0.487200021743774414 50.5
64.4881432607069911 44.1111701458970558 -1.70483636856079102 0.406000018119812012 52
63.0322212481661666 46.3386065379770358 3.25005984306335449 0.406000018119812012 45.5
77.9286524774205844 -11.3363315397290059 0.418771892786026001 0.487200021743774414 45.5
65.2968106166923974 45.0562231800332356 1.63906526565551758 0.487200021743774414 45
64.8634310770291194 45.6908178727097578 1.22798621654510498 0.406000018119812012 46.5
64.6365883359116964 46.20436067357506 2.74201345443725586 0.487200021743774414 46
64.3949504426750678 46.5421263718983269 2.71492481231689453 0.406000018119812012 49
64.7522613020674669 46.2479523535410451 0.672712802886962891 0.487200021743774414 49.5
64.7383202468233776 46.2479523535410451 1.50268244743347168 0.406000018119812012 52.5
65.0995358635722283 45.8635593364969907 1.64526212215423584 0.406000018119812012 45
64.0475506041477587 47.6347880126089223 4.56524467468261719 0.487200021743774414 45
63.7093332073391565 48.2741811402949494 1.6514589786529541 0.406000018119812012 47.5
63.4639279722228906 48.9911169888698268 0.481018334627151489 0.406000018119812012 46
63.5425456755900555 49.3265378306065685 5.44315385818481445 0.406000018119812012 48
63.6878432998500514 49.4833523928986594 2.78340244293212891 0.406000018119812012 46
79.2885698955836205 -13.3538445457007473 7.72001075744628906 0.568400025367736816 45
79.3657930847175948 -13.3538445457007473 6.88089561462402344 0.487200021743774414 49
68.1468191668686245 45.019462858952096 3.51019930839538574 0.487200021743774414 45
67.9419239614849033 45.3259261867870222 3.53804492950439453 0.406000018119812012 46
64.8596497366688993 49.8246803415999366 5.53429508209228516 0.406000018119812012 45
62.7668472162115023 53.7342144636645003 7.32533884048461914 0.406000018119812012 47.5
63.1187725526350434 53.564926639009272 6.32218742370605469 0.406000018119812012 46
66.444742243255817 50.2426672887568841 4.04113101959228516 0.487200021743774414 45.5
64.9405975855912345 52.0247656306729667 5.63049936294555664 0.406000018119812012 50
66.5293680875763584 50.2878523003922382 3.6127011775970459 0.487200021743774414 45
66.1718197807263238 50.736385311990837 3.89696192741394043 0.406000018119812012 49
64.6139719736554667 53.0533474523252693 1.87557303905487061 0.406000018119812012 47.5
77.3623913492579476 33.8290552893315919 5.27408981323242188 0.487200021743774414 45
84.0737913395643801 11.0546478918842386 4.17162561416625977 0.487200021743774414 46.5
84.0355580979042145 11.2130722323591954 5.74839305877685547 0.487200021743774414 47
63.7176078166713893 58.3227276753650727 1.86714208126068115 0.406000018119812012 45.5
83.9914972949806611 -20.2826348045753022 3.45979094505310059 0.487200021743774414 45
64.6749943039139623 57.400829026054339 -0.465745151042938232 0.406000018119812012 45
63.1830890560672671 61.0158187147318358 3.37309694290161133 0.406000018119812012 48.5
63.6454722121838401 60.4556374808071979 4.55844354629516602 0.324800014495849609 46
62.6300776240768187 61.7604622232180986 -1.64931905269622803 0.406000018119812012 45
88.7404558291045333 12.9234181749465478 4.20330190658569336 0.568400025367736816 48
88.7404558291045333 12.9234181749465478 4.20330190658569336 0.487200021743774414 50.5
88.8354065443842131 12.9342153401413071 3.74171805381774902 0.568400025367736816 48.5
88.8354065443842131 12.9342153401413071 3.74171805381774902 0.487200021743774414 50.5
69.6672657184401345 57.010288626215214 3.13129568099975586 0.406000018119812012 47
68.6725989182887275 57.9702291957720846 7.10985517501831055 0.406000018119812012 45.5
84.0466027799801196 35.9755250721240358 -0.679401516914367676 0.487200021743774414 47
84.2067541349304065 35.753492596043138 -1.77777361869812012 0.487200021743774414 48
93.4331351149581053 17.7562889727947955 3.63929963111877441 0.487200021743774414 48.5
94.7723354183504796 14.3241620024842469 3.82481741905212402 0.487200021743774414 46.5
69.2056964948241102 71.1294878136631183 5.15353107452392578 0.406000018119812012 49.5
69.3338486184286467 71.0673985261162784 4.19929742813110352 0.324800014495849609 48
69.6313978208608546 70.6736518645975593 6.85611820220947266 0.406000018119812012 52.5
69.480009261377603 70.7854969264546696 7.22809171676635742 0.324800014495849609 50.5
69.5674699669134213 71.0005532884003117 4.95122718811035156 0.406000018119812012 45
