
X Y Z V_r Mag
5.01171653680349838 -2.18929169327984496 -0.255596339702606201 1.05560004711151123 54.5
5.01534334487202571 -2.18929169327984496 -0.170182868838310242 0.974400043487548828 57.5
5.09671300319948362 -2.33924301613455699 -0.438273787498474121 1.05560004711151123 56
5.08516960023478326 -2.35751835219810824 -0.473057270050048828 0.974400043487548828 58.5
5.06727674369608039 -2.39336612678430471 -0.484902262687683105 0.893200039863586426 49.5
5.42557722703251066 -1.66386165447824497 -0.533554255962371826 1.05560004711151123 59.5
5.42418589544165375 -1.67169661946080517 -0.523107409477233887 0.974400043487548828 61.5
5.25783740618092299 -2.38863332278771567 0.0141738941892981529 1.13680005073547363 48.5
5.23747207378807822 -2.43265345350978546 0.0413405261933803558 1.05560004711151123 67.5
5.17793187723009396 -2.55533250634178311 -0.0996068418025970459 0.893200039863586426 60.5
5.389827352792536 -2.26467979267163155 0.208546504378318787 1.13680005073547363 47.5
5.27411823408663682 -2.52638262216693255 0.153534188866615295 0.974400043487548828 70
5.18181240918408292 -2.71352207566077919 -0.0901330262422561646 0.893200039863586426 62
5.51547277858206719 -2.14785814283957643 0.268129855394363403 1.13680005073547363 53.5
5.52487223968125019 -2.13231004873422281 0.186189755797386169 1.05560004711151123 71
5.51618287768633309 -2.15230045544110604 0.212027683854103088 0.974400043487548828 72.5
5.54043528800848151 -2.2072857177885048 0.656861007213592529 1.13680005073547363 49.5
5.53597774631562078 -2.49374001306840576 -0.199596330523490906 1.05560004711151123 53
5.53586590577343518 -2.47779829608988589 -0.346889883279800415 0.974400043487548828 54.5
6.00401622023798076 -2.90935860871315688 -0.207483217120170593 0.974400043487548828 57.5
6.0051245826637274 -2.90935860871315688 -0.172456234693527222 0.893200039863586426 48.5
6.04370703026291523 -2.99603069000416067 -0.244769290089607239 1.05560004711151123 60
6.04780192029506658 -2.98675244180876476 -0.256726384162902832 0.974400043487548828 63
6.04502145942446933 -2.99603069000416067 -0.209814488887786865 0.893200039863586426 54.5
6.08480149998586395 -3.06855088927688913 -0.373920053243637085 1.05560004711151123 57.5
6.08333552940567746 -3.07196228548509032 -0.369738638401031494 0.974400043487548828 60.5
6.07587406543151864 -3.05661100254818496 -0.567020654678344727 0.893200039863586426 51.5
6.24618948740516267 -3.10112788827696617 -0.13694453239440918 1.05560004711151123 51
6.23378686608153476 -3.12378930623514517 -0.180207088589668274 0.974400043487548828 54.5
6.20313759736165338 -3.16126780516597972 -0.422016143798828125 0.893200039863586426 46.5
6.46173186059399551 -2.81908781366219197 -0.0355678051710128784 1.05560004711151123 45.5
4.34080436849471951 -5.64918791432917367 -0.0986060425639152527 0.893200039863586426 55
4.34148605459869152 -5.64918791432917367 -0.0616907104849815369 0.812000036239624023 58
4.34148605459869152 -5.64918791432917367 -0.0616907104849815369 0.730800032615661621 49.5
4.38547576143328133 -5.7086528950621549 -0.137436091899871826 0.893200039863586426 58.5
4.35996773938581406 -5.72934619948869983 -0.0726478919386863708 0.812000036239624023 62
4.38649692679738124 -5.7086528950621549 -0.099643997848033905 0.730800032615661621 53
4.3957033542394921 -5.78902673491937403 -0.300978511571884155 0.893200039863586426 52.5
4.41268796726645007 -5.77902684577299919 -0.238031163811683655 0.812000036239624023 55.5
4.38590593193917222 -5.80175386656021441 -0.170603498816490173 0.730800032615661621 47
6.97591922712823287 -2.90785912065346697 -0.511403024196624756 1.05560004711151123 47.5
6.98357074935640831 -2.90785912065346697 -0.393350780010223389 0.974400043487548828 49.5
7.1087832761694818 -3.01853272069189371 -0.171152487397193909 1.05560004711151123 56.5
7.10964359167527693 -3.01853272069189371 -0.130606964230537415 0.974400043487548828 58.5
7.11978899771089768 -2.99633052927011123 -0.0789985880255699158 0.893200039863586426 48.5
7.18378936641571553 -3.02542104151521363 -0.282844483852386475 1.05560004711151123 56
7.18653064182857282 -3.02542104151521363 -0.201521903276443481 0.974400043487548828 58
7.18876180048956481 -3.01957293383187242 -0.209496155381202698 0.893200039863586426 47.5
5.17488060924050419 -6.01918364644228365 -0.438801884651184082 0.812000036239624023 45
4.90117332434862263 -6.32666875319557409 0.593629360198974609 0.893200039863586426 48
5.08518143928059807 -6.30482254344113624 -0.0121494699269533157 0.974400043487548828 50
5.12251180711927478 -6.27445736824395617 0.0325816422700881958 0.893200039863586426 65
5.12206518316345338 -6.27445736824395617 0.0751025676727294922 0.812000036239624023 65.5
5.1364626678151728 -6.26231129816508414 0.101056233048439026 0.730800032615661621 53
5.16822848370446053 -6.33255404524375898 -0.13710041344165802 0.974400043487548828 51
5.17003866014880753 -6.33255404524375898 -0.0094747934490442276 0.893200039863586426 65
5.19849681776257189 -6.30905852289489477 0.0451447926461696625 0.812000036239624023 65.5
5.21593505839492266 -6.29475690059558701 0.0261951256543397903 0.730800032615661621 52.5
5.36612379705429898 -6.26075525668416688 -0.264872938394546509 0.893200039863586426 48
5.41422562896669213 -6.22054951734435502 -0.231140226125717163 0.812000036239624023 46
8.1831432054587534 0.932098456465961123 -1.21367037296295166 0.893200039863586426 46
8.2357429002563638 0.98563111490055888 -1.3270576000213623 0.893200039863586426 47
8.84498908511356419 -0.28310839774552099 0.0923138037323951721 0.974400043487548828 50.5
8.84636424834897106 -0.212331298309140742 0.13876892626285553 0.893200039863586426 48.5
8.9226303660961328 -0.10148903510849501 0.178881123661994934 1.05560004711151123 64.5
8.92027891603553158 -0.10148903510849501 0.271948128938674927 0.974400043487548828 74
8.91874988817611936 -0.10148903510849501 0.31816709041595459 0.893200039863586426 71.5
8.91695650618209079 -0.10148903510849501 0.364985555410385132 0.812000036239624023 53
8.99775362515813626 -0.0719767081887555948 0.187745988368988037 1.13680005073547363 46.5
8.99523905082510744 -0.102341881955886865 0.274233400821685791 1.05560004711151123 69
8.99369717402503888 -0.102341881955886865 0.320840746164321899 0.974400043487548828 78.5
8.99372572274038262 -0.0719767081887555948 0.328199148178100586 0.893200039863586426 76
8.98756032710913644 -0.102341881955886865 0.461831867694854736 0.812000036239624023 57
9.06864541288040371 -0.103194739647814754 0.323514431715011597 1.05560004711151123 61.5
9.06632671103446164 -0.0805145770878554629 0.388428956270217896 0.974400043487548828 71
9.05992263933731223 -0.103194739647814754 0.512633562088012695 0.893200039863586426 68
9.05351562387815001 -0.108864780287804566 0.614522397518157959 0.812000036239624023 49
8.36533229151761404 -2.63519110572725346 -2.85965251922607422 0.974400043487548828 50.5
8.38241770279817189 -2.65661536828920708 -3.02778339385986328 1.05560004711151123 50.5
8.41671785065302736 -2.65661536828920708 -2.93108367919921875 0.974400043487548828 56
8.44767438434770312 -2.64034563287536228 -2.85576152801513672 0.893200039863586426 50
8.50135360324862788 -2.6780396308511607 -2.90615081787109375 0.974400043487548828 49.5
9.45177094807105789 -0.899821370021831046 -0.761564075946807861 0.974400043487548828 46.5
9.57111475868490302 -0.665784577201890437 -0.332419157028198242 0.974400043487548828 49.5
9.65540756224466712 -0.516236080120047736 -0.335016191005706787 0.974400043487548828 46.5
9.65887884168988542 -1.0295105982467192 -0.841822028160095215 0.974400043487548828 46
9.77651746760554907 -0.078574579207599346 -0.971683919429779053 0.974400043487548828 46
9.77159798346433739 -0 -1.0229949951171875 0.893200039863586426 46
9.8538104824457271 -0.290718439721717958 -0.909898161888122559 0.974400043487548828 46.5
11.0400979314232206 -1.88938858995483439 -1.05306756496429443 0.974400043487548828 46
9.94940505587743473 -6.95530259183774824 -1.44351530075073242 0.974400043487548828 49
10.041254878510717 -6.88808684089532264 -1.0854036808013916 0.893200039863586426 45.5
10.0104441935631456 -6.99797305003747461 -1.45237112045288086 0.974400043487548828 48.5
9.93513191965698894 -7.21074526882950195 -1.56171286106109619 0.893200039863586426 46
7.14223406921519199 -10.016759013884073 2.35131311416625977 0.893200039863586426 48
10.3083512614671271 -6.98601452286220326 -1.92184817790985107 0.974400043487548828 45
7.11030798148582655 -10.1633364311641952 2.21587920188903809 0.893200039863586426 46.5
9.57396135433029549 -7.25725789561800205 4.0406804084777832 0.893200039863586426 48.5
9.77794136038059669 -7.38304888256759639 -3.52774310111999512 0.893200039863586426 47.5
12.7298932584499678 -2.02142095370263686 -0.523148834705352783 0.974400043487548828 45
10.2601553119410127 -8.37608347153025257 -1.67121219635009766 0.974400043487548828 46
10.3426949421664656 -8.2559723363081492 -1.75786340236663818 0.893200039863586426 46
13.2744090210934402 -2.37523153802131626 -0.631155490875244141 0.974400043487548828 48
13.3363526402316808 -2.38842723429744508 -0.847209155559539795 0.974400043487548828 46.5
8.67431708021829984 -10.3916940605867545 1.02448081970214844 0.893200039863586426 45.5
8.6033541516595875 -10.5889738302562133 -0.422430872917175293 0.812000036239624023 47.5
11.2413212088214571 -8.27930852274915097 1.97376346588134766 0.974400043487548828 55.5
11.2539485902305803 -8.27930852274915097 1.90044581890106201 0.893200039863586426 52.5
13.8996779857157069 -2.57015895085628054 1.06012511253356934 1.05560004711151123 52.5
13.896954131106261 -2.55953113989477954 1.11986434459686279 0.893200039863586426 48
13.9537747730977379 -2.44130390245714635 1.54749023914337158 1.05560004711151123 56
14.0817479973245394 -2.52038453264349727 0.74678647518157959 1.05560004711151123 66
11.5832841831159108 -8.41142536853110379 -0.530190587043762207 0.893200039863586426 65
14.1626338663439686 -2.53358022891962609 0.60065537691116333 1.05560004711151123 69
14.1728139920541327 -2.47599886008054382 0.60065537691116333 0.974400043487548828 72.5
14.2292004730900405 -2.54677592519575491 0.754606246948242188 1.05560004711151123 61
14.2374776690495413 -2.47985070557058229 0.818657159805297852 0.974400043487548828 64.5
14.2199175326517526 -2.46899796725298692 1.10617876052856445 0.893200039863586426 55.5
7.49312463506947424 -11.7498980185167774 -3.91390109062194824 0.812000036239624023 47.5
7.24673253243202797 -11.7907783844070799 -4.49053621292114258 0.893200039863586426 59
7.3733596492415403 -11.8016873543849421 -4.24926471710205078 0.812000036239624023 53.5
7.67272769357811679 -11.6962158433654277 4.26830720901489258 0.893200039863586426 62.5
7.54119928275090512 -11.6962158433654277 4.49660968780517578 0.812000036239624023 56
14.5553444022752139 -1.89058827497647419 1.69359362125396729 0.974400043487548828 49.5
8.19561309314991782 -11.9177219872784583 -3.01669669151306152 0.812000036239624023 51
11.4681303033133872 -9.17404075376584593 -2.65981316566467285 0.893200039863586426 47.5
8.91202492703305893 -11.936137593840499 -0.927399039268493652 0.812000036239624023 49
8.78996601024785207 -12.0767177173001201 -1.37456142902374268 0.893200039863586426 53
8.84819885495678271 -12.0992104400391547 -0.56437230110168457 0.812000036239624023 57
8.8818567349761075 -12.0767177173001201 -0.515316128730773926 0.730800032615661621 49.5
8.99093631804857552 -12.0900070108600328 -0.500429630279541016 0.893200039863586426 52.5
8.90436266984161406 -12.1597063345437082 -0.330913573503494263 0.812000036239624023 57
8.82910519627507284 -12.216219299692634 -0.257957130670547485 0.730800032615661621 50
9.0870707825797794 -12.2103052760591737 0.366377443075180054 0.812000036239624023 46.5
8.58737495760517433 12.7532800535782886 -0.0387835875153541565 0.324800014495849609 49.5
8.30201568636629794 12.9357991263547181 0.363698571920394897 0.243600010871887207 53.5
8.18119894049450025 13.0973623135105903 0.479189574718475342 0.324800014495849609 58
8.17611837280265696 13.0973623135105903 0.559197366237640381 0.243600010871887207 64
8.17025453080369424 13.0973623135105903 0.639192044734954834 0.162400007247924805 58
8.22527929999159646 13.1609415773864828 0.400048315525054932 0.324800014495849609 55.5
8.22091339549757549 13.1609415773864828 0.481515705585479736 0.243600010871887207 61.5
8.22091339549757549 13.1609415773864828 0.481515705585479736 0.162400007247924805 56
8.52284093028132439 12.9750015801064826 1.53965127468109131 0.243600010871887207 49
16.9364240816801548 -4.73518643390218319 -1.17311275005340576 1.05560004711151123 51
16.9252989586783471 -4.79244915356797652 -1.09876811504364014 0.974400043487548828 53.5
17.3281661753428153 -3.88480257846726085 -0.77049177885055542 1.05560004711151123 60
17.3402901620790644 -3.8092832601894524 -0.868547320365905762 0.974400043487548828 63
17.3485773289644953 -3.8092832601894524 -0.683310866355895996 0.893200039863586426 54
17.3948806879305167 -3.9391128791560921 -0.723892033100128174 1.05560004711151123 55.5
17.4042396373075157 -3.9391128791560921 -0.445359349250793457 0.974400043487548828 58.5
17.4344827190419238 -3.80751171275167044 0.405211776494979858 0.893200039863586426 50
14.0064827704264854 -11.109905521189372 -1.30158126354217529 0.974400043487548828 53
14.0561434031578667 -10.9665519015611217 -1.86151754856109619 0.893200039863586426 52.5
14.143807482248258 -11.064169611890275 -1.23970115184783936 0.974400043487548828 53.5
11.1841396337878418 -13.8195279722410742 2.81703281402587891 0.893200039863586426 53.5
18.0711620270908604 -0.124225430639599885 0.35118374228477478 1.86760008335113525 45.5
14.274363275844772 -10.9860453569275229 -1.50167012214660645 0.974400043487548828 55.5
14.1924591838656333 -11.0831670572457579 -1.5630643367767334 0.893200039863586426 54
13.7583475414165086 -11.8788562263395541 -1.32336509227752686 0.974400043487548828 52
13.7469916400176491 -11.8674692859385384 -1.52775216102600098 0.893200039863586426 52.5
11.7264708401132047 -13.9193959462015631 -0.943896472454071045 0.812000036239624023 47
13.6785892209935476 -12.0855273544432293 -1.31387829780578613 0.974400043487548828 51
13.5939051279860035 -12.1952918412953153 -1.17073261737823486 0.893200039863586426 51.5
11.8365332030477415 -13.8554797049331153 -1.67696499824523926 0.812000036239624023 47
17.9401848571470488 -4.25826594250064439 0.647667586803436279 0.974400043487548828 46.5
17.9855654317632663 -4.54855317212771482 -1.33794724941253662 0.974400043487548828 56
17.7849472998831004 -4.28219266112035246 -3.75687718391418457 1.05560004711151123 57
17.7641318202791538 -4.28219266112035246 -3.85410332679748535 0.974400043487548828 59.5
17.6028911502575482 -4.28219266112035246 -4.53394985198974609 0.893200039863586426 50.5
17.5711771793859022 -3.59883540943777991 -5.46485280990600586 1.05560004711151123 51
17.5711771793859022 -3.59883540943777991 -5.46485280990600586 0.974400043487548828 54.5
18.0149175974546161 -4.62191721132438982 3.36313343048095703 0.974400043487548828 52.5
17.8646891113400414 -4.63608762689309017 4.07057809829711914 0.893200039863586426 48.5
18.2162767857515959 -4.64025787129789347 2.58571267127990723 0.974400043487548828 48
11.520619873104101 15.2520331606071302 -0.64530026912689209 0.324800014495849609 46
17.6610143404123257 8.90111957934277598 -1.96831715106964111 0.730800032615661621 48.5
17.6713207462647333 8.96569243343398981 -1.53505837917327881 0.649600028991699219 47.5
12.7332583494748022 15.2590621360161869 0.201894238591194153 0.324800014495849609 46
17.7995230882191535 8.85493486355719206 -1.66422319412231445 0.812000036239624023 46.5
17.7589342255409157 8.97958203224465201 -1.4106372594833374 0.730800032615661621 58
17.7936276491899434 8.93470905151716543 -1.24914050102233887 0.649600028991699219 57
17.9013054730264187 8.8606989599307493 -1.42547214031219482 0.812000036239624023 48
17.892951271512807 8.88822442973002502 -1.35737383365631104 0.730800032615661621 59
17.8997944467979195 8.92325684583819445 -0.986670553684234619 0.649600028991699219 57.5
17.9940829881958742 8.86374434232240738 -1.28725194931030273 0.730800032615661621 57
17.9967821289944503 8.8938845894484686 -1.01226544380187988 0.649600028991699219 55
17.9814289847316466 9.08085568163954449 -1.11218976974487305 0.730800032615661621 54.5
17.9931970856199506 9.08085568163954449 -0.902006626129150391 0.649600028991699219 53
13.7955641369148321 15.2303285327058457 -0.148508414626121521 0.406000018119812012 46.5
18.7721989452380029 8.46640088021055881 -1.14682638645172119 0.730800032615661621 48.5
13.6005732659213248 15.5049825556611029 0.10264904797077179 0.406000018119812012 47
13.4914598187303447 15.6003423220439927 -0.0210915543138980865 0.324800014495849609 45.5
13.4984911546759285 15.6932846992931996 0.0395157374441623688 0.406000018119812012 46
13.3603769098507534 15.8096845363573486 0.210274755954742432 0.324800014495849609 46
13.462822321082184 16.0181361244390352 0.1654844731092453 0.406000018119812012 47
13.2253503501643603 16.2090149910867751 0.462181419134140015 0.324800014495849609 48.5
12.7579862557081416 16.6082505358668726 1.54913842678070068 0.406000018119812012 53.5
12.9398420175853897 16.4586739391621144 1.63479518890380859 0.324800014495849609 57.5
12.8915492135439624 16.6017282476890706 1.53174495697021484 0.406000018119812012 63
12.9564971157487214 16.5174555154672973 1.85970783233642578 0.324800014495849609 66.5
18.3268323075852457 10.4870071396927926 -1.2134474515914917 0.649600028991699219 48.5
12.8717042271876654 16.6502381502178949 2.10032510757446289 0.406000018119812012 58
12.9317222180049534 16.5762370917724802 2.30683398246765137 0.324800014495849609 62
12.9115535185005275 16.5762370917724802 2.41716861724853516 0.243600010871887207 54
18.1631327564872294 10.7788121479408705 -2.10201406478881836 0.730800032615661621 49
18.2989118243613191 10.6223284085883805 -1.6782759428024292 0.649600028991699219 53.5
18.317922117019716 10.6090670747449494 -1.54986095428466797 0.568400025367736816 46
13.3655371363236579 16.4414016990859864 1.24231100082397461 0.406000018119812012 52.5
13.4213988185281572 16.3803995634062041 1.43149769306182861 0.324800014495849609 56
18.3625638452990962 10.6465553249395821 -1.7768397331237793 0.730800032615661621 52.5
18.3590975770776055 10.6359087696146428 -1.87377738952636719 0.649600028991699219 56.5
13.3043008183750651 16.5420853361248774 1.74500226974487305 0.406000018119812012 53
13.2322411888796001 16.5953181127495739 1.78696906566619873 0.324800014495849609 56
13.3631427839964054 16.4382814217067157 2.21345758438110352 0.243600010871887207 48
18.5141785138983614 10.5130979398201152 -1.89489066600799561 0.649600028991699219 55.5
18.499681934797696 10.4997428865429043 -2.09946703910827637 0.568400025367736816 47.5
13.3979192524385429 16.5255429252202859 2.07191228866577148 0.406000018119812012 47.5
18.7229178339948206 10.2926696370845185 -1.90153944492340088 0.730800032615661621 53
18.7012841118441493 10.3409165260083533 -1.85200846195220947 0.649600028991699219 55.5
18.7401087809717701 10.3409165260083533 -1.40581417083740234 0.568400025367736816 45.5
14.3194467324144856 15.9295144930190897 1.14305233955383301 0.406000018119812012 47
18.7718138557110663 10.2802427712216566 -2.29375505447387695 0.730800032615661621 50
18.7883832452794906 10.3286583572713653 -1.90818822383880615 0.649600028991699219 52
14.5124085003708725 17.3895738698992517 -0.123534925282001495 0.406000018119812012 49.5
14.4514967790354092 17.4405198870962259 -0.0710321590304374695 0.324800014495849609 50
14.3773464458902041 17.5692617206842279 1.01911163330078125 0.406000018119812012 46
14.2329668193786265 17.6885293774271943 0.981963515281677246 0.324800014495849609 48
14.4746675464268524 17.4648492156706148 2.30284643173217773 0.324800014495849609 45
21.8371516558204206 6.8059694492467786 -0.288508862257003784 0.812000036239624023 48.5
14.2993990640034916 17.6852301480427627 2.45467138290405273 0.406000018119812012 47.5
14.1176586172526584 17.8224357480275799 2.51358199119567871 0.324800014495849609 49
10.8540181481363316 20.1234879977729193 0.707920610904693604 0.243600010871887207 49.5
10.8455221827423536 20.1234879977729193 0.827937841415405273 0.162400007247924805 54
10.8358308729730002 20.1234879977729193 0.946376502513885498 0.0812000036239624023 47
14.4778818727846641 17.7432150990313104 1.50724673271179199 0.406000018119812012 54
14.4140825754745308 17.7776289637780991 1.7007901668548584 0.324800014495849609 55
11.1427324130767698 20.0432083929416223 0.901012182235717773 0.243600010871887207 55
10.7249339024750405 20.2812376241069074 0.591375768184661865 0.162400007247924805 59.5
10.8601742612803935 20.1894673181154722 1.06984138488769531 0.0812000036239624023 52
18.5518825247316812 -13.5343211629696807 -1.67347157001495361 0.974400043487548828 49.5
14.805148775139708 17.6256912084082202 0.541521608829498291 0.406000018119812012 52.5
14.7359227552555048 17.6774807026542753 0.714132010936737061 0.324800014495849609 53
11.1881489967593168 20.1087097380941948 0.784734547138214111 0.243600010871887207 50
18.6413824939135999 -13.5784062240403802 -1.31746542453765869 0.974400043487548828 51
18.6123111834158657 -13.5784062240403802 -1.67892253398895264 0.893200039863586426 48
22.039488777020189 6.89600605213275308 -0.562178254127502441 0.812000036239624023 54
22.0443162075818897 6.89600605213275308 -0.321266114711761475 0.730800032615661621 49
22.0963551873518185 6.95025122768840209 -0.7251015305519104 0.893200039863586426 50.5
22.1318895417653536 6.85758121131922405 -0.483445197343826294 0.812000036239624023 57.5
22.1496703117988645 6.79676651307695057 -0.526093542575836182 0.730800032615661621 53
22.1925583531619779 6.87977369104188963 -0.849431455135345459 0.812000036239624023 53
22.6216431753472236 -3.96771603890515223 5.53706979751586914 0.974400043487548828 49.5
22.638587274910364 6.72504251237048845 -0.639362633228302002 0.812000036239624023 49.5
22.6536588690837597 -4.06027371779808188 5.6582636833190918 0.974400043487548828 51.5
22.499231514369729 -4.16985076196914584 6.17146158218383789 0.893200039863586426 46.5
22.5335776923493611 7.32981579252389004 0.44916301965713501 0.812000036239624023 45.5
15.4774539088278988 17.9262121180392349 -0.888478398323059082 0.406000018119812012 45
22.558773481151313 7.47779002680169302 0.659625589847564697 0.893200039863586426 55
22.5331945499311601 7.55206287172423618 0.687168657779693604 0.812000036239624023 63.5
22.5172189235419076 7.60553932006846711 0.617496252059936523 0.730800032615661621 60
22.6077451276553667 7.57588604885895567 0.564176321029663086 0.893200039863586426 68
22.6259868290736037 7.50137890833123233 0.785226583480834961 0.812000036239624023 76
22.6001712067343021 7.57588604885895567 0.812852025032043457 0.730800032615661621 72.5
22.6001712067343021 7.57588604885895567 0.812852025032043457 0.649600028991699219 51
22.6815945283942746 7.59970983185764393 0.44201233983039856 0.893200039863586426 69
22.6971384536981873 7.52496838976620452 0.787695884704589844 0.812000036239624023 77
22.6712416493320426 7.59970983185764393 0.815408229827880859 0.730800032615661621 73.5
22.6657676116301197 7.55785462428643751 1.24399244785308838 0.649600028991699219 51
22.7679812054128448 7.58154659588225677 0.373049885034561157 0.893200039863586426 63
22.7827245577715374 7.51256891720136544 0.713298559188842773 0.812000036239624023 71
22.7635695644289306 7.54855727129574383 0.916076183319091797 0.730800032615661621 67
22.8845043820216745 7.42774347735086948 0.856608450412750244 0.893200039863586426 57.5
22.8617262937844785 7.50897031975203344 0.749979913234710693 0.812000036239624023 66
22.8794986482807445 7.42774347735086948 0.981260418891906738 0.730800032615661621 62
22.8082234432860922 7.59573623416568822 2.30484294891357422 0.893200039863586426 54
22.8400226099772432 7.55952295057014201 2.09989142417907715 0.812000036239624023 62
22.8654717013898896 7.49313193064497618 2.06052231788635254 0.730800032615661621 58
22.8441519354504479 7.5829993702091949 2.73742485046386719 0.812000036239624023 56
22.7998980518458723 7.55575506109467199 3.15053391456604004 0.730800032615661621 50.5
22.2793523881954947 7.71882753512315034 -5.87709426879882812 0.893200039863586426 50
23.0104368320076809 7.71882753512315034 -1.19565308094024658 0.812000036239624023 52.5
23.0821123068418004 8.05672432887157619 0.328375846147537231 0.812000036239624023 47.5
22.9326847070402202 8.47223988015202067 -0.340041399002075195 0.730800032615661621 46.5
23.4202503749445263 -6.89236067183164813 2.33730316162109375 0.893200039863586426 48.5
22.902448679804646 8.76178708793538696 -0.42969098687171936 0.812000036239624023 46.5
23.4287624204487095 -7.02717610032315676 2.62143492698669434 0.974400043487548828 45.5
23.4351261597073552 -6.91343790447365603 2.85644149780273438 0.893200039863586426 51.5
23.4739359491065116 -7.00543335232849174 2.95869898796081543 0.893200039863586426 46.5
23.0639569113262404 8.97206606256675343 -0.344213694334030151 0.730800032615661621 47
23.1940833315525126 9.64487962947818822 -0.525836288928985596 0.812000036239624023 50
23.1717171440398708 9.70139259605716298 -0.469320207834243774 0.730800032615661621 53
23.0840846654465039 10.0767394515028403 -0.790177404880523682 0.730800032615661621 56.5
23.0882327734542621 10.0767394515028403 -0.657941699028015137 0.649600028991699219 49
23.0978676725505601 10.2077973521751328 -1.05599641799926758 0.812000036239624023 49
23.1569484488711979 10.1067300516585465 -0.659899890422821045 0.730800032615661621 53
23.352006449678651 9.9347824062406751 -1.55388796329498291 0.812000036239624023 54
23.4041035623027724 9.86170917459899599 -1.19387149810791016 0.730800032615661621 58.5
23.4161160298700395 9.86170917459899599 -0.928894400596618652 0.649600028991699219 51
23.4370535458689595 9.96408884583032872 -1.29289722442626953 0.812000036239624023 62.5
23.45020093146249 9.96408884583032872 -1.02718198299407959 0.730800032615661621 67
23.4493343818854001 10.0892697675659164 -1.55435514450073242 0.812000036239624023 60
23.4226889946293291 10.2266909268960813 -0.934374630451202393 0.649600028991699219 58
23.6444534618186992 9.92974980337701396 -0.512345850467681885 0.812000036239624023 47
22.9765391506786187 11.6578280200777282 -1.34675359725952148 0.730800032615661621 48.5
22.9387427009817628 11.6578280200777282 -1.88392996788024902 0.649600028991699219 48
23.0161529136320304 11.691717398253676 -1.75391006469726562 0.730800032615661621 52
23.0054257679248941 11.691717398253676 -1.88940656185150146 0.649600028991699219 51.5
23.6629085098956082 10.9584539819034958 -1.09046506881713867 0.730800032615661621 49.5
23.635422336687391 11.0334672085653338 -0.916211783885955811 0.649600028991699219 45
23.5798849579019496 11.0946102464676244 -2.45546817779541016 0.812000036239624023 51
23.6471494716018142 11.0651728961674447 -1.87215578556060791 0.730800032615661621 58
23.6973433889200855 11.0259230957672063 -1.41266202926635742 0.649600028991699219 53.5
23.4782446958216262 11.2313663230348677 -3.41921472549438477 0.812000036239624023 49.5
23.6474497825264152 11.1264002826326731 -2.46250414848327637 0.730800032615661621 57
23.6742632183717774 11.1264002826326731 -2.18976736068725586 0.649600028991699219 52.5
23.8197152520087805 11.128583465062535 -1.33472621440887451 0.730800032615661621 51.5
23.9148387889186544 10.9937114810047269 -0.473791241645812988 0.649600028991699219 47.5
24.0395696002997603 11.40722142567693 -2.20553731918334961 0.730800032615661621 48
11.712226685297118 23.274868869705255 5.83046436309814453 0.568400025367736816 49.5
15.0568555378905042 22.0237112111416842 1.06642508506774902 0.243600010871887207 45.5
24.192809198490977 11.3489281104254012 -1.67647802829742432 0.730800032615661621 50
11.8194394688982882 23.4305847751500842 5.31124114990234375 0.649600028991699219 52.5
11.920141094047942 23.3101362456762295 5.60789585113525391 0.568400025367736816 57.5
11.837718069362559 23.2699867358516137 5.93943643569946289 0.487200021743774414 50.5
15.1348022498767918 22.0320435162592183 1.55804252624511719 0.324800014495849609 45.5
15.0336367665687209 22.0855761960253751 1.76574170589447021 0.243600010871887207 46.5
12.1420566182897982 23.375429744927839 5.20406055450439453 0.649600028991699219 49.5
12.081095294125225 23.375429744927839 5.34405851364135742 0.568400025367736816 54.5
11.7262619165055568 23.3351677732127349 6.23596334457397461 0.487200021743774414 48
26.8258678740337686 -4.6437629588155831 0.0946625769138336182 0.649600028991699219 46
20.5535909307078875 18.3016441900874192 -0.474749505519866943 0.487200021743774414 46.5
20.0715376394900495 19.0342412676152257 0.858354091644287109 0.487200021743774414 45.5
20.2186668822364908 18.9367170912902054 1.63366436958312988 0.487200021743774414 48
20.2611691882511877 18.9878966232857636 1.78198039531707764 0.487200021743774414 49
20.2560288728509654 19.0087586228718664 1.60967493057250977 0.406000018119812012 46.5
20.0800912491636829 19.0111864809154554 3.71144556999206543 0.568400025367736816 45.5
19.9154947776278988 19.3005553563814303 3.04494857788085938 0.487200021743774414 54
20.0651521868435587 19.1889914525873202 2.75360703468322754 0.406000018119812012 50
20.2941669210712838 19.1112314517661765 2.3469698429107666 0.568400025367736816 60.5
20.3801919071854698 19.1624685177196916 2.06157994270324707 0.487200021743774414 72.5
20.470619342502502 19.2312780233875564 1.45854651927947998 0.487200021743774414 66
20.4744235422640379 19.2137055836732067 1.62703001499176025 0.406000018119812012 62.5
18.4671711517101187 21.5960123556041594 -0.746017754077911377 0.406000018119812012 46.5
16.1479390795449902 23.3400324323478507 1.57086002826690674 0.324800014495849609 53
15.9602273197997899 23.4892154124359038 1.22826457023620605 0.243600010871887207 54
16.2327924165850668 23.3802481686814971 1.452767014503479 0.324800014495849609 64
16.2327924165850668 23.3802481686814971 1.452767014503479 0.243600010871887207 64
16.013142336204357 23.5511928620701809 1.08201467990875244 0.162400007247924805 50
20.1022414633039794 -20.3066823830465353 0.262996822595596313 0.974400043487548828 50
20.1865775369479508 -20.2245558321743566 0.00779260694980621338 0.893200039863586426 55.5
20.1865775369479508 -20.2245558321743566 0.00779260694980621338 0.812000036239624023 48.5
16.2461301153322211 23.441774194601809 1.75418519973754883 0.406000018119812012 50
16.2755096366836831 23.441774194601809 1.45659005641937256 0.324800014495849609 63.5
16.2614101401760216 23.441774194601809 1.60638213157653809 0.243600010871887207 63
16.1522674581050545 23.5131885866645725 1.66278481483459473 0.162400007247924805 49
20.2255191578777307 -20.2776391944499537 0.753876745700836182 0.974400043487548828 49.5
20.2780039382732333 -20.2275179111303416 0.687486350536346436 0.893200039863586426 54.5
20.1936970514650334 -20.3170202027725111 0.505870640277862549 0.812000036239624023 48
16.2718628177603755 23.5033017852337487 1.9088822603225708 0.324800014495849609 51
16.2568193942443067 23.4854013269053183 2.23032784461975098 0.243600010871887207 50.5
15.8530698527092984 24.0186284770022525 1.10713744163513184 0.324800014495849609 47.5
15.5248888953947795 24.2309597745963679 1.13068187236785889 0.243600010871887207 49.5
15.8421306922409943 24.1100432833719225 1.22410750389099121 0.324800014495849609 56.5
15.7427184708873877 24.1713828128267778 1.29491090774536133 0.243600010871887207 59
15.8562869194810823 24.081177622451996 1.56231379508972168 0.162400007247924805 49
20.647014697497017 20.2801503361468782 0.7203330397605896 0.406000018119812012 45.5
15.9453964452831638 24.143725177210893 0.962997972965240479 0.324800014495849609 62
15.9356377115964083 24.143725177210893 1.11290383338928223 0.243600010871887207 65
15.9243045671962538 24.143725177210893 1.26475203037261963 0.162400007247924805 55.5
16.1716323321776763 24.0757040685977408 1.13556361198425293 0.324800014495849609 57
16.1475454798738021 24.0757040685977408 1.4380258321762085 0.243600010871887207 60
16.1177659929330694 24.0757040685977408 1.74033153057098389 0.162400007247924805 51
16.0149635002521045 24.2657485058762212 2.4238584041595459 0.324800014495849609 47.5
16.1116531211055225 24.2657485058762212 1.66394269466400146 0.243600010871887207 52.5
20.6820481236369282 -20.6511310984420859 1.16030657291412354 0.974400043487548828 47.5
20.5365432646284809 -20.7425077847183807 1.88717329502105713 0.893200039863586426 52.5
15.7946856708707166 24.6095691479310723 -0.677959322929382324 0.324800014495849609 47
15.5144000620637925 24.7959775879347113 -0.159531861543655396 0.243600010871887207 55
15.5123751509216685 24.7959775879347113 0.297127395868301392 0.162400007247924805 51.5
20.5775464279204101 -20.8396661583973852 1.49282371997833252 0.893200039863586426 52.5
20.3675413827086693 20.989908168682998 2.13136029243469238 0.406000018119812012 45
15.2669588865260373 25.0171269321925323 1.00944232940673828 0.324800014495849609 58.5
15.0942800833577042 25.1270601104503015 0.86556553840637207 0.243600010871887207 68
15.256161013443581 25.0171269321925323 1.16128361225128174 0.162400007247924805 64.5
13.7554713067774408 25.5954435905052797 4.4744105339050293 0.568400025367736816 48
20.7769240306020322 20.6909054545321851 2.13681149482727051 0.487200021743774414 50.5
20.7769240306020322 20.6909054545321851 2.13681149482727051 0.406000018119812012 50.5
15.3374449395798944 25.0811100032122205 0.246537715196609497 0.324800014495849609 59
15.1522286820178032 25.191324343346448 0.40888512134552002 0.243600010871887207 68
15.1473537803593725 25.191324343346448 0.561198294162750244 0.162400007247924805 64.5
13.8772768099370385 25.5244593127623425 4.96979188919067383 0.649600028991699219 45.5
13.7398963311239175 25.6607370897568892 4.63869190216064453 0.568400025367736816 51
13.7609262067733162 25.6165388918127128 -4.81720590591430664 0.243600010871887207 53
13.6581652993718183 25.7712325846173336 -4.25131845474243164 0.162400007247924805 50
26.7356650237331799 9.45294137488237141 -8.3095550537109375 0.893200039863586426 47
19.7981433924104913 20.9995615620922074 6.34464168548583984 0.487200021743774414 52
17.9235946583308667 23.4735735625496993 0.968863129615783691 0.243600010871887207 51.5
20.0480959630580031 -21.79694786651595 0.779532253742218018 0.974400043487548828 53
20.0337031253399047 -21.79694786651595 1.08839714527130127 0.893200039863586426 60.5
20.04154033368415 -21.79694786651595 0.932967841625213623 0.812000036239624023 56
20.9838910278900741 20.5642060799076312 -3.79874491691589355 0.487200021743774414 48.5
17.489234665450951 23.6923346375173374 3.23120355606079102 0.162400007247924805 47
20.0922776330100525 -21.8521291674479841 0.935329735279083252 0.974400043487548828 60.5
20.0844205839360512 -21.8521291674479841 1.09115254878997803 0.893200039863586426 68
20.0844205839360512 -21.8521291674479841 1.09115254878997803 0.812000036239624023 63.5
28.2598545023806942 -0.475046286248869243 9.12386798858642578 0.730800032615661621 45
20.691719106233279 20.6979151438276858 5.05362462997436523 0.487200021743774414 49
17.4689532368661844 23.9564357635660237 1.73633575439453125 0.406000018119812012 54.5
17.2134148207736892 24.0900425315735163 2.33629155158996582 0.324800014495849609 65
17.2134148207736892 24.0900425315735163 2.33629155158996582 0.243600010871887207 63
20.1592824054875202 -21.9073118717344819 0.472961664199829102 0.974400043487548828 55
20.0570814815100533 -21.9742839528641092 1.18113255500793457 0.893200039863586426 63
20.1261710927462367 -21.9073118717344819 1.24806559085845947 0.812000036239624023 59
21.1558872063940626 20.858082600703721 1.97978699207305908 0.487200021743774414 45.5
17.0426789658900972 24.1508765895768569 3.58231329917907715 0.324800014495849609 54.5
16.8175238602462258 24.2885414230099741 3.71326661109924316 0.243600010871887207 51.5
29.8342722046851847 0.339433912824839201 -0.907505393028259277 0.974400043487548828 50
29.8450587901597686 0.160391848917231711 -0.518917560577392578 0.893200039863586426 47.5
29.9222088896264253 0.317850280153024189 -0.257060527801513672 0.974400043487548828 52.5
29.9227809200799442 0.34028677051676709 -0.130572602152824402 0.893200039863586426 50
29.9980970557925453 0.206183291774485966 -0.26793256402015686 0.974400043487548828 46
20.1878058403827652 -22.140336749456619 1.50267279148101807 0.893200039863586426 48
30.0730242653988746 2.13619008262936738 -0.269272208213806152 0.974400043487548828 61
30.0630916322710178 2.24921601292721718 -0.417259246110916138 0.893200039863586426 62.5
30.0740169747369386 2.13619008262936738 -0.113055363297462463 0.812000036239624023 52.5
13.832514843911131 26.2822963252600807 -5.18892717361450195 0.406000018119812012 57
13.8154223606022946 26.3614144764685747 -4.82001066207885742 0.324800014495849609 62
13.761513659311003 26.3840196625281429 -4.85044574737548828 0.243600010871887207 55.5
30.1534313754870134 2.00175850209183848 -0.560463964939117432 1.05560004711151123 49
30.1460218097512751 2.1415039069548536 -0.426540255546569824 0.974400043487548828 65
30.1488268169251121 2.1415039069548536 -0.11333659291267395 0.893200039863586426 66.5
30.1490056205107919 2.1415039069548536 0.0453328788280487061 0.812000036239624023 55.5
13.7358340511826889 26.4269891304464011 -5.14701747894287109 0.406000018119812012 58.5
13.7957457562732486 26.4496505474512134 -4.86251115798950195 0.324800014495849609 64
13.9029286621261132 26.4496505474512134 -4.54700565338134766 0.243600010871887207 58
30.2247839366844708 2.10138256765973219 -0.369760453701019287 0.974400043487548828 57.5
30.2247839366844708 2.10138256765973219 -0.369760453701019287 0.893200039863586426 58.5
30.2177531080764545 2.23011591414699506 -0.0640391632914543152 0.812000036239624023 47
13.6485942954594552 26.4130536792689909 -5.84436178207397461 0.406000018119812012 46
13.7699183529344271 26.4925654520993596 -5.15978908538818359 0.324800014495849609 51.5
14.7643533901346871 26.2388850340215178 -3.40953207015991211 0.243600010871887207 48
30.1768026383207761 3.15797827008173915 -1.42423772811889648 0.974400043487548828 49
30.1952705767958243 3.12381744744864376 -1.06214118003845215 0.893200039863586426 52.5
30.2860884580206715 2.7586386179940483 -1.53143298625946045 0.974400043487548828 50.5
30.2930489303240194 2.85376408758004985 -1.17886531352996826 0.893200039863586426 53.5
30.4027063044824075 1.95296811314622687 -1.90712785720825195 0.974400043487548828 45.5
30.3726786522388359 3.70522602741985763 -0.362993121147155762 0.893200039863586426 53
30.3601336584164123 3.75111117946220896 -0.74261772632598877 0.812000036239624023 46
30.4266890254686508 3.85613354114105755 -0.549990236759185791 0.893200039863586426 50.5
30.7273347054988122 0.368880652348151761 1.12134718894958496 0.974400043487548828 45.5
30.4497615319620429 4.28439507675197095 -0.136269107460975647 0.893200039863586426 46.5
30.5022467274085507 4.43736416966452296 -0.321532696485519409 0.893200039863586426 46
31.0451897701405386 0.248319652403518526 0.486867249011993408 0.974400043487548828 47
30.7522674911285279 4.27187402025427954 -0.389498293399810791 0.893200039863586426 49
30.8165663547802602 4.28219266112035246 -0.876272082328796387 0.893200039863586426 45
29.7938384885743766 -0.124759630577946937 9.26022243499755859 0.730800032615661621 45
30.9194493000980586 4.70145695328572888 -0.0980808287858963013 0.893200039863586426 49
29.9962891228950816 -0.168048752278708524 8.84986591339111328 0.730800032615661621 48
29.9651961696353482 -0 8.95615386962890625 0.649600028991699219 47
31.2944655750595686 -0.501437739816538497 1.79652285575866699 0.974400043487548828 45
31.4175025463090343 -0.333782624413556051 0.599852263927459717 0.974400043487548828 46.5
31.0194435395322934 5.70138953139267723 -1.50630748271942139 0.893200039863586426 48
22.3107204781962984 21.7165729970832508 5.25383853912353516 0.649600028991699219 47
31.7054216131269122 -0.677902512502483123 0.884515464305877686 0.974400043487548828 50
29.9788083012044098 9.93067715683462104 -3.02132940292358398 0.649600028991699219 47
22.1352646215067459 22.2241022519819929 4.75341939926147461 0.324800014495849609 49
31.5266997757073852 4.14061023904463443 0.403243839740753174 0.974400043487548828 60.5
31.5207122206092087 4.14061023904463443 0.734896659851074219 0.893200039863586426 65.5
31.5062853017415705 4.19624223841759481 0.992795050144195557 0.812000036239624023 59
31.6027365636062498 4.15037592822033652 0.23904535174369812 0.974400043487548828 63.5
31.6027365636062498 4.15037592822033652 0.23904535174369812 0.893200039863586426 68.5
31.5923480101480578 4.20613913646897775 0.497630119323730469 0.812000036239624023 62
31.680345842332116 4.08827712274597665 -0.666497230529785156 0.974400043487548828 56
31.6778631053744313 4.16014136904424525 -0.0936657190322875977 0.893200039863586426 60.5
31.6706108408049758 4.21603578283178848 -1.39657890940725338e-06 0.812000036239624023 54
31.5608772318527677 5.8523440868044645 -0.266989141702651978 0.893200039863586426 47
31.4672985258971316 6.16120666026844166 1.50293505191802979 0.812000036239624023 45.5
15.7912698171567598 28.0766330936140527 1.5494924783706665 0.243600010871887207 46
15.8428445212115498 28.0766330936140527 0.877174437046051025 0.162400007247924805 48
15.8574389248685179 28.141928253390553 1.21622335910797119 0.243600010871887207 61
15.6395776728399589 28.2631077923028116 1.22723233699798584 0.162400007247924805 62.5
16.0077058540797239 28.1586391328515653 0.777471482753753662 0.324800014495849609 45.5
15.8942314999515943 28.2072234131670534 1.21904528141021729 0.243600010871887207 62.5
15.6758647642499813 28.3286841139557737 1.2300797700881958 0.162400007247924805 64
15.9684494078844583 28.2725185729435537 0.546843409538269043 0.243600010871887207 53
15.670474941214767 28.4186088081417694 1.20195150375366211 0.162400007247924805 54
32.5481125666142219 0.34573190286797828 0.0599175617098808289 0.974400043487548828 51.5
32.6161221988576244 0.224224315548955444 0.727277636528015137 1.05560004711151123 52
32.6168568911982462 0.260915567184239028 0.680579185485839844 0.974400043487548828 63
32.6148011437208467 0.34652848766656752 0.738394081592559814 0.893200039863586426 61.5
32.6918389341569195 0.261515379187353125 0.682143747806549072 1.05560004711151123 59
32.6878664672917409 0.261515379187353125 0.851529777050018311 0.974400043487548828 70
32.6854440316284851 0.347325112983203454 0.911699175834655762 0.893200039863586426 68
32.6798407639724715 0.175705645391502907 1.13452827930450439 0.812000036239624023 52
32.7660829068447939 0.225255242429307834 0.730621457099914551 1.05560004711151123 56.5
32.7559847111025277 0.372695037473945667 1.0522691011428833 0.974400043487548828 67
32.7454271341392129 0.262115191190467278 1.36711668968200684 0.893200039863586426 65.5
32.7615287344401835 0.39317278678570089 0.853482842445373535 0.812000036239624023 49
32.8473385343909428 0.348918363616475324 0.230677977204322815 0.974400043487548828 51.5
32.7834580509436009 0.394072504790372091 2.05238533020019531 0.893200039863586426 48
32.8516148987983669 0.349714988933111259 -2.16907691955566406 0.974400043487548828 50
32.2195795874239863 8.10427799739411014 -0.346566885709762573 0.812000036239624023 46.5
32.3046490778164568 7.98941534113680962 1.21206796169281006 0.812000036239624023 45.5
32.2818658348114411 8.40777922529901289 1.03969168663024902 0.893200039863586426 45
32.2869700793043464 8.40777922529901289 0.866832196712493896 0.812000036239624023 48
33.3773833828781221 2.14010750562466212 0.522218883037567139 0.893200039863586426 45.5
32.3414499455369011 8.48519186800403169 0.966805040836334229 0.812000036239624023 46
33.4609212940456047 2.06949915002908247 0.098284110426902771 0.893200039863586426 46.5
24.0360015446195376 23.4662078857474903 0.753593504428863525 0.487200021743774414 47
23.8718412769748625 23.5879684920610835 1.6440964937210083 0.406000018119812012 46.5
22.2225687366674123 25.3717896365363487 1.22154760360717773 0.324800014495849609 45
22.4034108743854254 25.2929157309736006 1.57679235935211182 0.406000018119812012 51.5
22.2719527251036951 25.428171964829076 1.22426223754882812 0.324800014495849609 48
22.1611640119038853 25.6031659154967066 1.60337471961975098 0.406000018119812012 46
32.8677746127850128 -5.97766601777786821 -6.18689537048339844 0.730800032615661621 45
32.7080341998429134 9.59028718828289684 -1.65119516849517822 0.812000036239624023 48
32.2462539586426402 4.48729800124614187 -10.4729804992675781 0.812000036239624023 48
31.2536636821368248 10.9350061291557719 9.41885948181152344 0.893200039863586426 47
35.207532756534718 2.8250858574240687 0.551491260528564453 0.974400043487548828 52
35.2099240922491887 2.8250858574240687 0.368472874164581299 0.893200039863586426 54
35.2707809066086284 3.02129743219048219 -0.062748834490776062 0.974400043487548828 50
35.2866132059287523 2.83108397745520968 -1.5473832490897621e-06 0.893200039863586426 52.5
33.5354471968809946 11.2923592389522902 -3.41455459594726562 0.812000036239624023 46.5
22.5214873722342297 -28.1068582822965816 2.04764795303344727 0.893200039863586426 48
22.5378795212606917 -28.1068582822965816 1.85854589939117432 0.812000036239624023 49.5
22.6842465728262539 -28.1381893619660985 0.699902951717376709 0.893200039863586426 51
22.7993598603775176 -28.0433263058413118 0.763966560363769531 0.812000036239624023 52
22.7071302773734267 -28.3048428748291876 0.955173730850219727 0.893200039863586426 54.5
22.6931585630201837 -28.2821627122692298 1.68227732181549072 0.812000036239624023 55
22.9541359391562594 -28.2178686395000611 0.00991972256451845169 0.893200039863586426 52
22.8106928858948663 -28.3133221255550716 1.0810931921005249 0.812000036239624023 52
23.1915737502393569 -28.409349665575867 0.340047746896743774 0.893200039863586426 47
23.0369434499574872 -28.5101732972330169 1.23496007919311523 0.812000036239624023 45.5
23.073493209573396 -28.7726902882555748 1.16459131240844727 0.893200039863586426 46.5
35.8635892635312459 8.68252817512584052 -0.163522928953170776 0.812000036239624023 47
35.9583216287902871 8.6077681664736847 -0.236956968903541565 0.893200039863586426 46
23.6888513386404433 -28.4451974191880126 1.55300867557525635 0.893200039863586426 49
23.593759761213672 -28.5285329585020442 1.46972167491912842 0.812000036239624023 48.5
23.7748144548937184 -28.5027764427472157 0.784571409225463867 0.893200039863586426 47
23.5032331168192492 -28.702258764856289 1.42969894409179688 0.812000036239624023 46
24.2131422705037949 -28.5320099350755996 0.528149068355560303 0.893200039863586426 48.5
24.2761455769495633 -28.4758905908335223 0.650603950023651123 0.812000036239624023 47.5
24.2065758486441354 -28.6407318001089983 0.010226517915725708 0.893200039863586426 50.5
24.2670421402451701 -28.5891859804425721 0.138060286641120911 0.812000036239624023 48.5
23.618678876864724 -29.30574903724672 0.923978269100189209 0.893200039863586426 48.5
23.5821739133239916 -29.3339774036335328 0.959904253482818604 0.812000036239624023 47
23.8941638374297689 -29.1661354235275496 1.25746214389801025 0.893200039863586426 47.5
23.6572767375922055 -29.364127614862312 1.1212162971496582 0.812000036239624023 46
22.7733497752692173 -30.1671440999400673 2.41530156135559082 0.893200039863586426 50
22.6512698655335107 -30.2901980294346451 1.98480403423309326 0.812000036239624023 53
23.0140033145142553 -30.1462639630462022 1.32702195644378662 0.893200039863586426 55
22.8194523505938065 -30.2648193506623997 1.87504029273986816 0.812000036239624023 58
22.8194523505938065 -30.2648193506623997 1.87504029273986816 0.730800032615661621 48.5
23.1627343188130226 -30.1488231138616634 0.66103440523147583 0.812000036239624023 50
22.562374527559431 -30.6224923385207255 2.19370865821838379 0.893200039863586426 48.5
22.5975951917098747 -30.555838903704295 2.70176982879638672 0.812000036239624023 52
23.1726237367852299 -30.2677545876041343 2.05510354042053223 0.893200039863586426 53.5
23.0908300319193529 -30.3249985679116598 2.13046526908874512 0.812000036239624023 55.5
23.0717591025040747 -30.3249985679116598 2.32792878150939941 0.730800032615661621 45.5
23.196659309623918 -30.2841999704189178 2.80084061622619629 0.893200039863586426 54.5
23.2199689823092861 -30.2841999704189178 2.60054397583007812 0.812000036239624023 56
23.5057886438350998 -30.2142763245280968 1.83876335620880127 0.893200039863586426 53.5
23.4489938355464176 -30.2430107765723442 2.07622599601745605 0.812000036239624023 55.5
23.6224860834051889 -30.2734046671475809 0.243472039699554443 0.893200039863586426 46.5
23.4427261401998699 -30.402962747035513 0.811516344547271729 0.812000036239624023 49.5
20.9557618707623732 32.8809846455413677 0.834831118583679199 0.243600010871887207 48
26.9299845089440808 28.3598925359641996 1.79302775859832764 0.406000018119812012 47
23.2719694270273258 -31.5783749227347066 3.40768694877624512 0.893200039863586426 50.5
23.5942840211893063 -31.4012447424264423 2.76808452606201172 0.812000036239624023 54.5
23.6962333505020482 -31.3618824801357157 2.30464053153991699 0.730800032615661621 46.5
23.6840575903400357 -31.461057245611979 2.36004137992858887 0.893200039863586426 63.5
23.6840575903400357 -31.461057245611979 2.36004137992858887 0.812000036239624023 67
23.6840575903400357 -31.461057245611979 2.36004137992858887 0.730800032615661621 58.5
23.6380587722325259 -31.6097722332033975 2.07127094268798828 0.893200039863586426 63
23.6553043688027493 -31.6097722332033975 1.8640371561050415 0.812000036239624023 66
23.6553043688027493 -31.6097722332033975 1.8640371561050415 0.730800032615661621 57.5
23.7407841965877004 -31.6697534335148063 1.24980533123016357 0.893200039863586426 47.5
23.769881154622297 -31.6697534335148063 0.423860788345336914 0.812000036239624023 50
29.129456575756393 -29.4649984805515999 3.11310768127441406 0.893200039863586426 46
28.574694074207958 -30.0984310470057466 1.99349308013916016 0.812000036239624023 47
29.0139609067258206 33.6122247450834166 2.53655028343200684 0.406000018119812012 46
38.6029550242467892 -22.8931120473508045 -1.99326145648956299 0.974400043487548828 46.5
45.394850183401644 -6.79100264336611392 0.00312780961394309998 0.974400043487548828 56
45.3852810923725514 -6.85409472873522496 0.0876218527555465698 0.893200039863586426 48
45.4626018654033217 -6.83082424635879093 -0.438814312219619751 1.05560004711151123 61.5
45.4646996224849786 -6.83082424635879093 0.0407465994358062744 0.974400043487548828 65.5
45.4683688387096154 -6.80209916542372461 0.244483023881912231 0.893200039863586426 57.5
45.5152729137161103 -6.99733611146731782 0.00313803134486079216 1.05560004711151123 59.5
45.5388679093526605 -6.84196762872914466 0.0408130697906017303 0.974400043487548828 63
45.5388679093526605 -6.84196762872914466 0.0408130697906017303 0.893200039863586426 55
45.5267202255107861 -7.06060579839892632 2.23183679580688477 1.05560004711151123 48
45.5267202255107861 -7.06060579839892632 2.23183679580688477 0.974400043487548828 52.5
45.6779645087250614 -6.86425382669388284 -0.919672131538391113 1.05560004711151123 52
45.6821546590111538 -6.86425382669388284 -0.680326104164123535 0.974400043487548828 56
45.6415088473970769 -7.07208657502103222 -1.13065516948699951 0.893200039863586426 47.5
45.7465812523594906 -6.87539720906423746 -1.16402935981750488 0.974400043487548828 57
45.7252676202265036 -6.84648468926161247 -1.92392420768737793 0.893200039863586426 49
36.8950479429394278 -28.4131996455673672 -0.82236933708190918 1.05560004711151123 58
36.9776699497001431 -28.3084397943547046 -0.717597484588623047 0.974400043487548828 67.5
36.98160341866447 -28.3084397943547046 -0.47311672568321228 0.893200039863586426 65
36.8677205700566475 -28.4597595794396589 0.209569573402404785 0.812000036239624023 46.5
37.0056876493667133 -28.3540255065913769 -1.68844878673553467 1.05560004711151123 63.5
37.0246793013276445 -28.3540255065913769 -1.20207607746124268 0.974400043487548828 73.5
37.0317362670549102 -28.3540255065913769 -0.960427403450012207 0.893200039863586426 70.5
36.959055266152717 -28.4589540549299151 -0.582007527351379395 0.812000036239624023 52
36.9667489603621249 -28.5047084642924631 -2.04130053520202637 1.05560004711151123 58
36.9793139438613352 -28.5047084642924631 -1.79939746856689453 0.974400043487548828 67.5
37.0531896692910365 -28.3996112188280492 -1.93626677989959717 0.893200039863586426 65.5
37.0842051127822856 -28.3996112188280492 -1.20400869846343994 0.812000036239624023 48
45.996851280156875 0.187439344241551037 -9.02885627746582031 0.974400043487548828 46.5
47.4135329380911728 0.45679907590662211 2.37151336669921875 0.974400043487548828 48
47.419364976049394 0.569515731000463821 2.22603225708007812 0.893200039863586426 46.5
47.466788279553974 0.326800517659191936 2.79283261299133301 0.974400043487548828 51
47.4323873747433638 0.505055345473296669 3.30398440361022949 0.893200039863586426 49.5
22.6244868583516165 41.8964422248714854 0.98050224781036377 0.162400007247924805 45.5
22.633297221729471 41.9624215452140419 1.4761885404586792 0.162400007247924805 46
30.1180502527960812 -37.0611081147354042 8.60541152954101562 0.974400043487548828 49.5
29.969412123965018 -37.0611081147354042 9.10957813262939453 0.893200039863586426 53.5
40.0483743765861178 27.3592473517156627 1.50833451747894287 0.649600028991699219 59.5
40.0261216147698704 27.3592473517156627 2.01416540145874023 0.568400025367736816 60
40.0073597495659712 27.3895656666001059 1.97449922561645508 0.487200021743774414 48
30.0256569716723227 -37.4220419130046054 7.74667692184448242 0.974400043487548828 47
29.9889989422224765 -37.2277047917426458 8.75889205932617188 0.893200039863586426 51
40.2510088212067956 27.2071969766732593 1.25895082950592041 0.730800032615661621 52
40.2510088212067956 27.2071969766732593 1.25895082950592041 0.649600028991699219 67
40.232111847790172 27.2071969766732593 1.76234042644500732 0.568400025367736816 67.5
40.087986417741881 27.4015340979352082 2.01727867126464844 0.487200021743774414 55.5
40.1933435721583479 27.4438208441547538 -0.766546189785003662 0.730800032615661621 50
40.329768234846604 27.2491838168912466 0.497769355773925781 0.649600028991699219 64
40.1935965421889065 27.4438208441547538 0.753273189067840576 0.568400025367736816 65
40.3131252045092623 27.2491838168912466 1.26089370250701904 0.487200021743774414 52
40.2230364178995643 27.4861075903742993 -1.78438782691955566 0.649600028991699219 51.5
40.3876876210606 27.2911706571092374 -0.767727315425872803 0.568400025367736816 51
45.1732418370975921 -19.7336150769816641 2.32067084312438965 1.05560004711151123 47
45.2454595356640965 -19.5054451526540653 2.79442930221557617 0.974400043487548828 50
45.3401121118086365 -19.5659696203659976 2.0683588981628418 1.05560004711151123 48.5
45.2816370265171813 -19.5659696203659976 3.09467649459838867 0.974400043487548828 50.5
38.7341073726992278 -30.0862663414854765 -6.68849897384643555 0.893200039863586426 51.5
45.5544142110135724 -19.2869464990129131 6.91459941864013672 0.893200039863586426 49.5
25.8321900800473614 41.2354586107668766 -13.698094367980957 0.487200021743774414 49.5
24.4139171587237378 41.6397278128332147 -15.0132131576538086 0.406000018119812012 49
24.4551431867323714 41.5686608039124295 -15.3910140991210938 0.487200021743774414 51
24.3841849562728541 41.530704333843417 -15.6045932769775391 0.406000018119812012 50
51.7188230536812199 3.31572707270767042 -2.2653428004559828e-06 0.974400043487548828 53
51.7097566027641875 3.43229560260754996 0.38865959644317627 0.893200039863586426 53.5
51.7859144286188098 3.43726279575833882 0.12030310183763504 0.974400043487548828 56
51.7845905851959714 3.43726279575833882 0.389222055673599243 0.893200039863586426 56.5
51.8497767957893387 3.60459932800861438 -0.0921291112899780273 0.974400043487548828 52
51.8404332569427098 3.60459932800861438 0.9885750412940979 0.893200039863586426 52.5
52.1519841567927571 5.87809826252292122 1.36713504791259766 0.893200039863586426 46
52.3984827529567525 1.85266924930283028 3.8855290412902832 0.974400043487548828 51.5
52.3650461230790754 1.68185577241675377 4.38222026824951172 0.893200039863586426 51.5
52.418360437981903 2.35532538013147352 4.33481168746948242 0.974400043487548828 53.5
52.3294532777567909 2.19084735079268356 5.37132406234741211 0.893200039863586426 54
52.5751302802037941 3.65661374603564493 1.55265331268310547 0.974400043487548828 50.5
52.6416359859660759 3.88614266090421356 1.26339125633239746 0.974400043487548828 49.5
52.6193547268402 4.22263379113530757 1.10144317150115967 0.893200039863586426 50.5
52.4820172103677933 4.51274311769794512 4.58681297302246094 0.893200039863586426 47
52.8026989139577125 3.0280733213926796 3.78899216651916504 0.974400043487548828 52
52.8357314330824011 2.88230173918121579 3.42471456527709961 0.893200039863586426 52.5
52.8763751525264709 2.5479755797096888 4.14813518524169922 1.05560004711151123 45
52.9697254947352292 2.76030687801882957 2.48978018760681152 0.974400043487548828 60.5
52.9700088829798545 2.79348364337963284 2.44638419151306152 0.893200039863586426 61
52.9996383680023015 2.92619070482284593 1.44427800178527832 0.812000036239624023 49
53.0262658846233563 2.55157445172837338 3.04721236228942871 1.05560004711151123 45
53.0956979513097096 2.55157445172837338 1.38471245765686035 0.893200039863586426 60.5
53.1021650127455445 2.55157445172837338 1.10926592350006104 0.812000036239624023 48
53.1806935258699482 2.30897172744851353 1.43021583557128906 0.974400043487548828 52.5
53.1879842351257537 2.26904714426496579 1.20519495010375977 0.893200039863586426 53
53.6163866435651428 2.76465539110385228 1.15315902233123779 0.974400043487548828 48.5
53.619912681883342 2.57676618976669713 1.3983837366104126 0.893200039863586426 49
53.7013416211448273 2.58036506178538172 1.12178230285644531 0.974400043487548828 54.5
53.6905777567465634 2.79539548360083057 1.12178230285644531 0.893200039863586426 55
53.7411575611600938 2.83293962534247923 1.91969716548919678 0.974400043487548828 53.5
53.7408231934001108 2.87331406180816806 1.86832880973815918 0.893200039863586426 54
53.8206451479283743 3.07946927672134763 1.32706320285797119 0.974400043487548828 52.5
53.8221229456082284 3.01882327345987633 1.40424299240112305 0.893200039863586426 53
53.9210512720763617 2.88131780322472197 0.467552363872528076 0.974400043487548828 47.5
53.8905205961553264 2.88131780322472197 1.87353312969207764 0.893200039863586426 47
53.5614686348318756 4.91934586609559066 7.44710636138916016 0.893200039863586426 46
54.0762384915845971 4.59999612958228887 3.35281944274902344 0.974400043487548828 55
54.0381773347808476 4.59999612958228887 3.91873574256896973 0.893200039863586426 58.5
53.8701022034687753 4.84460449097809853 5.5841832160949707 0.812000036239624023 49.5
54.1127097137116095 4.60634069321340522 3.92414069175720215 1.05560004711151123 49.5
54.164762441642651 4.79004999707863721 2.83486270904541016 0.974400043487548828 69
54.1490704982594764 4.79004999707863721 3.12027668952941895 0.893200039863586426 71.5
54.1326044525494723 4.64716498296123515 3.58713126182556152 0.812000036239624023 61.5
54.270494039912613 4.65356610168196916 2.45633769035339355 1.05560004711151123 50.5
54.3099361945068324 4.65356610168196916 1.32324457168579102 0.974400043487548828 69
54.3099361945068324 4.65356610168196916 1.32324457168579102 0.893200039863586426 71.5
54.291670361101005 4.85796871229757521 1.3381119966506958 0.812000036239624023 62
54.2516586875230189 4.86465099289476832 -3.7752838134765625 0.974400043487548828 59
54.3213166394536771 4.65996722040270228 -2.93932127952575684 0.893200039863586426 61.5
54.3761433766072315 4.6190304659042889 -1.74925637245178223 0.812000036239624023 52
45.5294040997165084 36.8097981279968494 1.77282571792602539 -4.79080009460449219 48
45.174940634576835 37.2416490107870288 1.82072532176971436 -4.87200021743774414 50.5
45.236898709494163 37.1611344394193708 1.92450475692749023 -4.95320034027099609 48
45.2604884735651396 37.2893340650346019 0.903643190860748291 -4.87200021743774414 53.5
45.0498260490929283 37.5238581786511673 1.51529145240783691 -4.95320034027099609 52.5
45.7270584181909285 36.6325470604277967 3.96464133262634277 -4.70960044860839844 47
45.3183669233215625 37.337019119282175 0.904798746109008789 -4.87200021743774414 54
45.1984608336532929 37.4397546278651063 1.99745464324951172 -4.95320034027099609 54
44.9306717394884672 37.5718431389002987 4.26817178726196289 -5.03439998626708984 45.5
45.6218756155327725 36.914456322290377 3.66167807579040527 -4.70960044860839844 51
45.6403556034054603 36.9511944356684552 3.00129199028015137 -4.79080009460449219 52
45.3690305117072938 37.3847041735297481 1.21458148956298828 -4.87200021743774414 51
45.0066765499818899 37.7520853073105016 2.57282829284667969 -4.95320034027099609 52
44.7845986551899529 37.9357758742008784 3.55764341354370117 -5.03439998626708984 46
45.7619734411268979 36.9615415645348335 2.43976020812988281 -4.70960044860839844 52.5
45.5993724014028317 37.1969653961560738 1.83005046844482422 -4.79080009460449219 53
45.1175050248325249 37.800238964685505 1.34855830669403076 -4.95320034027099609 53
45.15564116608342 37.7708109857328509 0.77466428279876709 -5.03439998626708984 48.5
45.8549301818415103 37.0454562435445425 0.249180823564529419 -4.70960044860839844 48
45.8549301818415103 37.0454562435445425 0.249180823564529419 -4.79080009460449219 48.5
45.5386149666749773 37.3990418270979532 1.6275022029876709 -4.87200021743774414 47.5
45.2894965082926646 37.7157955790312229 1.21767985820770264 -4.95320034027099609 53
45.2554064074581532 37.7157955790312229 2.13765358924865723 -5.03439998626708984 49
45.913270380376936 37.092588346101742 0.249497845768928528 -4.70960044860839844 47.5
45.5144716490304901 37.5720113412293202 0.853087365627288818 -4.79080009460449219 45.5
45.3543910088556004 37.7637805392803543 0.909420967102050781 -4.95320034027099609 47.5
45.3140706536914166 37.660520201868259 3.50297236442565918 -5.03439998626708984 46.5
45.8768864760421451 37.2431119949467231 1.03546512126922607 -4.70960044860839844 46
45.7334899667083405 37.4055844248275093 1.44233083724975586 -4.79080009460449219 46
47.0785233224942132 -39.6414724290819933 -1.90977776050567627 0.974400043487548828 46.5
47.53992838448481 -39.111975502407617 -3.30625581741333008 0.974400043487548828 45
48.818256565997693 -37.8943141936299952 -0.198023572564125061 0.974400043487548828 46
48.6184918940149089 -38.2650415884754196 -0.738212287425994873 0.974400043487548828 45.5
44.9664397950120076 -42.6078125488695605 -0.629298567771911621 0.974400043487548828 45
44.4031641819735583 -43.1729234347829873 -1.50343680381774902 0.893200039863586426 50
44.4666380378897514 -43.2251914276168492 -1.18395459651947021 0.893200039863586426 53.5
44.7668705600842429 -42.9980998114967576 -1.87105345726013184 0.893200039863586426 50.5
50.6947201926383144 -36.6629036677264821 -2.78711080551147461 0.974400043487548828 51
42.3495272228646442 -46.2426374716945361 4.27305078506469727 0.893200039863586426 49.5
44.6728631229786615 -44.2848714726775086 1.65576601028442383 0.893200039863586426 48.5
52.3658810073927654 -34.7588461362596632 -5.3002629280090332 0.974400043487548828 47.5
43.2658682381795145 -45.9583289008040836 -1.95432305335998535 0.893200039863586426 46
60.5049389896061314 -18.6816588265258154 2.55716919898986816 1.05560004711151123 45.5
51.7996131203189876 -36.1944440885828769 -5.71531152725219727 0.974400043487548828 47
60.5204854262810983 -19.3053532117445243 0.00866047199815511703 1.05560004711151123 47
47.4266664116759245 -42.2383982071104498 1.43342363834381104 0.893200039863586426 48
60.8008766391951312 -18.6526146469054837 -0.541997551918029785 1.05560004711151123 51
60.7970459639668945 -18.6526146469054837 -0.871515929698944092 0.974400043487548828 52
61.1086770159447568 -17.8948444243559663 0.099844612181186676 1.05560004711151123 47
61.1039825891371322 -17.8948444243559663 0.764031112194061279 0.974400043487548828 49
60.8182592089634184 -18.2106705794850079 5.79427862167358398 1.05560004711151123 45.5
60.7413469736797254 -18.4655881029073683 5.79427862167358398 0.974400043487548828 48
43.4720311774162269 -46.3949892628699345 4.66373252868652344 0.893200039863586426 45
60.8417298378406457 -18.8143087508495874 4.23514032363891602 1.05560004711151123 45.5
62.8503537910310612 -10.0130849842254968 5.72547054290771484 0.974400043487548828 47
47.5548467259074172 -42.5835583898521364 2.89608240127563477 0.893200039863586426 47
53.2178288561195245 -35.2308286170377158 -4.41045713424682617 0.974400043487548828 49.5
52.1386390155821644 -37.7129870777728087 -0.465037316083908081 0.974400043487548828 49.5
52.1694428867738296 -37.6727813346195362 -0.184262827038764954 0.893200039863586426 45
51.4871876374848085 -38.7149517212492 -0.895998656749725342 0.974400043487548828 48.5
57.8911528090672078 -28.542581879039254 4.82307291030883789 1.05560004711151123 46.5
58.1324205863707135 -28.2514135742374926 3.43591904640197754 0.974400043487548828 48.5
57.6111813111050068 -29.3691974507124733 4.17640542984008789 1.05560004711151123 46
57.6939519365588254 -29.2315419898185915 3.9956357479095459 0.974400043487548828 48.5
64.549874640856217 -8.33970164596911623 3.39768314361572266 1.05560004711151123 46
64.6891113564206961 -7.71259517454370336 1.90152168273925781 0.974400043487548828 50
64.4791866550143453 -7.99869285649182782 6.00148868560791016 1.05560004711151123 46
64.5458237454880646 -8.20253314335451655 4.91099023818969727 0.974400043487548828 50.5
64.7612575973979574 -8.02627530419845669 5.34179019927978516 0.974400043487548828 49.5
65.1901303202706544 -6.29076458857121423 2.73423337936401367 0.974400043487548828 50
62.2413066712466687 -20.7544852522929304 3.42952609062194824 1.05560004711151123 45
62.2374690312981897 -20.6641769699451388 3.99748015403747559 0.974400043487548828 47
65.7173948466191717 -3.85920776022656886 1.59808647632598877 0.974400043487548828 49
55.3242153510487711 -35.8516000084383535 0.0134829441085457802 0.974400043487548828 51
65.6813149979945479 -4.74506470699919447 3.09112548828125 0.893200039863586426 45
65.7920387648255627 -4.22263354707366112 3.09464192390441895 0.974400043487548828 49.5
65.7479045036388072 -3.16697516030524628 4.81487751007080078 0.893200039863586426 47
57.3110895001984915 32.725409989820875 -0.697440087795257568 0.649600028991699219 48.5
65.8849937700505848 -4.07881162081474447 2.90465354919433594 0.974400043487548828 51
65.7119162093231068 -3.87239402866824944 5.73188972473144531 0.893200039863586426 46
57.2277239598764638 33.0268147434392247 -0.35136750340461731 0.649600028991699219 49
65.9736400860490022 -4.58767177580768681 1.50166714191436768 0.974400043487548828 49.5
65.9938426901259874 -4.11650548531932969 1.92095041275024414 0.893200039863586426 46
65.9078818200918306 -6.47140018816847018 0.153508156538009644 1.05560004711151123 45
66.0330820641313778 -5.31428065402892358 5.19554567337036133 0.974400043487548828 47.5
66.0440646492651524 -6.74179037241440504 4.27852916717529297 0.974400043487548828 47.5
57.6950707608136284 33.4183654030947821 0.218192875385284424 0.649600028991699219 47.5
57.7711040207792195 33.4059085290898281 -1.45159578323364258 0.649600028991699219 47
55.641885128858263 -36.8003157386204265 -3.91130232810974121 0.974400043487548828 47.5
66.9000015258789062 -0 -2.92429194814758375e-06 0.974400043487548828 49
66.8190234185371708 0.150476308989234059 3.28718209266662598 0.893200039863586426 47
66.0748010196634681 -12.0165122506726281 2.35898447036743164 1.05560004711151123 45
67.1191590698196308 -2.86347356916797047 1.63084900379180908 0.974400043487548828 47.5
66.1619088415243795 -12.1055828830656846 1.40798759460449219 1.05560004711151123 46.5
58.2588025852913347 -33.8616781992112408 2.33013272285461426 0.974400043487548828 47.5
58.3054483761886644 -34.0089946191870212 -0.33594021201133728 1.05560004711151123 47
57.9493710833708562 -34.5488199306026829 2.12114906311035156 0.974400043487548828 52
58.1812447504868331 -34.3676621325125211 0.433061420917510986 1.05560004711151123 45.5
67.4812060436207446 1.62127546177946047 3.16849160194396973 0.893200039863586426 51.5
67.6092232749602715 2.28244894631112061 0.553458094596862793 0.974400043487548828 51.5
67.6187720280548064 2.0457505370640412 -0.198325067758560181 0.893200039863586426 51.5
67.6351766570524404 3.4867095079418533 0.0461771674454212189 0.893200039863586426 48.5
67.5858593099880522 4.45640809779988967 3.02204394340515137 0.893200039863586426 49.5
67.7658186355005938 2.82438289886775129 -2.6138918399810791 0.974400043487548828 46.5
65.7288570341084011 -17.7938809587226991 0.840334475040435791 0.974400043487548828 46
65.7678499281429652 -17.8134769447679915 2.25849318504333496 0.974400043487548828 46
56.909089576000099 -37.3889008745506715 4.6355433464050293 0.974400043487548828 49
67.5148396597435152 -10.4588818102221133 0.815167486667633057 0.974400043487548828 45
58.5387359157126497 -35.3770027183957723 0.494307518005371094 0.974400043487548828 46.5
68.5224434557389515 7.08836587912912286 2.25516343116760254 0.893200039863586426 46.5
68.4274581888783899 6.07003572391838819 6.4681854248046875 0.893200039863586426 48
69.0070845750565525 7.13464433937433817 0.0993296355009078979 0.974400043487548828 45.5
69.0124059871849056 6.93525573693738817 1.44247913360595703 0.893200039863586426 48.5
69.0585466285358933 7.22046391905554241 1.44403862953186035 0.893200039863586426 51
69.4169623778622764 -3.13630078045312777 2.2747948169708252 0.974400043487548828 47
69.0347039465029866 8.67979196282961141 1.74127399921417236 0.893200039863586426 48.5
59.5799219173400445 -36.4106854398929514 0.1618528813123703 0.974400043487548828 48
61.2727619431363095 -31.47301595070914 13.9166727066040039 0.974400043487548828 46.5
69.7992660592627203 9.24029147316150201 1.53631830215454102 0.893200039863586426 47.5
69.7647493653401796 10.1487158546145384 0.365294605493545532 0.893200039863586426 49.5
69.754533841133707 10.7239304097987027 0.365683257579803467 0.893200039863586426 45
69.6496590314813631 10.5499299988180084 5.38946294784545898 0.893200039863586426 47
70.9703287109110619 2.5560729044670536 1.10883688926696777 0.974400043487548828 47.5
70.9795216132637563 2.50282138562398959 0.440642297267913818 0.893200039863586426 46.5
70.3082159532996513 9.10745319998250835 6.2999873161315918 0.893200039863586426 46.5
70.4381046914247406 10.6395257775110412 1.35518932342529297 0.893200039863586426 50.5
70.3326849326698635 11.3963121298863026 -3.11443636746844277e-06 0.812000036239624023 46.5
70.6783557421749862 10.6195362782892335 0.687078177928924561 0.893200039863586426 46
70.6042472233644247 11.4442970901354322 1.86320972442626953 0.893200039863586426 45
61.8220130078136805 -36.1678741263251453 -0.253925055265426636 0.974400043487548828 50
63.1126213245425163 -34.3152359348201514 1.29803192615509033 1.05560004711151123 47
63.0793983630745174 -34.3152359348201514 2.42430710792541504 0.974400043487548828 50.5
63.3593550095173157 -34.0185086093031117 1.24056029319763184 1.05560004711151123 47.5
63.2420676362292085 -34.2252260988708699 1.51021003723144531 0.974400043487548828 50.5
63.4407338845068693 -33.8560441142859148 3.61131787300109863 0.974400043487548828 47
72.0225570406060029 6.71756410697370754 4.07780694961547852 0.893200039863586426 46
64.0560496987676657 -34.1734459628635534 3.26408958435058594 0.974400043487548828 48
63.6956057353881349 -34.6723424584578694 5.76723241806030273 0.974400043487548828 45.5
70.5550297155506314 17.863654782700543 2.52170467376708984 0.812000036239624023 45.5
73.8635936065911523 16.3405128355186839 1.96546900272369385 0.893200039863586426 46
73.8168312071598791 16.9625108964834013 -1.18776535987854004 0.893200039863586426 46.5
73.6803942832406733 17.5683148570720959 0.784978568553924561 0.812000036239624023 45.5
74.541691528818447 14.0464423247668488 2.65404391288757324 0.893200039863586426 48.5
60.9329449267331356 -45.3139243371203477 2.45477509498596191 0.974400043487548828 49.5
74.6609102448571775 14.0603230553687908 -0.507613122463226318 0.893200039863586426 47.5
74.867451877661054 12.3472856428958124 6.11756277084350586 0.893200039863586426 47
31.9546120345987461 67.0343115868115405 -17.0805187225341797 0.568400025367736816 45.5
32.5636931898635638 67.0343115868115405 -15.8886041641235352 0.487200021743774414 45.5
75.9177193267865107 -6.91698095382600453 4.24014759063720703 0.974400043487548828 48
74.6882459041890598 18.4800201935554682 3.60634160041809082 0.812000036239624023 45.5
75.0288685709784176 17.5153083970958114 2.87986183166503906 0.893200039863586426 49
75.634754325682735 15.2274885806245415 1.86766731739044189 0.893200039863586426 47
74.8682030836884849 18.5160089137423149 2.80904912948608398 0.812000036239624023 48.5
72.9932223704883967 25.7175032700554027 1.16614615917205811 0.812000036239624023 45
71.5095954160862988 -28.5291690250999999 9.29876804351806641 1.05560004711151123 48
71.6101289155207468 -28.5291690250999999 8.48992919921875 0.974400043487548828 49.5
71.6302132684108841 -28.5567589738887833 8.90307235717773438 1.05560004711151123 51.5
71.6302132684108841 -28.5567589738887833 8.90307235717773438 0.974400043487548828 53.5
71.5380098119306496 -28.5843517293864977 10.1261310577392578 0.974400043487548828 47
75.2943850433822632 -19.6702237176925259 2.112152099609375 1.05560004711151123 45
75.3127820485506874 -19.6702237176925259 1.3002934455871582 0.974400043487548828 46.5
71.5936857698568758 -33.7979211087785174 11.1376876831054688 1.05560004711151123 45.5
71.5975787074137742 -33.8878357673593698 10.8353404998779297 0.974400043487548828 48
71.8679120251683656 -34.5596170957974422 6.68109273910522461 1.05560004711151123 47
71.6843749157808787 -34.9896123316537242 6.40921878814697266 0.974400043487548828 49
61.3389082568344719 -53.3647310629465466 3.41096019744873047 0.893200039863586426 47.5
38.7472730793895366 72.1146689154736009 4.24559450149536133 0.162400007247924805 46
84.4245023760641544 -24.7872050961876162 6.11052703857421875 0.974400043487548828 45
85.4407332059319486 -23.0333900974508765 8.25287628173828125 0.974400043487548828 45
54.4315245202027782 72.3723926444495191 5.91681480407714844 3.5728001594543457 48.5
54.7658881044140813 72.0888906362841624 6.28102922439575195 3.49160003662109375 50.5
54.2593053706938377 72.3723926444495191 7.32985448837280273 3.4104001522064209 49
54.7158960448645715 72.2733158497034935 5.64980363845825195 3.5728001594543457 51
54.1811524306488579 72.6364983414105438 6.12559652328491211 3.49160003662109375 53.5
54.4234194272663458 72.4322081898253316 6.39122581481933594 3.4104001522064209 51.5
54.7098068026812783 72.332994108496635 6.13065481185913086 3.5728001594543457 48
54.4683584877038314 72.4920176508205856 6.39650344848632812 3.49160003662109375 51.5
54.5214948974363338 72.4920176508205856 5.92659473419189453 3.4104001522064209 50
85.840800886082647 32.9035920109951689 5.57869958877563477 0.812000036239624023 52.5
85.8704365378720951 32.9035920109951689 5.10229301452636719 0.730800032615661621 52.5
85.5474527979706068 33.414147594554926 7.83323860168457031 0.812000036239624023 52
85.4843808239483707 33.9094279622094774 6.22918796539306641 0.730800032615661621 52
85.3385506888744914 34.5249214142118888 5.95185375213623047 0.730800032615661621 47
79.528465618107731 56.0122751911115273 -0.523912787437438965 0.568400025367736816 46.5
79.7418135097424425 55.8364971962191206 -0.743333697319030762 0.568400025367736816 47
84.2692275403190507 49.7778019320669287 -0.620565295219421387 0.649600028991699219 46
