
X Y Z V_r Mag
2.60324375764369176 -2.6991267286841798 -0.0184076447039842606 0 59
2.6033084746647277 -2.6991267286841798 0.0010226517915725708 -0.0812000036239624023 52.5
2.60267314790949689 -2.6991267286841798 -0.0575219057500362396 0.0812000036239624023 53
2.65537450843663647 -2.75310912254107087 0.00104310479946434498 0 69
2.65529273292940493 -2.75310912254107087 0.0208619777113199234 -0.0812000036239624023 63
2.6553084970785541 -2.75310912254107087 -0.0187757965177297592 0.0812000036239624023 63.5
2.70711923257641196 -2.8070916880038066 0.0417438633739948273 0 67
2.70618623618690934 -2.8070916880038066 0.0824196264147758484 -0.0812000036239624023 61
2.70735732877288093 -2.8070916880038066 0.0212710369378328323 0.0812000036239624023 61.5
3.24381560198551444 -2.78372736720162406 0.0644092336297035217 0 50
3.32830226677895213 -2.80049400003119731 0.046263866126537323 0 54
3.32790644052007512 -2.80049400003119731 0.0690976753830909729 -0.0812000036239624023 47.5
3.33499978153264953 -2.79288396198763422 -0.0088971257209777832 0.0812000036239624023 48
3.5473689848173473 -2.87845932968882012 0.247535422444343567 0 65.5
3.54875050415421578 -2.87502918947469244 0.266843020915985107 -0.0812000036239624023 59.5
3.55201226642743739 -2.87502918947469244 0.219188541173934937 0.0812000036239624023 60
3.61738554465909923 -2.91925538282698493 0.12235695868730545 0 74
3.61812848993793246 -2.91925538282698493 0.0979525521397590637 0.0812000036239624023 68
3.72276261549341125 -2.90965866343977986 -0.0235158167779445648 0 72.5
3.72283660744553391 -2.90965866343977986 0.00128854135982692242 -0.0812000036239624023 66.5
3.72252740425448758 -2.90965866343977986 -0.047997351735830307 0.0812000036239624023 67
3.77227659348386135 -2.96364107743652294 -0.163592725992202759 0 60
3.78813858265188319 -2.94324767597268133 -0.165228262543678284 -0.0812000036239624023 54
3.78562527637053137 -2.94324767597268133 -0.215257748961448669 0.0812000036239624023 54.5
3.92540647085711791 -2.84607900296371108 -0.506601035594940186 0 53
3.93084175307610773 -2.82293024394987935 -0.587514638900756836 -0.0812000036239624023 47.5
3.91855126812764176 -2.84607900296371108 -0.557148635387420654 0.0812000036239624023 47
4.11587187677974686 -2.99081988829432266 -0.352983325719833374 0 51.5
7.17407743279165544 -2.84188050198814679 0.363266110420227051 0 64
7.17194118600089858 -2.84188050198814679 0.403243362903594971 -0.0812000036239624023 57
7.17407743279165544 -2.84188050198814679 0.363266110420227051 0.0812000036239624023 59.5
7.23915714815642897 -2.86947150329277978 0.448043733835220337 0 75
7.87285755919027785 0.0541231139269428216 0.175549790263175964 0 80.5
7.87207822662974799 0.0629796234786243608 0.205070257186889648 -0.0812000036239624023 75
7.87378020072561924 0.0629796234786243608 0.123480834066867828 0.0812000036239624023 75
7.94751504747127058 0.0844414276196722574 0.179930508136749268 0 77.5
7.94585365602829707 0.0635794278548120345 0.24874056875705719 -0.0812000036239624023 72
7.94834095848018674 0.0844414276196722574 0.138746455311775208 0.0812000036239624023 71.5
7.99885788775472406 0.641792360444629395 -0.0837080255150794983 0 71.5
7.99918804569208586 0.641792360444629395 -0.0415811575949192047 -0.0812000036239624023 66
7.99272155144854057 0.692935189167560806 -0.19202086329460144 0.0812000036239624023 65.5
7.23279208609183311 -3.64584536867474274 0.0673713460564613342 0 69
7.22801602507572216 -3.65394274872732394 0.120382741093635559 -0.0812000036239624023 62
7.23306080147111974 -3.64584536867474274 0.0254024844616651535 0.0812000036239624023 64
8.13829310783548543 -0.766158337462948702 -0.108679354190826416 0 69
8.13715986941448755 -0.784546137562059487 -0.0418009459972381592 -0.0812000036239624023 63
7.26191418177407666 -3.75417585356844885 0.037341780960559845 0.0812000036239624023 63.5
7.22711923974582682 -3.97727544546147094 0.111925683915615082 0 66
7.21004017494114802 -4.00304835529468495 0.231140494346618652 -0.0812000036239624023 59
7.22766034725018258 -3.97727544546147094 0.0686189606785774231 0.0812000036239624023 61
7.29367569839052265 -4.0134328627741942 -0.0170272588729858398 0 64
7.29336701880303107 -4.0134328627741942 0.0692427754402160645 -0.0812000036239624023 57.5
7.29367569839052265 -4.0134328627741942 -0.0170272588729858398 0.0812000036239624023 59
7.33545996884472906 -4.01180204595307277 -0.810234248638153076 0.0812000036239624023 49
8.46397880684201098 0.225573888980840437 0.368520200252532959 0 55
8.46502292113182975 0.27111227971406171 0.30905422568321228 -0.0812000036239624023 49.5
8.58163425640105793 -0.571221401576126886 -0.647981762886047363 0 69
8.58096294719323716 -0.551821429447126199 -0.673192441463470459 -0.0812000036239624023 63
8.57345780298618365 -0.551821429447126199 -0.762847602367401123 0.0812000036239624023 63
7.39311863950522419 -4.86039612535767507 0.202109932899475098 0.0812000036239624023 50.5
8.71806021826131783 0.585410596544459039 2.71573829650878906 0 52.5
8.85221180700955301 -2.76004440056293365 -0.714497864246368408 0 47.5
7.78578892786841781 -5.33398059365157717 -0.482350200414657593 0 52.5
7.7712950556976006 -5.36586402868115186 -0.342033058404922485 -0.0812000036239624023 46.5
8.95486748804239596 3.26294423421467039 -1.15045452117919922 0 51.5
8.98103863535873792 3.22455665498861466 -1.05032658576965332 -0.0812000036239624023 45.5
4.83015321255515495 8.37825769375159446 -0.282933324575424194 -2.59840011596679688 45
4.76701149139270974 8.40848228860639857 -0.422677010297775269 -2.67960023880004883 49.5
4.78227254619943309 8.39518346687028405 -0.506350219249725342 -2.76080012321472168 49
9.42397131497776108 2.2612682489300715 -1.06673789024353027 -0.0812000036239624023 46.5
4.81503223351440734 8.47366415479991808 -0.273830294609069824 -2.59840011596679688 47.5
4.8118939524651152 8.47366415479991808 -0.324325412511825562 -2.67960023880004883 48.5
4.78807088421160554 8.48828442365075908 -0.293099910020828247 -2.76080012321472168 46
9.39544507514726845 2.23568277844110019 -1.33784580230712891 0.0812000036239624023 46
4.99182916449464997 8.44676726481693052 -0.51420062780380249 -2.51719999313354492 45
4.86616742116963596 8.52534184402452944 -0.411829918622970581 -2.59840011596679688 45
9.48068471990179695 -2.77110342543254617 -0.669041812419891357 0 48
5.05766430825798441 8.48279294115668137 -0.687222063541412354 -2.35480022430419922 47
5.02252324925848903 8.4976381380786421 -0.757903456687927246 -2.43600010871887207 46
9.53153028160166471 -2.75220948461912718 -1.03726017475128174 0 47
9.78694481410354555 2.5582658898808095 -0.431991249322891235 0 51
5.51359021041884745 8.49086171463408057 -0.145645797252655029 -2.03000020980834961 45
5.27120050143117869 8.63762672117521468 0.348528653383255005 -2.19239997863769531 46
9.46244436985544013 -3.80719326926705426 -0.0862286537885665894 0 47.5
5.49426286354557725 8.59199525548349996 0.175233900547027588 -2.03000020980834961 46.5
5.40635963100270889 8.64680252383920234 0.20999734103679657 -2.11120009422302246 48
5.33823239482406642 8.68758932819693364 0.262833684682846069 -2.19239997863769531 47
9.88498849775846722 -2.75280933857033672 -0.533555030822753906 0 50.5
5.6643247483809942 8.56914623396381891 -0.246558919548988342 -1.78640007972717285 50
5.61941105237983241 8.60124522345274478 -0.128191366791725159 -1.86760008335113525 49.5
9.87863126093090926 -2.75280933857033672 -0.640558481216430664 0.0812000036239624023 45.5
10.0858872279463068 2.31765008909950643 0.160877764225006104 0 47
5.72539422443962476 8.60841461665530971 -0.48741072416305542 -1.78640007972717285 49
5.76672703580817458 8.58513464924248026 -0.403518944978713989 -1.86760008335113525 48
10.4074592890300472 -0.556254380115618896 0.236657291650772095 0 54.5
10.4007942053637681 -0.610967925700761749 0.361695945262908936 -0.0812000036239624023 49
10.4064588280236698 -0.595335484105006696 0.178388580679893494 0.0812000036239624023 48.5
10.4713125491055354 -0.570752803215522908 0.525220394134521484 0 66
10.4697559431094298 -0.560256199937996024 0.565969347953796387 -0.0812000036239624023 60.5
10.4730727207696663 -0.599618462228721838 0.452997207641601562 0.0812000036239624023 60
10.5433823344059565 -0.619758864480332683 0.53257286548614502 0 66.5
10.540475983225603 -0.619758864480332683 0.587289571762084961 -0.0812000036239624023 61
10.5460366476505136 -0.619758864480332683 0.477121502161026001 0.0812000036239624023 60.5
10.6188929792282671 -0.681379540796133165 0.444234699010848999 0 56.5
10.6236877211221206 -0.657424791315019186 0.357166707515716553 -0.0812000036239624023 50.5
10.618157900083558 -0.624154305924582986 0.536349952220916748 0.0812000036239624023 49.5
9.97145644633663508 -3.94552336088239919 0.168900340795516968 0 50
10.5081872368390545 -2.75863854887502757 -0.483249813318252563 0 49
10.5747956931602722 -2.7776638358488035 -0.600661218166351318 0 54
10.5700689168838533 -2.80229336739820134 -0.568606078624725342 -0.0812000036239624023 46.5
10.577862157690058 -2.7776638358488035 -0.544002175331115723 0.0812000036239624023 49.5
10.6347008782873811 -2.89725946627848785 -0.24426618218421936 0 51.5
10.6386680100223199 -2.88072731525835435 -0.266057729721069336 0.0812000036239624023 46.5
11.084135413585118 0.268113242579270439 1.39666831493377686 0 48.5
11.2115781047726628 0.26007209013515209 0.891840040683746338 0 50.5
11.5026682628931436 0.0620611679032457911 -1.04272890090942383 0 46.5
11.5846132265492052 -0 -0.968174219131469727 0 49
10.7558499453273377 -4.78351790126928478 0.283355981111526489 0 49.5
11.7516498324823147 -2.70392517513407071 -0.627024531364440918 0 46.5
11.8259572415034242 -2.78600482434126295 0.0861477106809616089 0 45.5
12.0659995033693725 -2.74326873405608751 -0.16367088258266449 0 54.5
12.0755319127326146 -2.70460936632699944 -0.085211239755153656 -0.0812000036239624023 47.5
12.0635576618091278 -2.74326873405608751 -0.29273262619972229 0.0812000036239624023 49.5
12.138080048691327 -2.75989456160853974 -0.229163497686386108 0 57
12.1391265814789904 -2.75989456160853974 -0.164662823081016541 -0.0812000036239624023 50.5
12.1323131327558382 -2.78789800135428578 -0.19267040491104126 0.0812000036239624023 52.5
12.2062571643146107 -2.80469252388754064 -0.12893909215927124 0 52.5
12.1994085914438699 -2.83286465861408976 -0.157970443367958069 -0.0812000036239624023 46.5
12.2026255806908654 -2.80469252388754064 -0.324451446533203125 0.0812000036239624023 47.5
12.2650011228460087 -2.78055029239906526 -0.773498594760894775 0 45.5
11.419002586251958 -5.39305175350923083 1.08489871025085449 0 46
11.6458879970596954 -5.16685963016113803 0.489271759986877441 0 54
11.6150724279463056 -5.23377548106054302 0.510116636753082275 -0.0812000036239624023 46.5
11.6183964452793997 -5.21465666651785575 0.618667244911193848 0.0812000036239624023 50.5
11.6867397748625699 -5.24533103719382865 0.622306466102600098 0 52.5
4.13337613458904496 11.6926169408390379 3.2678062915802002 -0.0812000036239624023 49
4.18470596534232886 11.6926169408390379 3.20181059837341309 -0.162400007247924805 50
11.7129244210883243 -5.18763720360416247 0.613573074340820312 0.0812000036239624023 49
4.33649119504882385 11.8206378417076863 2.80666565895080566 -0.162400007247924805 47
12.7813840295353192 2.50478948157794168 -0.815332233905792236 0 47
12.7427000377206685 3.00957318965668552 -0.911982715129852295 0 48.5
12.8036574578151114 3.04656430165113834 -1.01233279705047607 0 47.5
12.9027863710849715 2.90130813080224348 -1.15158224105834961 0 46
13.0293368837619177 -2.83762556962217838 0.63778078556060791 0 53
13.0060237127631861 -2.90435397807890272 0.7941017746925354 -0.0812000036239624023 46.5
13.0125354964877058 -2.88266724533046714 0.765935242176055908 0.0812000036239624023 48.5
13.0813615731509785 -2.98274107122733589 0.460293442010879517 0 55.5
13.0872635849923995 -2.97603074260815204 0.312081515789031982 -0.0812000036239624023 48
13.0963731610415213 -2.93409118873825081 0.326720893383026123 0.0812000036239624023 50
13.223368127438885 -2.88545079938917226 -1.04755091667175293 0 51
13.1853190475542306 -2.94651854117518663 -1.32137167453765869 0.0812000036239624023 45.5
13.7186137524610139 0.21952896607724573 -0.356472134590148926 0 51
13.7955180481657997 0.094844309497102805 -0.338668882846832275 0 63
13.7965754952361017 0.110364287414810539 -0.286935955286026001 -0.0812000036239624023 57
13.7935781340075359 0.094844309497102805 -0.410146236419677734 0.0812000036239624023 57.5
13.8664618042096812 0.2219281988358493 -0.433176636695861816 0 56.5
13.8670699940847495 0.286079318811836958 -0.371715664863586426 -0.0812000036239624023 50.5
13.8664618042096812 0.2219281988358493 -0.433176636695861816 0.0812000036239624023 51
13.9487608015022992 0.0749569978616692195 -0.170236259698867798 0 60.5
13.9494617879182048 0.0749569978616692195 -0.0970075055956840515 -0.0812000036239624023 54.5
13.9462471886872947 0.0749569978616692195 -0.314777374267578125 0.0812000036239624023 55
14.0195892143909262 0.352264145972348452 -0.166371852159500122 -0.0812000036239624023 50.5
14.1729967212779702 -0.226726633845350689 -0.0734470859169960022 0 57
14.1731868484416221 -0.226726633845350689 0.000965941231697797775 -0.0812000036239624023 50
14.1729967212779702 -0.226726633845350689 -0.0734470859169960022 0.0812000036239624023 52.5
14.2276713520428206 -0.137111889488840483 -0.785561561584472656 0 52
14.2890937582542019 -0.359799212401521962 -0.947620093822479248 0 50
14.3504769369695122 3.1245765428053307 -0.625184416770935059 0 46.5
14.9254306100926968 -4.85927157402261134 -1.2967381477355957 0 53.5
14.9322753306930736 -4.85927157402261134 -1.21539056301116943 -0.0812000036239624023 47.5
15.8241508776801219 -0 -0.1639900803565979 0 58.5
15.8250007629394531 -0 -6.91732736868289066e-07 -0.0812000036239624023 53
15.8241508776801219 -0 -0.1639900803565979 0.0812000036239624023 53
15.8991352858819734 -0 0.16585192084312439 0 58.5
15.8910794228086729 -0.0854348561799036926 0.52565157413482666 -0.0812000036239624023 52.5
15.8985406089340948 -0.035763428168331772 0.212460950016975403 0.0812000036239624023 53
15.9595166086434759 0.0359321231491345552 0.702260136604309082 0 54
15.9590348052651478 -0.0359321231491345552 0.713140547275543213 -0.0812000036239624023 48.5
15.9685357041862872 0.0359321231491345552 0.453016370534896851 0.0812000036239624023 48.5
15.9954097959708665 1.90817938421504985 -0.722033023834228516 0 47.5
15.4938013653705422 -4.9459999280877831 0.595711588859558105 0 59
15.4903328904006088 -4.9459999280877831 0.679974496364593506 0.0812000036239624023 53
15.691893570505778 -4.8417554104192071 0.320245236158370972 0 49
15.4587416988378088 -5.189633124015824 -2.51892971992492676 0 50
15.5608270625334875 -5.33956610125234477 -2.01998353004455566 0 48.5
16.5612443914574001 -3.23895186849400174 0.00114992994349449873 0 56
16.561001492174924 -3.23895186849400174 0.0897368341684341431 -0.0812000036239624023 50.5
16.5685518714856421 -3.20099540128508808 -0.0483206659555435181 0.0812000036239624023 50
16.6470485884765012 -3.18556928664022543 -0.174492433667182922 0 60.5
16.6477377929913892 -3.18556928664022543 -0.0866698548197746277 -0.0812000036239624023 54.5
16.644257018348938 -3.18556928664022543 -0.351276695728302002 0.0812000036239624023 54.5
16.7432807715669441 -3.07414610059233562 -0.25070461630821228 0 60
16.7443806806867421 -3.07414610059233562 -0.16133648157119751 -0.0812000036239624023 54
16.7371917873099711 -3.07414610059233562 -0.516436994075775146 0.0812000036239624023 54
16.9061525165329662 -3.02182233347544704 -0.17680869996547699 0 53.5
16.9799773786405659 -3.0350178619591941 -0.177580773830413818 0 53.5
16.9809059410147078 -3.0350178619591941 0.00117548403795808554 -0.0812000036239624023 47.5
16.9771428080773958 -3.0350178619591941 -0.357493966817855835 0.0812000036239624023 47.5
17.0461945492650528 -3.04821372602770468 -0.539704620838165283 0 55
17.0526102323413014 -3.04821372602770468 -0.269294857978820801 -0.0812000036239624023 49.5
17.0354911238299138 -3.04821372602770468 -0.809982836246490479 0.0812000036239624023 49.5
17.0644085012127213 -3.28318784165148125 -0.886951982975006104 0 46
14.2407142143095697 -9.70603098335205772 -3.69264650344848633 0 48.5
14.025021787959874 -9.76723972222047543 -4.60323905944824219 0 45
17.5204343356444845 -2.96524382061394709 0.438644170761108398 0 46.5
17.6074771637344547 -2.92645305631528485 0.187409326434135437 0 56.5
17.6062496769353523 -2.92645305631528485 0.279889881610870361 -0.0812000036239624023 51
17.5991272353267334 -2.97775520593056786 0.161852523684501648 0.0812000036239624023 50
17.6734920772505752 -2.90739059808544464 0.707395732402801514 0 54.5
17.674193522197605 -2.86707239256499902 0.841697633266448975 -0.0812000036239624023 49
17.6734920772505752 -2.90739059808544464 0.707395732402801514 0.0812000036239624023 48.5
17.6780895245338172 -4.68328477235567231 -0.664843738079071045 0 49.5
13.5356643677719237 12.4174816773142727 -0.482254207134246826 0 48
13.4789300921119555 12.5903575051413235 -0.451527893543243408 0 55
13.5311625621321614 12.541941920521662 -0.099369734525680542 -0.0812000036239624023 50
13.5826962421695736 12.468165791577416 -0.676579415798187256 0.0812000036239624023 49
17.8964922844307068 -4.78253400618835034 -0.136400669813156128 0 52
17.8969666039890782 -4.78253400618835034 -0.0404158309102058411 -0.0812000036239624023 46.5
17.8737591579263047 -4.86818442159443343 0.0719890817999839783 0.0812000036239624023 46
17.9396475294474733 -4.86000239290702662 0.713761091232299805 0 49.5
18.1178214261168691 -4.31019610086609894 -1.38651549816131592 0 52
18.1314188402777638 -4.38020470023046382 -0.906164944171905518 -0.0812000036239624023 46
18.0585851161544966 -4.36153574039996705 -1.90267908573150635 0.0812000036239624023 45.5
18.1715232106307241 -4.59929290932705914 -0.452479094266891479 0 57
18.1770523704418778 -4.59929290932705914 -0.061358477920293808 -0.0812000036239624023 51
18.157578405910936 -4.59929290932705914 -0.843405008316040039 0.0812000036239624023 51
18.2241204547594826 -4.71648955046393237 -0.129624366760253906 0 51
18.2245562537139527 -4.71648955046393237 -0.0308012869209051132 -0.0812000036239624023 45
13.5258726115191887 13.1997421022442598 -0.166220128536224365 0 49
13.5216834521639093 13.3113989215464361 -0.146180897951126099 0 48
13.5736091905436567 13.3640136806946028 0.250655680894851685 0 48.5
13.6532881180818908 13.3831691788467442 0.494116783142089844 0 47
14.513231980535604 12.7934665101413234 -0.340341478586196899 0 45
19.3571756201182161 -3.22155774751157331 -1.02171099185943604 0 48
15.2408987187199418 12.6035721867440955 -0.951315701007843018 0 47
12.7428214999720826 -15.8877158374390621 -2.73925352096557617 0 48
20.4099075340955665 -2.96903921278616822 -0.105461098253726959 0 54.5
20.4098851726577699 -2.96903921278616822 0.109678350389003754 -0.0812000036239624023 48.5
17.173281153605064 12.899126044084122 -2.29149556159973145 0 48
17.1288595263481547 12.9439151310041591 -2.97706222534179688 0 46
16.5329328245368146 14.3617535079157843 0.1104879230260849 0 45
17.0802886733182859 13.8260417294633093 0.070414416491985321 0 50.5
17.1749828819916246 13.7079643125086097 0.110866300761699677 -0.0812000036239624023 45
18.2819188432065189 13.076705851011809 1.01055395603179932 0 48.5
18.0905674139899588 13.503946176685 -0.0738756135106086731 0 48.5
16.7037578693780908 15.8360764627944572 0.594877898693084717 0 60.5
16.7037578693780908 15.8360764627944572 0.594877898693084717 0.0812000036239624023 53.5
16.765012961990422 15.8876589832309225 0.355910599231719971 0 59
17.4752814829130934 15.1978826845453074 -0.848270535469055176 0 47.5
19.456520519770848 12.991571748018151 -0.472189068794250488 0 45
20.6367527292664938 12.8658375954943551 -1.6538921594619751 0 48.5
20.6249699554307284 12.9054241809455963 -2.4214015007019043 0 45.5
18.2090405658041767 17.2804093361484234 1.04117155075073242 0 50
21.9500409643596797 12.6067210067038697 -2.38683700561523438 0 45
21.8995200975432951 12.780927521786202 -2.70351171493530273 0 47
22.0138760651073824 12.9143931361209603 -1.63962423801422119 0 46.5
25.633305940963254 2.77742954787054952 2.17606425285339355 0 55.5
25.6442977929596942 2.77742954787054952 2.04244112968444824 0.0812000036239624023 49.5
25.7440218652449353 2.90545987264101013 1.48530745506286621 0 65.5
25.7514172498375835 2.90545987264101013 1.35105037689208984 -0.0812000036239624023 60.5
25.7358172684461657 2.90545987264101013 1.62129056453704834 0.0812000036239624023 59
25.7116929516868495 2.70572458063570753 2.9813690185546875 0 85.5
25.7116929516868495 2.70572458063570753 2.9813690185546875 -0.0812000036239624023 80
25.4913483304477282 2.67645592531633092 4.50870895385742188 -0.162400007247924805 46
25.7436037835507108 2.77401810971425311 2.62151885032653809 0.0812000036239624023 79
25.855554136295634 2.71352193837610356 2.31021666526794434 0 95
25.8313140523286044 2.78201227576300036 2.49271678924560547 -0.0812000036239624023 89
25.8313140523286044 2.78201227576300036 2.49271678924560547 -0.162400007247924805 57
25.8970780279042501 2.78201227576300036 1.67683517932891846 0.162400007247924805 48.5
25.8560433354354444 2.78201227576300036 2.22158002853393555 0.0812000036239624023 88.5
25.9524243929013458 2.79000664511700558 1.9540259838104248 0 92
25.9414750789553992 2.6918821441164078 2.21907520294189453 -0.0812000036239624023 86.5
25.9714956747091286 2.79000664511700558 1.68165373802185059 -0.162400007247924805 55
25.963158354558761 2.72131949441658705 1.90775656700134277 0.0812000036239624023 86
26.1046504935922563 2.66023308644313028 -0.730081677436828613 0 70.5
26.1004336181550372 2.66023308644313028 -0.867820143699645996 -0.0812000036239624023 65
26.1058707472016422 2.69959535159395347 -0.50822746753692627 0.0812000036239624023 64.5
26.038469938394158 2.73691440819746656 2.74100255966186523 0 62.5
25.95706480085477 2.73691440819746656 3.42720484733581543 -0.0812000036239624023 56.5
26.1198119560401558 2.82573254404041307 1.6662144660949707 0.0812000036239624023 56.5
13.2193651369202758 22.8022224721306621 1.50567567348480225 0 56.5
13.1094631234141357 22.8616032598185015 1.56497085094451904 -0.0812000036239624023 51
21.5310876715875885 -15.0959158033087277 2.34215021133422852 0.0812000036239624023 50.5
21.7164802913980388 -15.0627102679896758 1.56040620803833008 0 60.5
21.7069626777599538 -15.03293552772789 1.93502020835876465 -0.0812000036239624023 54.5
21.7397859562084435 -15.03293552772789 1.52256608009338379 0.0812000036239624023 55
21.884857326780935 -15.0058509726913059 0.883163988590240479 0 69
21.8265145028203911 -15.0755221799489938 1.11107587814331055 -0.0812000036239624023 63
21.8436640936541409 -15.0755221799489938 0.696808993816375732 0.0812000036239624023 63.5
21.9613639568387171 -15.0282785200071149 0.860261797904968262 -0.0812000036239624023 66.5
21.9824183784526959 -15.0116432770139667 0.56085735559463501 0.0812000036239624023 67
22.0799624925160529 -14.9471634943061282 1.39555239677429199 0 75.5
22.0706722295673359 -14.9471634943061282 1.53550577163696289 -0.0812000036239624023 69.5
22.0882629654360372 -14.9471634943061282 1.25737917423248291 0.0812000036239624023 70
22.222384562162631 -14.8820849749918001 1.26091110706329346 0 75.5
22.1326691287622523 -14.9891503345241155 1.53981900215148926 -0.0812000036239624023 69
22.1503092773115959 -14.9891503345241155 1.26091110706329346 0.0812000036239624023 69.5
22.1487011217004301 -15.0311361069724025 2.10297584533691406 0 63.5
22.1487011217004301 -15.0311361069724025 2.10297584533691406 0.0812000036239624023 58
25.3924443601304475 -7.75189180141220024 -4.48192071914672852 0 59
25.3629312940434737 -7.81245345611073372 -4.54345083236694336 -0.0812000036239624023 53
25.3413704478714905 -7.75189180141220024 -4.76222324371337891 0.0812000036239624023 53
25.207699318888924 -7.62840697083266583 -5.94805908203125 0 54
25.2398132561106721 -7.68576341422238496 -5.7341923713684082 -0.0812000036239624023 47.5
25.102255936762127 -7.55755489370418942 -6.46221160888671875 0.0812000036239624023 48.5
23.5269881178050468 13.279375016169066 -1.78736722469329834 0 49
17.1865125352467665 -20.9903399127816677 -1.07330191135406494 0 48.5
25.7294612910909528 -8.44320561529772107 3.46369647979736328 0 52.5
25.7823975869517739 -8.5455475015437532 2.74439454078674316 -0.0812000036239624023 46.5
25.6896131429627239 -8.44320561529772107 3.74781298637390137 0.0812000036239624023 46
26.097425078390696 -8.17221539882117121 1.23696327209472656 0 55.5
26.082392688647392 -8.19274000844566963 1.40660285949707031 -0.0812000036239624023 49.5
26.0902244305397737 -8.17221539882117121 1.38050711154937744 0.0812000036239624023 49.5
20.5263627728450544 18.4308359982733627 0.856027901172637939 0 46.5
20.499670429073845 18.5915844939497568 -0.149054601788520813 0 47.5
21.0366888347078635 18.5245374275011123 -1.04964220523834229 0 45
23.6588805195581244 14.1717928686314831 -6.23645877838134766 0 50
25.0161288455810009 13.3024767201451866 0.979744315147399902 0 59
24.9604695321679593 13.3768713968756927 1.32542741298675537 -0.0812000036239624023 54
25.0259575074896716 13.3024767201451866 0.684149265289306641 0.0812000036239624023 52.5
25.0185461647308429 13.486851795103453 -0.397262275218963623 0 72.5
24.998796612145604 13.5259235279836574 -0.300374776124954224 -0.0812000036239624023 67.5
25.0157750485241444 13.486851795103453 -0.544524073600769043 0.0812000036239624023 66
25.1083809211868498 13.4797013432535362 -0.341968268156051636 0 72.5
25.1099581359625006 13.4797013432535362 -0.194300755858421326 -0.0812000036239624023 67
25.1059358496306864 13.4797013432535362 -0.489623218774795532 0.0812000036239624023 66
25.134117966582469 13.5580223331154723 -0.993357539176940918 0 59
25.0922762922418841 13.6472903231939249 -0.812271833419799805 -0.0812000036239624023 54
25.1041594617993269 13.5973002487499901 -1.19387125968933105 0.0812000036239624023 53
24.960765415151652 14.0886441978339221 -1.89629256725311279 0 53.5
24.9716058700683341 14.0886441978339221 -1.74775576591491699 -0.0812000036239624023 48
24.9816856535991754 14.0886441978339221 -1.59721648693084717 0.0812000036239624023 47
25.0647318861614963 14.201905172605791 -1.95726191997528076 0 55
25.0688128357537607 14.2127297954507643 -1.82172167301177979 -0.0812000036239624023 50
22.7317094544837985 18.1525260431642685 0.75183260440826416 0 45
22.8697364618709713 18.5742926860404758 -0.863968610763549805 0 48.5
23.9351552039726734 18.5792509180293806 0.0991562604904174805 0 46
24.3983353408809513 18.8356864493572189 0.344649374485015869 0 51
24.4522161355564194 18.7355376052502081 1.11778068542480469 -0.0812000036239624023 46
24.7814928011990361 18.4529170095127064 0.421319365501403809 0 55.5
24.6814851611303787 18.5687545299741821 0.914159774780273438 -0.0812000036239624023 50.5
24.7840877294115174 18.4529170095127064 -0.22119767963886261 0.0812000036239624023 48.5
24.8748585489352578 18.4551281098301274 0.316762298345565796 -0.0812000036239624023 48.5
24.7585234545641057 18.8478706955397186 0.7341461181640625 0 60
24.6901948100882684 18.9178792949040826 1.12865936756134033 -0.0812000036239624023 55
24.6519278346280508 18.9878878942684466 0.712932109832763672 0.0812000036239624023 53.5
24.7755340305468863 18.9634638478479367 -0.00638001458719372749 0 64
24.7750328612524093 18.9634638478479367 0.157407447695732117 -0.0812000036239624023 59
24.7749649450072553 18.9634638478479367 -0.168039873242378235 0.0812000036239624023 57.5
24.6367860077799463 19.2239956385806323 -1.26193928718566895 0 60
24.6614931798788071 19.2239956385806323 -0.611913204193115234 -0.0812000036239624023 55
24.5155189479443472 19.3412389541239165 -1.7411351203918457 0.0812000036239624023 53
24.6915758297348447 19.2700956418558818 1.34611308574676514 0 63.5
24.682194364955734 19.2700956418558818 1.50838613510131836 -0.0812000036239624023 58.5
24.7549676531083627 19.1799935479825976 1.46354889869689941 0.0812000036239624023 57
24.9454785814101534 19.1002198252651354 -0.659830093383789062 0 62.5
24.9406421070065711 19.1002198252651354 -0.822611093521118164 -0.0812000036239624023 57
24.9454785814101534 19.1002198252651354 -0.659830093383789062 0.0812000036239624023 56
24.8637447548746877 19.0749534610883558 -3.19224762916564941 0 56
24.8840598368825745 19.0749534610883558 -3.0298306941986084 -0.0812000036239624023 51
24.9744214952633605 18.9765477994030043 -2.90154719352722168 0.0812000036239624023 49.5
25.1848723026052852 19.0217293639059477 -0.936280369758605957 0 53.5
25.1558802095448506 19.0651309451137827 -0.826537609100341797 -0.0812000036239624023 48.5
25.1705906850597358 19.0217293639059477 -1.26328766345977783 0.0812000036239624023 47
24.7995792084239568 19.5005991754369283 3.34412741661071777 0 50
32.1923051816072601 3.62762626355643425 0.505826354026794434 0 47.5
32.2637440157911328 3.63602363160003206 0.675236225128173828 0 48.5
30.0156823300221305 12.4382136349444412 -1.96276223659515381 0 48
21.5122533525832651 -22.4903226101123721 -10.0348596572875977 0 47
21.1314101735757305 -22.7753527845341956 -10.4377946853637695 0 46
31.3433411486634128 -8.33299150754641005 -5.22291374206542969 0 46.5
21.29551788814058 -23.0499508952067309 -10.4477939605712891 -0.0812000036239624023 47.5
32.3653386958609985 4.60833696398700088 5.02033662796020508 0.0812000036239624023 46.5
21.669057719032196 -23.1022188880405963 -9.78069877624511719 0 55
21.8663957493754531 -23.011085874675544 -9.55370426177978516 -0.0812000036239624023 49
21.789993728375407 -23.011085874675544 -9.72669601440429688 0.0812000036239624023 48.5
25.2279348120196438 19.6628384199070219 8.99026584625244141 0.0812000036239624023 48.5
32.1792659586269352 -8.52204303054593026 0.871694028377532959 0 56.5
32.1385658328522226 -8.65519995289821154 1.04416406154632568 -0.0812000036239624023 51
32.1613352824313665 -8.59694379936908959 0.794527947902679443 0.0812000036239624023 50.5
32.3491987683109059 -8.18674137860216433 -0.63024747371673584 0 63
32.3579619263435561 -8.16171822614591669 -0.489193826913833618 -0.0812000036239624023 57.5
32.3453113149226894 -8.18674137860216433 -0.805412769317626953 0.0812000036239624023 57
32.4248079439997312 -8.20513873738518029 -0.458368033170700073 0 64.5
32.4267947651598121 -8.20513873738518029 -0.28506004810333252 -0.0812000036239624023 59
32.4218943364937786 -8.20513873738518029 -0.631663739681243896 0.0812000036239624023 58.5
23.086284291566411 -22.6304340252168075 8.87764739990234375 0 49.5
23.0423510706812635 -22.5215130173205402 9.26051521301269531 -0.0812000036239624023 45
32.3842855908557397 8.95570252644469456 -0.116827681660652161 -1.86760008335113525 52
32.3842855908557397 8.95570252644469456 -0.116827681660652161 -1.94880008697509766 52
32.4481529995493574 9.00094121781839718 -0.326007664203643799 -1.94880008697509766 50.5
32.4778886047683244 9.17703029406633775 -0.177175313234329224 -1.78640007972717285 49.5
32.4778886047683244 9.17703029406633775 -0.177175313234329224 -1.86760008335113525 54.5
32.6027708560155105 8.71311791706850158 -0.450977355241775513 -2.03000020980834961 47.5
32.4313706170677563 8.88887061868941863 -3.65032672882080078 -1.86760008335113525 48
32.5999128474821731 8.88887061868941863 -1.53762722015380859 -1.94880008697509766 53
32.660546746292944 8.79165520060579908 -0.355131715536117554 -2.03000020980834961 52.5
32.7070983736116574 8.9085800662292467 -0.305075287818908691 -1.94880008697509766 52.5
32.7349011783436623 8.81114909070700669 -0.00230900431051850319 -2.03000020980834961 52.5
33.7163044763892614 2.71712091717175852 -3.1825709342956543 0 49
32.7934197130972223 8.87734349657210409 0.291851788759231567 -2.03000020980834961 48.5
33.864164884714171 3.15711613375711186 -1.62901759147644043 0 51
33.8260101811654934 3.26774284464347931 -2.12736129760742188 -0.0812000036239624023 45.5
32.5696363853012087 9.86279676286925167 1.16048693656921387 -1.70520007610321045 49
32.5389555979944305 9.80322853393043836 2.1250450611114502 -1.78640007972717285 48.5
32.7593712545848987 9.25860472648985855 -0.710304617881774902 -1.94880008697509766 47.5
32.9626674788616612 8.53102135873720968 -0.294816672801971436 -4.87200021743774414 45.5
33.9037964967766499 3.0847832843314098 -0.647636830806732178 0.0812000036239624023 45.5
33.432739483697361 1.09164674086279323 6.75098657608032227 0 58
33.2809926638522455 1.09164674086279323 7.4632105827331543 -0.0812000036239624023 51.5
33.0797741264531169 8.37071309497524751 -0.418764859437942505 -4.79080009460449219 45.5
33.0071517169767077 8.59671808429449769 -1.06770610809326172 -4.87200021743774414 46
33.5074981034238348 1.27500927936709041 6.3354182243347168 0.0812000036239624023 52.5
32.7599962214228526 9.61136495695483006 -2.01105189323425293 -1.78640007972717285 45.5
32.9392600553377406 9.02587940822080981 -1.78290271759033203 -1.94880008697509766 50.5
33.0131524220958994 8.82929301959478963 -1.3473440408706665 -2.03000020980834961 46
33.1090338762971257 8.51731896807958044 -0.941867589950561523 -5.03439998626708984 47
33.1463904435695085 8.42329939091061419 0.0699508935213088989 -5.1156001091003418 45.5
33.0106154312051459 8.5686023738081083 2.55311131477355957 3.97880029678344727 48
33.0567460589024336 8.75236791100199696 -0.536258459091186523 3.89760017395019531 46.5
33.0323236294092126 8.51731896807958044 2.44149351119995117 3.81640005111694336 47
33.2040996603398142 8.44177172619401794 -0.999993562698364258 0 47.5
33.2044682675980951 8.49745058587972224 -0.179931387305259705 -0.0812000036239624023 46.5
32.8886780491598998 9.31978451354550153 -2.50045251846313477 -1.86760008335113525 47.5
33.1162405582572674 8.77156189510164985 -1.07239937782287598 -1.94880008697509766 51.5
33.1862179399488539 8.53599748873905639 -0.766394972801208496 -2.03000020980834961 51.5
33.1948265763614074 8.53599748873905639 0.126187115907669067 -2.51719999313354492 46.5
33.2049554003545353 8.49745058587972224 -0.00233454629778862 -2.59840011596679688 47.5
33.2224582037645888 8.40750781254127943 -0.598179399967193604 -2.67960023880004883 47
33.2343197985231527 8.38180987730172156 -0.030376063659787178 -2.76080012321472168 46.5
33.2044682675980951 8.49745058587972224 -0.179931387305259705 -3.73520016670227051 47.5
33.2619889772808506 8.2233392766577964 0.890207469463348389 -3.81640005111694336 47
33.2224244055905444 8.36039493126875932 -1.07239937782287598 -3.89760017395019531 46.5
33.1753577200994201 8.5873933592181686 -0.654253065586090088 -4.87200021743774414 46.5
33.2030300244284362 8.49745058587972224 -0.357519328594207764 -4.95320034027099609 48
33.1925483161536405 8.53599748873905639 -0.408924877643585205 -5.03439998626708984 49.5
33.2049554003545353 8.49745058587972224 -0.00233454629778862 -5.1156001091003418 50.5
33.2251812061512126 8.40750781254127943 -0.420605599880218506 5.19680023193359375 49.5
33.2140991734635378 8.40750781254127943 -0.955614328384399414 5.1156001091003418 48.5
33.1457529775906536 8.5873933592181686 -1.54641389846801758 5.03439998626708984 45.5
33.1973070130752603 8.49745058587972224 0.712662696838378906 4.14120006561279297 46.5
33.1794336768839244 8.53599748873905639 1.01867961883544922 3.97880029678344727 47
33.1925483161536405 8.53599748873905639 -0.408924877643585205 1.54280006885528564 46.5
33.2224582037645888 8.40750781254127943 -0.598179399967193604 1.46160006523132324 47.5
33.2339974380294976 8.38180987730172156 0.149554163217544556 1.38040006160736084 48
33.2295241000617452 8.38180987730172156 -0.565472424030303955 1.29920005798339844 46
33.2179318154723546 8.44177172619401794 -0.285079538822174072 0.0812000036239624023 47
33.1824676731047177 8.79075587920130097 -1.25262582302093506 -1.94880008697509766 49.5
33.2767570694244696 8.46024406147742347 -1.0021817684173584 -2.03000020980834961 51
33.2867784635425039 8.42590517132429362 -0.957705378532409668 -3.73520016670227051 48.5
33.3022371430571695 8.40015100370944623 -0.566709756851196289 -3.81640005111694336 49.5
33.2584620667334008 8.42590517132429362 -1.67377972602844238 -3.89760017395019531 49.5
33.2261581775608477 8.55467600939853234 -1.66208219528198242 -3.97880029678344727 46.5
33.2330541237556076 8.60618434462822712 -1.19177412986755371 -4.06000041961669922 45
33.0941641720342048 9.74740821859337991 -0.119956985116004944 -1.78640007972717285 47
33.6374555805814737 8.31331016189374061 -0.181899994611740112 -2.11120009422302246 47
24.9363299483873142 -24.2521040965434587 -1.02716624736785889 0 52
33.1472851410149474 3.72533830418850576 10.4346494674682617 0 48
25.7392639086583763 -24.0811760317611494 -0.386913061141967773 0 50
25.8900118112755493 -23.9205316584078602 -2.31757330894470215 0 50.5
34.4352552197947404 8.17033141618714431 0.78672480583190918 -2.19239997863769531 46.5
34.4927894021149086 8.134446326386648 1.59814000129699707 -2.19239997863769531 47
34.9308383476284021 3.988709245460206 -5.75042295455932617 0 49.5
31.6761778060514665 16.2482368247394575 4.22342634201049805 0 49.5
35.3931617635859226 7.69984942450288123 0.535908520221710205 -1.46160006523132324 47.5
35.3611253920929585 7.86280920068283695 0.133366256952285767 -2.27360010147094727 47.5
35.3456994586804285 7.91712912607615493 -0.501333832740783691 -2.35480022430419922 49.5
35.3587364298001461 7.86280920068283695 -0.432189762592315674 -2.43600010871887207 46.5
33.4862194749819508 7.69984942450288123 11.4732837677001953 2.19239997863769531 46
35.4734370005990769 7.69311114033818999 0.376167982816696167 -1.38040006160736084 46
35.4308863024598253 7.87908847332985651 0.512272834777832031 -1.46160006523132324 48.5
35.4233907694291617 7.87908847332985651 0.890847623348236084 -1.54280006885528564 48
35.3930922281316498 7.98341722110566909 1.13328492641448975 -1.62400007247924805 47.5
35.463657805493348 7.74300749797010024 -0.254903286695480347 -2.27360010147094727 50
35.4617774970200585 7.74300749797010024 -0.445455402135848999 -2.35480022430419922 51
35.4617774970200585 7.74300749797010024 -0.445455402135848999 -2.43600010871887207 47.5
35.4337612754389539 7.87908847332985651 -0.242531821131706238 -2.51719999313354492 47.5
32.7107705468808803 17.4551018511390588 3.02738428115844727 0 46
28.7677480606720124 22.8053143618513765 9.61960220336914062 -2.03000020980834961 49.5
35.1576816847897931 10.31906093811366 -9.88214969635009766 -2.19239997863769531 46.5
35.1710252249059039 10.3394545462195389 -10.0992727279663086 -2.19239997863769531 47
35.5200117663790849 13.773456208852684 -0.480532854795455933 -0.0812000036239624023 46
35.3301467429536231 14.3491577304197389 -1.79256820678710938 0 50
30.7964179413590777 22.9317801401645696 0.523581326007843018 0 45.5
35.8695283135220819 10.7917082099246944 -8.45435333251953125 -2.35480022430419922 45.5
35.909515595836254 10.6477547878269903 -8.46711921691894531 -2.43600010871887207 49
35.8714258526990903 10.923365826310155 -8.61665058135986328 -2.35480022430419922 46
35.850441057686389 10.6397044778276282 -9.0481109619140625 -2.43600010871887207 49
34.5965400715170759 17.3319916735386528 -0.609457314014434814 0 45
34.531779511111047 17.573929357003685 -1.4879605770111084 0 48
34.1204545742855103 18.5545842917315227 0.919004201889038086 0 65
34.098733784092957 18.5545842917315227 1.52524280548095703 -0.0812000036239624023 59.5
34.1204545742855103 18.5545842917315227 0.919004201889038086 0.0812000036239624023 58.5
34.1127434492294483 18.6779572393519508 1.61569082736968994 0 70.5
34.1024620171874133 18.6779572393519508 1.81983304023742676 -0.0812000036239624023 65
34.1295450532839268 18.6779572393519508 1.20993149280548096 0.0812000036239624023 64
34.144065495663007 18.7139441290764523 2.22960329055786133 0 62
34.1302929507178661 18.7139441290764523 2.43131780624389648 -0.0812000036239624023 56.5
34.1843639056291053 18.6262225159714099 2.34373879432678223 0.0812000036239624023 55.5
34.0430679462434043 19.0184865749688967 2.49448513984680176 0 63
34.0371068035638444 18.9598930348149501 2.97548294067382812 -0.0812000036239624023 57.5
34.0574499920342717 19.0184865749688967 2.28974127769470215 0.0812000036239624023 56.5
34.2133768718019908 18.9424709158622342 1.83035218715667725 0 66
34.2019370538451639 18.9424709158622342 2.03295779228210449 -0.0812000036239624023 60.5
34.2133768718019908 18.9424709158622342 1.83035218715667725 0.0812000036239624023 59.5
34.3925851733731776 18.8219102896369925 1.21925652027130127 0 62
34.3925851733731776 18.8219102896369925 1.21925652027130127 -0.0812000036239624023 56.5
34.348042849495954 18.910137994119669 1.10431528091430664 0.0812000036239624023 55.5
34.4106699078643246 18.700749851408645 3.26771402359008789 0 49
34.3440418877010103 19.1645014527970865 1.89718115329742432 0 48.5
34.2626526529367865 19.5980587845861045 2.05243062973022461 0 46
30.334403782099816 25.3358027468118472 2.46602797508239746 0 55.5
30.3674589497820477 25.207144373488191 3.25229811668395996 -0.0812000036239624023 50
30.4444302824945225 25.207144373488191 2.42830181121826172 0.0812000036239624023 49
30.5154534219359626 25.294547828403342 1.76032721996307373 0 68
30.5792591871084163 25.1706035524899576 2.33569860458374023 -0.0812000036239624023 62.5
30.6518321988990579 25.1111103000515321 2.00078964233398438 0.0812000036239624023 61.5
30.5843131529775718 25.3423616594904253 1.55786812305450439 0 68
30.6658757241593207 25.2181830939303993 1.9260786771774292 -0.0812000036239624023 62.5
30.6890877957610115 25.2181830939303993 1.51183414459228516 0.0812000036239624023 61.5
30.7469923240276266 25.2657650554899362 1.5146867036819458 0 55.5
30.7564575698387515 25.2657650554899362 1.30846619606018066 -0.0812000036239624023 50.5
30.7359894256927966 25.2657650554899362 1.72357964515686035 0.0812000036239624023 49
30.6399480813278231 25.5277401471919028 1.24023807048797607 0 48
30.3148623856208097 26.0003221062950374 1.7300715446472168 0 50.5
30.4240503644273304 25.8989647656829298 2.76106119155883789 0 51.5
30.5578608217995757 25.7137934233968863 3.00344419479370117 -0.0812000036239624023 47
30.1514724603602353 26.3134849020059001 2.91631150245666504 -0.0812000036239624023 54
38.4459161454341682 11.4620096200429664 0.741305947303771973 -2.27360010147094727 49
38.4528895842892879 11.4620096200429664 0.114897079765796661 -2.35480022430419922 55.5
38.4953518416032736 11.2764915290798911 0.981982648372650146 -2.43600010871887207 56
38.4428695463026457 11.2764915290798911 2.23655867576599121 -2.51719999313354492 49.5
30.2981569411692817 26.1768046289838843 3.58283281326293945 0 69.5
30.3666609913810355 26.0411735169166114 3.9702904224395752 -0.0812000036239624023 64.5
38.4837076549859276 11.5738548964073811 1.04409456253051758 -2.27360010147094727 51.5
38.5177784019528886 11.4834341550291992 0.742691576480865479 -2.35480022430419922 58
38.5180486222364067 11.4131069117350563 1.46321702003479004 -2.43600010871887207 60
38.5393350503397372 11.3578497920039467 1.32626616954803467 -2.51719999313354492 55.5
30.2981569411692817 26.1768046289838843 3.58283281326293945 0.0812000036239624023 63
30.4012655720906722 26.2256424469249403 3.17089080810546875 0 69
30.4754035913465913 26.0897582891688558 3.55669689178466797 -0.0812000036239624023 64
38.5109009030061884 11.6860375670235488 1.55649518966674805 -2.27360010147094727 49.5
38.5492818863356632 11.5954481285194895 1.25463926792144775 -2.35480022430419922 54
38.6035746803442876 11.4344002378456082 1.04604244232177734 -2.43600010871887207 55
38.6035746803442876 11.4344002378456082 1.04604244232177734 -2.51719999313354492 52
30.4012655720906722 26.2256424469249403 3.17089080810546875 0.0812000036239624023 62.5
30.8422815077629195 25.9064056037001542 2.39466214179992676 0 55
30.7166214852958959 26.0929639936061299 1.94141566753387451 -0.0812000036239624023 50
38.6649666776889802 11.5262832250016647 0.536418676376342773 -2.35480022430419922 53
38.7112158234905905 11.3397248350956872 0.987489163875579834 -2.43600010871887207 47
30.0543827429772215 26.1414644172954347 -6.89484119415283203 0 46
38.7769639476818568 11.4214204922714941 0.281114429235458374 -2.27360010147094727 48.5
38.7523998151272977 11.4769868900667102 -0.843291163444519043 -2.35480022430419922 53
38.7879458484458368 11.3608026037676186 0.77991563081741333 -2.43600010871887207 49
32.1295773609888116 25.3552017269637275 1.30636179447174072 0 61.5
32.1425977398095029 25.3244991618049404 1.55747449398040771 -0.0812000036239624023 56
32.1375930925998858 25.3552017269637275 1.09148228168487549 0.0812000036239624023 55
32.1964537508679101 25.4016402968923281 1.09348142147064209 0 65.5
32.2192464189893926 25.3708814993582479 1.1354219913482666 -0.0812000036239624023 60
32.2192464189893926 25.3708814993582479 1.1354219913482666 0.0812000036239624023 59
32.2944210781616974 25.4172638369115589 0.493155539035797119 0 56.5
32.376524517001954 25.3094112322287685 0.636045753955841064 -0.0812000036239624023 51.5
32.4152603727149113 25.263188687364714 0.481946259737014771 0.0812000036239624023 50
32.0763202762312503 25.9695248128031082 2.10932636260986328 0 55
32.0896678849036761 25.9695248128031082 1.89545536041259766 -0.0812000036239624023 49.5
32.0066917568015796 26.1089515715912697 1.28453218936920166 0.0812000036239624023 48.5
32.1479074379444114 26.0166569153603113 1.89889538288116455 0 66.5
32.1345356046908464 26.0166569153603113 2.11315441131591797 -0.0812000036239624023 61.5
32.1479074379444114 26.0166569153603113 1.89889538288116455 0.0812000036239624023 60
32.4452961703026119 25.7061828452715915 2.58279061317443848 0 65.5
32.4630974891307247 25.680269354500151 2.61665630340576172 -0.0812000036239624023 60
32.4767855334852626 25.7061828452715915 2.15086984634399414 0.0812000036239624023 59
32.3341638368024533 25.9188145224517328 3.0198817253112793 0 68.5
32.3716376611755052 25.9188145224517328 2.58746123313903809 0.0812000036239624023 62
32.3765893460033851 26.1580508257935982 0.391620129346847534 0 63
32.3684273257701989 26.1580508257935982 0.825764238834381104 -0.0812000036239624023 58
32.3765893460033851 26.1580508257935982 0.391620129346847534 0.0812000036239624023 56.5
32.1047989496042945 26.392772227499858 3.40493607521057129 0 58
32.1852977271491838 26.2364478115423054 3.82693982124328613 -0.0812000036239624023 52
32.1271927459490882 26.392772227499858 3.18671202659606934 0.0812000036239624023 51.5
32.2089242161704306 26.2523150309080009 4.30718898773193359 0 63
32.2993674135537248 26.0591681515793852 4.77716636657714844 -0.0812000036239624023 57.5
32.3308498612170325 26.0591681515793852 4.55923748016357422 0.0812000036239624023 56.5
32.2216238337572563 26.2732993435134539 4.78574323654174805 0 62
32.2898263473103029 26.105953487822287 5.22198200225830078 -0.0812000036239624023 56.5
32.3243330895240106 26.105953487822287 5.00393152236938477 0.0812000036239624023 55.5
32.2186547019564884 26.7290211298839324 -2.28551959991455078 0 60
32.2583781408612182 26.7290211298839324 -1.63168752193450928 -0.0812000036239624023 54.5
32.184714431657838 26.7290211298839324 -2.72205901145935059 0.0812000036239624023 53.5
29.3226755745141432 27.0969813609355867 13.0358877182006836 0 65.5
29.0217208219624467 27.0969813609355867 13.692814826965332 -0.0812000036239624023 60
29.8340177110324873 26.9657738199665005 12.1152105331420898 0.0812000036239624023 59.5
30.7615027217145425 27.1453693198743089 9.3361968994140625 0 64.5
30.8269124754188333 27.1453693198743089 9.11789703369140625 -0.0812000036239624023 59
30.8269124754188333 27.1453693198743089 9.11789703369140625 0.0812000036239624023 58.5
29.8788599457460755 26.9672743109670137 -12.515690803527832 0 53.5
29.6467901736572195 27.0620811347165073 -12.8582401275634766 -0.0812000036239624023 48
29.9699438178213597 26.9672743109670137 -12.2959861755371094 0.0812000036239624023 47.5
32.2461702026572326 26.9202837503407757 4.29344987869262695 0 52
32.2690980431950578 26.7883733046805403 4.90297746658325195 -0.0812000036239624023 46.5
32.1785809028927758 26.8780724077294977 5.00589847564697266 0.0812000036239624023 45.5
32.6217127779614131 26.6139520909038403 4.10020589828491211 0 47
31.8901610701965872 27.4032217041355928 -9.2403411865234375 0 46
30.0198938157053838 -29.9960973840164655 -8.47146797180175781 0 59
30.1429684436423173 -29.9960973840164655 -8.02254581451416016 -0.0812000036239624023 53
29.818332390564283 -30.1096575147293457 -8.7750396728515625 0.0812000036239624023 53.5
33.4576772675624099 26.8876603628248567 6.58547353744506836 0 56
33.5438361826357792 26.8876603628248567 6.1315312385559082 -0.0812000036239624023 50
33.3513871399445776 26.9147922098105532 7.00069808959960938 0.0812000036239624023 50
31.5548961810767814 27.3689558494300726 12.1440887451171875 0 55
31.2702350084650185 27.4124417772941165 12.7663755416870117 -0.0812000036239624023 49
31.6244177430258944 27.4124417772941165 11.8618841171264648 0.0812000036239624023 48.5
30.3501139869776182 28.020551732419019 13.8744344711303711 0 51
30.3962873087644674 27.8789787932346265 14.0573501586914062 -0.0812000036239624023 45.5
30.2030019597632347 -30.9675310014434046 -6.87247276306152344 0 48.5
33.102169257265416 27.8351643583948736 7.38008737564086914 0 52
32.9762342298474209 27.7693731485660891 8.15141201019287109 0.0812000036239624023 46
36.0689557902499658 25.0708562045680274 1.44399464130401611 0 60
36.1518748163137076 24.9555247740541333 1.36612677574157715 -0.0812000036239624023 55
36.0205774903379918 25.1312679062657836 1.59372138977050781 0.0812000036239624023 53
36.1542137019622345 25.1136396701026534 -0.61528480052947998 0 63
36.238640136600516 24.9981114262752371 -0.237113967537879944 -0.0812000036239624023 58
36.2327802718440424 24.9981114262752371 -0.693316757678985596 0.0812000036239624023 56
36.2379345454755821 25.0902945315567401 -1.4489215612411499 0 57.5
36.2534008841375979 25.0902945315567401 -0.989090085029602051 -0.0812000036239624023 52.5
36.2038827814672786 25.0902945315567401 -2.1368558406829834 0.0812000036239624023 51
36.214197452439862 25.1992066011719018 -2.22772622108459473 0 52
36.2219519561754311 25.2599275809337627 -1.15636742115020752 -0.0812000036239624023 47.5
36.2606657484390098 25.2419878906490744 -2.46347641944885254 0 55.5
36.3398174820713109 25.1756343627875658 -1.91508710384368896 -0.0812000036239624023 50.5
36.3006670511127894 25.1258692168914344 -3.00245022773742676 0.0812000036239624023 49.5
36.3741362035555937 25.2183053635716057 -2.38014364242553711 0 55.5
36.4014110196133629 25.2183053635716057 -1.91833305358886719 -0.0812000036239624023 50.5
36.3019757746922309 25.2183053635716057 -3.30294251441955566 0.0812000036239624023 48.5
36.1435553942086543 25.9149808178445795 0.288055270910263062 0 55
36.1873443559043011 25.8482898957313161 0.606413543224334717 -0.0812000036239624023 49.5
36.101935028706194 25.9649990094295227 -0.703435719013214111 0.0812000036239624023 49
36.4688486514495764 25.5856971688525014 0.31283724308013916 0 51
36.4685081970448053 25.5745632710418604 -0.83216780424118042 0.0812000036239624023 46
36.7271369792085451 25.3109187094939045 -1.3658221960067749 0.0812000036239624023 46.5
36.860888271670575 25.1803020322364866 -2.3059391975402832 0 54.5
36.9499894069436223 25.0239026407319116 -2.56763386726379395 -0.0812000036239624023 48
36.7769340157289548 25.3087729609723837 -2.23898100852966309 0.0812000036239624023 49
37.193185429773763 24.6574497639612069 -3.67123270034790039 -0.0812000036239624023 50
37.5719727273791477 24.2896285660584006 -3.14382648468017578 0 51.5
37.5148625166056036 24.3905084262773748 -3.04316163063049316 -0.0812000036239624023 46.5
37.1810709781727411 25.1918478660644602 -2.81761002540588379 0 48.5
32.2384031054241191 -31.414235350650543 -3.51480841636657715 0 45.5
32.2119988894004479 -31.726378634606526 -1.06055581569671631 0 46
38.9304983612102617 23.6530470128054624 -2.07600498199462891 0 56
38.997847024551028 23.5846691365940266 -1.51373744010925293 -0.0812000036239624023 51
38.7412421343628921 23.8974214673309966 -3.77295589447021484 0 59.5
38.8759193992025089 23.7433182001664562 -3.33521342277526855 -0.0812000036239624023 54.5
37.9586664876644022 24.5655192972813161 -6.98122262954711914 0 52
38.1803340415389911 24.3597108973040974 -6.47525596618652344 -0.0812000036239624023 46.5
37.6745421968748673 24.777044597257909 -7.73236846923828125 0.0812000036239624023 45.5
39.1705135553996726 23.7697553290131722 0.774766981601715088 0 56
39.0444146530301381 23.9415434908706466 1.50559854507446289 -0.0812000036239624023 50.5
39.2194959807376762 23.7010400642701811 0.149961575865745544 0.0812000036239624023 50
38.9784874474188285 24.2273607817385681 -0.722844779491424561 0 61
38.9844084199252379 24.2273607817385681 -0.247212514281272888 -0.0812000036239624023 55.5
38.9666718071321228 24.2273607817385681 -1.2015225887298584 0.0812000036239624023 55
38.9750764511181416 24.2669483739440999 -2.39988374710083008 0 58.5
39.0222728787760929 24.2669483739440999 -1.44160342216491699 -0.0812000036239624023 53
39.0126150117610706 24.2669483739440999 -1.68281495571136475 0.0812000036239624023 52.5
38.5413812259421107 24.6400732964533908 -5.91138219833374023 0 52.5
38.4022904167964185 24.9340250480602066 -5.57440328598022461 -0.0812000036239624023 47
38.6762615873286251 24.6400732964533908 -4.95270872116088867 0.0812000036239624023 46.5
39.1501561852936106 24.385709137052114 -2.65379619598388672 0 57
38.9887824933810521 24.6339538086650975 -2.73555278778076172 -0.0812000036239624023 52
39.0947111594905081 24.385709137052114 -3.37354898452758789 0.0812000036239624023 50.5
39.0954737308487097 24.7202044312444187 -1.35325479507446289 0 55.5
39.0644829188131979 24.7953769827312449 -0.728750348091125488 -0.0812000036239624023 50.5
39.0558742268126977 24.9571937834244402 0.315995872020721436 0 51.5
38.9936017421446692 25.0556556758166913 0.189599871635437012 -0.0812000036239624023 46
38.8938039674157849 25.2062444524166054 -0.489793181419372559 0.0812000036239624023 45.5
39.064070074626386 24.9975780009466071 -2.09775805473327637 0 52.5
39.1902619477622736 24.800335566035443 -2.08510851860046387 -0.0812000036239624023 46.5
39.064070074626386 24.9975780009466071 -2.09775805473327637 0.0812000036239624023 46.5
39.3672421709489839 24.5836450845711916 -3.88527274131774902 0 50
39.8581993825412226 26.19671060954769 -0.588602781295776367 0 48.5
39.8314299029431069 26.30954014410624 -1.92771053314208984 0 51.5
39.7004859105987933 26.4886384432492328 -2.16200780868530273 -0.0812000036239624023 46
27.3682982977142153 40.1609807157902381 -0.178924590349197388 0 51
27.3654946487475286 40.1609807157902381 -0.430736929178237915 0.0812000036239624023 47
32.9381978912423321 35.3448676696328192 5.92211246490478516 0 55
32.8615866657661613 35.3813621122447302 6.12627601623535156 -0.0812000036239624023 50
33.06711494330645 35.2962084128169451 5.47719573974609375 0.0812000036239624023 49
32.4974282406143473 35.8683957207721349 5.8256525993347168 0 57.5
32.3516654662102994 35.8683957207721349 6.58715963363647461 -0.0812000036239624023 52.5
32.4508676108375411 35.8683957207721349 6.07965612411499023 0.0812000036239624023 51
32.938666218284304 -38.519535578662115 1.33408546447753906 0 52.5
34.9715892576067731 36.8733881057976589 1.750388503074646 0 52
35.0522055350851218 36.8352629414628723 0.478411644697189331 -0.0812000036239624023 46
35.2211901857047209 36.6001577613983358 2.37043285369873047 0.0812000036239624023 47
26.6728238009127026 42.2143425102527061 -10.3687095642089844 0 46
51.7778524494616974 5.36833787327772427 3.88266229629516602 0 46.5
34.2611178453919436 -40.1744018034732662 -0.183586359024047852 0 50.5
34.1667328344519632 -40.2535761870570497 -0.352773547172546387 0.0812000036239624023 45.5
34.5409491285018007 -40.0332511714961186 -0.165820106863975525 0 55.5
34.5350483377375355 -40.0332511714961186 0.65967261791229248 -0.0812000036239624023 49.5
34.2862714694034452 -40.2314682923320461 -1.28319978713989258 0.0812000036239624023 50
53.048200535717875 10.7655977838089072 1.48760116100311279 0 49
52.8977355650317804 11.8511060830178288 -1.31596231460571289 0 50.5
52.9389524820978323 11.6613799707682571 -1.35291945934295654 -0.0812000036239624023 47.5
52.9685849197090661 11.5665169146434721 -0.946353793144226074 0.0812000036239624023 45
53.0393504016688127 11.5078766743422367 -1.69894349575042725 0 51
53.1063484594379247 11.2907469257697404 -0.851427912712097168 -0.0812000036239624023 47.5
26.5668839413287188 47.1414669823366665 -5.34075021743774414 -0.406000018119812012 47.5
26.3773245090196511 47.3385126067944029 -4.46574878692626953 -0.487200021743774414 45.5
41.6981515581440121 35.0073537780994926 2.95384788513183594 0 45
41.8953601965933657 35.5504504064938871 1.78749239444732666 0 49
52.0816197278268405 17.8304310245091493 -0.288992643356323242 0 48
52.2212927459462222 17.6342947265533532 0.856849014759063721 0 48.5
54.3937873799968585 9.72525315657183675 1.43562996387481689 0 59
54.4058857868090158 9.72525315657183675 0.862949132919311523 -0.0812000036239624023 53.5
54.3602829751089303 9.98081733753288702 0.817732036113739014 0.0812000036239624023 53
54.378117849955224 10.3263525481648006 0.0981132760643959045 0 68
54.3557147377758554 10.4439332536696927 -0.0566020645201206207 -0.0812000036239624023 62.5
54.3434982336689885 10.4992653503778754 -0.415093451738357544 0.0812000036239624023 62
54.3323723016412785 10.6381580560460272 -2.59879422187805176 0 64.5
54.3323723016412785 10.6381580560460272 -2.59879422187805176 -0.0812000036239624023 59
54.3323723016412785 10.6381580560460272 -2.59879422187805176 0.0812000036239624023 58.5
54.4675407856961087 10.472236882566639 1.96717202663421631 0 54.5
54.4427176990101742 10.208697146449067 3.46750020980834961 -0.0812000036239624023 46.5
54.4764522417689463 10.5277189322756026 1.31664657592773438 0.0812000036239624023 49.5
52.3263572553534715 19.1631995364534156 -0.00379555346444249153 0 50.5
52.3439510260016689 19.0726757014338304 1.27260744571685791 -0.0812000036239624023 45.5
53.0106626785997435 17.6507893735927546 0.579018890857696533 0 52.5
52.8916188610245115 17.9998951760767909 0.704720199108123779 -0.0812000036239624023 46.5
52.9794938776057265 17.7485389982882857 -0.422833889722824097 0.0812000036239624023 46
53.0521237775313992 17.7723615695590347 -0.133504226803779602 0 68.5
53.0520499196032915 17.7723615695590347 0.160211637616157532 -0.0812000036239624023 63.5
53.0521237775313992 17.7723615695590347 -0.133504226803779602 0.0812000036239624023 62.5
53.1488808520228488 17.6981733167843949 -0.87847602367401123 0 69.5
53.1528865262916383 17.6981733167843949 -0.588211536407470703 -0.0812000036239624023 64
53.1794723823769147 17.621163860105348 -0.488903850317001343 0.0812000036239624023 63
54.8707107396197102 11.6650256497112004 -0.585173845291137695 0 58
54.866779054974792 11.6650256497112004 -0.879652023315429688 -0.0812000036239624023 52
54.8730422664862516 11.6650256497112004 -0.294504761695861816 0.0812000036239624023 52
53.8434096032023817 -15.9485398862931529 1.47049272060394287 0 56
53.9286601610091694 -15.7239125639509965 0.298723965883255005 0.0812000036239624023 49.5
54.8927583265014363 11.393969910786268 -4.5853424072265625 0 51.5
50.3734453210030253 -19.1206135554018388 -18.3677482604980469 -0.0812000036239624023 51.5
50.3680808683884891 -19.1206135554018388 18.3824462890625 0.0812000036239624023 51.5
50.8651914492800472 -18.8822659238917439 17.4697704315185547 0.0812000036239624023 54
41.6924559237003578 39.0779553367436705 0.88053208589553833 0 47.5
42.0292300190790442 38.8360560009881084 0.0741294547915458679 0 49
41.8267465503730733 39.1447222726193189 1.22655963897705078 0 52.5
41.9544113478826759 39.0015186059918477 1.41402590274810791 -0.0812000036239624023 48
41.9300132088323849 39.0015186059918477 2.01145529747009277 0.0812000036239624023 46
41.8142050063135216 39.2318071155424377 2.08054089546203613 -0.0812000036239624023 48.5
41.371917081723673 39.7265064377230814 1.43542516231536865 0.0812000036239624023 45.5
57.0155041813453636 -10.7430303481751288 1.90329968929290771 0 59
56.9780688735334166 -10.7430303481751288 2.80884838104248047 -0.0812000036239624023 53.5
57.0324922573493325 -10.7430303481751288 1.29800999164581299 0.0812000036239624023 53
57.0657241080811843 -10.756910372809692 2.51162290573120117 0 68
57.0516846945786185 -10.756910372809692 2.81247735023498535 -0.0812000036239624023 62.5
57.0687229294736227 -10.8440696736022062 2.02061128616333008 0.0812000036239624023 62
57.179174498492003 -10.5526102919196134 2.53468751907348633 0 65.5
57.1094399123581695 -10.7707896914768746 3.12123608589172363 -0.0812000036239624023 60
57.1518187164123859 -10.7707896914768746 2.21355342864990234 0.0812000036239624023 60
57.2254687155690505 -10.7846697161114378 2.21640586853027344 0 54.5
57.1989125924128317 -10.7846697161114378 2.81973528861999512 -0.0812000036239624023 49
57.272964638380806 -10.6244653043933734 1.70418167114257812 0.0812000036239624023 48.5
57.2996546747323308 -10.8860464300700723 1.72227621078491211 0 50.5
57.2810303379387165 -10.9662517286171397 1.82963871955871582 -0.0812000036239624023 45.5
57.2705797901130396 -10.9662517286171397 2.13180065155029297 0.0812000036239624023 45
57.6759677951346887 -10.6037721358810408 3.10941219329833984 0 47
57.705194877166015 -10.7201814837224632 3.55364108085632324 0 46
55.6315630302176771 18.5411440375823453 -6.03802919387817383 0 48
37.4795148049548459 46.0707837978757055 3.1693723201751709 4.54720020294189453 50.5
37.4795148049548459 46.0707837978757055 3.1693723201751709 4.46600008010864258 52
37.52677822818805 46.1288812136148323 3.17336893081665039 4.54720020294189453 54.5
37.7167677601835152 45.9577303396169086 3.39632511138916016 4.46600008010864258 56.5
37.8007039089480088 45.853551546748605 3.84209132194519043 4.38479995727539062 47
47.2427125327744761 35.6069904596254432 8.02237319946289062 -0.243600010871887207 45.5
46.7289894630481299 36.0471355333983112 9.00532341003417969 -0.324800014495849609 46
37.3589283606672353 46.5136361859971927 2.20959186553955078 4.54720020294189453 54
37.6884554441837736 46.2450730901357829 2.25026440620422363 4.46600008010864258 55
37.363806229604549 46.5720709959880779 2.83532500267028809 4.46600008010864258 45
37.7666672755223516 46.4285773927052787 0.297868877649307251 4.54720020294189453 48
37.8370156454493483 46.3612679216140506 1.00780832767486572 4.46600008010864258 50
37.6209144133374096 46.644011402867072 0.0939644798636436462 4.54720020294189453 46.5
37.9909409304789563 46.3295069111476252 1.12752926349639893 4.46600008010864258 48
59.6749758479636867 7.28331204002181742 -1.96805155277252197 0 46
59.7605006906684864 7.46548443764955127 -2.63251854448753875e-06 0 45
59.8045422788612839 7.58027239197581437 1.4305187463760376 0 46
38.8555830179724921 46.2261422907702837 4.08204507827758789 4.46600008010864258 46
59.328399459117044 7.27864498168037866 10.4220170974731445 0 46.5
60.1785509092216699 7.91989345551339685 3.93676209449768066 -0.0812000036239624023 45.5
59.926177539081003 8.10991009312168387 6.53937482833862305 0.0812000036239624023 45.5
59.9127688642704967 7.65569779228141467 7.78847503662109375 0 49.5
60.6528569084314668 7.49302883319011137 -1.16260790824890137 0 48.5
50.776984158474832 -33.9363171313594947 2.50801992416381836 -3.5728001594543457 45
49.9972813282638171 -35.4208073860028492 0.513829827308654785 -3.4104001522064209 47.5
41.5645089428672421 44.9396716066975657 4.07925844192504883 0 45
50.0609653498667271 -35.4641625473529416 -0.125480145215988159 -3.32920026779174805 49.5
50.0609653498667271 -35.4641625473529416 -0.125480145215988159 -3.4104001522064209 52
41.412969964999256 45.3323388645914633 1.72513294219970703 0 47.5
50.1105878080924896 -35.507517708703034 -1.08457410335540771 -3.32920026779174805 46
49.9788830825312189 -35.699408746903984 -0.833342969417572021 -3.4104001522064209 47.5
41.0788088499317823 45.7412008911708199 1.58892464637756348 0 46
46.8680838626689535 38.695063052378373 9.87700939178466797 0 53.5
46.7039215457579289 38.7412293634370783 10.4566574096679688 -0.0812000036239624023 48
47.1573833136190572 38.4103708008496341 9.60757160186767578 0.0812000036239624023 47
47.2205864331984984 39.0195304155396059 6.95809555053710938 0 54
47.3522764609279889 39.0195304155396059 5.99674320220947266 -0.0812000036239624023 48.5
47.4590443266631681 38.7884176983695781 6.6197199821472168 0.0812000036239624023 47.5
38.5160335043904283 47.813688540305769 -6.35156822204589844 4.62840032577514648 49
38.0342711344068078 48.1497960051524316 -7.36422014236450195 4.62840032577514648 53.5
37.0269445792204834 47.9412884683217797 -12.2424831390380859 4.54720020294189453 50
37.7217507650711781 -48.8267806892750613 4.6401524543762207 4.62840032577514648 49.5
37.6810611251752192 -48.8267806892750613 4.95978689193725586 4.54720020294189453 48
41.7772947285145122 45.5804506336744097 3.85783910751342773 0 51
36.87294179280196 -49.5439680800808802 4.85632896423339844 4.62840032577514648 50
37.0403950497427061 -49.4046256698556618 4.99947547912597656 4.54720020294189453 49
41.6013256940413285 45.9689098721885543 1.81384587287902832 0 50.5
52.318817455997177 33.2205134981082182 3.94323515892028809 0 50.5
52.2053910769221119 33.3849450770815608 5.07678413391113281 0 50
52.1357182923078568 33.3150208262801328 6.14061737060546875 -0.0812000036239624023 45
61.7965158958965048 7.25755813410588324 1.89253842830657959 0 48.5
36.1318124749463294 49.843871030867362 9.72040367126464844 4.62840032577514648 45.5
36.5922600032428136 50.3327134612904743 4.62437057495117188 4.62840032577514648 48
54.5791982897537551 30.6242906609988097 4.89540481567382812 0 48
50.8576653707169939 36.7946257735884714 3.12669825553894043 0 45.5
50.298415159371487 37.4911695990281189 4.90282487869262695 0 46.5
54.3794514270170808 31.5667072053786733 -4.98738574981689453 0 45.5
51.2108017307447483 37.3237210891971927 0.885718762874603271 0 48.5
53.0152657155083062 -34.7182671875748952 -0.643774032592773438 4.46600008010864258 50.5
52.8988626748291964 -34.9004113813053323 0.250599801540374756 4.38479995727539062 50.5
41.0848431033938155 48.0398985175736328 5.48694133758544922 0 46.5
53.1426325182357715 -34.6483506390158098 -1.12032926082611084 4.46600008010864258 50.5
53.1125172733161932 -34.6483506390158098 -2.11061000823974609 4.38479995727539062 50.5
52.6120427235785542 35.5624927584767576 1.64557301998138428 0 52.5
53.0482511413364506 -34.5464215368059939 -5.27765369415283203 4.38479995727539062 45
52.5343086511724735 35.5624927584767576 3.29868841171264648 0.0812000036239624023 46.5
51.198585688467297 37.6390212900487313 2.63989543914794922 -0.0812000036239624023 45
51.9938060453971147 36.6217504443717345 -0.67207866907119751 0.0812000036239624023 45.5
52.6232251745268655 34.8826135866503151 8.27682018280029297 0 45
52.1651971446649156 36.5010028850394974 3.2452690601348877 0 50.5
51.8648552180901632 36.9152438606008388 3.37113857269287109 -0.0812000036239624023 45
51.1317690131596336 38.1151256974608614 2.53184819221496582 0 48
38.9093141037408117 -50.6642936402797304 -1.55076050758361816 4.70960044860839844 47
53.2243631121476639 -35.2613901836840498 -2.64799237251281738 4.38479995727539062 45.5
52.2194175074239837 36.9240513008316213 4.665008544921875 0 51
52.3861341714446525 36.5794909262795898 5.4451298713684082 -0.0812000036239624023 45
51.4387504031306619 37.9941077383220644 5.66952085494995117 0 47.5
39.2121784614931173 -50.8893333152600746 -1.98913884162902832 4.70960044860839844 47.5
38.8150752383410591 -51.0210880615071432 -5.58224678039550781 4.70960044860839844 50
38.1591292845353962 -51.1175818450750015 -8.473297119140625 4.62840032577514648 47
38.4401386838300709 -51.2657127388053411 -6.69055843353271484 4.70960044860839844 49
38.1827774485956368 -51.2657127388053411 -8.03014564514160156 4.62840032577514648 46.5
57.3465748203886037 28.2660405509701391 8.52356815338134766 0 46
57.6951221149338593 29.3352067087773776 0.211811542510986328 0 52.5
57.6047759064463776 29.5050548865784066 -0.683966875076293945 -0.0812000036239624023 47
53.4553703017671111 -36.4930942018206537 -0.322129368782043457 4.54720020294189453 49.5
53.6309487728032792 -36.2342779308857601 0.353017419576644897 4.46600008010864258 51.5
57.6886947071785769 29.3352067087773776 0.886934041976928711 0.0812000036239624023 46.5
53.5089699722057262 -36.5353787972469419 -0.998396575450897217 4.46600008010864258 53
56.98592015896795 30.3922118925381106 -6.13874292373657227 0 49.5
56.1595016032290388 32.7619989186110132 1.00629866123199463 0 50
57.810514652901368 29.8468318028849957 -2.26308250427246094 0 53
57.7802546439239535 29.7817528564627878 -3.53559517860412598 -0.0812000036239624023 47.5
57.6719561628324868 30.1966311399043583 -0.346182733774185181 0.0812000036239624023 46
58.5622922331807985 28.5618492894664939 -1.56838226318359375 0 52.5
58.5616288972420662 28.496695370357358 -2.50103998184204102 -0.0812000036239624023 47.5
58.7536482384529037 28.2112727514820882 4.41466474533081055 0 50
59.2172137264360146 27.6470789934629906 2.47402644157409668 0 52
59.2968263102594833 27.4100806810744544 3.11995506286621094 -0.0812000036239624023 47
58.5821506127600884 29.5380976606654251 1.50764369964599609 0 50.5
59.3268591662169698 27.535816272227251 6.21235036849975586 0 46
64.9804691776971168 11.0718176496647871 1.02921617031097412 0 55.5
64.9347092894845304 11.294242557805374 1.42466831207275391 -0.0812000036239624023 50
64.9496776477357258 11.294242557805374 -0.292147666215896606 0.0812000036239624023 48.5
65.058957259682515 11.0844130610683624 0.68394172191619873 0 62
65.0200351653164716 11.3070910020273239 0.737935423851013184 -0.0812000036239624023 56.5
65.0616549902239143 11.0844130610683624 0.341977953910827637 0.0812000036239624023 55.5
65.0776324124539229 11.2704005311986357 -1.94578409194946289 0 56.5
65.1219062813266873 11.0970097537955787 -1.37836647033691406 -0.0812000036239624023 51.5
65.0783471084089058 11.0970097537955787 -2.75162839889526367 0.0812000036239624023 50
58.0207388416843912 31.741729043426151 1.37091374397277832 0 48.5
64.9536109881341019 12.8600458982273675 1.18287444114685059 0 52.5
64.9205906632329999 13.0669320935012969 0.568885505199432373 -0.0812000036239624023 48.5
65.1520638334242648 12.2698175266946823 0.592133104801177979 0 55.5
65.1257557592258962 12.3692353594565567 1.1525728702545166 -0.0812000036239624023 50.5
65.1985815876108319 12.0212729447899971 0.569529712200164795 0.0812000036239624023 48.5
65.3359034532571172 11.6782209036255953 -0.692351400852203369 0 52.5
65.3167090574741991 11.6782209036255953 -1.7284470796585083 -0.0812000036239624023 47.5
64.7853541418574963 10.6405569379660143 10.7336835861206055 0 49
63.9479568431081873 10.6525537881824128 15.2559108734130859 0 49
65.5132565402656013 10.8145196442824787 6.05107831954956055 0 55.5
65.4451543464779917 10.8145196442824787 6.74787998199462891 -0.0812000036239624023 50.5
65.6189875321872478 10.5145791918986813 5.39891767501831055 0.0812000036239624023 49
65.5812077214543336 10.9434586741987161 5.90831232070922852 0 64
65.482386898044183 10.8266839627362295 7.09946250915527344 -0.0812000036239624023 58.5
65.611725880322453 10.9434586741987161 5.55919599533081055 0.0812000036239624023 57.5
65.8630185818809224 11.1478151829040772 1.83580696582794189 0 64.5
65.8256910373583395 11.1478151829040772 2.87845134735107422 -0.0812000036239624023 59
65.8675760219143172 11.2229689931259013 1.0432668924331665 0.0812000036239624023 58
65.0129044421859419 11.5030778427325604 -10.7986898422241211 0 59
65.2930896448228424 11.4612788680133271 -9.00344657897949219 -0.0812000036239624023 53.5
64.9544082169897763 11.5030778427325604 -11.1451330184936523 0.0812000036239624023 52.5
65.6631528379285072 11.78378781617368 -5.92822647094726562 0 52
65.7222911506154048 11.78378781617368 -5.23203897476196289 -0.0812000036239624023 47.5
65.6306010983363279 11.78378781617368 -6.27835655212402344 0.0812000036239624023 45.5
65.4936995737683674 10.1883035078354816 10.1230583190917969 0 50.5
65.6276637031709811 9.65207700742308816 9.77496814727783203 -0.0812000036239624023 45
65.8677117733801651 12.3470044838794486 3.84205222129821777 0 61
65.8232314054347114 12.3470044838794486 4.54087495803833008 -0.0812000036239624023 55.5
65.9262459954628071 12.1708583601284523 3.37137269973754883 0.0812000036239624023 54.5
65.55258970721097 12.6295139238376191 7.69373846054077148 0 57.5
65.3705700401371814 12.780665021330357 8.898529052734375 -0.0812000036239624023 51.5
65.5049371365652604 12.780665021330357 7.8484644889831543 0.0812000036239624023 51.5
66.8553012238972997 -8.07938622637275472 1.05605518817901611 0 58
66.8074143815709789 -8.34869910058517917 1.7584298849105835 -0.0812000036239624023 52
66.8296865061491872 -8.25612280007465849 1.28560221195220947 0.0812000036239624023 52
64.2860031337803406 -17.2936049256475783 -11.6026744842529297 0 53
64.3489212808273692 -17.2936049256475783 -11.2484979629516602 -0.0812000036239624023 48
64.2219765510680531 -17.2936049256475783 -11.9519872665405273 0.0812000036239624023 46.5
64.864019787493163 -17.1606346704132378 -8.64257717132568359 0 58
64.9540526355699797 -17.1606346704132378 -7.93766021728515625 -0.0812000036239624023 53
64.864019787493163 -17.1606346704132378 -8.64257717132568359 0.0812000036239624023 51.5
64.302416787094387 -16.9680887461733434 -12.8046751022338867 0 49
65.5774441166633153 -16.2667367828437044 -5.64203500747680664 0 56
65.1286365458885967 -16.3387142232173979 11.3542060852050781 0 56.5
65.1899055138494532 -16.3387142232173979 10.9969730377197266 -0.0812000036239624023 51
65.305109525474208 -16.3387142232173979 10.2907657623291016 0.0812000036239624023 50.5
66.1885966591304111 -16.1352105850744039 2.56042885780334473 0 51
66.1485779929958824 -16.0415002807260301 3.85574793815612793 -0.0812000036239624023 45
50.2839604638085333 46.1543372265611112 5.4888310432434082 0 48.5
65.7340313180239235 -16.8150156250825589 9.76704025268554688 0 49
65.94732531008016 -18.6803562433027643 4.65676021575927734 0 47.5
63.6988671603304581 25.7545407774775974 6.33703136444091797 0 46.5
50.9860659789054935 46.4033868444674766 4.30153751373291016 0 47
49.7313701954543319 47.5598105969884841 6.82480049133300781 0 50.5
49.6269239164827738 47.5598105969884841 7.54688835144042969 -0.0812000036239624023 45
49.8246529472782029 47.5598105969884841 6.10665655136108398 0.0812000036239624023 45
63.4746059713877173 23.5543787920322671 14.7870101928710938 0 45
65.6033949567846548 23.7233735854067582 4.40523147583007812 0 49.5
48.8133622568563155 49.6855249026163435 8.75470447540283203 0 50
65.725242438353888 23.8857710340203333 6.94536924362182617 0 47
65.815290655879366 23.6299553484862912 7.68739080429077148 0 52
65.8771798161359499 23.876100716699689 6.26517963409423828 -0.0812000036239624023 46.5
65.9273519600504869 23.6551461712934383 7.32799148559570312 0 49.5
48.0503208968874631 51.4165626051180524 6.23912191390991211 0 46
66.2541843908148707 24.5071246845295647 3.4366004467010498 0 48
66.7360152678404717 22.8786973928099151 5.95902729034423828 0 47.5
68.1172986084883689 20.3316777491797041 3.54085516929626465 0 60
68.0747149482102571 20.3316777491797041 4.28216838836669922 -0.0812000036239624023 54.5
68.0970791204875496 20.4917696999606456 2.95916628837585449 0.0812000036239624023 54
68.3204868985992988 19.9435462273010309 3.33595371246337891 0 66
68.3204868985992988 19.9435462273010309 3.33595371246337891 -0.0812000036239624023 60.5
68.3377110535312511 19.9435462273010309 2.96228432655334473 0.0812000036239624023 59.5
68.5885152267861571 19.3941252661745906 2.59611845016479492 0 60.5
68.5072285886474361 19.6793329906771604 2.59611845016479492 -0.0812000036239624023 55.5
68.4965984581017864 19.7238966976306855 2.53780269622802734 0.0812000036239624023 53.5
68.4524215448923599 19.4145178370184759 5.94161415100097656 0 56.5
68.4524215448923599 19.4145178370184759 5.94161415100097656 -0.0812000036239624023 51
68.4312666087941466 19.7000254522687506 5.19911098480224609 0.0812000036239624023 51
68.6118234504867814 19.4349124823863519 4.8351445198059082 0 58
68.6118234504867814 19.4349124823863519 4.8351445198059082 -0.0812000036239624023 52
68.5847861254344195 19.4349124823863519 5.20457267761230469 0.0812000036239624023 52
55.1102134335014568 -45.664066763798786 2.79246997833251953 5.03439998626708984 48.5
55.1554957345925558 -45.664066763798786 1.67477262020111084 4.95320034027099609 47
55.2132537054395627 -45.7118854589582071 1.67652642726898193 5.03439998626708984 54.5
55.2132537054395627 -45.7118854589582071 1.67652642726898193 4.95320034027099609 52.5
55.4791561553496564 -45.5354749697295063 -0.48444560170173645 5.03439998626708984 50
55.4639861454404723 -45.5354749697295063 1.38474810123443604 4.95320034027099609 48
68.3461530512171009 23.5170033421729805 1.74476170539855957 0 52
68.4968511267435645 21.9948824106805638 7.90866899490356445 0 51
68.0949296970155586 22.4793957919349268 10.3324861526489258 0 49
49.7807097034065436 52.201108712172406 7.5366673469543457 0 49
47.7399282115227521 54.4734347841353213 12.4817590713500977 0 47
49.6305683123097907 54.2991758041410151 1.29910755157470703 0 45
70.9596782579219081 23.5706859329918181 8.90154552459716797 0 46.5
46.4999745261773754 64.8375184452833935 3.72346758842468262 0 53
46.0833154401864533 65.1569150878710133 3.30456066131591797 0.0812000036239624023 46.5
46.2157283817614797 65.2180990239746308 1.64600861072540283 0 50.5
46.1785050137522148 65.2180990239746308 2.47968959808349609 -0.0812000036239624023 45.5
46.0055211274922868 66.7248114304212976 -13.7161264419555664 0 56
46.0055211274922868 66.7248114304212976 -13.7161264419555664 0.0812000036239624023 50.5
46.1739781932571205 66.7856892522052448 -13.2970609664916992 0 49.5
85.8032315247770896 18.733598120757442 0.299383014440536499 0 46
90.3842579232541681 11.4741183934981716 5.49146318435668945 0 50
90.5338237633922631 11.4835471679651224 4.07173633575439453 0 54.5
90.5716281292047114 11.4835471679651224 3.11960244178771973 -0.0812000036239624023 49
90.610508880907318 10.9584545539229783 3.8041839599609375 0.0812000036239624023 48
