
X Y Z V_r Mag
7.79926082900462081 0.0536076537639615797 0.093059733510017395 0 73
7.79867402701316692 0.0536076537639615797 0.133470594882965088 -0.0812000036239624023 67.5
7.79964208714356655 0.0536076537639615797 0.0521145202219486237 0.0812000036239624023 67
7.87366156149288265 0.0541231139269428216 0.134753972291946411 0 81
7.87285755919027785 0.0541231139269428216 0.175549790263175964 -0.0812000036239624023 75
7.8742540058325643 0.0541231139269428216 0.0939545407891273499 0.0812000036239624023 75
7.94864861921651311 0.0546385708127291037 0.136037334799766541 0 77.5
7.94783695976905769 0.0546385708127291037 0.177221685647964478 -0.0812000036239624023 71.5
7.94895992074261137 0.0844414276196722574 0.0970166102051734924 0.0812000036239624023 71.5
7.99885788775472406 0.641792360444629395 -0.0837080255150794983 0 71.5
7.99362294687221731 0.692935189167560806 -0.149902284145355225 -0.0812000036239624023 65.5
7.99755559852698283 0.641792360444629395 -0.16685950756072998 0.0812000036239624023 66
8.13682600042494286 -0.784546137562059487 -0.0847152546048164368 0 68.5
8.13682600042494286 -0.784546137562059487 -0.0847152546048164368 -0.0812000036239624023 62.5
8.13550336275258346 -0.784546137562059487 -0.16942104697227478 0.0812000036239624023 63
8.2091245844431775 -0.791743790076311571 -0.214272871613502502 0 63
8.21014081672767304 -0.791743790076311571 -0.170975372195243835 -0.0812000036239624023 57
8.2091245844431775 -0.791743790076311571 -0.214272871613502502 0.0812000036239624023 57.5
8.28087604873574712 0.843673937716400091 -0.144723251461982727 -0.0812000036239624023 48
8.35949025090610931 -0.510134954037988919 -0.647066175937652588 0 55
8.34983360237824712 -0.470247858866294277 -0.786860823631286621 -0.0812000036239624023 48.5
8.34980295082386625 -0.537426124418622031 -0.742947280406951904 0.0812000036239624023 49
8.54185043662661769 0.205133622914109304 0.311789214611053467 0 57.5
8.5372253369846316 0.182697132907878618 0.430008530616760254 -0.0812000036239624023 51
8.54274694451775218 0.176286707191812692 0.304798722267150879 0.0812000036239624023 52
8.84912146387352649 -0 -1.16132616996765137 0 46
8.62412801589800182 2.44720807841769039 -0.797237396240234375 0 50.5
8.66078126041409924 2.54017820671544037 -0.945519208908081055 0 49
9.33919098063051223 -0.449854426179722489 0.683931469917297363 0 49.5
9.32543814227173762 -0.562318032724653083 0.781422972679138184 0.0812000036239624023 45
9.43445773059642967 -0.35307952125344727 0.410916358232498169 0 51
9.44430070560795087 -0.281046575445887792 0.16943494975566864 -0.0812000036239624023 45
9.43693534162406067 -0.302302198798938104 0.394180089235305786 0.0812000036239624023 46
8.92734984868395109 3.30133181344072524 -1.25045561790466309 0 49.5
9.68174545643832474 2.66074835134487753 -1.30378139019012451 0 48.5
10.3944537376149899 -0.583611152908190323 0.543472886085510254 -0.0812000036239624023 49
10.3964469154982435 -0.610967925700761749 0.470353811979293823 0.0812000036239624023 50.5
10.4739288476886401 -0.570752803215522908 0.470161378383636475 0 67
10.4697559431094298 -0.560256199937996024 0.565969347953796387 -0.0812000036239624023 61
10.4739288476886401 -0.570752803215522908 0.470161378383636475 0.0812000036239624023 61.5
10.5433823344059565 -0.619758864480332683 0.53257286548614502 0 67.5
10.540475983225603 -0.619758864480332683 0.587289571762084961 -0.0812000036239624023 61
10.5419999070655113 -0.652795051286320538 0.520330846309661865 0.0812000036239624023 62
10.6210828262996362 -0.681379540796133165 0.38836902379989624 0 57
10.6252721546183686 -0.624154305924582986 0.369502365589141846 -0.0812000036239624023 50.5
10.6256021330804771 -0.638793319496374856 0.333218514919281006 0.0812000036239624023 51.5
10.6822215832033098 0.564220562137055071 0.772936820983886719 0 48
10.3516218104855149 3.60263124313754002 -1.1897960901260376 0 47.5
10.8020640682527027 2.33995536605908061 -1.02471089363098145 0 48
11.143845679236744 0.178742161719513626 0.814486324787139893 0 49.5
11.226579990889098 0.179941770471888973 0.702871620655059814 0 51
11.4971105203393371 0.0620611679032457911 -1.10231590270996094 0 47.5
11.5226110193071261 0.0203371688502082849 -1.53936553001403809 0 49
11.375617847690231 3.5152468900980085 -0.666320264339447021 0 46.5
11.4153125111546316 3.64681988156361658 -0.625579893589019775 0 45.5
7.29744515824734474 -9.8689633938815966 -1.57845008373260498 0 47
12.1584246955712754 2.76399944039363676 -1.18686807155609131 0 46
12.76452639444779 2.54718826186506853 -0.938721001148223877 0 46.5
12.7258928802459028 3.04401517166365565 -1.02531564235687256 0 48
12.7990737474089347 3.02677070575519158 -1.123557448387146 0 46.5
13.7221034922394356 0.0943288526113165299 -0.265730351209640503 0 54.5
13.7215942983989105 0.109764483038622865 -0.285376518964767456 -0.0812000036239624023 49
13.7215942983989105 0.109764483038622865 -0.285376518964767456 0.0812000036239624023 48.5
13.7967253506323928 0.146577569222795245 -0.262478351593017578 0 63
13.7987125344253911 0.146577569222795245 -0.118544198572635651 -0.0812000036239624023 57.5
13.7970874715494762 0.094844309497102805 -0.267182439565658569 0.0812000036239624023 57
13.8685445251771409 0.2219281988358493 -0.360368043184280396 0 55
13.8702261127443087 0.2219281988358493 -0.288495391607284546 -0.0812000036239624023 49.5
13.8611882335858851 0.2219281988358493 -0.577810764312744141 0.0812000036239624023 48.5
13.9476913759490646 0.0749569978616692195 -0.242509230971336365 0 60.5
13.9475664286778311 0.0313773479420940901 -0.258675694465637207 -0.0812000036239624023 55
13.9455611352839615 0.045322835916358134 -0.349004894495010376 0.0812000036239624023 54
14.0212957940481733 0.159482772554645325 -0.280142307281494141 0.0812000036239624023 48.5
14.0956478828584881 0.135668601032493008 -0.322966396808624268 0 58.5
14.0937856425173216 0.135668601032493008 -0.39600074291229248 0.0812000036239624023 53.5
14.1697646516632823 0.113363316922675345 -0.368159741163253784 0 57
14.174297602413068 0.0460538474998368613 -0.133362084627151489 -0.0812000036239624023 52
14.2479703587668407 -0.0462975211261019703 -0.236069485545158386 0 51.5
14.2496573406641271 -0.0462975211261019703 -0.0874355360865592957 -0.0812000036239624023 47
13.8993534707528941 -3.13398604545921033 -0.220526367425918579 3.5728001594543457 47
13.9003287255115637 -3.13398604545921033 -0.146697178483009338 3.49160003662109375 51.5
13.9018084353957647 -3.11439863267509054 -0.320575356483459473 3.4104001522064209 47.5
14.2434270010693087 0.0462975211261019703 -0.430317550897598267 0.0812000036239624023 45.5
14.3161632745011342 -0.433191091548101093 -0.255864769220352173 0 48.5
13.9583249052763811 -3.18270149079555287 0.491151124238967896 3.5728001594543457 51
13.9834661971313956 -3.10930961164897379 0.0224620979279279709 3.49160003662109375 59
13.9820368792626066 -3.10930961164897379 -0.201180115342140198 3.4104001522064209 56.5
14.0082006829999433 -3.30193161936613233 0.477041453123092651 3.5728001594543457 55
14.0594744087130774 -3.10939391731045012 0.151187360286712646 3.49160003662109375 61.5
14.0565996166719422 -3.12558867729644208 -0.0520327985286712646 3.4104001522064209 58.5
14.1116693366276476 3.10207436911272705 -0.873826444149017334 0 45.5
14.1647503185781058 -1.48863393923018927 -2.58252954483032227 3.65400028228759766 49
14.0603469247557129 -3.38062798593101288 0.635334193706512451 3.5728001594543457 56
14.1413268835583459 -3.08760405135593308 -0.123355574905872345 3.49160003662109375 63
14.1354983159113097 -3.08760405135593308 -0.424289941787719727 3.4104001522064209 59
14.0740304114770236 -3.69086817584369609 -0.0406710244715213776 3.65400028228759766 52
14.2532552987322916 -2.83996851757037128 -0.694117903709411621 3.5728001594543457 48.5
14.1072564548532569 -3.84330342478085907 -0.324026554822921753 3.65400028228759766 57.5
14.0498906701517914 -4.04433213458870267 -0.366889148950576782 3.5728001594543457 57.5
14.2954730593185815 -3.04101611927501159 -0.53133004903793335 3.49160003662109375 55
14.307445300580774 3.25867065663530697 -0.876404941082000732 0 46.5
14.13297038100926 -3.99710673553462659 -0.610164105892181396 3.65400028228759766 55
14.1533398479099635 -3.90342454642053394 -0.732304751873016357 3.5728001594543457 57.5
14.224527104999142 -3.52685888429525862 -1.14635491371154785 3.49160003662109375 53
14.2582300545475835 -3.37072190243843783 -1.19630467891693115 3.4104001522064209 49.5
14.1302016404152706 -4.17443368136895376 -1.10098087787628174 3.65400028228759766 51
14.2525765816500716 -3.86056648728106211 -0.510607004165649414 3.5728001594543457 54.5
14.3103127213773096 -3.61316528723531238 -0.678691446781158447 3.49160003662109375 51.5
14.2012889424100308 -4.22716968779267255 -0.988409936428070068 3.73520016670227051 48.5
14.1883545211463691 -4.30881826824169689 -0.804486274719238281 3.65400028228759766 57.5
14.1958652563898315 -4.27541657623982285 -0.84896397590637207 3.5728001594543457 56.5
14.4663985169216005 -3.14718164639875875 -1.15805232524871826 3.4104001522064209 48.5
14.2805787886880307 -4.23732884581337732 -0.930446207523345947 3.73520016670227051 48
14.2679326224552661 -4.33057992076525622 -0.654068291187286377 3.65400028228759766 56.5
14.2559753212211042 -4.39958571622964634 -0.407982349395751953 3.5728001594543457 55.5
14.618239287602762 -3.35891326236253462 0.157486841082572937 3.4104001522064209 48.5
14.4223063765342783 -4.37410350252679958 -0.346326828002929688 3.65400028228759766 53.5
14.4012748503856134 -4.44380282621047318 -0.333996593952178955 3.5728001594543457 52
14.4120171931175456 -4.66469067271493731 0.238586500287055969 3.65400028228759766 48.5
14.3334150445257436 -4.88618775417096263 0.448204547166824341 3.5728001594543457 45.5
14.5760138409568949 -3.86209406519166754 -2.10349178314208984 3.5728001594543457 48.5
14.7559618740059584 -3.99774387168984635 -0.607971489429473877 3.65400028228759766 46.5
14.7379048522817602 -4.07804288776396096 -0.503729760646820068 3.5728001594543457 51
14.7948568669106759 -4.18064739327905333 -0.158278524875640869 3.65400028228759766 46
14.8146200804407364 -4.10956101756612835 -0.170856595039367676 3.5728001594543457 52
14.8110263541649392 -4.11916728455436143 -0.237936347723007202 3.49160003662109375 48
14.9237207710092186 -3.98867195455673373 -0.274905502796173096 3.5728001594543457 47.5
15.3106025807915636 3.25934530880750017 -0.817163705825805664 0 46.5
15.7491830775790387 0.0846288690494015061 0.136369436979293823 0 52.5
15.743526614448399 0.188938870435873096 0.410140514373779297 -0.0812000036239624023 47
15.7496111361231979 0.108246227853885643 0.0236225929111242294 0.0812000036239624023 46
15.8235476862703983 -0.0355947331875289888 0.211458787322044373 0 58.5
15.8223621064830589 -0.0850318626146525924 0.276183992624282837 -0.0812000036239624023 53
15.8243817988012161 -0.0850318626146525924 0.11112569272518158 0.0812000036239624023 52.5
15.8935901796748933 -0.0854348561799036926 0.44330325722694397 0 58.5
15.8965405661969168 -0 0.331684589385986328 -0.0812000036239624023 52.5
15.8965405661969168 -0 0.331684589385986328 0.0812000036239624023 52
15.9436636086256964 0.0638793300429058852 0.998077690601348877 0 52.5
15.939993826531671 0.0858378497451547789 1.05350971221923828 -0.0812000036239624023 46
15.9281368395209846 0.0858378497451547789 1.21972262859344482 0.0812000036239624023 46.5
15.8415410062358539 1.61049770449074203 -2.01355314254760742 0 45.5
9.08974008590274885 -13.3635549043852073 -1.91512501239776611 0 46
9.98122278741674762 -13.0043926580822795 -1.02060496807098389 0 48
9.93405981874970934 -13.1586168444453673 -0.64441525936126709 0 50.5
9.53190415866566276 -13.5208252556149375 -1.02992558479309082 0 50.5
16.4767078628272543 -3.27913908727299885 0.0733044520020484924 3.49160003662109375 45
16.5358282411923518 -2.95584368430242117 0.263425767421722412 3.4104001522064209 49.5
16.5645697531601179 -2.80259326601117342 -0.0229077953845262527 3.32920026779174805 47
16.5388174721695336 -3.32962565127085242 0.383078336715698242 3.49160003662109375 48.5
16.6253382335089945 -2.89101758574562284 0.0759310051798820496 3.32920026779174805 49
10.0654944463609137 -13.5556139857030864 -1.49455630779266357 0 46
16.6519950612457386 -3.16227057510229814 -0.116713576018810272 3.4104001522064209 46.5
10.7938910486635322 -13.3234893794144735 -0.978374898433685303 0 47
10.5944130885958536 -13.8951044219181288 -1.63921117782592773 0 48.5
12.831841926002614 -13.0253857731142162 -0.75710064172744751 0 47
13.4241371382522132 12.5391766715631015 -0.449692398309707642 0 48
13.481825188402528 12.5903575051413235 -0.354695647954940796 0 55
13.4789300921119555 12.5903575051413235 -0.451527893543243408 -0.0812000036239624023 49
13.4617249393661229 12.6041905293183678 -0.564692854881286621 0.0812000036239624023 50
13.5944642262587667 12.5720920559578548 -0.555627226829528809 0 50.5
13.7880253903055223 12.5875461657129062 -0.446852296590805054 0 46.5
13.5693122446790326 13.1501456477538081 -0.396842926740646362 0 48.5
13.5805383211823969 13.2521212277383373 0.0297534577548503876 0 46.5
13.5736091905436567 13.3640136806946028 0.250655680894851685 0 47.5
13.6270477781747434 13.4166271017938623 0.251642525196075439 0 46.5
15.3788143286612176 -11.5299479231157402 -1.44154536724090576 0 47.5
15.3291611291826637 -11.7174709333103113 -1.46294045448303223 0 48.5
15.348477430581779 -11.8502721758546947 -1.15149784088134766 0 50.5
15.2975482136674383 12.5615107954652103 -0.483216822147369385 0 45.5
15.4967264625576586 12.7518362215842611 -1.11900293827056885 0 49.5
19.958304597955614 6.49477327796974357 -0.695687234401702881 0.406000018119812012 50
19.954217441211302 6.49477327796974357 -0.804427742958068848 0.324800014495849609 50
19.8636996746899648 6.62857709381874827 -2.37719058990478516 0.487200021743774414 55.5
19.9703253818619793 6.59697481923558282 -1.34969329833984375 0.406000018119812012 62
20.0207869246602534 6.51796913277767231 -0.916407942771911621 0.324800014495849609 58.5
19.9514683121804595 6.71823894886569573 -2.03144383430480957 0.487200021743774414 59
20.0592072735220235 6.54116498758560105 -1.47103369235992432 0.406000018119812012 64
15.7227125377723365 -14.2108453466208609 -1.16140508651733398 0 45.5
20.1617589553984793 6.45031278144492948 -1.54842019081115723 0.568400025367736816 51.5
20.0673933907049751 6.90385039889027574 -0.370426177978515625 0.487200021743774414 50
20.2774519508268796 6.04186369906724874 -1.6797187328338623 0.406000018119812012 56
20.3643911883089324 5.87477089264001506 -1.13106155395507812 0.324800014495849609 53.5
20.2411565121891144 6.47310563756326562 -1.44379842281341553 0.568400025367736816 51.5
20.2452785274641833 6.5715862743189577 -0.795603156089782715 0.487200021743774414 58.5
20.2999592244813378 6.37462500080757533 -0.98276817798614502 0.406000018119812012 59
20.1013931485840658 7.01874159796641983 -0.601117551326751709 0.324800014495849609 57
20.0971056216827968 7.05600454160370827 -0.0958436653017997742 0.243600010871887207 55
20.3434934832696577 6.38104445585118274 -1.52157127857208252 0.568400025367736816 47.5
20.3834808930447693 6.30091413618791929 -1.30491113662719727 0.487200021743774414 54
20.1655963007214751 7.08084924757701373 -0.317675977945327759 0.324800014495849609 60
20.131877399599027 7.17967664182837062 -0.224418044090270996 0.243600010871887207 57
20.5103751394228411 6.24529173291847073 -0.650665044784545898 0.487200021743774414 48.5
20.2230210878277141 7.11909649898345975 -0.671129584312438965 0.406000018119812012 55.5
20.1786501357428172 7.20486874595916316 -1.00721895694732666 0.324800014495849609 59
20.1839505018107417 7.20486874595916316 -0.894725501537322998 0.243600010871887207 56.5
20.4367800069494834 6.65714308183506098 -1.16023647785186768 0.487200021743774414 50
20.363021958748643 6.88577223818091078 -1.12213397026062012 0.406000018119812012 53.5
20.2226723712225365 7.3295817769699152 -0.804007470607757568 0.243600010871887207 53.5
20.1100672290567388 7.42641294906933513 -1.93888235092163086 0.162400007247924805 46
17.3460522355145272 12.8694356514319086 -0.22825312614440918 0 48
20.2504840092111955 7.51436846761460409 0.110447220504283905 0.324800014495849609 56
20.3091564809437308 7.35511999793455384 -0.0191429015249013901 0.243600010871887207 56.5
20.3089538248729191 7.35511999793455384 0.0927757397294044495 0.162400007247924805 48
20.3716051123418502 7.39690986038341869 0.29849281907081604 0.324800014495849609 54.5
20.3720559728030679 7.39690986038341869 -0.265984714031219482 0.243600010871887207 56
20.3796751014912694 7.3806588683796468 -0.019209371879696846 0.162400007247924805 48.5
20.4340577418904772 7.40619708934428544 -0.812411665916442871 0.243600010871887207 51.5
20.4718948373114031 6.25590101354715689 4.62334346771240234 -2.92320013046264648 45
20.9789699092667163 6.21758840891475995 -0.913495957851409912 0.568400025367736816 48.5
21.0009317446231876 6.15464627273296383 -0.831442177295684814 0.487200021743774414 51
20.9077307902725025 6.37631205667754752 -1.34888577461242676 0.406000018119812012 50.5
20.7695322427348827 6.79501409301731929 -1.43679702281951904 0.324800014495849609 49
17.1749342815533019 13.7079643125086097 -0.118355005979537964 0 49
21.0795440668079266 6.20867534266465704 -0.0764073878526687622 -3.89760017395019531 47.5
21.0531805267566128 6.27732500368483137 -0.509338617324829102 -3.97880029678344727 47
21.0694982010623946 6.23888119351353332 -0.230717509984970093 -4.06000041961669922 45.5
21.0096879345867222 6.23888119351353332 -1.6031346321105957 0.568400025367736816 53.5
21.033097659534576 6.23888119351353332 -1.25928449630737305 0.487200021743774414 55.5
21.0258071733801017 6.17572350537497172 -1.63600504398345947 0.406000018119812012 49.5
20.8553776257226922 6.67823902404265546 -1.83165478706359863 0.324800014495849609 48
21.0520951430665662 6.30977097268448617 -1.78846538066864014 0.568400025367736816 49.5
21.1332836430497686 6.22986557608717284 -0.880698621273040771 0.487200021743774414 52
21.2163861013524695 5.99566010330194032 -0.345745593309402466 0.406000018119812012 46
21.0826635792955805 -6.94912648722939696 0.266375988721847534 0 51
21.0754364210978693 -6.94912648722939696 0.612901628017425537 -0.0812000036239624023 45.5
21.1107591880775267 -6.86590341552605121 -0.18767412006855011 0.0812000036239624023 45.5
21.1481071993194476 -6.94755223383984433 0.815328717231750488 0 51.5
21.2058013331986821 -6.76940986886959095 0.815328717231750488 -0.0812000036239624023 45.5
21.1811347964474308 -6.88909927033397995 0.274867117404937744 0.0812000036239624023 46
21.081816057354029 -7.41779971135981597 0.236176624894142151 0 49.5
21.1208638959117572 -7.53236289635036549 -0.230855032801628113 0 49.5
18.2145940892550584 13.1104449329752875 -1.61083316802978516 0 48.5
21.5104997398651534 6.23891857308002606 -2.15042018890380859 0.568400025367736816 47
21.6802784358396856 6.01399135999016554 -0.217822462320327759 0.487200021743774414 46.5
18.0320651253392477 13.5406186856252333 -1.06158280372619629 0 47.5
21.5998910007175944 6.34434404666065532 -1.68067419528961182 0.568400025367736816 51.5
21.6872138923572919 6.22868459538760799 -0.706328690052032471 0.487200021743774414 49.5
21.395876409806764 -7.40132416500432111 0.677806854248046875 0 47.5
21.6967110051085719 6.4701441840152496 -0.64230424165725708 0.568400025367736816 48
21.7362294737451727 6.36542181533258766 0.20074540376663208 0.487200021743774414 47.5
16.8133994884762075 -15.2662600630997893 -0.822507977485656738 0 47.5
16.8629628604962427 15.5407277552368956 0.91039431095123291 0.0812000036239624023 47.5
16.7037578693780908 15.8360764627944572 0.594877898693084717 0 60.5
21.9602950055984358 6.75277461086093567 1.51530563831329346 0.487200021743774414 46.5
21.8244211268594093 -7.5483699566040805 0.571626961231231689 0 66
21.8375192727651566 -7.51373116521622286 0.525966405868530273 -0.0812000036239624023 59.5
21.8309009627427137 -7.5483699566040805 0.209456205368041992 0.0812000036239624023 60.5
21.861376735031552 -7.69161135864183176 0.00315948761999607086 0 64.5
21.8662096169072804 -7.67713166858414819 0.10585881769657135 -0.0812000036239624023 58
21.8649490619189422 -7.67713166858414819 -0.257535070180892944 0.0812000036239624023 58.5
22.1301015057890034 -7.57914786650079897 0.612541735172271729 0 51
22.1502966195168014 -7.53821111104901931 0.315869301557540894 0.0812000036239624023 46
22.1474165787769337 -7.67090842790199456 1.31328606605529785 0 47.5
20.6251490680693088 12.8262500032888234 -0.76195681095123291 0 47
20.663785003576141 12.8658375954943551 -1.27236902713775635 0 49
15.1807984554832345 -19.1625995414040666 -0.375042825937271118 0 45
23.162040929350443 7.82146920057308748 -0.383377760648727417 0.406000018119812012 46
23.1874131770155785 7.97724091986562112 -0.428018957376480103 0.406000018119812012 46
23.8833538516858113 6.1821715983356631 -0.47100493311882019 0 47.5
23.8501528841414796 6.31475682463413257 -0.386905759572982788 -0.0812000036239624023 46.5
23.8501528841414796 6.31475682463413257 -0.386905759572982788 0.568400025367736816 46.5
23.8878780866347746 6.14517107006632202 -0.679549217224121094 0.0812000036239624023 46.5
23.9462108180233244 6.23498282734732001 -0.516300678253173828 0 46.5
23.9169989391624149 6.23498282734732001 -1.29025864601135254 1.13680005073547363 46
23.8802250091434622 6.46693903372184842 -0.690049707889556885 0.568400025367736816 45.5
20.0313673986194836 -15.1360562154018066 -0.953880608081817627 0 47.5
21.9720831339278533 12.7618087072435138 -2.14799165725708008 0 47.5
22.0610863595926254 12.7993428631933774 -1.88836777210235596 0 46
13.2242890695725261 21.9781453846856607 -0.0437172986567020416 0 45
25.6890912108504779 2.77742954787054952 1.3682856559753418 0 55.5
25.7161168027393465 2.77742954787054952 0.694964051246643066 -0.0812000036239624023 49.5
25.7440218652449353 2.90545987264101013 1.48530745506286621 0 65
25.7358172684461657 2.90545987264101013 1.62129056453704834 -0.0812000036239624023 59
25.7514172498375835 2.90545987264101013 1.35105037689208984 0.0812000036239624023 60
25.7270723210290342 2.70572458063570753 2.84560680389404297 0 85.5
25.7116929516868495 2.70572458063570753 2.9813690185546875 -0.0812000036239624023 79.5
25.7295931040271704 2.77401810971425311 2.75564408302307129 0.0812000036239624023 79.5
25.8429997532032587 2.71352193837610356 2.44666147232055664 0 95
25.8313140523286044 2.78201227576300036 2.49271678924560547 -0.0812000036239624023 88.5
25.8780613921565781 2.78201227576300036 1.94842696189880371 0.162400007247924805 54
25.8560433354354444 2.78201227576300036 2.22158002853393555 0.0812000036239624023 89
25.9524243929013458 2.79000664511700558 1.9540259838104248 0 92
25.9527264816855521 2.72131949441658705 2.04477286338806152 -0.0812000036239624023 86
26.0173113256036572 2.6918821441164078 0.99196159839630127 0.162400007247924805 51.5
25.9728667232951196 2.72131949441658705 1.77068769931793213 0.0812000036239624023 86.5
26.1095615463949784 2.6241510100548755 -0.683566689491271973 0 71
26.110869928266446 2.66023308644313028 -0.456334590911865234 -0.0812000036239624023 65
26.0894706496372955 2.69959535159395347 -1.05560469627380371 0.0812000036239624023 65
13.2874358840022975 22.8022224721306621 0.680275380611419678 0 63.5
13.2797301595147541 22.8022224721306621 0.817010045051574707 -0.0812000036239624023 57.5
13.2937325579858765 22.8022224721306621 0.543522536754608154 0.0812000036239624023 58
21.7643208941244275 -15.0627102679896758 0.595596134662628174 0 61.5
21.7643208941244275 -15.0627102679896758 0.595596134662628174 -0.0812000036239624023 55.5
21.7890134883074396 -15.03293552772789 0.418737649917602539 0.0812000036239624023 56
21.8387741048693087 -15.0755221799489938 0.836128115653991699 0 69.5
21.8265145028203911 -15.0755221799489938 1.11107587814331055 -0.0812000036239624023 63.5
21.8942759643725751 -15.0058509726913059 0.606329798698425293 0.0812000036239624023 63.5
21.9737441513758043 -15.0282785200071149 0.44289010763168335 0 73
21.9704817195841358 -15.0282785200071149 0.582635164260864258 -0.0812000036239624023 67
21.9877487741348965 -15.0116432770139667 0.283166766166687012 0.0812000036239624023 67.5
22.1518628152980419 -14.8403980407753675 1.39555239677429199 0 74.5
22.0606307301115798 -14.9471634943061282 1.6735997200012207 -0.0812000036239624023 68
22.0706722295673359 -14.9471634943061282 1.53550577163696289 0.0812000036239624023 68.5
22.1115115550022523 -14.9891503345241155 1.81855952739715576 0 74
22.0996940262649346 -14.9891503345241155 1.95694684982299805 -0.0812000036239624023 68
22.1326691287622523 -14.9891503345241155 1.53981900215148926 0.0812000036239624023 68.5
22.1592705341779954 -15.1385013648793461 0.845575869083404541 0.0812000036239624023 58
25.3262915981294938 -6.70552098967643939 6.21052217483520508 0 49
25.1209947773034727 -7.05484253693547281 6.94009494781494141 0 51.5
23.5818716766274328 13.2996746977224429 -0.263959109783172607 0 48.5
27.1571422621899465 -2.77424306757805361 2.0454704761505127 0 47.5
20.3740706750406062 18.3786906287794167 0.789645195007324219 0 45.5
20.6040848882152652 18.3515116666939662 0.673575818538665771 0 45.5
20.499670429073845 18.5915844939497568 -0.149054601788520813 0 47
21.0628401017264153 18.5245374275011123 -0.028684515506029129 0 45
15.4743852873576024 23.5675741222159267 -0.594037294387817383 0 52
15.3353635809736772 23.7115188086227597 -1.43744587898254395 0 54
15.5377519392815238 23.5807892309265803 -1.41434264183044434 -0.0812000036239624023 48
15.4390349576813737 23.6691200266672404 -0.940543770790100098 0.0812000036239624023 48.5
24.9951820559195603 13.3768713968756927 -0.150756984949111938 0 60.5
25.035135544513377 13.3024767201451866 0.0927749201655387878 -0.0812000036239624023 54
24.9777991260299892 13.4087548297601948 -0.193278104066848755 0.0812000036239624023 54.5
25.0438786309962467 13.4442280865068664 -0.193789437413215637 0 72.5
25.0445882082888005 13.4442280865068664 -0.0445704832673072815 -0.0812000036239624023 66.5
25.0423055668277392 13.4442280865068664 -0.341068357229232788 0.0812000036239624023 67
25.1083809211868498 13.4797013432535362 -0.341968268156051636 0 72.5
25.0647571659888158 13.5616123421689476 -0.301167339086532593 -0.0812000036239624023 66.5
25.1059358496306864 13.4797013432535362 -0.489623218774795532 0.0812000036239624023 67
25.0738772740349312 13.6472903231939249 -1.25810122489929199 0 59
25.0808620498292676 13.6472903231939249 -1.11016905307769775 -0.0812000036239624023 52.5
25.134117966582469 13.5580223331154723 -0.993357539176940918 0.0812000036239624023 53
24.9990218730657681 14.0886441978339221 -1.29796648025512695 0 53.5
25.0062989505581896 14.0886441978339221 -1.1492617130279541 -0.0812000036239624023 47.5
24.9816856535991754 14.0886441978339221 -1.59721648693084717 0.0812000036239624023 48
25.0869106776041377 14.201905172605791 1.64879846572875977 -0.0812000036239624023 47.5
17.4148321358238185 -23.2124896111819083 -0.595586240291595459 0 49
29.075162060222759 -1.16362346430540176 -0.301555216312408447 -1.21800005435943604 46.5
29.1314930199355686 -1.09006292116240844 -1.16130602359771729 -1.21800005435943604 50
29.224962049535133 -1.13672597727707769 0.414776146411895752 -1.21800005435943604 48
29.2021004435799156 -1.24637800080862848 -1.11646699905395508 -1.29920005798339844 45
22.9656563103917897 18.3396661983353475 -0.771606743335723877 0 47
22.8634601999011871 18.5742926860404758 -1.01661336421966553 0 48
23.738858208607521 18.3315690323133857 0.648313283920288086 0 46.5
23.8053224376814114 18.3773972526866274 -0.289105385541915894 0 45.5
18.0675998146083501 -24.112198463541354 -1.08919739723205566 0 45.5
24.0603028150597069 18.4164410974719566 -0.163192570209503174 0 47
28.4008582778646996 -10.7568634824659259 0.567388057708740234 0 53.5
28.410555546668693 -10.6885418371997325 1.11181187629699707 -0.0812000036239624023 47.5
28.3972235380257771 -10.7568634824659259 0.726808905601501465 0.0812000036239624023 48
28.4196094751153723 -10.9242089272564318 0.435941159725189209 0 55.5
28.3645128848834602 -11.0383594907596336 0.900846779346466064 -0.0812000036239624023 49
28.4196094751153723 -10.9242089272564318 0.435941159725189209 0.0812000036239624023 50
28.7156682884394527 -10.2530825940176911 1.43543016910552979 0 51
28.7404166424193974 -10.2530825940176911 0.799052774906158447 0.0812000036239624023 45.5
28.9849261844373238 -9.78883243570158434 0.642508506774902344 0 50
24.7248409600285939 18.4081279225926728 -0.0609449855983257294 0 49.5
24.8019627072501088 18.4297495054204141 0.130613863468170166 0 55.5
24.7902573755001292 18.4297495054204141 0.773065567016601562 -0.0812000036239624023 49
24.7223414245586035 18.5340032738357401 -0.326528787612915039 0.0812000036239624023 50
24.8617627881193535 18.4744812223614119 -0.192169293761253357 0 54
24.8450249778975198 18.4977049573989483 0.101365186274051666 -0.0812000036239624023 47
24.8484409006271427 18.4744812223614119 -0.836164176464080811 0.0812000036239624023 48.5
25.5346145553341621 -17.6656152717690631 -0.110078506171703339 0 55
25.5236670272777637 -17.6656152717690631 -0.755655169486999512 0.0812000036239624023 49.5
24.656062870577653 18.9878878942684466 0.551693499088287354 0 60
24.6404032219323064 18.9878878942684466 1.03746879100799561 -0.0812000036239624023 54
24.702894188654966 18.9178792949040826 0.804150879383087158 0.0812000036239624023 54
24.7750328612524093 18.9634638478479367 0.157407447695732117 0 63.5
24.7750328612524093 18.9634638478479367 0.157407447695732117 -0.0812000036239624023 57.5
24.8289720394477413 18.893286555647844 -0.0765748471021652222 0.0812000036239624023 58
24.7577872468003051 19.0793955494105809 -1.07443416118621826 0 59.5
24.7643622879232943 19.0793955494105809 -0.910335123538970947 -0.0812000036239624023 53.5
24.6583806354415955 19.1770983123633201 -1.52607345581054688 0.0812000036239624023 53.5
24.7133884589070369 19.2700956418558818 0.856968939304351807 0 63.5
24.7721218442491704 19.1799935479825976 1.1368182897567749 -0.0812000036239624023 57.5
24.7849628557321076 19.1799935479825976 0.809964001178741455 0.0812000036239624023 58
24.8831358999168941 19.1709032045527117 -0.914701223373413086 0 62
24.8885854483632976 19.1709032045527117 -0.751932144165039062 -0.0812000036239624023 55.5
24.876529323906226 19.1709032045527117 -1.07958734035491943 0.0812000036239624023 56.5
24.9148615534565003 19.0198462905445602 -3.1217343807220459 0 55.5
24.8840598368825745 19.0749534610883558 -3.0298306941986084 -0.0812000036239624023 48.5
24.9342564719499933 18.9765477994030043 -3.22856450080871582 0.0812000036239624023 49.5
25.1429057050610005 19.0651309451137827 -1.15573418140411377 0 54
25.1913905860623331 18.9743821844064939 -1.53211021423339844 -0.0812000036239624023 47.5
25.1848723026052852 19.0217293639059477 -0.936280369758605957 0.0812000036239624023 48
25.5279251270058083 -18.5844056942443032 -2.16043424606323242 0 49
25.0294153863781617 19.4530270692964038 1.25848627090454102 0 50
25.7537063488725479 18.9082816927001431 0.161191284656524658 0 48
25.3140566361599824 -19.7311038814195747 -0.540527820587158203 0 47
29.9842475978541465 -11.8641607331132146 -0.499085962772369385 0 46.5
24.6167940594413146 -20.9398243240385575 -0.665505170822143555 0 47
32.109561643913338 3.62762626355643425 -2.36146283149719238 0 47
30.0979613936649635 12.3649998202194578 -0.849841415882110596 0 47
30.3618779752011996 13.5834012583327812 -2.74558162689208984 0 50
25.6702482454833607 21.6775865654167639 0.284048408269882202 0 45
32.6347559663245264 -8.73248059829402834 1.68735277652740479 0 47.5
33.8722817208541827 3.15711613375711186 -1.45045101642608643 0 52
33.7739947910370475 3.26774284464347931 -2.83581376075744629 -0.0812000036239624023 46
33.9367748595376071 2.7231190372028995 -0.531584978103637695 0.0812000036239624023 46
33.3963480470324328 1.09164674086279323 6.92877388000488281 0 57.5
33.3202297428754761 1.09164674086279323 7.28602886199951172 -0.0812000036239624023 51.5
33.4615034853418933 0.908284202358496051 6.63463878631591797 0.0812000036239624023 52
32.9249192295863367 -9.31978451354550153 1.96647429466247559 -0.0812000036239624023 56
32.8251821076472794 -9.88960036410146337 2.15077686309814453 0 72
32.8439886908508925 -9.77799897110379135 2.36342763900756836 -0.0812000036239624023 65.5
32.8251821076472794 -9.88960036410146337 2.15077686309814453 0.0812000036239624023 66
32.8531022528450194 -10.023038662837509 2.30068349838256836 0 68.5
32.7577345060296068 -10.1865045294417271 2.87172484397888184 -0.0812000036239624023 62
32.8650834582773115 -10.023038662837509 2.12268161773681641 0.0812000036239624023 63
27.3192753215214665 -21.0468142075067988 -0.968937993049621582 0 50
27.5142307294613708 -20.9024676297447556 -1.21842968463897705 0 51.5
27.4411205406037482 -21.0148000312274696 -0.890927731990814209 0.0812000036239624023 47
27.6160928760249575 -20.8742022346300651 -1.49725019931793213 0 51.5
27.6333069647227489 -20.8742022346300651 -1.13607692718505859 0.0812000036239624023 46
27.5651244546399568 -20.9671163803343639 -2.5238349437713623 0 49
33.0286459098365128 -10.7366765311755064 2.2073674201965332 -0.0812000036239624023 56
33.0604316123545203 -10.7366765311755064 1.66490006446838379 0.0812000036239624023 56.5
33.0871100030177132 -10.7598149766780562 2.3948051929473877 0 64.5
33.0588521834995532 -10.7598149766780562 2.75759220123291016 -0.0812000036239624023 58.5
33.0998254337039555 -10.7598149766780562 2.21212458610534668 0.0812000036239624023 59
33.1710085780965116 -10.7829545991106936 2.21688175201416016 0 54.5
33.1674115906193805 -10.761117915029871 2.37142825126647949 -0.0812000036239624023 49
33.1829278356717197 -10.8091586200076808 1.88624894618988037 0.0812000036239624023 49
26.5812191041917707 -23.1165194466220072 -1.27583742141723633 0 46.5
35.2601184318722503 3.99710661350380336 -3.90348243713378906 0 51
35.1938224044871788 3.99710661350380336 -4.46183872222900391 0.0812000036239624023 45
31.6848225937112602 16.0556053983639941 4.84893560409545898 0 49.5
36.1012742689428734 -3.77397904997722522 0.381118148565292358 2.67960023880004883 51
36.0468758894819459 -3.86923573272905408 1.82812249660491943 2.59840011596679688 45.5
36.1209695262861956 -4.26813444788829877 0.44637686014175415 2.84200000762939453 45.5
36.1531362849251607 -3.90450212005968922 0.919958949089050293 2.76080012321472168 49.5
36.1611063318720269 -3.87722969547254381 0.69433969259262085 2.67960023880004883 56.5
36.1554988336546117 -3.94541075694040799 0.595159590244293213 2.59840011596679688 53.5
36.1292258274030615 -4.74607675914333438 0.869685947895050049 2.76080012321472168 55.5
36.1684024258609185 -4.46823541335855179 0.695771336555480957 2.67960023880004883 57.5
36.1539861843105257 -4.96579326657496267 -1.51855933666229248 2.76080012321472168 57
36.2011529565938091 -4.81974052344040516 -0.567734122276306152 2.67960023880004883 60
36.2341996423022437 -4.59153311229265881 0.276403963565826416 2.59840011596679688 51.5
36.273714323615188 -4.76560813749473766 -1.03290629386901855 2.84200000762939453 52
36.2702061715576534 -4.80219629977876661 -0.985515236854553223 2.76080012321472168 60.5
36.2825717838629416 -4.76560813749473766 -0.651232481002807617 2.67960023880004883 60
36.3239114839659223 -4.48662340007901861 -0.0623802393674850464 2.59840011596679688 49.5
22.4181777416006263 -28.9409651779499271 -2.21399569511413574 0 45.5
36.3841742942983402 -4.49581739343925246 -1.01752865314483643 2.84200000762939453 50.5
36.3735165964435581 -4.69288176440549876 0.00249918131157755852 2.76080012321472168 56.5
36.4043086960923006 -4.44082268526262514 0.247539222240447998 2.67960023880004883 51
36.4158589695744865 -4.70247826833203231 -1.52791380882263184 2.84200000762939453 47
36.4524669974769537 -4.6198175175215086 0.661419153213500977 2.76080012321472168 54.5
36.4001867415396276 -4.7851390191425569 1.64055812358856201 2.67960023880004883 53.5
36.349158046196024 -4.70247826833203231 2.68101119995117188 2.59840011596679688 45.5
36.459570628392612 -4.45898528057619181 -2.62638306617736816 2.84200000762939453 46.5
36.5537919033420451 -4.45898528057619181 -0.135574027895927429 2.76080012321472168 52.5
36.4556222289949261 -4.564822908494925 2.49614548683166504 2.67960023880004883 45.5
36.4109462760091276 -4.42656773665470382 -4.03219079971313477 2.84200000762939453 46.5
36.5928869314611944 -4.42656773665470382 -1.72515833377838135 2.76080012321472168 53.5
36.6214770452262215 -4.52339890589402582 0.128302991390228271 2.67960023880004883 50
36.4869593648022672 -4.53259289925425879 -3.91257095336914062 2.84200000762939453 48
36.6143205091056956 -4.64810240229335925 -2.22204375267028809 2.76080012321472168 52
36.6630435272638948 -4.73126924448150987 -0.766280591487884521 2.67960023880004883 49
36.7055229399670893 -4.54178689261449264 -2.18620562553405762 2.76080012321472168 47.5
37.0512489570447201 -4.71391235720060564 -0.0814861655235290527 2.76080012321472168 49.5
37.0873773961850972 -4.41987623987027156 0.117133684456348419 2.67960023880004883 46.5
34.4334286501081408 -14.8217661459006482 0.950967490673065186 0 45.5
35.307513091447646 14.2209864140487277 -1.65930461883544922 0 51
35.2607351450844178 14.3209665662733752 -1.78904640674591064 0.0812000036239624023 45.5
35.182105630406447 14.6544589587265399 -2.19022965431213379 0 50.5
35.0390638095170175 14.7784875827261803 -3.34531879425048828 0.0812000036239624023 46.5
37.7222386348563319 6.32354743700508681 0.328574836254119873 -1.13680005073547363 50
37.7570131236923885 6.11802019604422576 -0.200798690319061279 -1.21800005435943604 55.5
37.7570269815636621 6.11802019604422576 0.19819176197052002 -1.29920005798339844 52
37.8310472358647232 6.1300164361065077 -0.201192423701286316 -1.13680005073547363 52.5
37.8294689360013763 6.1300164361065077 -0.399764478206634521 -1.21800005435943604 59.5
37.8420181891824896 6.04381307997376105 0.509498000144958496 -1.29920005798339844 57
37.9056169646832686 6.14201267616879054 -1.6785173784228391e-06 -1.13680005073547363 52.5
37.9035277850815291 6.14201267616879054 0.397929757833480835 -1.21800005435943604 61
37.8629549270806791 6.14201267616879054 1.79790353775024414 -1.29920005798339844 59
37.9868729866958219 6.06746816584657367 0.713445484638214111 -1.13680005073547363 58.5
37.9712261067847123 6.15400891623107249 0.799991190433502197 -1.21800005435943604 64
37.9012693886702436 6.52421101509809809 1.11990988254547119 -1.29920005798339844 61.5
37.433083686362238 8.61561248272350078 -2.20482230186462402 -1.38040006160736084 53
38.122670503424672 5.54940464066401962 1.4031597375869751 -1.05560004711151123 47.5
38.0941165066769258 5.90105962223387515 0.344294577836990356 -1.13680005073547363 62.5
38.0674683115861754 6.07929570878297998 0.113015733659267426 -1.21800005435943604 67.5
38.030649638407354 6.29125213603056466 0.438902199268341064 -1.29920005798339844 64
23.5934479173023881 -30.5811038916975342 -0.189598739147186279 0 45
38.191707416808228 5.76774292149282797 0.131667166948318481 -1.13680005073547363 61
38.1697408799140803 5.91253981491942593 -0.0579349696636199951 -1.21800005435943604 65
38.1799431165943659 5.80635542640658642 0.684631645679473877 -1.29920005798339844 61.5
38.0780647079268704 6.44346175748361905 0.658302724361419678 -1.38040006160736084 53
38.1808027111754029 6.27704385944563903 -0.717616379261016846 -1.13680005073547363 53.5
38.2836586613307546 5.57099732363742373 -1.00777256488800049 -1.29920005798339844 52.5
38.2013059617033761 5.9095127860112262 -1.85148239135742188 -1.38040006160736084 47
38.4112767193077573 -4.54094313098571334 1.28204894065856934 2.76080012321472168 46
34.552913622858803 17.5206309773711979 -1.62003004550933838 0 47.5
38.245061359478143 6.2892087966337975 -1.12335515022277832 -1.13680005073547363 49
38.1339622847588302 6.51209292964239062 -2.62568974494934082 -1.21800005435943604 54
38.150924455534728 6.82219259295869485 1.21055436134338379 -1.38040006160736084 47
38.4117401671994756 -4.341395286428261 3.03171205520629883 2.76080012321472168 46.5
38.5364793552931815 -4.09428461722308068 1.29510354995727539 2.67960023880004883 46.5
34.1144425530898658 18.5545842917315227 1.12023329734802246 0 65
34.107241235839588 18.5545842917315227 1.32143235206604004 -0.0812000036239624023 59
38.3135054383644018 6.30137373382195598 1.30025625228881836 -1.29920005798339844 48
38.2837885495994854 6.58779981263204384 0.52442401647567749 -1.38040006160736084 47.5
34.1289632015155888 18.5545842917315227 0.513828575611114502 0.0812000036239624023 59.5
34.0698771983906425 18.765510163911415 1.50167012214660645 0 70.5
34.1024620171874133 18.6779572393519508 1.81983304023742676 -0.0812000036239624023 64.5
38.5190367404370591 5.60338717180558632 -0.20434221625328064 -1.13680005073547363 47.5
34.1216918360385506 18.6779572393519508 1.41415667533874512 0.0812000036239624023 65
34.1541078563997687 18.6262225159714099 2.7496798038482666 0 61.5
34.137285434953192 18.6262225159714099 2.95121502876281738 -0.0812000036239624023 55
38.5969588742929517 5.45823370431396615 -1.21757745742797852 -1.21800005435943604 49.5
34.1843639056291053 18.6262225159714099 2.34373879432678223 0.0812000036239624023 55.5
34.0702054595504649 18.9598930348149501 2.56891846656799316 0 63
34.0945562308137724 18.9061822896738292 2.64068913459777832 -0.0812000036239624023 57.5
38.6245825424391356 5.62497985477899043 -1.83216750621795654 -1.21800005435943604 48.5
34.0702054595504649 18.9598930348149501 2.56891846656799316 0.0812000036239624023 57.5
34.2237437817886629 18.9424709158622342 1.62502992153167725 0 66
34.1873072495554879 18.9962847536913877 1.75836408138275146 -0.0812000036239624023 59.5
34.2327665510234738 18.9424709158622342 1.42233085632324219 0.0812000036239624023 60.5
34.3991867884627567 18.8219102896369925 1.01609766483306885 0 62.5
34.3846714305273551 18.8219102896369925 1.42505574226379395 -0.0812000036239624023 56
34.4088363047845007 18.8219102896369925 0.607029080390930176 0.0812000036239624023 57
34.4168344355532412 18.7695026082152943 2.77083158493041992 0 50.5
34.4470334077479237 18.700749851408645 2.85902285575866699 -0.0812000036239624023 45
34.4195473111916002 18.8578990098238393 2.04074716567993164 0.0812000036239624023 45.5
34.3044344007966089 19.1645014527970865 2.51363658905029297 0 50.5
34.1001423386901052 19.5980587845861045 -3.91435146331787109 0 48
30.4602728520592372 25.207144373488191 2.22077536582946777 0 56
30.334403782099816 25.3358027468118472 2.46602797508239746 -0.0812000036239624023 50
30.3003606265231831 25.4644611201354998 1.26869261264801025 0.0812000036239624023 50.5
30.5942453239500836 25.1706035524899576 2.13045120239257812 0 68
30.4888000298721806 25.294547828403342 2.17366838455200195 -0.0812000036239624023 62
30.6202247558513498 25.1706035524899576 1.71708798408508301 0.0812000036239624023 62.5
30.6781056187257128 25.2181830939303993 1.72033369541168213 0 68
30.5731362374328199 25.3423616594904253 1.76365470886230469 -0.0812000036239624023 62
30.6890877957610115 25.2181830939303993 1.51183414459228516 0.0812000036239624023 62.5
30.7469923240276266 25.2657650554899362 1.5146867036819458 0 56
30.6040678274622557 25.390177922613681 2.18188643455505371 -0.0812000036239624023 50.5
30.7564575698387515 25.2657650554899362 1.30846619606018066 0.0812000036239624023 50.5
36.3299948761787164 -16.5343066612558225 2.17921757698059082 0 61
36.3837718402287109 -16.4094251910046474 2.22548103332519531 -0.0812000036239624023 55
36.3670114799185669 -16.4643730379151663 2.08940863609313965 0.0812000036239624023 55.5
36.4128111117743671 -16.6554115439986035 0.840930342674255371 0 61.5
36.3930072784267082 -16.6554115439986035 1.46594464778900146 -0.0812000036239624023 55
36.4128111117743671 -16.6554115439986035 0.840930342674255371 0.0812000036239624023 56
30.1514724603602353 26.3134849020059001 2.91631150245666504 0 59
30.1708109749914009 26.3134849020059001 2.70891833305358887 0.0812000036239624023 53
30.2981569411692817 26.1768046289838843 3.58283281326293945 0 69.5
30.3666609913810355 26.0411735169166114 3.9702904224395752 -0.0812000036239624023 63.5
30.3222789544434939 26.1768046289838843 3.3725893497467041 0.0812000036239624023 63.5
30.4012655720906722 26.2256424469249403 3.17089080810546875 0 69
30.3546839273165538 26.2256424469249403 3.58951735496520996 -0.0812000036239624023 63
30.5163364333043994 26.1249875152537676 2.8833930492401123 0.0812000036239624023 63.5
30.7499374159598133 26.0929639936061299 1.31196582317352295 0 55.5
30.6529138353495512 26.1383430614210965 2.30403518676757812 -0.0812000036239624023 50
30.7581432345214516 26.0929639936061299 1.10298871994018555 0.0812000036239624023 50
29.9729653819952411 26.2930091385551208 -6.66932868957519531 0 46.5
29.3952291168047211 27.298291216651009 5.56540870666503906 0 47
25.5435730684359577 -31.6002315364510054 -1.1721346378326416 0 45
25.2897691547285639 -31.91807304015677 0.435902267694473267 0 46.5
24.049742594176017 -32.9557379210475219 -0.411671429872512817 0 45.5
32.1826029065684978 25.2528598431011098 1.86430835723876953 0 61.5
32.1946183335286165 25.2170401837491944 2.12364363670349121 -0.0812000036239624023 55
32.1107146455054888 25.3807871979293829 1.27287578582763672 0.0812000036239624023 55.5
32.2789409020268181 25.2632257079889833 1.70006215572357178 0 65.5
32.2789409020268181 25.2632257079889833 1.70006215572357178 -0.0812000036239624023 59.5
32.1884233382806428 25.4016402968923281 1.30875444412231445 0.0812000036239624023 59.5
32.3379523610026922 25.3094112322287685 1.7031700611114502 0 57
32.3484572188057911 25.3094112322287685 1.49037432670593262 -0.0812000036239624023 51
32.3445880786822784 25.263188687364714 2.19298267364501953 0.0812000036239624023 51
37.308600805919184 -17.5925882521513763 0.362783282995223999 0 47
32.1782997082747357 25.7784585137230273 2.7899327278137207 0 55
31.9650305530871996 25.9695248128031082 3.40239500999450684 -0.0812000036239624023 48.5
32.0272191548231433 25.9695248128031082 2.75619935989379883 0.0812000036239624023 50.5
32.1369038711151305 26.0476968719107482 1.6422799825668335 0 66.5
32.1479074379444114 26.0166569153603113 1.89889538288116455 -0.0812000036239624023 60.5
18.7520133799781057 35.5355769241618518 9.97721958160400391 -3.73520016670227051 46
18.9395806410300374 35.4734970110609709 9.84293937683105469 -3.81640005111694336 46
32.1369038711151305 26.0476968719107482 1.6422799825668335 0.0812000036239624023 61
32.4448543564199454 25.680269354500151 2.83391332626342773 0 64.5
32.4448543564199454 25.680269354500151 2.83391332626342773 -0.0812000036239624023 58
32.4796746982934152 25.680269354500151 2.40215015411376953 0.0812000036239624023 59
32.214562850846832 25.9188145224517328 4.10362148284912109 0 69
32.1865577986705489 25.9188145224517328 4.31780147552490234 -0.0812000036239624023 62.5
32.2372210247101521 26.1320436167800771 3.24322724342346191 0 63
32.2996728453125854 25.9655974790935815 3.89352560043334961 -0.0812000036239624023 56.5
32.2372210247101521 26.1320436167800771 3.24322724342346191 0.0812000036239624023 57.5
32.2749669220439728 26.392772227499858 0.798828184604644775 0 58.5
32.2612708580195857 26.392772227499858 1.23367190361022949 -0.0812000036239624023 52.5
32.369985227804186 26.2781343224643216 0.730607390403747559 0.0812000036239624023 52.5
32.4880910385620183 26.0591681515793852 3.25491476058959961 0 63
32.4416499258303404 26.0591681515793852 3.68916225433349609 -0.0812000036239624023 57
32.3759734872713238 26.2523150309080009 2.78621244430541992 0.0812000036239624023 57.5
32.3647595783047279 26.2732993435134539 3.6957857608795166 0 62
32.4189511097174332 26.105953487822287 4.34897661209106445 -0.0812000036239624023 55.5
32.4998940528579467 26.105953487822287 3.6957857608795166 0.0812000036239624023 56
32.4037244996677671 26.5351807179267176 1.89441764354705811 0 58
32.3009302586442715 26.6556761091433643 1.95723426342010498 -0.0812000036239624023 52
32.4263133990268386 26.5351807179267176 1.45744740962982178 0.0812000036239624023 52.5
32.3998957613671124 26.7033587380283279 1.08511924743652344 0 55.5
32.3348328409004324 26.7768349609710157 1.20820021629333496 -0.0812000036239624023 50
32.3998957613671124 26.7033587380283279 1.08511924743652344 0.0812000036239624023 50
32.5215244664293053 26.9202837503407757 0.774345874786376953 0 50.5
32.5154900096855215 26.9202837503407757 0.995962083339691162 0.0812000036239624023 45.5
32.5244873894030064 26.8940989550186167 2.85575699806213379 0 50
31.3252329349345864 -29.3073046385109741 -0.470881432294845581 0 49
31.1930921757644128 -29.5572367919101033 0.459985285997390747 0 51
31.3806679032837721 -29.3585417044644856 0.424827843904495239 0.0812000036239624023 45.5
33.8445572635655836 27.041650694276111 -1.58673250675201416 0 51
33.5542836437043306 27.4845609965101723 -2.10710644721984863 0 48
32.3859814876747194 28.5267686788101358 -5.44257974624633789 0 46
34.8214991866255943 25.6301471054209742 5.41659307479858398 -2.43600010871887207 49
34.8796662911200954 25.5865862010565444 5.24557924270629883 -2.51719999313354492 47.5
36.1746954657164608 24.9555247740541333 -0.464431703090667725 0 59.5
36.1268201785297336 25.0269204215151184 -0.329599946737289429 -0.0812000036239624023 53.5
36.1240251610113887 25.0269204215151184 -0.55731201171875 0.0812000036239624023 54.5
36.2327802718440424 24.9981114262752371 -0.693316757678985596 0 63
36.1972458922172748 25.0476235307727002 -0.759340465068817139 -0.0812000036239624023 56.5
36.1972458922172748 25.0476235307727002 -0.759340465068817139 0.0812000036239624023 57.5
36.0777395502258145 25.3162339288319025 -1.5150294303894043 0 57.5
36.0867108877637008 25.3162339288319025 -1.28363800048828125 -0.0812000036239624023 51
36.2589113314933513 25.0902945315567401 -0.760634064674377441 0.0812000036239624023 52
36.042953111941074 25.4365704311500807 -2.3059241771697998 0 50.5
36.0273935003180625 25.4365704311500807 -2.53747725486755371 0.0812000036239624023 45
36.2283704678813123 25.3028119578554609 -2.30983901023864746 0 55.5
36.2070594585934984 25.3802244070272209 -1.71915936470031738 -0.0812000036239624023 49
36.1863099985388388 25.2419878906490744 -3.38458991050720215 0.0812000036239624023 49.5
36.3036741841998634 25.3456985160781194 -2.08437013626098633 0 55.5
36.3822255309632396 25.2847713561837004 -1.31132972240447998 -0.0812000036239624023 49
36.2287963177488592 25.4232421741255621 -2.41635417938232422 0.0812000036239624023 50
25.9296937520948809 -36.0411382523290698 -0.217946514487266541 0 45
36.0770152672634339 26.0039020473289249 -0.521520733833312988 0 55.5
36.0673259931970662 26.0039020473289249 -0.985373079776763916 -0.0812000036239624023 50
36.101935028706194 25.9649990094295227 -0.703435719013214111 0.0812000036239624023 49.5
36.2533522250529572 25.8918793586451272 -0.0880810767412185669 0 49
36.3675200169227821 25.7193039425801899 -0.789651453495025635 -0.0812000036239624023 45.5
36.8188039933555444 25.1993922996701798 0.870072662830352783 -0.0812000036239624023 45
36.7456320553305886 25.3087729609723837 -2.70453333854675293 0 53.5
36.869465226761811 25.1691306471290162 -2.29071950912475586 -0.0812000036239624023 47.5
36.8506084489490107 25.0239026407319116 -3.73189806938171387 0.0812000036239624023 47
36.9354131689091787 25.0658894809498989 -3.50387835502624512 0 54.5
37.2381768811076554 24.7491923737226323 -3.50974750518798828 0 51.5
37.2595592695914988 24.7491923737226323 -3.27497148513793945 0.0812000036239624023 46
38.9766559722819892 23.5846691365940266 -1.9859393835067749 0 54.5
39.0061301608081266 23.5219894167335433 -2.14432668685913086 -0.0812000036239624023 48
38.8146050515066747 23.778406452526422 -2.71553993225097656 0.0812000036239624023 49.5
39.0565723096868069 23.5606772909344038 -2.38422369956970215 0 59
38.9662420794241626 23.6919504444449416 -2.55524206161499023 -0.0812000036239624023 52.5
38.9498073243069172 23.6919504444449416 -2.79460668563842773 0.0812000036239624023 53.5
38.7695686424471049 24.519878632086261 -1.58312320709228516 0 61.5
38.9784874474188285 24.2273607817385681 -0.722844779491424561 -0.0812000036239624023 55
38.7695686424471049 24.519878632086261 -1.58312320709228516 0.0812000036239624023 56
38.9594911364228835 24.2669483739440999 -2.64087176322937012 0 58
38.9889995137711836 24.2669483739440999 -2.16196107864379883 -0.0812000036239624023 52
38.9889995137711836 24.2669483739440999 -2.16196107864379883 0.0812000036239624023 52.5
39.1131050039715262 23.8864656239316098 -4.49494361877441406 0 50
38.9567483792341278 23.8864656239316098 -5.69309425354003906 -0.0812000036239624023 45
39.3642342149318978 23.6735532586978188 -3.25925946235656738 0.0812000036239624023 45
38.9222932619403181 24.1328624309357558 -5.49323081970214844 0 52
38.9222932619403181 24.1328624309357558 -5.49323081970214844 -0.0812000036239624023 46.5
38.8427115468796202 24.0982798719231894 -6.16702079772949219 0.0812000036239624023 47.5
39.192493518918667 24.385709137052114 -1.93024849891662598 -0.0812000036239624023 50
39.4518315909762549 24.1766490589550678 -0.646730363368988037 0 55.5
39.4471741954489161 24.1766490589550678 -0.886467933654785156 0.0812000036239624023 49.5
35.3519785676102529 -29.9729584194062362 0.426593244075775146 0 65
35.3519785676102529 -29.9729584194062362 0.426593244075775146 -0.0812000036239624023 59
35.3519785676102529 -29.9729584194062362 0.426593244075775146 0.0812000036239624023 59.5
35.3665243436107062 -30.0736700758661435 0.253207147121429443 0 72
35.409182995507976 -30.0214588430955409 0.427283555269241333 -0.0812000036239624023 65.5
35.4112690379100172 -30.0214588430955409 0.186741068959236145 0.0812000036239624023 66
35.4689208627125936 -30.0699567999508268 -0.0570640489459037781 0 66.5
35.581084538254899 -29.9363125475065992 -0.231425479054450989 -0.0812000036239624023 60.5
35.4677144844477823 -30.0699567999508268 -0.297998607158660889 0.0812000036239624023 61
35.5388368080469448 -30.2194219214987072 0.0127217881381511688 0 53
35.2181949138854691 -30.5925012044801719 0.0127217881381511688 -0.0812000036239624023 47.5
38.5534169058365208 26.9248566847829913 0.192361027002334595 0 46.5
35.377627358341357 -31.6377853481820175 1.16185986995697021 0 51
35.647624325091563 -31.4025588332514474 2.03199982643127441 -0.0812000036239624023 55
35.7384553226017871 -31.4520876645519643 1.29211604595184326 0 61.5
35.7172123248092674 -31.4520876645519643 1.78539323806762695 -0.0812000036239624023 55
35.7529594482648392 -31.4520876645519643 0.795458853244781494 0.0812000036239624023 56
35.8406780477696145 -31.4718161589105279 0.510559558868408203 0 53
35.8388257612447561 -31.4539344451838758 1.23238539695739746 -0.0812000036239624023 46.5
35.8443104161378656 -31.4718161589105279 0.0130081307142972946 0.0812000036239624023 47.5
39.9516910911930552 26.0886522418298732 -2.38649773597717285 0 52.5
39.9783179213819366 26.0886522418298732 -1.88865554332733154 -0.0812000036239624023 46
39.7647302510758536 26.2379008244490421 -3.57626152038574219 0.0812000036239624023 47
44.7794853314065335 -18.1045333887764066 2.67665696144104004 0 48
45.0344878422352082 -17.8238324518130717 1.26827538013458252 0 47.5
26.7107711189073598 40.468886707746087 1.86541128158569336 0 47.5
27.4598526054188383 40.0881042953170024 0.927695155143737793 0 54.5
27.2676680698943272 40.1609807157902381 2.35159397125244141 -0.0812000036239624023 47.5
27.4380443850475189 40.0881042953170024 1.43449223041534424 0.0812000036239624023 49
33.2426486516965412 35.2293019346951084 4.80400800704956055 0 54
33.1853980684048082 35.1563130494712937 5.65851545333862305 -0.0812000036239624023 47.5
33.5111703114111492 35.1380658281653382 3.40202045440673828 0.0812000036239624023 48
32.6629969031647818 35.8683957207721349 4.81141042709350586 0 57
32.4508676108375411 35.8683957207721349 6.07965612411499023 -0.0812000036239624023 50.5
39.0659162031471183 29.0760619523174988 2.23601818084716797 -3.4104001522064209 49
39.1582658227791214 28.8506661232297645 3.29120945930480957 -3.49160003662109375 48
32.7335764420146234 35.8683957207721349 4.30512666702270508 0.0812000036239624023 51
38.8549534975981175 29.5661765364338791 -0.119832277297973633 -3.32920026779174805 46
39.0540853427540853 29.2855236019155214 1.00853633880615234 -3.4104001522064209 54
39.1997281849867889 29.0902867779027474 1.00853633880615234 -3.49160003662109375 56
39.3438630889198961 28.8950499538899805 1.00853633880615234 -3.5728001594543457 51
39.0857521419991727 29.3855042074656083 -0.0800097137689590454 -3.4104001522064209 47.5
39.4140736036111861 28.9394360421204269 0.500070273876190186 -3.49160003662109375 52.5
39.2311832888948899 29.1655253861994943 1.22339498996734619 -3.5728001594543457 50
39.4745252497989298 28.9838221303508696 0.500837266445159912 -3.49160003662109375 45.5
45.8250026239907626 -17.0899709776528574 4.61173725128173828 0 55
45.5293209623799058 -17.4828438736908574 5.89041900634765625 -0.0812000036239624023 48
45.8501213724476884 -17.0899709776528574 4.35492610931396484 0.0812000036239624023 49
45.8231699494076281 -16.7902169116207709 6.24226617813110352 0 56
45.0948888862708728 -17.5095341502365294 8.97258472442626953 -0.0812000036239624023 48
45.9093746196220422 -16.7533288481020151 5.68289804458618164 0.0812000036239624023 50.5
45.6580246665643941 -16.1015556271562126 9.17117023468017578 0 48.5
38.5447344483596837 30.8312248563343019 2.56315231323242188 0 54.5
38.4854817161467366 30.8312248563343019 3.33678007125854492 -0.0812000036239624023 48
38.526633918672907 30.8312248563343019 2.82222914695739746 0.0812000036239624023 49
38.6340687761724979 30.8780101925772037 2.05126333236694336 0 53.5
38.5850967767199435 30.8780101925772037 2.82651162147521973 -0.0812000036239624023 47.5
38.4847931425077761 31.1068736495334051 1.23840606212615967 0.0812000036239624023 48
46.4974751344287398 -17.3098365333411159 1.86469078063964844 0 45.5
38.198929326101144 32.3979549355313026 1.10658490657806396 0 45.5
47.6253599453979817 -16.5504449925923396 2.37357378005981445 0 46
38.5099342946051308 32.7458053673736984 -0.0103368507698178291 0 46
47.6110540169057899 -17.2069330979518824 0.00690179364755749702 0 50
47.5161623829705135 -17.4663023100901285 -0.182927817106246948 -0.0812000036239624023 45
38.734990001041659 32.9401419852584993 0.520011723041534424 0 45
36.693238982569035 -35.2605198617606206 1.91257560253143311 0 56.5
36.8277116693535334 -35.2805857694382468 0.0139080649241805077 0 62
36.8194050969873246 -35.2805857694382468 -0.782297968864440918 0.0812000036239624023 56
36.8668796178471112 -35.332466868791073 -1.05152904987335205 0 55.5
37.0615336590669173 -35.1282329562547133 -1.05152904987335205 -0.0812000036239624023 49.5
36.7769562157602721 -35.3643784176248843 -2.33917832374572754 0.0812000036239624023 49.5
38.5048374019175697 33.5435462402191504 2.92072868347167969 0 53
38.1471172106436214 33.7800384679036227 4.47538566589355469 -0.0812000036239624023 47.5
38.6703074244818339 33.6419154087298651 2.1258547306060791 0 50.5
38.5200660033689743 33.87910116904294 -0.3182658851146698 -0.0812000036239624023 45
38.5967137126416091 33.6419154087298651 3.19462728500366211 0.0812000036239624023 45.5
47.468744654723217 -19.5547047596480539 1.92947614192962646 0 49.5
47.154840870209064 -20.2968884361083646 3.39999485015869141 0 47.5
47.60278125686267 -19.6633062460413228 1.46816134452819824 0 46
47.5991636356552021 -19.7177201799765989 2.84456133842468262 0 47.5
47.8970859383555592 -18.7325860781469586 5.02646732330322266 0 45
47.7152342560660827 -19.7491730831121259 3.35996699333190918 0 50
47.7296180515980382 -19.5099067425505197 4.39431571960449219 0.0812000036239624023 45.5
47.7442693955800834 -19.8943624362460234 3.2449491024017334 0 47.5
47.9800325785489861 -20.0978099859719634 1.78814852237701416 0 55.5
47.862377466097108 -20.2604136266351667 2.81267881393432617 -0.0812000036239624023 49.5
48.0127957591532706 -19.9807353646944534 2.17821097373962402 0.0812000036239624023 49.5
48.201825057456162 -19.7294450802136332 2.08547687530517578 0 59.5
48.0961390819318808 -19.8922830224405516 2.8415687084197998 -0.0812000036239624023 53.5
48.2926405406130002 -19.5079854787850202 2.06772589683532715 0.0812000036239624023 53.5
48.8298069080613004 -18.198861077089731 3.04818820953369141 0 50
48.0044342614839934 -20.6942039171721675 0.00712674064561724663 0 53
48.0069141587796295 -20.6615426104847124 1.05485987663269043 -0.0812000036239624023 47.5
47.9921369271105576 -20.7203329625221357 0.313629359006881714 0.0812000036239624023 47.5
39.1513342788362095 33.3754136070034306 9.68387126922607422 0 51.5
38.5731657495815838 33.4931630082041494 11.4386072158813477 -0.0812000036239624023 45
39.4055835089624722 33.3754136070034306 8.59096050262451172 0.0812000036239624023 46
39.2077927392674539 33.6590660667798716 8.84291839599609375 0 51
39.6039649372902574 33.7114741104805802 6.59116172790527344 0.0812000036239624023 45
52.6806718921492276 6.9238035903670978 -2.09488368034362793 -3.4104001522064209 47
52.7927463776670649 6.60086441967990023 -2.2175438404083252 -3.4104001522064209 48.5
52.9071664990156236 6.61016103285872969 0.832505881786346436 -3.4104001522064209 49.5
52.9698914604981113 6.61945811890699876 1.39057159423828125 -3.32920026779174805 49
52.9537924883114854 6.71287789074641328 1.54705953598022461 -3.4104001522064209 50.5
36.6060461552868475 -38.9172079774793147 2.24148821830749512 0 45.5
53.0237555819527557 6.84258601801834043 1.11187851428985596 -3.32920026779174805 48.5
53.0208883853952599 6.5552508629648365 2.32162165641784668 -3.4104001522064209 46.5
50.5162566060945082 -19.1764325074257975 3.54894566535949707 0 62
50.4496209389544958 -19.1764325074257975 4.39576339721679688 -0.0812000036239624023 56
50.5351502783550686 -19.1764325074257975 3.26892781257629395 0.0812000036239624023 56.5
50.4939780612230962 -19.2029929326886943 4.68551111221313477 0 68
50.5010109616212475 -19.0810261462425395 5.09051275253295898 -0.0812000036239624023 62
50.5434225786655489 -19.2029929326886943 4.11807155609130859 0.0812000036239624023 62.5
50.5743829816734163 -18.9852823908075337 5.50282859802246094 0 63
50.3710297467112582 -19.1074178743795606 6.79384326934814453 -0.0812000036239624023 56.5
50.5708609236583442 -19.1074178743795606 5.09755325317382812 0.0812000036239624023 57.5
52.8893956464634982 12.6109199652950199 0.563474774360656738 0 62.5
52.8473134031406744 12.7943762363418774 0.326228529214859009 -0.0812000036239624023 56
52.8473134031406744 12.7943762363418774 0.326228529214859009 0.0812000036239624023 57
52.9717834330295005 12.5670771940401185 0.92801511287689209 0 55
52.9895303402857394 12.4105840833401064 1.69992733001708984 -0.0812000036239624023 48.5
52.9177087682606455 12.8120229325270945 0.60879671573638916 0.0812000036239624023 50.5
50.7906426791099292 -19.7657324465291246 1.61309266090393066 0 49
50.6145781677424722 -19.8201091534364373 5.88930034637451172 0 49.5
53.1478412026611622 13.1357501596790698 0.567360818386077881 0 53.5
53.0894635019870265 13.3546793290070536 0.851020097732543945 -0.0812000036239624023 48
53.1500935137933297 13.1357501596790698 -0.287417769432067871 0.0812000036239624023 47.5
53.1620645087467523 13.3729726646170093 -0.859659910202026367 0 54.5
53.149745570980194 13.3729726646170093 -1.43141484260559082 -0.0812000036239624023 49
53.1620645087467523 13.3729726646170093 -0.859659910202026367 0.0812000036239624023 49
50.8287383674201436 -20.5343096015060738 5.79203462600708008 0 56
50.6148782094314171 -20.7202963037001879 6.8970646858215332 -0.0812000036239624023 50
50.7951276882867475 -20.5343096015060738 6.07973718643188477 0.0812000036239624023 50
50.7746316911500628 -21.0657833603019604 5.02091169357299805 0 60
50.7452762121376182 -21.0657833603019604 5.30941915512084961 -0.0812000036239624023 53.5
50.9183852364806455 -20.8933391612163213 4.22213459014892578 0.0812000036239624023 54
50.7005444345688545 -21.1220341994294607 6.21612119674682617 0 57.5
50.6648516689185655 -21.1220341994294607 6.50062322616577148 -0.0812000036239624023 51.5
50.8143163176904693 -21.0391485191177701 5.53039407730102539 0.0812000036239624023 52.5
54.2948300638566224 10.7482597855647022 0.411321133375167847 0 64.5
54.3086915686159983 10.6237625679712888 1.15086448192596436 -0.0812000036239624023 58
54.2948300638566224 10.7482597855647022 0.411321133375167847 0.0812000036239624023 59.5
48.5569697588376172 -26.6923575182300716 1.29220426082611084 0 62.5
48.5484808193384936 -26.6923575182300716 1.57928848266601562 -0.0812000036239624023 56.5
48.3970558938744304 -27.1653985887506799 0.128647834062576294 0 60.5
48.3920557208561064 -27.1653985887506799 0.707558751106262207 -0.0812000036239624023 54.5
48.4709346480018937 -27.0336287206918939 -0.0416244082152843475 0.0812000036239624023 55
49.7535331701665271 -24.9231355055323789 0.588063955307006836 0 52
49.7562155058604176 -24.9231355055323789 -0.280758649110794067 -0.0812000036239624023 46.5
49.6654203273367827 -25.103939501945284 0.246615603566169739 0.0812000036239624023 46.5
51.1603399052103356 -21.6909035450771732 4.1713709831237793 0 52
51.0822771906538193 -21.8371343554934256 4.36076831817626953 0.0812000036239624023 46.5
52.9192894001643097 17.3784868476552106 4.42187643051147461 0 52
52.8571694243840682 17.4273616600029762 4.94192743301391602 0.0812000036239624023 46.5
53.0785727505684477 17.5975743786703767 1.84207236766815186 0 61.5
53.0551241073423014 17.5975743786703767 2.425262451171875 -0.0812000036239624023 55
53.0785727505684477 17.5975743786703767 1.84207236766815186 0.0812000036239624023 56.5
53.1918150687930265 17.5371535437282056 1.37110483646392822 0 60
53.1735470288087271 17.5371535437282056 1.95524430274963379 -0.0812000036239624023 53
53.1918150687930265 17.5371535437282056 1.37110483646392822 0.0812000036239624023 55
51.5626054232774678 -21.5354319686976012 4.97325849533081055 0 52.5
51.6816591378219385 -21.4092477970060138 4.22613716125488281 -0.0812000036239624023 47
51.6845285057426764 -21.5642229448470779 4.39598321914672852 0 62
51.562487361603381 -21.6905758136645446 5.14391994476318359 -0.0812000036239624023 55.5
51.6059560948723615 -21.662497398371773 4.81585264205932617 0.0812000036239624023 56.5
51.7999766300205664 -21.5930139209965546 3.81667637825012207 0 63
51.777735729223572 -21.5930139209965546 4.10740756988525391 -0.0812000036239624023 57
51.7564870568240067 -21.7195354869398969 3.68657803535461426 0.0812000036239624023 57.5
52.0950900533914236 -21.39657631368474 0.890855491161346436 0.0812000036239624023 49
55.6684463997196843 -8.63345642934046431 2.72901010513305664 0 53.5
55.2870424049031257 -8.71802906375032904 6.9497523307800293 -0.0812000036239624023 48
55.6340316614357135 -8.71802906375032904 3.13221096992492676 0.0812000036239624023 49
55.7876087530773432 -8.43322445806144572 2.45956134796142578 0 49.5
50.6431718918624512 -25.1000789176659325 1.77705156803131104 0 49.5
49.8063066139549306 -26.8669482356801232 1.97232520580291748 0 45.5
49.9222055719645823 -26.8175096595203897 1.86676502227783203 0 46
52.448040301345273 -21.3404947456093304 4.14574337005615234 0.0812000036239624023 46.5
38.0386419542210064 -42.3301797003729305 3.19657063484191895 0 62
37.9332577729089735 -42.3942839603936861 3.57673263549804688 -0.0812000036239624023 56
38.0838793207977488 -42.3301797003729305 2.60277342796325684 0.0812000036239624023 56
38.0565700673175087 -42.4500636394666628 2.6917121410369873 0 66.5
37.8508747760288884 -42.5998370494849397 3.18134808540344238 -0.0812000036239624023 60
37.8958846375922036 -42.5998370494849397 2.59064698219299316 0.0812000036239624023 60.5
37.9243059733525953 -42.6558163790880798 2.88982868194580078 0 61.5
37.8718596649248411 -42.6986650143257336 2.94430756568908691 -0.0812000036239624023 55.5
37.8936923134553396 -42.6986650143257336 2.6485440731048584 0.0812000036239624023 56
52.0385473914132319 -22.8825960602397238 6.56332826614379883 0 56
52.000049706773261 -22.8825960602397238 6.8616633415222168 -0.0812000036239624023 50
52.3245846451495069 -22.6180160432932027 5.02635526657104492 0.0812000036239624023 50.5
52.0457414643401464 -23.6429253601955338 3.94248628616333008 0 59.5
52.0457414643401464 -23.6429253601955338 3.94248628616333008 -0.0812000036239624023 53.5
52.1056887181672579 -23.6429253601955338 3.04956674575805664 0.0812000036239624023 54
52.6422678612251644 -22.6342863786124795 2.89339160919189453 0 57
52.6717274225594494 -22.6342863786124795 2.29552483558654785 -0.0812000036239624023 51
52.6717274225594494 -22.6342863786124795 2.29552483558654785 0.0812000036239624023 51.5
51.6801599327629333 -24.6127359209606666 5.70088338851928711 0 58.5
51.4629273107252629 -24.8427614903154392 6.59773588180541992 -0.0812000036239624023 52.5
51.5358856162883114 -24.8427614903154392 6.00130128860473633 0.0812000036239624023 52
52.0810042470202035 -24.3497213478269749 3.52423477172851562 0 62.5
52.0597079625240227 -24.3497213478269749 3.82599616050720215 -0.0812000036239624023 56.5
52.1003086436590266 -24.3497213478269749 3.22629737854003906 0.0812000036239624023 56.5
52.7253683490612204 -23.3724409919883307 0.412868380546569824 0 55.5
52.6991327508114722 -23.4300973373278048 0.487574130296707153 -0.0812000036239624023 49.5
52.7221267720013458 -23.3724409919883307 0.715625345706939697 0.0812000036239624023 49.5
52.8768148434218546 -23.0925287359443736 2.41674709320068359 0 47
51.9831910526563945 -24.9723192355719767 4.22634696960449219 0 49
51.3993499659444879 -26.6543253080146627 -0.252636700868606567 0 48
57.0444884156416308 -10.5254132580702979 2.22367024421691895 0 56.5
56.9622528820931464 -10.7430303481751288 3.11319160461425781 -0.0812000036239624023 49.5
57.0031755970255176 -10.5834444820982529 2.90371847152709961 0.0812000036239624023 51.5
57.1161188490322189 -10.4954324704321422 2.47203207015991211 0 65.5
57.0866873979991851 -10.4954324704321422 3.07764315605163574 -0.0812000036239624023 59
57.118190050917157 -10.5390121208284011 2.22654318809509277 0.0812000036239624023 60.5
57.1918879375717992 -10.5526102919196134 2.2294161319732666 0 62.5
57.1628288097600077 -10.7707896914768746 1.9082176685333252 0.0812000036239624023 57.5
52.1589105912935551 -25.7856282678937205 3.24427533149719238 0 64
52.0901928392654909 -25.967678735755154 2.87529253959655762 -0.0812000036239624023 58
52.1931276232833952 -25.7856282678937205 2.6371760368347168 0.0812000036239624023 58.5
56.9920483009235213 -10.8860464300700723 -6.17440223693847656 0 49.5
52.0626273090525586 -26.4798668190650233 1.33426809310913086 0 56.5
52.0695849893645004 -26.4798668190650233 1.02762210369110107 -0.0812000036239624023 50.5
52.0149965004992367 -26.567475973139679 1.44577085971832275 0.0812000036239624023 51
53.3917457564209812 -23.9567447351230243 2.53505778312683105 0 50
53.1055457175873968 -24.5810586584367243 3.92367339134216309 0 47
37.7334119003878996 -44.9541232556451646 1.98545539379119873 0 53
37.9092084763668353 -44.7706669903185031 2.66554093360900879 -0.0812000036239624023 47
37.7828567508985529 -44.9541232556451646 0.456415712833404541 0.0812000036239624023 47
52.9058812127906464 -25.3933839669258639 3.68568038940429688 0 51
53.2527264591984206 -24.9549261518515451 2.76858162879943848 0 50
41.4583932712466421 41.8041288888676235 2.95275187492370605 0 52
41.3551776722498232 41.8925252847559761 3.14139533042907715 -0.0812000036239624023 46.5
41.5320275580329152 41.8573153438312531 2.64699959754943848 0 51.5
41.1398259909456812 42.2113507863870083 3.10922718048095703 -0.0812000036239624023 46
41.5503759618729731 41.8573153438312531 2.34143900871276855 0.0812000036239624023 45.5
48.832659530083788 -33.0852948120882999 -3.6803581714630127 0 47.5
49.2875511793574503 -32.6540347715590613 2.47638106346130371 -0.0812000036239624023 45
53.2885457285678754 -25.5877214085187248 4.0202326774597168 0 65
53.2642322098165835 -25.5877214085187248 4.33049869537353516 -0.0812000036239624023 58.5
53.3107738262958435 -25.5877214085187248 3.71388721466064453 0.0812000036239624023 59
53.3058430457683201 -25.6201096092707772 4.642486572265625 0 64.5
53.3058430457683201 -25.6201096092707772 4.642486572265625 -0.0812000036239624023 58.5
53.3316525407703637 -25.6201096092707772 4.33597993850708008 0.0812000036239624023 59
49.7429977647181758 -32.4367542329306033 -1.36058175563812256 0 53
49.6382941226657266 -32.6223191884965686 0.429267078638076782 -0.0812000036239624023 46
49.7400919408358035 -32.4070638400400455 -2.01636385917663574 0.0812000036239624023 48
53.1387106715733069 -26.4429502746962015 3.78464698791503906 0 54
53.2384996703806337 -26.4429502746962015 1.92570149898529053 -0.0812000036239624023 48
53.1156057417341572 -26.4429502746962015 4.09618186950683594 0.0812000036239624023 48.5
52.681797994377348 -27.6222627947956525 2.8003232479095459 0 57.5
52.868632490883904 -27.302285073843013 2.38660192489624023 -0.0812000036239624023 52
52.8930028379114461 -27.302285073843013 1.76581335067749023 0.0812000036239624023 52
51.4398631559728585 -30.2357285423972151 -1.95739650726318359 0 52.5
51.4936387514358742 -30.0790667364780582 -2.78298401832580566 -0.0812000036239624023 46.5
51.4668711496030724 -30.2357285423972151 -1.02563178539276123 0.0812000036239624023 47
53.9115669936779724 -26.2340122879609581 2.30653643608093262 0 63.5
53.8255213284500158 -26.3914613471342037 2.51090598106384277 -0.0812000036239624023 58
53.9360182501331451 -26.1890268424828889 2.24522590637207031 0.0812000036239624023 58.5
54.0154897281952913 -26.2217617919119732 1.93694710731506348 0 67.5
53.9894004300043662 -26.2217617919119732 2.56315016746520996 -0.0812000036239624023 61.5
54.0354325351764686 -26.1842270627509208 1.88782262802124023 0.0812000036239624023 62
54.2479997322878162 -25.9763946442883373 0.635616302490234375 0 61
54.1275406189960862 -26.2169168169206408 0.951353013515472412 -0.0812000036239624023 55
54.2479997322878162 -25.9763946442883373 0.635616302490234375 0.0812000036239624023 55
53.3003874436575202 -27.4879062484371453 6.29080343246459961 0 48
54.0739630518472154 -26.714841085797282 2.73220944404602051 0 67
54.0181809849696322 -26.714841085797282 3.67348361015319824 -0.0812000036239624023 61
54.0739630518472154 -26.714841085797282 2.73220944404602051 0.0812000036239624023 61.5
54.2290273895813328 -26.6573802033286675 1.6730349063873291 0 71
54.1239118837140154 -26.8311177336989033 2.21264290809631348 -0.0812000036239624023 65
54.1458837820296637 -26.8311177336989033 1.58651983737945557 0.0812000036239624023 65.5
54.2327986305138339 -26.8644072998717363 -0.618950068950653076 0 63.5
54.2363294308735675 -26.8644072998717363 0.0123785389587283134 -0.0812000036239624023 57.5
54.26741638007001 -26.7812123448327206 -1.04393148422241211 0.0812000036239624023 57.5
57.4171610276593896 -10.0308826153782729 16.8554782867431641 0 46
57.7448647492578075 -20.0227867086894626 4.38683795928955078 0 61.5
57.7448647492578075 -20.0227867086894626 4.38683795928955078 -0.0812000036239624023 55.5
57.8084890838914731 -19.9309039398541756 3.94504690170288086 0.0812000036239624023 55.5
57.8318119936620434 -19.9552994186683321 4.5924382209777832 0 67
57.763529155496613 -20.0472946522542017 5.03025960922241211 -0.0812000036239624023 61
57.9168983593927891 -19.7636426820311044 4.34214210510253906 0.0812000036239624023 61.5
57.9080892834798675 -19.7878038592815457 5.30348062515258789 0 62.5
57.7869325333382093 -19.9796948974824886 5.87481832504272461 -0.0812000036239624023 56.5
57.9712569235056563 -19.6496423117768622 5.12405776977539062 0.0812000036239624023 57
40.5507812154517637 46.233041760968355 0.624729394912719727 0 46
46.5994860901225394 38.6565911264961031 11.2087669372558594 0 54
46.2725684609227983 38.6565911264961031 12.4899158477783203 -0.0812000036239624023 48.5
46.6438897592443666 38.4103708008496341 11.8520669937133789 0.0812000036239624023 48.5
46.9913893357298136 38.7421951549355725 9.5694580078125 0 54
46.7813145415419243 38.4571561370925394 11.5446243286132812 -0.0812000036239624023 47.5
47.0780762601415361 38.7036763687405596 9.295318603515625 0.0812000036239624023 48.5
52.0586041368559904 -33.1433166087584894 -1.18243622779846191 0 46.5
41.5800666746070249 45.781723003999744 3.59644842147827148 0 50
41.2760546197428368 46.2324308527406345 2.43931460380554199 0 50
38.6141858341474418 -48.7294334473948183 0.343348920345306396 0 53
38.9698206338207598 -48.4419670829889455 -0.678209543228149414 -0.0812000036239624023 47
38.6157074200507893 -48.7294334473948183 0.0169555675238370895 0.0812000036239624023 48
52.2390781472372794 33.893832300989807 2.58697295188903809 0 47
52.4246522530187846 33.5057582870898756 4.77284765243530273 0 49
52.5674826655389111 33.5460300398614635 3.80125665664672852 0 51
52.5674826655389111 33.5460300398614635 3.80125665664672852 -0.0812000036239624023 45.5
52.6049641089297566 33.6397122275455089 2.05264091491699219 0.0812000036239624023 45
52.8727077490577031 -33.351815161546476 -2.15313076972961426 0 48.5
53.343319464025015 -32.765758304540185 -1.66920638084411621 0 49.5
54.5818840243674188 31.6891808382681717 -3.743621826171875 0 50
51.9579740747147696 -36.2862911162108048 -0.254919171333312988 0 48.5
50.443424822380166 -38.6107064234890487 -0.316157072782516479 0 52.5
50.4402871737460856 -38.6107064234890487 -0.645297706127166748 -0.0812000036239624023 46.5
54.6552785217785342 32.4478326200638705 -3.8005983829498291 0 53.5
54.7672618785197756 32.4478326200638705 -1.48020589351654053 -0.0812000036239624023 47
54.5469641824694733 32.4478326200638705 -5.12570858001708984 0.0812000036239624023 48
51.0902647556895388 -38.0703388886084184 2.12059164047241211 0 47.5
55.615611111764629 31.3040109567972209 0.77017509937286377 0 49
50.9957694429684523 -38.444532520838294 3.77496790885925293 0 53
51.1318752983584943 -38.1567381413934683 4.7323908805847168 -0.0812000036239624023 46
50.8454608199326827 -38.444532520838294 5.43673944473266602 0.0812000036239624023 48
55.501557797481901 31.7585243896674676 3.65733480453491211 0.0812000036239624023 48
50.7397934755351017 39.5958801243207787 5.2508091926574707 0 46.5
56.7504263860857776 31.0579525121877893 -2.02953314781188965 0 52
56.663097568355667 31.2682407323224005 -0.957532227039337158 0.0812000036239624023 46.5
55.863450846267483 32.8186813531121189 1.1176685094833374 0 50
56.3016298797336319 32.1675905013580206 -2.03423643112182617 0 50.5
56.329101348912836 32.1675905013580206 -1.02166783809661865 -0.0812000036239624023 45
58.375482094698377 28.4632474911190023 0.805892765522003174 0 56
58.556875894433837 28.049325158057389 1.68248677253723145 -0.0812000036239624023 50
58.5334969170820543 28.049325158057389 2.35965251922607422 0.0812000036239624023 50
57.5710770750762961 30.1618402742768055 2.02121496200561523 0 53
57.305543106066537 30.8880949456403187 0.106518074870109558 0 51
57.2773070613676509 30.8880949456403187 1.80173003673553467 0.0812000036239624023 45.5
58.8093099984060714 28.4235103358393069 -0.961954653263092041 0 47.5
59.9573486665868742 26.4736343102371983 -1.03229796886444092 0 46.5
40.2500709914562123 -51.7859763262360246 2.18743419647216797 0 50
39.2444681544238776 -52.6907778280126706 0.210522294044494629 0 49
33.6897463644770099 56.3934174042722063 1.12871241569519043 -0.324800014495849609 46
59.8928881658539254 27.0001227061600986 3.19159507751464844 0 48.5
33.1333421976624081 56.8112170913176797 1.00893628597259521 -0.324800014495849609 47.5
59.7122209057013649 27.8690171940595022 -1.96832656860351562 0 53.5
59.5705831571093327 28.1161559808823789 -2.63310909271240234 0.0812000036239624023 47.5
64.9843816738510895 11.3483276577604659 2.06051802635192871 0 52
64.9726441609542604 11.3483276577604659 2.40229654312133789 -0.0812000036239624023 46.5
65.0739472446167895 12.0076747736987848 2.6360774040222168 0 50.5
65.0739472446167895 12.0076747736987848 2.6360774040222168 0.0812000036239624023 46.5
65.1946754429053641 12.0212729447899971 0.913036823272705078 0 55
65.2168775719340488 11.9301399314249448 -0.348051071166992188 -0.0812000036239624023 48
65.1605293582465066 12.195254152123276 1.03507065773010254 0.0812000036239624023 50.5
60.0543080104869986 28.2417202960547975 1.23532283306121826 0 52.5
60.0076552558512262 28.3080738239163061 1.83701717853546143 -0.0812000036239624023 46.5
60.010064515026464 28.2417202960547975 2.6149134635925293 0.0812000036239624023 47.5
65.7359429247193106 11.1227917758991595 0.790935695171356201 0 48.5
65.7789396639284831 11.2103723003986833 1.73821449279785156 0 57
65.7388163417044211 11.4355806725049067 1.78825581073760986 -0.0812000036239624023 50.5
65.7785509983136762 11.1353028430299439 2.17945027351379395 0.0812000036239624023 51.5
65.8524639935973255 11.1478151829040772 2.1818993091583252 0 60.5
65.8284548900875421 11.3983278836434945 1.50788724422454834 -0.0812000036239624023 54
65.8088051794669724 11.3983278836434945 2.20467019081115723 0.0812000036239624023 54.5
65.9620676230398288 11.1603262500348599 -0.250859171152114868 0 59
65.9526883381960829 11.1603262500348599 1.14020586013793945 -0.0812000036239624023 53
65.9620676230398288 11.1603262500348599 -0.250859171152114868 0.0812000036239624023 53
65.1842874594632207 13.0056862687030534 -8.21657943725585938 0 49.5
60.685217509907126 28.1016200372370157 -4.82764434814453125 0 48.5
65.7953577942794112 12.6154176248333521 4.19380044937133789 0 59.5
65.7912163632308165 12.4224956797727355 4.79196643829345703 -0.0812000036239624023 53.5
65.7953577942794112 12.6154176248333521 4.19380044937133789 0.0812000036239624023 53.5
66.0098172503175675 12.537143808703167 1.16821861267089844 0 56.5
66.0098172503175675 12.537143808703167 1.16821861267089844 -0.0812000036239624023 50
66.0263915253028557 12.4363764103746774 1.30106449127197266 0.0812000036239624023 50
66.1261716434351996 12.3745958360226993 -0.353169471025466919 0 60
66.0869421134728725 12.4502557290418601 -1.852752685546875 -0.0812000036239624023 53
66.1261961208375482 12.3745958360226993 0.34858432412147522 0.0812000036239624023 55
40.6791279581328382 -53.7708958117357909 0.17467990517616272 0 54
40.4765435584937237 -53.9225529920258637 0.372341006994247437 -0.0812000036239624023 48
40.4765435584937237 -53.9225529920258637 0.372341006994247437 0.0812000036239624023 49
40.1547055454743358 -54.2524437972745304 0.722489893436431885 0 62.5
40.3161940499719336 -54.1343570104023541 0.5706329345703125 -0.0812000036239624023 56.5
40.3000814620271086 -54.1343570104023541 1.27465987205505371 0.0812000036239624023 57
40.0770217995931759 -54.4056135429430512 0.492953181266784668 0 61
40.2044632403375672 -54.3127279696119274 -0.331705778837203979 -0.0812000036239624023 55.5
39.9199477991161942 -54.5069432593042649 1.33135128021240234 0.0812000036239624023 55.5
66.6654543131988504 11.2854420123160963 2.20883607864379883 0 53
66.6779841565521139 11.1839998369244906 2.34251046180725098 0.0812000036239624023 47.5
62.5929415239958118 25.8456573719767491 0.895728230476379395 0 51
49.5941963835079349 45.326584264694695 9.0970916748046875 0 48.5
62.8835362462295109 25.7192476816039282 1.17662417888641357 0 49
62.9465656982612174 25.6456297217669729 2.7262568473815918 0 50
63.2888029254858466 25.0526951422666748 2.12143874168395996 0 48.5
63.7966517527543857 24.8740560470176391 -0.308117151260375977 0 48.5
51.5160019781704861 -44.9050726297724694 4.29678535461425781 0.406000018119812012 46.5
52.260451929475181 -44.328938288233438 1.70099449157714844 0.487200021743774414 46.5
51.9051136808958589 -44.637313511108097 3.53162360191345215 0.406000018119812012 48.5
52.3360218349947175 -44.3774362450887168 0.987157046794891357 0.487200021743774414 46
52.063502972828779 -44.6861488450545536 1.3894658088684082 0.406000018119812012 50
52.1824973681992574 -44.6834808117605249 0.252926468849182129 0.487200021743774414 47.5
52.0963581142212888 -44.7349891469902161 2.10736203193664551 0.406000018119812012 51.5
52.44696232537963 -44.4744370924673333 -1.15809333324432373 0.487200021743774414 48.5
52.392732489109946 -44.5517839395846664 0.375106543302536011 0.406000018119812012 50.5
63.8910966993427252 23.8574130575522894 9.43795204162597656 0 47
52.4498709069128211 -44.6003711829610765 0.375515639781951904 0.487200021743774414 48.5
52.4461052876001261 -44.6003711829610765 0.732245326042175293 0.406000018119812012 49.5
40.5523305561086644 -56.1581420832092846 2.06437301635742188 0 59.5
40.9087388625743031 -55.8983511406500995 2.08326625823974609 -0.0812000036239624023 53.5
40.8402162906925099 -55.9762884234178557 1.10552215576171875 0.0812000036239624023 54
40.5709558063153324 -56.2709312355757376 0.685804069042205811 0 61.5
40.5631629949656087 -56.2709312355757376 1.04996752738952637 -0.0812000036239624023 55.5
40.5709558063153324 -56.2709312355757376 0.685804069042205811 0.0812000036239624023 56
40.1697420472486826 -56.6528707495127151 0.383523672819137573 0 54.5
40.1654619864319784 -56.6528707495127151 -0.700749516487121582 -0.0812000036239624023 48.5
40.1715670181065647 -56.6528707495127151 0.0236751493066549301 0.0812000036239624023 49
62.81730029925982 29.7731378798140405 -1.12806987762451172 0 46.5
49.7614396990230503 48.7132748475012818 6.06844949722290039 0 47
49.690644098968562 49.0890752071434591 4.19568300247192383 0 49.5
49.282742574078199 49.2992488098274819 6.91362667083740234 0 52.5
49.0554133512679655 49.2992488098274819 8.37575626373291016 -0.0812000036239624023 47.5
49.0980861666675992 49.5793581780651422 6.18613576889038086 0.0812000036239624023 46
49.0224798675531233 49.7288295231850057 6.43083763122558594 0 50.5
65.6768207294515491 24.5445089473023543 3.48756933212280273 0 45
54.5038926864342983 43.9309857466878242 7.68603944778442383 0 45.5
49.6590082042028698 50.0479482529668118 3.16496396064758301 0 47
66.2291463764541533 24.1359385190949283 5.76049947738647461 0 49
50.0476783621810455 49.8798587748076301 5.52225208282470703 0 49
50.8527930002970479 49.3652284962625103 3.31224250793457031 0 46.5
68.1684604453203633 20.0025998503522082 4.34028339385986328 0 58.5
68.0961507644025943 20.1093278175395049 4.94071245193481445 -0.0812000036239624023 52.5
52.5766413857010022 -47.9742212506891121 0.228065818548202515 0.487200021743774414 50.5
52.4926131916993839 -48.0453732288139719 1.43139171600341797 0.406000018119812012 50
68.1911864741786502 20.0025998503522082 3.96727919578552246 0.0812000036239624023 53
68.3021751815586811 20.0236765469642926 3.22919964790344238 0 65
68.3196365892463717 19.7565754814200822 4.3206181526184082 -0.0812000036239624023 58.5
68.3186155863815685 20.0236765469642926 2.86036062240600586 0.0812000036239624023 59.5
68.4488239609003273 19.9645407151797265 1.85248875617980957 0 58.5
68.5072285886474361 19.6793329906771604 2.59611845016479492 -0.0812000036239624023 52
68.4246565931249648 19.9645407151797265 2.59611845016479492 0.0812000036239624023 53.5
68.4643209657372722 19.9855330675190181 3.34297680854797363 0 61.5
68.5182964896218181 19.7446360171516027 3.65414190292358398 -0.0812000036239624023 55
68.5370041824553482 19.7446360171516027 3.28462481498718262 0.0812000036239624023 55.5
68.6642102619316717 19.7653774464710459 1.79792773723602295 0 60.5
68.7327617221451277 19.4349124823863519 2.6015782356262207 -0.0812000036239624023 54.5
68.6311492555565934 19.944007156787098 0.823509037494659424 0.0812000036239624023 55
48.1353534778490726 52.6437666146229901 5.56998109817504883 0 46
48.4140484276349383 53.5401742891566386 5.26026296615600586 0 47
41.2361711755593987 -60.1940230011511161 1.26861250400543213 0 55.5
41.6013206693123081 -59.9204552553497933 2.05449104309082031 -0.0812000036239624023 49.5
41.2525559112218474 -60.1940230011511161 0.507466316223144531 0.0812000036239624023 49.5
41.7650219570871002 -59.9272661673982157 0.841655552387237549 0 51.5
41.2276974892654096 -60.255884839450971 2.41004347801208496 0.0812000036239624023 45.5
49.5786402242862252 54.9181204079440519 4.09501266479492188 0 45.5
72.2681280099765075 17.8862127170907037 -3.88641524314880371 0 45.5
41.5135073131725747 -62.1926755914179807 0.0254904124885797501 0 51.5
41.2435049390205748 -62.4234172452694764 2.19399929046630859 0 51
40.8559209923739814 -62.7200280999928239 3.27838683128356934 0 46.5
39.065765432195704 63.879328517520598 4.27748727798461914 4.95320034027099609 47
48.6122103541466402 56.8415375531819151 6.49223232269287109 0 47.5
48.425945836488502 56.8983199919425218 8.06419944763183594 0 47
47.3796955516846836 58.5302630383898617 4.69853067398071289 0 49
47.6022689582297787 58.3902528488065329 5.35053682327270508 0 51
47.0963719991151777 58.5035037028853537 7.95595741271972656 -0.0812000036239624023 45
47.1769998951884304 58.8432562651218163 3.97838854789733887 0.0812000036239624023 45.5
48.1745604399003184 58.2147650975532329 6.29953956604003906 0 49
42.1940056375619292 -63.8620316837051263 2.24456214904785156 0 45.5
42.5480006261102872 -63.8145545566329488 2.02411055564880371 0 46
42.3672230645892895 -64.0496759386726637 -0.947687506675720215 0 48
48.2908372748880268 61.0146603152163891 2.41455721855163574 0 47
48.2898927073467732 61.0734389017664014 3.22918558120727539 0 48.5
46.7098698328367448 64.7876127198790925 0.876731038093566895 0 52
47.1412135979580498 64.4282914969680434 2.59166288375854492 -0.0812000036239624023 46
46.7115224853348039 64.7876127198790925 -0.784152686595916748 0.0812000036239624023 46
46.7605028164717211 64.8484498720311535 -0.37064477801322937 0 51
47.0425209017742816 64.5787058962886107 -2.93184399604797363 0.0812000036239624023 45.5
42.5879106059206975 -68.0935686625524141 1.28140079975128174 0 47.5
42.6469575927749034 -68.157145501065699 0.0274079460650682449 0 49
46.9214876718824954 65.2742851839058034 -3.72402739524841309 0 45
78.9883850480967169 19.9549440320204212 4.60391998291015625 0 45
79.1913283832061836 19.9732842255597021 0.7795601487159729 0 46
43.1229718133168092 -69.6830543017207589 6.44374895095825195 0 49
43.564210744335881 -69.7466311402340438 2.59665966033935547 0 55.5
44.2360838059833767 -69.3662323560081262 0.818936467170715332 0.0812000036239624023 50
43.6789481160660173 -69.8102144463809537 0.454761326313018799 0 51
43.8240389929386254 -71.8522630430491063 3.24927830696105957 0 47
44.1750926051265793 -73.9037023501010566 -0.123273402452468872 0 46.5
46.2285930728477936 -76.9877730792959625 2.97042751312255859 0 47
47.1858377712270567 -80.9090203108459463 1.4943692684173584 0 47
47.2365038610370718 -80.9737967123500511 1.00985038280487061 0 51
47.877260243218565 -87.0900214994020843 3.66048455238342285 0 49
