
X Y Z V_r Mag
7.43172879622864713 -7.41322606475334389 0.251958340406417847 2.11120009422302246 47.5
7.48034988355881669 -7.36599135000447269 0.191123202443122864 2.03000020980834961 48.5
7.51389644204910034 -7.33318946476220113 -0.125272378325462341 1.94880008697509766 49
7.53619386541345015 -7.41860610915263941 0.0266758780926465988 2.27360010147094727 48
7.53579230001824385 -7.41860610915263941 0.082189805805683136 2.19239997863769531 58
7.5541870385194958 -7.40010584454128661 0.0576772354543209076 2.11120009422302246 63
7.56803889813636399 -7.38556992234665088 0.0937255024909973145 2.03000020980834961 63
7.56860256352017569 -7.38556992234665088 -0.0158618073910474777 1.94880008697509766 58.5
7.56860256352017569 -7.38556992234665088 -0.0158618073910474777 1.86760008335113525 50
7.63675509489345306 -7.42197988089850647 0.129239499568939209 2.27360010147094727 58
7.63748893960276121 -7.42197988089850647 0.0740598291158676147 2.19239997863769531 66.5
7.63782706868161299 -7.42197988089850647 0.0181519649922847748 2.11120009422302246 69
7.63775891297762044 -7.42197988089850647 -0.0370302014052867889 2.03000020980834961 66.5
7.63775891297762044 -7.42197988089850647 -0.0370302014052867889 1.94880008697509766 59
7.63748893960276121 -7.42197988089850647 0.0740598291158676147 1.86760008335113525 47.5
7.70311579238081112 -7.46218548688627692 0.058495350182056427 2.27360010147094727 62.5
7.703337408533109 -7.46218548688627692 0.00292478408664464951 2.19239997863769531 67.5
7.72913249400883018 -7.43404146834737389 -0.14550432562828064 2.11120009422302246 67
7.69837933665805885 -7.46218548688627692 -0.276361525058746338 2.03000020980834961 62
7.78339482153805307 -7.48602763826476458 0.134741634130477905 2.35480022430419922 52.5
7.79221512341258027 -7.47793025845052561 -0.0441782623529434204 2.27360010147094727 58.5
7.75404195608254998 -7.51436846761460409 -0.221613481640815735 2.19239997863769531 60
7.81997484553127631 -7.42799641626271256 -0.559346020221710205 2.03000020980834961 49.5
13.4198663653821786 -12.018245753332927 -1.47465169429779053 2.51719999313354492 46
16.3798956056228775 -13.409860782477617 -1.54120290279388428 3.16680002212524414 47
13.4895069202618529 16.7706210566632734 -0.324308037757873535 0.893200039863586426 45
21.1424106011464268 5.41084922723747752 -0.227654531598091125 4.06000041961669922 47.5
21.1592810080076426 5.33721367827809701 -0.360071033239364624 3.97880029678344727 49
21.1570541740102058 5.33721367827809701 -0.473135054111480713 3.89760017395019531 51
21.1609192821791332 5.33721367827809701 -0.245509237051010132 3.81640005111694336 51.5
21.1387341734835275 5.41084922723747752 -0.455283313989639282 3.73520016670227051 50
21.0984429430774938 5.53630238472383063 -0.731939435005187988 3.65400028228759766 47.5
21.2591203447560808 5.25430006387162774 -0.228436857461929321 4.14120006561279297 46
21.2385139130919676 5.34187173160282214 -0.0014916576910763979 4.06000041961669922 50
21.2350582610379881 5.35555480468582079 -0.0194087773561477661 3.97880029678344727 51.5
21.2591203447560808 5.25430006387162774 -0.228436857461929321 3.89760017395019531 53.5
21.2336379550397822 5.35555480468582079 -0.246352910995483398 3.81640005111694336 55.5
21.230362381760532 5.37197449238541935 -0.153784617781639099 3.73520016670227051 54.5
21.204323593517131 5.45407293088341394 -0.489687830209732056 3.65400028228759766 51.5
21.3303726863798531 5.27229396634946479 -0.344569563865661621 4.06000041961669922 52
21.3328527321932064 5.27229396634946479 0.113863110542297363 3.97880029678344727 49.5
21.3319244354243018 5.27229396634946479 -0.229219168424606323 3.89760017395019531 52.5
21.3084609503394908 5.36016553245528904 -0.344569563865661621 3.81640005111694336 56.5
21.2792917133794184 5.47275097652837683 -0.376027047634124756 3.73520016670227051 57
21.2809986706696321 5.47275097652837683 -0.262177199125289917 3.65400028228759766 54.5
21.2995720946233682 5.37389546465932444 -0.591713011264801025 3.5728001594543457 48
21.3982238844378863 5.29028832644288816 -0.575699031352996826 4.14120006561279297 48
21.4247744331142798 5.20211685433550741 -0.345745593309402466 4.06000041961669922 52.5
21.4059664554429361 5.29028832644288816 -0.00150187453255057335 3.81640005111694336 56.5
21.3495583071522681 5.49142949718785278 -0.493041872978210449 3.73520016670227051 56
21.3338963737575611 5.55480274276503305 -0.45997697114944458 3.65400028228759766 55.5
21.3790350154686521 5.37845979855026979 -0.45997697114944458 3.5728001594543457 50.5
21.2413209386380331 5.85513681963080135 -0.852158725261688232 3.49160003662109375 47.5
21.5554553585580635 4.95439674699267663 -0.576149046421051025 4.06000041961669922 46.5
21.4269759998607121 5.51010754283281567 0.197600960731506348 3.89760017395019531 56
21.4775507703839992 5.30828222892072521 0.229275926947593689 3.81640005111694336 58
21.4299608488781459 5.44928347562643189 -0.760091245174407959 3.73520016670227051 52
21.4373693202433024 5.41057725104055187 -0.824911117553710938 3.65400028228759766 53.5
21.4151643145223076 5.54328430676357087 -0.422329634428024292 3.5728001594543457 52.5
21.312672656050907 5.91375817065699572 -0.559561967849731445 3.49160003662109375 50
21.5515848969822201 5.32627658901414858 -0.00151209125760942698 4.14120006561279297 50.5
21.6186652285558054 5.02112532610188023 0.511527717113494873 4.06000041961669922 49
21.5249156392597065 5.42891837744827566 0.211891472339630127 3.97880029678344727 53.5
21.3881268635464714 5.94767552439913327 0.115028947591781616 3.89760017395019531 53
21.5503567678461287 5.32627658901414858 0.230053141713142395 3.81640005111694336 54
21.4188075564958105 5.83393732640455998 -0.199783802032470703 3.5728001594543457 55
21.3632506281574486 6.03644680088270214 0.113515198230743408 3.49160003662109375 49.5
21.6734353733090614 5.14107731406337809 -0.0850421935319900513 4.22240018844604492 46.5
21.66639807673684 5.16612858413731946 -0.232348442077636719 4.14120006561279297 55.5
21.6734353733090614 5.14107731406337809 -0.0850421935319900513 4.06000041961669922 56.5
21.6470563634713677 5.24128239435914534 -0.331051826477050781 3.97880029678344727 57.5
21.5868385276374255 5.44725950385599944 -0.715156972408294678 3.89760017395019531 53.5
21.4736006636388801 5.73952432138531954 1.45534050464630127 3.81640005111694336 47
21.4322982471363837 5.95385185424015528 1.17639875411987305 3.73520016670227051 53
21.490497570563285 5.85364677394438804 0.262719571590423584 3.65400028228759766 55.5
21.4915984708413035 5.85364677394438804 0.147308215498924255 3.5728001594543457 56
21.7707709495913306 5.05505176112999521 0.0502828359603881836 4.14120006561279297 54
21.7821241708069842 5.00478052814638197 -0.117329433560371399 4.06000041961669922 56.5
21.77744957401951 5.00478052814638197 -0.466235160827636719 3.97880029678344727 55.5
21.7977954859981438 4.91540944728662499 -0.466235160827636719 3.89760017395019531 52.5
21.5337250220077223 5.97389818621937074 0.36568567156791687 3.81640005111694336 54
21.5366021493145539 5.97389818621937074 -0.0990443751215934753 3.73520016670227051 59.5
21.5406019262645749 5.95714110855816603 -0.193514004349708557 3.65400028228759766 59.5
21.563959646137203 5.87335572025214336 0.147804185748100281 3.5728001594543457 57
21.8756373213389068 4.93190427737226322 0.116194784641265869 4.14120006561279297 48
21.8681903805753493 4.93190427737226322 0.582433342933654785 4.06000041961669922 54
21.8894602465986168 4.86745325556569419 0.200280308723449707 3.97880029678344727 51.5
21.645831495133919 5.85943854771897943 0.0749145597219467163 3.81640005111694336 59
21.606906289907247 5.97713171797445408 -0.54422229528427124 3.73520016670227051 61
21.6044278882751684 5.99394502801095008 -0.449456930160522461 3.65400028228759766 59.5
21.6065317807996884 5.99394502801095008 -0.333281129598617554 3.5728001594543457 57
21.5797537519977354 6.0976271065693437 -0.117723159492015839 3.49160003662109375 54.5
21.52534436931467 6.24054024187956369 -0.771925806999206543 3.4104001522064209 47.5
21.8450042478683173 5.27735473712086911 1.09329807758331299 4.06000041961669922 51
21.9161685687926955 5.0889781961581102 -0.184076249599456787 3.97880029678344727 46.5
18.3030715502944652 -12.9051988510307893 -2.16874313354492188 3.89760017395019531 46.5
21.604920244889442 6.23891857308002606 -0.743845820426940918 3.49160003662109375 54
21.3967545351445878 6.52851235993322287 -2.40985393524169922 3.4104001522064209 46
21.7215377581189486 6.13841380415010551 -0.353977620601654053 3.81640005111694336 51.5
21.7129370231365399 6.13841380415010551 -0.706328690052032471 3.73520016670227051 56
21.762632133217334 5.9324835616395557 -0.907820045948028564 3.65400028228759766 55
21.6328749912854832 6.25971517987549841 -1.57014584541320801 3.49160003662109375 52
21.8288897351345348 6.03710303784100155 0.27486148476600647 3.81640005111694336 46.5
21.7545843155523926 6.26352978093864809 -0.727196693420410156 3.73520016670227051 48
21.7975428549694037 5.91822899771473665 -1.69241571426391602 3.65400028228759766 51.5
21.7707083209862517 6.15880741225598527 -1.06202423572540283 3.49160003662109375 50.5
21.8943249807166787 5.93782548213200556 -1.3440253734588623 3.5728001594543457 52
21.8296519394500521 6.30130786458676262 0.430684775114059448 3.4104001522064209 45
21.9590287333591476 5.95742246492125016 -1.46637237071990967 3.5728001594543457 46
21.8631805721449552 6.34489709678604719 -1.25845074653625488 3.4104001522064209 45
22.2740592837293256 4.84793119946347595 1.90511775016784668 4.14120006561279297 47.5
22.2645822662466806 4.77205591155456599 2.86677289009094238 4.22240018844604492 51
22.2643820398836958 4.77205591155456599 -2.86832475662231445 4.06000041961669922 46
24.9250780147195563 4.8228332883509264 -1.382568359375 4.95320034027099609 45
21.9868951595284976 -13.1285523546262883 -1.46290004253387451 4.62840032577514648 46
25.3422377994019463 4.81336759789160595 -0.492479324340820312 4.54720020294189453 45.5
25.3629809224704204 4.70375306451698094 -0.483687758445739746 4.46600008010864258 47
25.3312113860909704 4.81336759789160595 -0.895131587982177734 4.38479995727539062 47
25.3173998641020823 4.84883112339516131 -1.07617330551147461 4.30360031127929688 45.5
25.3946251587999292 4.90819331043945795 -0.733758151531219482 4.54720020294189453 46.5
25.3903991926125023 4.90819331043945795 -0.867763280868530273 4.46600008010864258 48.5
25.3997617896300909 4.82736008727675259 -1.03171312808990479 4.38479995727539062 48.5
25.4048493743028097 4.82736008727675259 -0.897733747959136963 4.30360031127929688 47.5
20.3099707599897634 -16.0017448572891148 -0.982354640960693359 3.32920026779174805 48
20.5052340971567446 -15.8762628755026647 -0.939233541488647461 3.32920026779174805 46.5
20.57551462281954 -16.77417256642212 0.421734094619750977 3.32920026779174805 47.5
20.7493422495647337 -16.5618412681129783 -0.269699394702911377 3.24800014495849609 47
21.0964390150067587 -16.2426512585066902 0.0853144004940986633 3.5728001594543457 48.5
21.1746364342733742 -16.1228775089560479 0.760471642017364502 3.49160003662109375 47
20.9228657450999442 -16.465563514614832 0.0980228111147880554 3.4104001522064209 48.5
21.3314491996272828 -16.0448458134192329 -0.649790465831756592 3.5728001594543457 49
21.2614831277489031 -16.121583483144466 -0.966379046440124512 3.49160003662109375 46.5
21.2983501586223447 -16.2137103841749699 -0.629716455936431885 3.5728001594543457 51
21.254550109849319 -16.2739346489118937 -0.55124211311340332 3.49160003662109375 50.5
21.2021344469461788 -16.3341589136488246 -0.751980185508728027 3.4104001522064209 46.5
21.2017304744745658 -16.4268844597626966 -1.25164353847503662 3.5728001594543457 47.5
21.1660751030352365 -16.5040532388833121 -0.7321280837059021 3.49160003662109375 49.5
21.1955759134467492 -16.4637912671682081 -0.783364713191986084 3.4104001522064209 47.5
21.2171811818310836 -16.5097799780944747 -1.48796415328979492 3.5728001594543457 47.5
21.2029122133174539 -16.5804352419094307 -0.693802773952484131 3.32920026779174805 47
21.3748850625084366 -16.4714209781535033 -0.898131966590881348 3.49160003662109375 49
21.2956008351930777 -16.5962555902370106 0.248500928282737732 3.4104001522064209 49
21.2947254806016559 -16.5962555902370106 -0.314765244722366333 3.32920026779174805 48
21.4628445246800332 -16.45627517927295 -1.26213228702545166 3.49160003662109375 47
18.6721466857282614 19.6875614213466967 0.934573233127593994 1.94880008697509766 46.5
21.9383314002716716 -16.1119863538099644 -0.560506641864776611 3.73520016670227051 49.5
21.8144878139069824 -16.2854895852382384 -0.334091514348983765 3.65400028228759766 49.5
18.0458291077198147 20.4410207520559162 3.76011347770690918 1.70520007610321045 45
22.0017513332382997 -16.62706967583755 1.1061328649520874 3.5728001594543457 47.5
21.8107461256026838 -16.8650426705757361 1.27344691753387451 3.49160003662109375 47.5
18.598912856837746 20.3070288843251383 1.86145293712615967 1.86760008335113525 45
22.1268697159086258 -16.5996290124551393 0.871557295322418213 3.65400028228759766 46.5
22.1018904002810075 -16.6307533168534931 0.911159157752990723 3.5728001594543457 46.5
21.9719774237302978 -16.8209573992878738 0.43960416316986084 3.49160003662109375 47
22.5800523129578288 -16.0897944155990764 -1.14994978904724121 3.89760017395019531 48
19.6992725898149743 19.6450496102480408 0.491303682327270508 2.35480022430419922 45
22.651293370650194 -16.2883299539404014 -0.138855293393135071 3.81640005111694336 46.5
21.0292636938240634 20.2344534090221906 1.97472560405731201 2.59840011596679688 45
20.8680896452656732 20.3514155674558452 2.43008947372436523 2.51719999313354492 45
22.7953700675592543 19.3851276742738534 0.306024610996246338 3.32920026779174805 45.5
22.7091416434917619 19.463655390546954 0.98319774866104126 3.24800014495849609 45
22.3612820112300312 19.9971637590072717 2.14292407035827637 3.08560013771057129 45
22.0125999167241098 20.4162505428016594 2.76491641998291016 2.92320013046264648 46
22.1519911553697071 20.4670364581805124 1.98503398895263672 2.92320013046264648 45
22.604871330282581 20.2921651720858769 2.10958671569824219 3.08560013771057129 46.5
22.7671134715030767 20.2963736915060053 1.22127914428710938 3.08560013771057129 47
22.2720326118743905 20.9236293313121351 1.58689844608306885 2.76080012321472168 47.5
22.3622324127952972 20.9327487755182062 1.64508450031280518 2.76080012321472168 46
22.3622324127952972 20.9327487755182062 1.64508450031280518 2.67960023880004883 47
22.6832119418190814 20.6573165314964982 2.07599353790283203 3.00440025329589844 45.5
22.5628248688713811 20.7264816538117778 2.62573552131652832 2.92320013046264648 45
22.6881610046498245 20.8781377987465859 2.9667201042175293 2.92320013046264648 46
22.6604742145697564 21.1071704542990766 2.25673460960388184 2.84200000762939453 45.5
24.467349384510733 20.1705730035826605 0.986129045486450195 3.49160003662109375 46.5
29.2054229044939042 -12.9036246686669891 -1.15857458114624023 -4.62840032577514648 46
28.5446723845037731 -16.7016050865215 -0.462249755859375 4.79080009460449219 46.5
28.4013574727653761 -16.9289221564939503 -0.85453033447265625 4.70960044860839844 45
28.5743426093275623 -16.7891865076615616 -0.743499696254730225 4.79080009460449219 48
28.4239431545820764 -17.0418734992646606 -0.759314596652984619 4.70960044860839844 46.5
28.5301631223398644 -17.0056980928925583 -0.858405828475952148 4.79080009460449219 47
28.4882513694905164 -17.0804301645898384 -0.761032521724700928 4.70960044860839844 47
28.4341366400302427 -17.3103999057964231 -0.860343515872955322 4.70960044860839844 45
27.5533044051492446 19.9936505559631641 -0.68709564208984375 4.06000041961669922 45.5
20.1842963944453189 28.1050501358605587 1.82287931442260742 0.568400025367736816 45
20.3636282866651719 27.9881442117089279 1.61525082588195801 0.487200021743774414 48.5
20.5148716593296143 27.6929090933969206 4.25071334838867188 0.649600028991699219 45
20.4657417168006539 27.7710150732905454 3.96861386299133301 0.568400025367736816 46
20.3159297030978401 28.0487252240234533 2.52147436141967773 0.487200021743774414 47
22.0594949536957365 26.7177564226578781 3.25276541709899902 1.21800005435943604 46.5
22.174151867753821 26.7177564226578781 2.34704947471618652 1.13680005073547363 46.5
21.3486144298054121 27.6714460672196623 0.173943489789962769 0.812000036239624023 45.5
20.6362036689849404 28.1911591483432673 0.952994644641876221 0.487200021743774414 45.5
20.9076036571666108 28.2100173784570352 2.08514595031738281 0.568400025367736816 45
31.541246634163624 16.9157271161334961 -2.05683636665344238 -5.03439998626708984 46.5
31.1422123330269329 19.6351807969232333 -0.838471293449401855 4.79080009460449219 46
31.1550257525555594 19.6075709809444341 -0.994083821773529053 4.70960044860839844 45
31.1844379189610628 19.6475053394642671 -1.76536703109741211 4.79080009460449219 47.5
31.0534416131822759 19.8135016295888171 -2.17233085632324219 4.70960044860839844 47
33.0229794458105985 -16.775071552241851 2.51900625228881836 -4.95320034027099609 46
33.0983613053982282 -16.775071552241851 1.16663193702697754 -5.03439998626708984 50.5
32.9916113648870422 -17.0209451120507076 0.326504945755004883 -5.1156001091003418 48
33.1427132874214863 -16.7438819887624213 2.24568986892700195 -4.87200021743774414 47
33.0896932142407536 -16.8089609304178005 2.52409529685974121 -4.95320034027099609 53.5
33.1551881920655518 -16.7438819887624213 2.05326294898986816 -5.03439998626708984 54.5
33.2555442872536915 -16.6602090637769322 0.588367938995361328 -5.1156001091003418 48.5
33.3694436109237387 -16.4376158017221599 2.38971757888793945 -4.87200021743774414 52.5
33.1294791552484043 -16.7776401580626882 3.22088384628295898 -4.95320034027099609 56.5
33.0677396909127594 -16.7776401580626882 3.80277490615844727 -5.03439998626708984 53.5
33.2985673163702671 -16.7273880081257147 2.53427314758300781 -4.87200021743774414 50.5
33.3182213142228676 -16.6433776888884779 2.81365823745727539 -4.95320034027099609 56
33.1890968246704929 -16.7273880081257147 3.70148634910583496 -5.03439998626708984 50.5
33.2898345195312331 -16.9106290649456419 2.53936195373535156 -4.87200021743774414 48
33.379596546602528 -16.7609774803001059 2.34586048126220703 -4.95320034027099609 53
33.3654325854593168 -16.7609774803001059 2.53936195373535156 -5.03439998626708984 51
33.2342873546394415 -17.1584895020148132 1.30356335639953613 -5.1156001091003418 45
33.5573722188562655 -16.6446137686497302 1.763427734375 -4.87200021743774414 45
33.4917124559506334 -16.6446137686497302 2.74082159996032715 -4.95320034027099609 49.5
33.3092184086529954 -16.9960625391026419 2.8071136474609375 -5.03439998626708984 47
32.8012564136884208 -17.7364479488567675 3.96812558174133301 -5.1156001091003418 45.5
33.1007885408766924 -17.4291602417965557 3.5274505615234375 -5.03439998626708984 50
33.07927559239684 -17.4291602417965557 3.72378420829772949 -5.1156001091003418 53
33.1869850448636399 -17.4639493379771729 3.3402254581451416 -5.03439998626708984 52
33.1668586498335998 -17.4639493379771729 3.53449153900146484 5.19680023193359375 54
33.3119229249197915 -17.3478872407598814 3.54153227806091309 -5.03439998626708984 51.5
33.2113299294049256 -17.4987384341577901 3.73864984512329102 -5.1156001091003418 55.5
32.9980659542003636 -17.8428677190967804 3.99193477630615234 5.1156001091003418 52
33.1232229721183842 -17.5335275303384108 4.92622566223144531 -5.1156001091003418 49.5
33.1299643840324265 -17.8783409758434502 3.40743470191955566 5.19680023193359375 51.5
33.0880156048557836 -18.0531094345240852 2.84755778312683105 5.1156001091003418 50.5
33.1684669686057063 -18.0531094345240852 1.66683614253997803 5.03439998626708984 47
37.3711367595474755 -5.85452733787666535 1.90744161605834961 -3.16680002212524414 46.5
37.4084279734736214 -5.85452733787666535 0.92175447940826416 -3.24800014495849609 49.5
37.3985295771550028 -5.90658861573975624 0.988871991634368896 -3.32920026779174805 51.5
37.4084279734736214 -5.85452733787666535 0.92175447940826416 -3.4104001522064209 47.5
29.0771913475404453 24.0286461555374551 3.41419529914855957 3.49160003662109375 45
37.4809588181065649 -5.9182849498004817 0.595059990882873535 -3.16680002212524414 51
37.4901659325720615 -5.86612057924935559 0.527795553207397461 -3.24800014495849609 56
37.4931387824368869 -5.80921399319358223 0.848569810390472412 -3.32920026779174805 57
37.4750560621814515 -5.80921399319358223 1.4407879114151001 -3.4104001522064209 52.5
37.5677496323795168 -5.87771382062204584 0.132214665412902832 -3.16680002212524414 52
37.5466440722626089 -5.92998128386120715 0.992788374423980713 -3.24800014495849609 57.5
37.5512116068766275 -5.87771382062204584 1.12235736846923828 -3.32920026779174805 57.5
37.5512116068766275 -5.87771382062204584 1.12235736846923828 -3.4104001522064209 52.5
32.6449087269096836 19.4625026752367809 -1.1923213005065918 4.95320034027099609 47
37.6383499110248607 -5.88930706199473519 0.529881715774536133 -3.16680002212524414 50
37.6148821995805136 -5.94167761792193261 1.19467413425445557 -3.24800014495849609 54
37.6113075608456668 -5.88930706199473519 1.52175271511077881 -3.32920026779174805 54
37.5814001679688374 -5.94167761792193261 1.98621749877929688 -3.4104001522064209 50.5
33.3099032485629749 -18.0773637141422903 3.90761113166809082 5.19680023193359375 45
32.595029105269937 19.5008906434360831 -2.98152470588684082 5.03439998626708984 46.5
32.6126580192796283 19.5008906434360831 -2.78208279609680176 4.95320034027099609 47.5
37.7124419002512639 -5.90090030336742544 0.530924797058105469 -3.16680002212524414 45.5
37.6598402495268445 -6.02015859567477118 1.68077170848846436 -3.4104001522064209 45
33.1554714634003886 -18.2322077279468893 5.0628199577331543 5.19680023193359375 46.5
33.1554714634003886 -18.2322077279468893 5.0628199577331543 5.1156001091003418 47.5
33.5633269609000777 -18.2680259291258054 1.68667924404144287 5.1156001091003418 49.5
33.2435231926698691 -18.3540605881326755 4.58902215957641602 5.03439998626708984 46.5
33.4869610415187964 -18.5959795479699785 1.27223777770996094 5.1156001091003418 51
33.2674134610246597 -18.825855164323972 2.76984786987304688 5.03439998626708984 51.5
33.3542309285882013 -18.825855164323972 1.37408173084259033 4.95320034027099609 51.5
33.3242345363119199 -18.825855164323972 1.97185385227203369 4.87200021743774414 46.5
33.4195040588452983 -18.8626967422027469 1.3767707347869873 5.1156001091003418 53.5
33.4006158934812731 -18.8626967422027469 1.77698361873626709 5.03439998626708984 57.5
33.4107202856830128 -18.8626967422027469 1.57559049129486084 4.95320034027099609 56
33.567494685249244 -18.5795883454105919 1.6069798469543457 4.87200021743774414 49.5
31.681190762754742 21.674586920511274 -1.03660070896148682 4.30360031127929688 45.5
33.5708728911304561 -18.769727194504771 1.00978255271911621 5.1156001091003418 55.5
33.5026399896490759 -18.8706914032866919 1.34013617038726807 5.03439998626708984 58.5
33.5805410111900358 -18.769727194504771 0.608533799648284912 4.95320034027099609 55.5
33.6098571662257584 -18.7264568193125243 0.152139291167259216 4.87200021743774414 48
33.4453074306394669 -18.9363798979602969 2.98791360855102539 5.19680023193359375 45
33.5911479823531991 -18.8063157266947343 2.01492691040039062 5.1156001091003418 54.5
33.6297138466693113 -18.8063157266947343 1.21141183376312256 5.03439998626708984 56.5
33.5916068732199449 -18.9074767487901738 -0.462557107210159302 4.95320034027099609 50.5
33.6162984294079195 -18.9056477183995035 2.10036325454711914 5.1156001091003418 50
33.6406560513026065 -18.9442602233132646 1.14533233642578125 5.03439998626708984 49.5
35.1405734309705977 -16.4233800782123858 2.1760704517364502 -4.79080009460449219 47
35.1120891557992962 -16.4550857658144949 3.39518404006958008 -4.70960044860839844 51
35.1120891557992962 -16.4550857658144949 3.39518404006958008 -4.79080009460449219 55.5
34.9308103969516708 -16.562094895831617 4.54878950119018555 -4.87200021743774414 53
35.2046192728688894 -16.5647646080028323 2.69132661819458008 -4.62840032577514648 45
35.1594244393954156 -16.4867898407983446 3.60563254356384277 -4.70960044860839844 55
35.115547046937273 -16.4867898407983446 4.0104975700378418 -4.79080009460449219 59.5
35.0916980143061537 -16.4867898407983446 4.21409130096435547 -4.87200021743774414 58
34.9730250165629428 -16.6329925293067582 4.60772132873535156 -4.95320034027099609 48.5
35.107830560926665 -16.5184955284004573 4.62981081008911133 -4.70960044860839844 53.5
35.2288908597896082 -16.4061912431053898 4.07650327682495117 -4.79080009460449219 60.5
35.2519046475847588 -16.4061912431053898 3.87243819236755371 -4.87200021743774414 59.5
35.2006408905310195 -16.5624406835159164 3.66826701164245605 -4.95320034027099609 50.5
35.025814445326489 -16.5502012160025664 5.65735673904418945 -4.70960044860839844 49.5
35.2633367763031131 -16.4914952110980337 4.15333700180053711 -4.79080009460449219 58
35.286813826558955 -16.4914952110980337 3.94891762733459473 -4.87200021743774414 57
35.2504796550395696 -16.6578288916608734 3.5557100772857666 -4.95320034027099609 47.5
35.1865125298473984 -16.6260207558460138 4.90770721435546875 -4.70960044860839844 48
35.2727215483081622 -16.7289530777424673 3.81810832023620605 -4.79080009460449219 52
35.3622693361236244 -16.5819069036046756 3.6264345645904541 -4.87200021743774414 51
27.2886886585670219 -28.6858688522008372 -0.780191302299499512 1.70520007610321045 47.5
37.9192823503760863 11.8665037249162353 -1.17327165603637695 -3.73520016670227051 47.5
37.9676054998614632 11.7621937298458104 -0.417338818311691284 -3.81640005111694336 47.5
38.012300639040923 11.7395981417964848 -1.81037700176239014 -3.65400028228759766 45.5
37.9730258514887069 11.9187526704546762 -1.42243289947509766 -3.73520016670227051 49
37.9802783898690564 11.9187526704546762 -1.21348154544830322 -3.81640005111694336 47.5
37.9519321991755447 11.9661281939962052 -2.91081118583679199 -3.73520016670227051 46
35.3421562803538123 -18.5771897990753665 3.13411879539489746 -4.95320034027099609 47
35.2085612781941251 -18.5771897990753665 4.38726186752319336 -5.03439998626708984 53
35.3649445688276813 -18.4170416111523032 3.75979781150817871 -5.1156001091003418 56
35.2581520033425377 -18.5771897990753665 3.96906375885009766 5.19680023193359375 55
35.4417463575986034 -18.3920184567893266 3.10145711898803711 5.1156001091003418 51
35.3890923086739235 -18.6119771258090516 3.34993886947631836 -4.95320034027099609 52
35.4082499604530341 -18.4515290471382833 3.97649598121643066 -5.03439998626708984 62
35.4249547201436101 -18.4264590348459762 3.94382905960083008 -5.1156001091003418 66
35.3840895261272834 -18.4515290471382833 4.18604421615600586 5.19680023193359375 65
35.4476714583752681 -18.4264590348459762 3.73415446281433105 5.1156001091003418 58
35.4552408176554863 -18.6467662219896688 3.3562004566192627 -4.95320034027099609 55
35.4502286840183132 -18.4860182373173458 4.19386863708496094 -5.03439998626708984 66
35.3705008003306602 -18.4860182373173458 4.8202509880065918 -5.1156001091003418 70
35.3880494455160459 -18.4609013647122957 4.78759765625 5.19680023193359375 68
35.5139294622084236 -18.4609013647122957 3.7411344051361084 5.1156001091003418 59.5
35.5213893266370562 -18.6815553181702896 3.36246204376220703 -4.95320034027099609 57
35.454072596187217 -18.4953436945786152 4.79652976989746094 -5.03439998626708984 65
35.2960274802659839 -18.4953436945786152 5.8470921516418457 -5.1156001091003418 68
35.4289805609633106 -18.3594595368225271 5.4583277702331543 5.19680023193359375 65.5
35.9643853205802486 -18.1279531939788221 0.126306802034378052 5.1156001091003418 56.5
35.7455198251302519 -18.3141648175704965 -2.987457275390625 5.03439998626708984 47
35.671405731173536 -18.7163444143509068 2.3177647590637207 -4.95320034027099609 56
35.3577252601799827 -18.7163444143509068 5.25855064392089844 -5.03439998626708984 57
35.7459644330006299 -18.7163444143509068 0.217322081327438354 5.1156001091003418 55.5
35.3252590873659997 -19.3617356010526613 2.3177647590637207 5.03439998626708984 50
35.2660242557313381 -19.6149384217117237 2.3963615894317627 5.19680023193359375 52.5
35.346837953826018 -19.3067974884836993 3.46835494041442871 5.1156001091003418 54.5
35.1241526753687481 -19.4886511539953204 4.54611873626708984 5.03439998626708984 50.5
35.6273940719184381 -19.0440248142858266 2.87471461296081543 5.19680023193359375 49
38.5037669204451305 -12.7478910978304683 3.67110514640808105 -4.06000041961669922 45
22.7334575693082996 -34.0593789494794308 0.226138129830360413 -0.974400043487548828 45.5
39.0574858202302195 -12.093333897148133 3.36375546455383301 -3.89760017395019531 45
23.0801033683479844 -35.5358286575426376 0.392897665500640869 -0.974400043487548828 45.5
23.1687989654031128 -35.4722867198447531 0.751100778579711914 -1.05560004711151123 46.5
41.0870472665618891 -12.2547097866537573 1.44457495212554932 -3.73520016670227051 47
41.0224707134401854 -12.3512035645014233 2.23937082290649414 -3.81640005111694336 50
40.9639456998938343 -12.3512035645014233 3.1325829029083252 -3.89760017395019531 46
41.0536101718202744 -12.5446411965664986 2.02088832855224609 -3.81640005111694336 46
41.0287926635221396 -12.668154359032691 1.73403310775756836 -3.89760017395019531 45
40.8692599578657791 -13.4756714505024853 1.18853223323822021 -3.97880029678344727 47
40.6331117544402289 -13.8468576102169258 3.24305176734924316 -4.06000041961669922 45.5
41.1004711974666961 -12.9333147526670214 1.80177557468414307 -3.89760017395019531 46.5
40.9903486732791933 -13.2782031460714762 1.80177557468414307 -3.97880029678344727 49.5
40.9166009209202031 -13.3374808386878669 2.77650189399719238 -4.06000041961669922 47
41.1892237621146506 -12.955807702783801 1.35459113121032715 -3.89760017395019531 45
40.9877609507395206 -13.3606766934957957 2.78133058547973633 -4.06000041961669922 46.5
32.0626371400929031 -29.5070675938551688 0.317875444889068604 2.43600010871887207 45.5
26.9332005262025831 -35.9283759448369651 1.41786623001098633 0.162400007247924805 48.5
26.5238856573142137 -36.0895713402682361 4.36192083358764648 0.162400007247924805 48
42.7206138207077686 19.556072249445176 -1.96471726894378662 -4.54720020294189453 49.5
42.7039564272767151 19.8403430885004717 -1.06921267509460449 -4.54720020294189453 49
44.6928327632192008 -17.1935216111391931 1.93376469612121582 -4.30360031127929688 45.5
44.6407155946755267 -17.4091143586142927 0.967081010341644287 -4.38479995727539062 47.5
42.8382995055440645 21.4634557486321356 -1.00301313400268555 -4.79080009460449219 45.5
44.8112630817849436 -16.9984992505777797 2.6461033821105957 -4.30360031127929688 45.5
44.7300456823775647 -17.4003692046316658 0.670840203762054443 -4.38479995727539062 45.5
26.5910084411101302 41.6964476578852015 2.1389305591583252 -0.243600010871887207 46
26.848559766034704 41.5665521823154691 1.27551639080047607 -0.324800014495849609 45
26.9410983634488304 41.573775405530661 1.86525201797485352 -0.243600010871887207 47
27.2479768966928901 41.3941241632775814 1.32475244998931885 -0.324800014495849609 45
44.0523551644566709 -23.8755752672293866 2.62254095077514648 5.19680023193359375 47.5
44.1567853897180669 -23.766842055712857 3.22155117988586426 -5.1156001091003418 45.5
44.2522971798727767 -23.766842055712857 1.39073634147644043 5.19680023193359375 49
44.2727941259283284 -23.766842055712857 0.346010863780975342 5.1156001091003418 46
44.4186113478087208 -23.6136558053755188 1.40995705127716064 5.19680023193359375 47
29.6173025461538941 -41.0853928005960256 2.3012843132019043 -0.162400007247924805 46
29.8705074562960675 -40.9523483520513025 1.07145512104034424 -0.243600010871887207 48.5
29.9731772972310857 -40.9558259664265805 1.52637577056884766 -0.162400007247924805 46
29.9854150575142739 -40.9558259664265805 1.26338207721710205 -0.243600010871887207 47
46.2501367406386592 -20.9043146987698307 4.15818643569946289 -4.70960044860839844 46
42.9226710321032314 -28.3333504396355913 -1.40290462970733643 4.30360031127929688 46.5
42.9514338765869823 -28.374653119287526 -2.20888614654541016 4.30360031127929688 46.5
46.891170716574635 29.5111923677162302 -1.49618732929229736 4.79080009460449219 46.5
47.3495155760076045 30.7124626288564073 2.04790472984313965 4.70960044860839844 50
47.284499596760611 30.8394902775970827 1.58996057510375977 4.62840032577514648 50
47.434107805267324 30.7532498450681686 1.46489036083221436 4.70960044860839844 52.5
47.3737350421542303 30.8804461909347197 -0.173489183187484741 4.62840032577514648 50.5
47.5999934147568595 30.6666720182875068 -0.432370543479919434 4.70960044860839844 49.5
47.596423911808337 30.6666720182875068 -0.725760221481323242 4.62840032577514648 45.5
47.3679707463362831 -32.9001520593360226 0.511169612407684326 3.97880029678344727 48
47.1802616770204537 -33.2532413797598991 1.81869685649871826 3.97880029678344727 50
47.4112702370583463 -32.9429355248706486 1.41332089900970459 3.89760017395019531 49
54.6092790527982785 19.0110451124970687 -0.370575696229934692 -3.89760017395019531 46.5
48.1866758327388141 -31.4466242225721189 5.73453760147094727 4.38479995727539062 46.5
47.2415322468787338 -33.2964256474293023 1.82105863094329834 3.97880029678344727 48.5
54.6989743168711087 18.9850568969138109 -0.00394369754940271378 -3.89760017395019531 47
48.3996010936950185 -31.6176442985950281 3.19580435752868652 4.38479995727539062 47
54.6677698443121685 28.631135967351991 -1.29183053970336914 -5.03439998626708984 47.5
55.9113094972043996 26.1905166057346825 7.32893896102905273 -4.54720020294189453 49
56.308794772227408 26.2221098285862091 4.09675455093383789 -4.46600008010864258 51
56.257926979177256 26.2221098285862091 4.7444453239440918 -4.54720020294189453 53
56.542313861990678 26.1680322912053676 1.61448776721954346 -4.46600008010864258 52
56.542313861990678 26.1680322912053676 1.61448776721954346 -4.54720020294189453 54
56.5320268260864509 26.1680322912053676 1.94153678417205811 -4.62840032577514648 48.5
56.7481940365913928 25.9500031602129653 -0.00850511621683835983 -4.46600008010864258 48.5
56.7481940365913928 25.9500031602129653 -0.00850511621683835983 -4.54720020294189453 52.5
56.6454717158713308 26.0903577446131578 2.08418965339660645 -4.62840032577514648 49
56.8126139964507573 25.9811933843748974 -0.655930697917938232 -4.54720020294189453 48
57.3151738598143012 27.8736379517139277 -1.44718277454376221 -4.62840032577514648 45.5
61.2568466021838844 18.6965506487558493 0.663734376430511475 -3.81640005111694336 47
59.1303861613395938 25.1876498227044827 -0.674829006195068359 -4.38479995727539062 50.5
63.51236088949004 11.6600869736383785 -0.39181789755821228 -3.16680002212524414 48.5
63.5667535381152717 11.3615241929985036 -0.338995456695556641 -3.24800014495849609 49.5
63.5209638102546563 11.6197406519302877 -2.82266319118207321e-06 -3.32920026779174805 46.5
61.4099629662181599 19.6244508788155976 3.69170904159545898 -3.81640005111694336 45
63.6271922616602978 11.3747193858974871 -1.34863996505737305 -3.16680002212524414 51
63.6271922616602978 11.3747193858974871 -1.34863996505737305 -3.24800014495849609 52
61.4599807927460944 19.647242575641112 4.03477716445922852 -3.81640005111694336 46.5
63.6649360802091451 11.6467321920704237 -0.675140440464019775 -3.16680002212524414 49.5
63.6610309790140576 11.6143801582035611 -1.30608713626861572 -3.24800014495849609 50.5
61.6187140410504313 19.6700365910522699 2.35588884353637695 -3.81640005111694336 46
57.7783382715897602 30.6347129703858627 4.46999692916870117 -4.87200021743774414 47
57.9718096774754414 30.4053621780942045 3.40384149551391602 -4.95320034027099609 47
58.1132346542539366 30.4401495048278861 1.69997215270996094 -4.87200021743774414 51
58.1022967227191529 30.4401495048278861 2.03986501693725586 -4.95320034027099609 51
57.912414606970593 30.4401495048278861 5.11765718460083008 -5.03439998626708984 47
58.0499472151453872 30.737655373649023 -1.37502264976501465 -4.87200021743774414 52.5
58.2034935277024061 30.4749403704554389 -0.349373340606689453 -4.95320034027099609 50
66.3876391255397493 -14.113432864011827 0.712627887725830078 -3.32920026779174805 47
66.4399819752857326 -13.8420206935500616 1.06891465187072754 -3.4104001522064209 50
66.4447596051727487 -13.8420206935500616 0.712627887725830078 -3.49160003662109375 49.5
66.5341396072318076 -13.3924942862227621 -0.930096566677093506 -3.5728001594543457 46
66.4411499277522495 -14.1290287692931429 1.77409517765045166 -3.32920026779174805 51
66.4496137965998059 -14.1290287692931429 1.42211461067199707 -3.4104001522064209 55
66.4496137965998059 -14.1290287692931429 1.42211461067199707 -3.49160003662109375 53.5
66.1306396727216139 -14.8507640129168923 4.83699798583984375 -3.5728001594543457 47
66.4759445879302149 -14.416635070638641 0.714202761650085449 -3.32920026779174805 52
66.3767270600192347 -14.5101391896109444 3.31467056274414062 -3.49160003662109375 53
66.6377958563414126 -13.7942998728309387 -2.59472393989562988 -3.32920026779174805 49
66.5431980728833707 -14.4750796321316617 -0.292499154806137085 -3.4104001522064209 51
66.5347547100897003 -14.1602189934550768 3.19774675369262695 -3.49160003662109375 48
66.6029170248702371 -14.1602189934550768 1.07245814800262451 -3.5728001594543457 47
61.3207806752599254 30.7340543965986406 2.13779306411743164 -4.79080009460449219 49
61.3580355401549298 30.7340543965986406 -0.00935358274728059769 -4.87200021743774414 48.5
61.4578485167563855 30.6131205715154699 2.33674120903015137 -4.79080009460449219 49
61.6067995201024488 30.3985025080584066 0.473053663969039917 -4.87200021743774414 48
59.8420226050138382 34.6070206106356935 1.73472929000854492 5.1156001091003418 45.5
72.5215862310405157 -15.8379685507062185 1.68554472923278809 -3.4104001522064209 48
72.6967470326967202 -15.1573959692353668 3.10532140731811523 -3.4104001522064209 49.5
72.551388850292355 -15.4545998117693912 4.65375471115112305 -3.49160003662109375 49
72.1107311602434748 -16.4019370598466026 7.43135833740234375 -3.5728001594543457 46
73.588437820520042 10.7101343981423138 2.32276582717895508 -3.08560013771057129 46.5
73.5995919035452886 10.7101343981423138 1.93742561340332031 -3.16680002212524414 48.5
72.3792085195902928 -16.0652015972134699 6.20642900466918945 -3.49160003662109375 47.5
72.4115115314092606 -16.4184872804855289 4.7293248176574707 -3.5728001594543457 46
73.6263617798446433 11.1211052241213562 1.41652965545654297 -3.08560013771057129 46
73.6401550846368878 11.0652670388956409 1.10177469253540039 -3.16680002212524414 48.5
73.5284306398981329 11.0652670388956409 4.20192337036132812 -3.24800014495849609 47
74.8101528845480033 -5.09835016337018754 1.56454980373382568 2.76080012321472168 54
74.8036385665965895 -4.96714262240110305 2.1779482364654541 2.67960023880004883 56
74.666684963790118 -5.65129622888276373 4.23664093017578125 2.59840011596679688 48
74.8955489340003311 -4.80324595267026577 1.96012067794799805 2.76080012321472168 62.5
74.8711548321394815 -4.80324595267026577 2.73772811889648438 2.67960023880004883 64.5
74.8384486582019974 -4.80324595267026577 3.52015542984008789 2.59840011596679688 54.5
74.9591676621817555 -4.8080442046335321 2.3513023853302002 2.76080012321472168 64.5
74.9643291603619843 -4.63901140056438521 2.52028894424438477 2.67960023880004883 66.5
74.8914947262797313 -4.97707700870268077 3.74372363090515137 2.59840011596679688 56
75.0573269973501027 -4.98204445449540767 0.615430712699890137 2.76080012321472168 63
75.024449942040107 -5.21704655140556817 1.70767831802368164 2.67960023880004883 64.5
75.0197531706318443 -4.94444411898978142 2.52793097496032715 2.59840011596679688 54.5
74.9524429856677727 -7.22646179502503738 0.0051312432624399662 2.67960023880004883 48.5
75.4203860945979727 -3.97321746393204256 0.0669360905885696411 2.67960023880004883 46
75.4597158004215771 -4.5345329819840714 0.793733656406402588 2.76080012321472168 52.5
75.4286336519708129 -4.83683518078300967 1.57706642150878906 2.67960023880004883 53
75.487082907852681 -5.24825499057457812 0.928647994995117188 2.76080012321472168 49.5
75.4553687783554068 -4.53903134319963453 3.54828858375549316 2.67960023880004883 52.5
71.1620204071451923 14.842197034422977 -21.3011436462402344 2.67960023880004883 48
70.7334056108156801 15.1450990147173226 -22.4827480316162109 2.59840011596679688 51.5
71.1507554396723805 15.4480009950116699 -20.9043464660644531 2.51719999313354492 45.5
70.927861091468273 15.1600950774878207 -22.1097564697265625 2.59840011596679688 50.5
75.6871848524145463 -5.15953046905682999 2.37476849555969238 2.76080012321472168 52.5
75.6631443315072971 -4.68530891859204779 3.7345731258392334 2.67960023880004883 54
75.0214270244509862 -4.72324664262923033 10.5017433166503906 2.59840011596679688 46
75.7950137742628272 -5.03171588071941844 1.41399109363555908 2.76080012321472168 57
75.7950137742628272 -5.03171588071941844 1.41399109363555908 2.67960023880004883 58.5
75.8493072076111474 -4.12980454360933358 1.42435038089752197 2.59840011596679688 48
75.8235753527249585 -5.16972727310976943 -2.76809835433959961 2.76080012321472168 49
75.9316373906007271 -4.13388118346093769 -0.948803246021270752 2.67960023880004883 50
77.0115702440384524 -7.43519454164640337 4.03890323638916016 -3.08560013771057129 47.5
76.8929028399314802 -7.96766290074868611 5.13562250137329102 -3.16680002212524414 47
77.1094940954284311 -7.75249158290760843 2.8332672119140625 -3.08560013771057129 47
77.0378863691524316 -7.30672331689042132 5.07728481292724609 -3.16680002212524414 47.5
78.0917736087797039 -4.46715789215451586 0.933281779289245605 2.76080012321472168 47
78.0269955466494025 -5.31757963529990452 1.63182556629180908 2.67960023880004883 48.5
74.4259147786009549 43.4181513347504691 1.33360695838928223 5.19680023193359375 46
74.5438961877998878 43.1274047856338285 3.06030559539794922 5.1156001091003418 45.5
74.8795277241043635 42.7661607821522836 1.78159260749816895 5.19680023193359375 48.5
74.6814944896829331 43.1110491755567367 1.78159260749816895 5.1156001091003418 48.5
92.9820808043632638 -1.48871832092258871 3.88236093521118164 -4.95320034027099609 45.5
92.9749652228451993 -0.988602009987656682 4.19934606552124023 -5.1156001091003418 45.5
93.0761194757271966 -1.48991788391340552 3.39686131477355957 -4.95320034027099609 56.5
93.0570028775147051 -1.48991788391340552 3.88548922538757324 -5.03439998626708984 63
93.0570028775147051 -1.48991788391340552 3.88548922538757324 -5.1156001091003418 59.5
93.1199808109513043 -1.06009139666475871 4.29499387741088867 -4.95320034027099609 57.5
93.1371548631646533 -1.11833817670128388 3.88861775398254395 -5.03439998626708984 65
93.1199808109513043 -1.06009139666475871 4.29499387741088867 -5.1156001091003418 61.5
92.7802115479932752 -1.49231713192586191 9.72087764739990234 -4.95320034027099609 48.5
93.1160312893110529 -1.06094421097854252 5.75931406021118164 -5.03439998626708984 57.5
93.1664146742262602 -1.11923784894439637 4.86388683319091797 -5.1156001091003418 56
93.4419971499365261 -0.747358189969159148 -0.968396425247192383 -5.03439998626708984 48.5
94.0301739035339637 -1.17524472652915724 1.53241264820098877 -5.03439998626708984 48
94.0649887426178992 -0.646900036813653045 3.29774332046508789 -4.95320034027099609 46.5
94.0401695470756778 -1.07032551545531684 3.84921741485595703 -5.03439998626708984 52.5
94.0593815169931702 -0.75275640647406894 3.43241620063781738 -5.1156001091003418 47.5
94.1172649306932669 -0.376678124492444422 3.92928719520568848 -5.03439998626708984 46.5
