
X Y Z V_r Mag
4.15289602133909774 -6.06270716021692824 -0.139798253774642944 -0.0812000036239624023 49
4.18509244038742612 -6.03515357518337137 -0.29056239128112793 0.0812000036239624023 48.5
4.23237355100461077 -6.09116966645278701 -0.339551001787185669 0 55.5
4.23153342373097896 -6.08653054256363735 -0.422965556383132935 0.0812000036239624023 50
4.4073242747953385 -6.04960522001957735 -0.477256596088409424 0 47.5
4.75853741295719868 -6.17560171360837362 -0.241389080882072449 0 51.5
7.86675930896896425 -0.16236934178082843 -0.321509331464767456 0 63.5
7.86833911623308691 -0.16236934178082843 -0.280198782682418823 -0.0812000036239624023 57
7.8659228407861459 -0.188938870435873096 -0.327410131692886353 0.0812000036239624023 58.5
7.9438355225653714 -0.190738283564436117 -0.2481984943151474 0 77
7.94502905641449164 -0.190738283564436117 -0.206481128931045532 -0.0812000036239624023 70.5
7.94188338128788818 -0.169876283799575922 -0.316448420286178589 0.0812000036239624023 71.5
8.01802413821742554 -0.230644129534788689 -0.242336735129356384 0 77.5
8.01917280096237839 -0.230644129534788689 -0.200771644711494446 -0.0812000036239624023 71
8.01630740271325415 -0.213596519960478237 -0.306312739849090576 0.0812000036239624023 72.5
8.06802805686973734 -0.561755741147829557 -0.448735594749450684 0.0812000036239624023 68
8.13948623741553945 0.523030758374706251 -0.553022563457489014 0 71
8.14224790872777682 0.523030758374706251 -0.510754108428955078 -0.0812000036239624023 64.5
8.13934060048646657 0.504642958275595577 -0.571927428245544434 0.0812000036239624023 65.5
8.21447464480053391 0.580405929443962743 -0.498035788536071777 0 68
8.21698186147426313 0.580405929443962743 -0.454798758029937744 -0.0812000036239624023 61.5
8.20965432957654073 0.593807842557233623 -0.558096110820770264 0.0812000036239624023 62.5
5.29928044782056418 -6.41025746511523753 -0.363131731748580933 0 62
5.3230939212170032 -6.3915322729094477 -0.344418734312057495 -0.0812000036239624023 56.5
8.41630937745086172 0.707433604878879851 -0.700648188591003418 0 52.5
8.42916793993432023 0.707433604878879851 -0.523729622364044189 -0.0812000036239624023 46.5
8.39883789568511219 0.711669734249412045 -0.882430732250213623 0.0812000036239624023 47
6.0890662029439202 -5.98947442737758795 -0.389833331108093262 0 55.5
6.10818121654075252 -5.97131155451540074 -0.368868857622146606 -0.0812000036239624023 49
6.0890662029439202 -5.98947442737758795 -0.389833331108093262 0.0812000036239624023 49.5
6.10544928394694786 -6.0851245911298335 -0.292193323373794556 0 54
6.11946368857651812 -6.07003572391838819 -0.312173008918762207 -0.0812000036239624023 48
6.13757703526551168 -6.05494685670694377 -0.241646602749824524 0.0812000036239624023 48
8.76282029645312477 -0.210531885180577721 0.411446750164031982 0 54
8.76753242978689151 -0.22040056729841731 0.287110030651092529 -0.0812000036239624023 47.5
8.75713662289649797 -0.245620532710673994 0.502854526042938232 0.0812000036239624023 49
8.91994642587534692 0.285507615250271685 0.093096122145652771 0 57.5
8.91582341262752998 0.265432861052986968 0.305396944284439087 -0.0812000036239624023 51
8.92030942858263565 0.285507615250271685 0.0468522496521472931 0.0812000036239624023 52.5
9.07315081490957276 -0.178039276095680377 0.0433091968297958374 0 53.5
5.83806458848377563 -7.04550799981827591 -0.0180907268077135086 0 58.5
5.83806458848377563 -7.04550799981827591 -0.0180907268077135086 -0.0812000036239624023 52.5
5.83806458848377563 -7.04550799981827591 -0.0180907268077135086 0.0812000036239624023 52.5
5.88557531379985477 -7.10325791491309477 -0.0660371705889701843 0 61
5.88557531379985477 -7.10325791491309477 -0.0660371705889701843 -0.0812000036239624023 55
5.88557531379985477 -7.10325791491309477 -0.0660371705889701843 0.0812000036239624023 55.5
5.86558431995730079 -7.21446553208197638 -0.190833836793899536 0 56.5
5.82468397439366381 -7.24584287895153345 -0.246614277362823486 -0.0812000036239624023 50
5.83638932404020228 -7.23887013520274358 -0.159137725830078125 0.0812000036239624023 50.5
6.76297802053497055 -6.11052262227456389 -2.19414329528808594 0 48.5
9.43489433355989604 0.237354460775728776 0.478489279747009277 0 57.5
9.43093760329136188 0.211375365566445012 0.561474919319152832 -0.0812000036239624023 49.5
9.44121595011965375 0.237354460775728776 0.33108818531036377 0.0812000036239624023 53.5
9.51017584197021293 0.19043838518980552 0.495905786752700806 0 58.5
9.51500597195255438 0.196389584726986921 0.389522403478622437 0.0812000036239624023 54
7.34397595311542606 -6.29037067307433251 -1.2489011287689209 0 49.5
5.33482491940030989 -8.25033081679793234 -0.0482280328869819641 0 53
5.29493846028446224 -8.27611310060042626 -0.0147368572652339935 -0.0812000036239624023 47
5.33293287324012688 -8.25033081679793234 -0.15003754198551178 0.0812000036239624023 47
5.33535773191341978 -8.33928937091106803 -0.0148493517190217972 0 54.5
5.35074383339983495 -8.32939257296309421 -0.0276730712503194809 -0.0812000036239624023 49
5.3326887159556069 -8.33928937091106803 -0.169404685497283936 0.0812000036239624023 48
6.8310778245739554 -7.47236317786155269 -0.125629603862762451 0 47
7.99576022167287359 -6.2327335409159339 -1.12288403511047363 0 51.5
7.99918314820057308 -6.19959426237527644 -1.27205193042755127 0.0812000036239624023 45.5
8.0972234556780549 -6.17456161808990167 -1.37309861183166504 0 52.5
10.3466214954122631 -0.0711332337614245802 0.254707545042037964 0 54.5
10.3476653486242238 -0.0413866087339197566 0.215907886624336243 -0.0812000036239624023 48.5
10.3476653486242238 -0.0413866087339197566 0.215907886624336243 0.0812000036239624023 49
8.1588492339109937 -6.39236590919752246 -1.11868596076965332 -0.0812000036239624023 49
8.16878304528414212 -6.49346120256005221 -1.16444778442382812 0 57
8.17640732227362932 -6.49346120256005221 -1.10965096950531006 -0.0812000036239624023 51
8.1561068495667044 -6.50133365501819771 -1.20854616165161133 0.0812000036239624023 51.5
8.42139770704231871 -6.34294786674967348 -0.823235929012298584 0 55.5
8.40887200739809337 -6.37069826366670355 -0.73192131519317627 -0.0812000036239624023 49.5
8.38950729589836897 -6.39316287069477518 -0.757810890674591064 0.0812000036239624023 50
8.45379915682579863 -6.43850433275721201 -0.708135068416595459 0 58.5
8.48632262022413997 -6.38793319496374945 -0.774048745632171631 -0.0812000036239624023 52.5
8.47549102024266077 -6.38793319496374945 -0.884801506996154785 0.0812000036239624023 52.5
8.5621612813862793 -6.41549603551088587 -0.745949685573577881 -0.0812000036239624023 48.5
8.5656865739674366 -6.34714627620212113 -1.16977715492248535 0.0812000036239624023 48
8.95535846957137238 -6.27257363288918501 -1.41669106483459473 0 54
8.95082122205242037 -6.24226468935227174 -1.57084751129150391 -0.0812000036239624023 47.5
8.9380166320133565 -6.28910578390931896 -1.45246398448944092 0.0812000036239624023 48
9.32766669702643192 -6.18428042085447149 -1.73348081111907959 0 51.5
9.28083802300732863 -6.18428042085447149 -1.96884727478027344 -0.0812000036239624023 45.5
9.31524485382528944 -6.15880741225598527 -1.88439321517944336 0.0812000036239624023 46
9.36691627209229694 -6.27794375966235041 -1.67580294609069824 0 47.5
9.69955972410770961 -6.05684019543464203 -0.953342437744140625 0 47.5
9.73629674553469293 -6.09642728426302849 -1.20025479793548584 0 54.5
9.72067752111128058 -6.09642728426302849 -1.32079613208770752 -0.0812000036239624023 48.5
9.74354287349710368 -6.09642728426302849 -1.13993370532989502 0.0812000036239624023 49
9.79951928984682574 -6.13601437309141495 -1.20804870128631592 0 56.5
9.79951928984682574 -6.13601437309141495 -1.20804870128631592 -0.0812000036239624023 50.5
9.79951928984682574 -6.13601437309141495 -1.20804870128631592 0.0812000036239624023 51
7.74926175430947861 8.85193592557244457 -0.492764919996261597 0 51
7.67700142240697136 8.90637768575299305 -0.625074088573455811 0.0812000036239624023 46
10.0165387895214337 -6.25477614295371964 -0.984497427940368652 0 50
9.879448994697686 -6.29436323178210611 -2.23228669166564941 0 48.5
10.4123065671876276 -6.15350275370852184 -1.15792953968048096 0 53.5
10.4078661791139648 -6.1914592227049976 -0.982177853584289551 -0.0812000036239624023 46.5
10.3809500716514975 -6.1914592227049976 -1.23459088802337646 0.0812000036239624023 48
10.5045878831743895 -6.17315567178043967 -0.998209297657012939 0 54
10.5165658988977615 -6.19148724021928221 -0.719694972038269043 -0.0812000036239624023 47
10.4881109433736288 -6.20829117795488905 -0.952515065670013428 0.0812000036239624023 48.5
10.6798132924704028 -6.0988265017677783 -0.189510449767112732 0 47.5
10.70892201910738 -6.13601484596085367 -0.899422883987426758 0 48.5
10.6939821205887977 -6.23076534342852284 -1.34864163398742676 0 47.5
10.8392503554634914 -6.11022299846928529 -1.43229198455810547 0 49
10.9183949506575662 -6.24757845993176097 -0.718617558479309082 0 51.5
10.9295539137304925 -6.24757845993176097 -0.522139370441436768 -0.0812000036239624023 46
10.9462496027664109 -6.18932230997776056 -0.794933021068572998 0.0812000036239624023 46.5
10.654064676994933 -6.85178910005313746 -0.446669429540634155 0 56.5
10.6622807967891013 -6.97518083899027541 -0.474503755569458008 0 61.5
10.6650467112453775 -6.97518083899027541 -0.407611221075057983 -0.0812000036239624023 55.5
10.6555374637701448 -6.97518083899027541 -0.607379317283630371 0.0812000036239624023 56
10.7169884453863844 -7.00339035519004938 -0.76112830638885498 0 61
10.7169884453863844 -7.00339035519004938 -0.76112830638885498 -0.0812000036239624023 55
10.7066719496334795 -7.00339035519004938 -0.894626855850219727 0.0812000036239624023 55.5
11.2577739958566543 -6.27786865338504096 -1.48375153541564941 0 56.5
11.2596428100814201 -6.31515971201826787 -1.29993951320648193 -0.0812000036239624023 50
11.2431753924957079 -6.31515971201826787 -1.43540751934051514 0.0812000036239624023 50.5
10.3291128733934929 -7.95466347079244773 -0.57901078462600708 0 51
11.5513555536351173 -6.22743836573647691 -0.225484386086463928 0 56
11.5383633698023687 -6.25531997021830932 -0.0527939125895500183 -0.0812000036239624023 49.5
11.5272048080979541 -6.26844072526858387 -0.309579282999038696 0.0812000036239624023 50.5
11.9987891703548861 -5.81871721742631376 0.627780258655548096 0 53.5
11.9977166525203032 -5.81371258679205916 0.691414237022399902 -0.0812000036239624023 47.5
11.9855408267436339 -5.86042247271176642 0.47409433126449585 0.0812000036239624023 48
12.1035834341278399 -5.79772392697506866 -0.346850186586380005 0 69
12.1053757165303502 -5.79772392697506866 -0.277308344841003418 -0.0812000036239624023 62.5
12.1035834341278399 -5.79772392697506866 -0.346850186586380005 0.0812000036239624023 63.5
12.1712019055590286 -5.83011377514323126 -0.348787903785705566 0 73.5
12.1730042008141037 -5.83011377514323126 -0.278857558965682983 -0.0812000036239624023 67
12.1689650640587228 -5.83011377514323126 -0.41962897777557373 0.0812000036239624023 68
12.2484898674915108 -5.79973914351062891 -0.786236763000488281 0 66
12.2533097086941964 -5.80822077431424155 -0.633738875389099121 -0.0812000036239624023 60
12.2484898674915108 -5.79973914351062891 -0.786236763000488281 0.0812000036239624023 60.5
12.3081520758826155 -5.89489264777150002 0.28660920262336731 -0.0812000036239624023 54.5
13.8680402823281685 -0.348496624734419613 -0.267688602209091187 0 49
13.9464629511632925 -0.278909759485280795 -0.144559979438781738 0 50
13.9450369473750584 -0.371298617314780144 -0.0247272942215204239 0.0812000036239624023 45
10.095507316815187 -9.73545935759400827 0.0468529164791107178 0 50.5
12.7898590386753703 -6.05608094622854765 -0.820987522602081299 0 46
12.8205939122155606 -6.21989389590285402 0.0884076431393623352 -0.0812000036239624023 46.5
12.8198726265156271 -6.21989389590285402 0.162240117788314819 0.0812000036239624023 48
13.0949095559102044 -5.98846235926457027 -0.147259503602981567 0 48
9.80187007210338557 -10.7526080748471013 -0.0853095576167106628 0 50.5
11.7826501524723408 -8.65519972409041749 0.383835464715957642 0.0812000036239624023 48.5
12.1009888284802631 8.67421499202377611 -1.0390850305557251 0 47
12.0956503979337491 8.79652898452420473 -1.14731872081756592 0 50.5
12.1218884211272417 8.78153383603151561 -0.971861600875854492 0.0812000036239624023 45.5
11.2472237580251573 -10.5431449873351024 1.0220409631729126 0 48
11.4140368235847358 -10.7182316885785092 0.738180458545684814 0 45
10.0348630974226971 13.3756719101541393 0.344333857297897339 0 51
9.98315369439283273 13.4132909874014477 0.381953507661819458 0.0812000036239624023 46
10.0822634432562399 13.4356531104655499 -0.266859471797943115 0 49.5
8.26837258656032503 14.7102397360769253 -0.0920376032590866089 0 46.5
10.6068229062701018 13.4020633637218101 -0.538522660732269287 0 48
9.97428040516655301 14.0714464509017194 0.265777409076690674 0 46.5
10.3374162493838764 13.8944855778734446 0.486575961112976074 0 52.5
10.3443392129651279 13.8944855778734446 0.305906057357788086 0.0812000036239624023 47.5
9.00294843098679287 -14.8895830063770482 -0.0854114741086959839 0 53
9.0782794848402375 -14.8439227781156706 -0.0533812902867794037 -0.0812000036239624023 47
8.96839844910214623 -14.9091516756319251 0.212338253855705261 0.0812000036239624023 47
11.2713590741026231 13.434565923085616 0.686619877815246582 0 49
9.11925542760203456 -15.0821193950521621 0.0973305106163024902 0 50
11.5257991064068328 13.7037100763380195 0.818503797054290771 0 53
11.5921540253101067 13.6185938646837457 1.20893275737762451 -0.0812000036239624023 46
11.546261868567445 13.7037100763380195 0.444789588451385498 0.0812000036239624023 48
11.5945718474354003 13.7610468968377102 0.446650594472885132 0 55
11.5199388497966293 13.8195279722410742 0.558279097080230713 -0.0812000036239624023 48
11.5320075617885003 13.8195279722410742 0.18284761905670166 0.0812000036239624023 50.5
11.9189797278420428 13.5880034677787798 -0.0985825061798095703 0 49
9.19996193344163693 -15.6039518412519893 1.14014220237731934 0 52.5
9.23431992862964002 -15.5790036624360333 1.20188283920288086 -0.0812000036239624023 46.5
9.1407225207719609 -15.635704068835933 1.1808931827545166 0.0812000036239624023 46.5
9.27714732545492815 -15.6684299917975718 0.76517099142074585 0 54.5
9.27714732545492815 -15.6684299917975718 0.76517099142074585 -0.0812000036239624023 49
9.26888280988721291 -15.6684299917975718 0.85950857400894165 0.0812000036239624023 48.5
17.254066681287771 -6.31895517307116883 -0.0927033200860023499 0 64.5
17.2767197104784245 -6.2569596099632756 -0.0776702836155891418 -0.0812000036239624023 58
17.2519728864140731 -6.31895517307116883 -0.284362941980361938 0.0812000036239624023 59
17.3453053412002411 -6.28249848040836945 -0.27043074369430542 0 75
17.3465323595537555 -6.28249848040836945 -0.174840405583381653 -0.0812000036239624023 69
17.3279271017037928 -6.32860856099852231 -0.306903541088104248 0.0812000036239624023 70
17.4179160412679472 -6.29646297039318092 -0.382654547691345215 -0.0812000036239624023 67
17.4126006742595649 -6.29646297039318092 -0.575824260711669922 0.0812000036239624023 68
17.5326819787344341 -6.17320246559591723 -0.675742805004119873 0 57
17.5326819787344341 -6.17320246559591723 -0.675742805004119873 -0.0812000036239624023 51
17.5326819787344341 -6.17320246559591723 -0.675742805004119873 0.0812000036239624023 51
17.6538176939484224 -6.29796196651611417 0.490818649530410767 0 57
17.7042579882709816 -6.39842971434508545 0.00256644468754529953 0 66
17.7312824218535425 -6.3231540706469076 0.00256644468754529953 -0.0812000036239624023 59.5
17.7031973015050994 -6.39842971434508545 -0.193794682621955872 0.0812000036239624023 60.5
17.8019256970534023 -6.34834617477770013 0.00257666967809200287 -0.0812000036239624023 58.5
13.3398453512629516 13.4844897874660816 0.517398357391357422 0 52
13.3776080717881882 13.4560364944381945 0.159117445349693298 -0.0812000036239624023 45.5
13.3432949040716888 13.4844897874660816 0.419110745191574097 0.0812000036239624023 47.5
9.19385187609534249 -16.6705001435526015 0.685603618621826172 0 64.5
9.3003267763772115 -16.606227188551042 0.799808382987976074 -0.0812000036239624023 59
9.22112999161441671 -16.6562172646633648 0.666133582592010498 0.0812000036239624023 58.5
9.25523814403921463 -16.7361310284756684 0.0899673625826835632 0 64.5
9.27759356415998759 -16.7217919186411912 0.27119976282119751 -0.0812000036239624023 58.5
9.25523814403921463 -16.7361310284756684 0.0899673625826835632 0.0812000036239624023 58.5
9.312207156553443 -16.7873682402941533 -0.327233374118804932 -0.0812000036239624023 48.5
9.51044431966206183 -16.6602093841078442 -0.793027043342590332 0.0812000036239624023 49
13.0496740288317792 14.1384571357195306 1.15572404861450195 0.0812000036239624023 48
13.1723421038008972 14.1741260031087588 0.0778339207172393799 0 52
13.2704052777102817 14.0822432347501554 0.0963034704327583313 0.0812000036239624023 47
14.0976801105166167 13.3600774387349936 -0.30723416805267334 0.0812000036239624023 45
11.0996099548536886 16.3618812074869879 1.06186389923095703 0 52
11.07655647751149 16.3321908136430665 1.6153867244720459 -0.0812000036239624023 45.5
11.1657583656418762 16.3321908136430665 0.790832102298736572 0.0812000036239624023 47
14.5004070409690797 13.5776843583334141 0.632685482501983643 0.0812000036239624023 50.5
10.9233026172147731 -16.6728052836347125 0.837594568729400635 0 59.5
10.9308240926572875 -16.6728052836347125 0.732945859432220459 -0.0812000036239624023 54
10.8855239150509355 -16.7930388929949892 0.707050144672393799 0 66.5
10.9341939248747941 -16.7630111077594144 0.667479932308197021 -0.0812000036239624023 60.5
10.8970771234755759 -16.7930388929949892 0.498261481523513794 0.0812000036239624023 60.5
11.0754094510157319 -16.7630007766108662 0.589170098304748535 0 65.5
11.0623724959591456 -16.7630007766108662 0.79733884334564209 -0.0812000036239624023 60
11.0805177953407217 -16.7630007766108662 0.483690440654754639 0.0812000036239624023 59.5
11.176187768607809 -16.7801708542456396 0.741212189197540283 0 65.5
11.2408441914103658 -16.7347917864306766 0.7879447340965271 -0.0812000036239624023 59.5
11.1036504243855667 -16.8255499220606097 0.800314009189605713 0.0812000036239624023 59.5
19.2222800658895174 -6.36909519765578391 -0.0331328585743904114 0 66
19.200609174708017 -6.43235597633730727 0.154623210430145264 -0.0812000036239624023 60
19.2207541740780243 -6.36909519765578391 -0.244358137249946594 0.0812000036239624023 60.5
19.2414293172296631 -6.54761267488914189 -0.0429569631814956665 0 65.5
19.2566697610427653 -6.50189621711256827 0.108083032071590424 -0.0812000036239624023 59.5
19.2414293172296631 -6.54761267488914189 -0.0429569631814956665 0.0812000036239624023 60
19.2134588741700441 -6.75786364702173437 1.15514397621154785 0 60
19.2079618735156323 -6.77060952338352529 1.1718066930770874 -0.0812000036239624023 54
19.1852465369213405 -6.85218313209898966 1.06487572193145752 0.0812000036239624023 54.5
19.1217045758774269 -7.13834639941763882 1.6217571496963501 0 52.5
19.0983824618516564 -7.20486862392834038 1.60227417945861816 -0.0812000036239624023 46.5
19.1460715408592073 -7.13834639941763882 1.30291128158569336 0.0812000036239624023 47
18.7451355598492491 -8.05299448298188025 2.46408367156982422 0 54.5
18.7451355598492491 -8.05299448298188025 2.46408367156982422 -0.0812000036239624023 47.5
18.7720657809721381 -8.05299448298188025 2.24974918365478516 0.0812000036239624023 49
18.9716842316101335 -8.02826141304593222 1.00640404224395752 0 58.5
18.9212685630130508 -8.11588930647885753 1.22824656963348389 -0.0812000036239624023 52
18.965638373865854 -8.02826141304593222 1.11453402042388916 0.0812000036239624023 53
18.8506128898447649 -8.35233497511418044 -1.83926737308502197 0 55.5
18.8506128898447649 -8.35233497511418044 -1.83926737308502197 -0.0812000036239624023 49
18.8712837967698448 -8.68633347276877998 -0.151550978422164917 0 60.5
18.8712837967698448 -8.68633347276877998 -0.151550978422164917 -0.0812000036239624023 54
18.8700923190384771 -8.68633347276877998 -0.260606348514556885 0.0812000036239624023 54.5
18.9081335559668524 -8.78282676988173883 0.258704602718353271 0 63
18.9203143341948881 -8.75416729362285473 0.329770743846893311 -0.0812000036239624023 57
18.909314793607912 -8.78282676988173883 0.14925539493560791 0.0812000036239624023 57.5
18.8274756371891918 -9.03667620732309906 1.31161332130432129 -0.0812000036239624023 52.5
18.8527813297578817 -9.03667620732309906 0.875678479671478271 0.0812000036239624023 53
12.4034449400960032 -16.907403729276389 1.13765799999237061 0 67.5
12.3814416784056203 -16.907403729276389 1.3563225269317627 -0.0812000036239624023 61.5
12.4130497719615303 -16.907403729276389 1.02756023406982422 0.0812000036239624023 61.5
12.465932254384585 -16.9677879282773922 0.92214888334274292 0 68.5
12.4904888197607171 -16.9388191765761569 1.10441577434539795 -0.0812000036239624023 63
12.465932254384585 -16.9677879282773922 0.92214888334274292 0.0812000036239624023 62.5
18.7173928063167807 -9.72585339568283302 1.54582357406616211 0 56.5
18.6957418384880469 -9.71263892096043868 1.85914576053619385 -0.0812000036239624023 50
18.6638352634164484 -9.81042603390616108 1.65509653091430664 0.0812000036239624023 50.5
18.7584905484901157 -9.9300867819612737 0.114316262304782867 0 56.5
16.352852114535775 13.761046896837712 0.329332858324050903 0 54
16.2778859302224639 13.8465192378118598 0.441525131464004517 -0.0812000036239624023 47.5
16.3658688343633116 13.7450208329050572 0.351190239191055298 0.0812000036239624023 49
16.2923233997975316 13.9513920471419084 0.146237567067146301 -0.0812000036239624023 49.5
18.8008182428772379 -10.4765948702010352 0.30963289737701416 0 59
18.7603486080307 -10.5357694753729021 0.610402345657348633 -0.0812000036239624023 52.5
18.7574377168839384 -10.710134367634609 -0.107500866055488586 0 58.5
18.8064397343733312 -10.6237623162827166 0.116335980594158173 -0.0812000036239624023 53
18.754794114975045 -10.710134367634609 -0.33279883861541748 0.0812000036239624023 53
14.608514549368925 15.6009523236208327 3.60655450820922852 0 53.5
14.7125311402726009 15.6009523236208327 3.15553045272827148 0.0812000036239624023 48
15.3465403875635751 15.0977705802963342 3.09895133972167969 0 56
15.3411394493451727 14.959159185229705 3.73302960395812988 -0.0812000036239624023 48.5
15.3642042376658079 15.1331028966858643 2.82718229293823242 0.0812000036239624023 50.5
18.5721649799709034 -11.5594601405175812 1.0313335657119751 0 56
18.5655235184384146 -11.5594601405175812 1.14466667175292969 -0.0812000036239624023 49.5
18.6467975880243415 -11.4582053997033881 0.785189628601074219 0.0812000036239624023 50.5
18.5242795348955269 -11.7995037361477344 0.723494946956634521 0 57
18.5803820913791462 -11.7171241429235238 0.615674197673797607 -0.0812000036239624023 50.5
18.5865302803122141 -11.7171241429235238 0.388010710477828979 0.0812000036239624023 51
18.2617954188400375 -12.3440060950334072 0.578705787658691406 0 58
18.3742522273286006 -12.1869506603421343 0.260065853595733643 -0.0812000036239624023 52
18.326904005218509 -12.2558346229260238 0.34875035285949707 0.0812000036239624023 52.5
18.487662851689155 -12.1509897896388495 0.274524658918380737 0 58
18.4896465545922943 -12.1509897896388495 0.0452533215284347534 -0.0812000036239624023 51.5
18.4875302267453989 -12.3808943654325425 1.04899334907531738 0 61.5
18.4875302267453989 -12.3808943654325425 1.04899334907531738 -0.0812000036239624023 55.5
18.4806278618810502 -12.3808943654325425 1.16426706314086914 0.0812000036239624023 56
18.2545458702959422 -12.869435643804982 0.81959688663482666 0 58
18.2489823666079189 -12.869435643804982 0.935312449932098389 0.0812000036239624023 52.5
18.8578510672452957 -12.1223965363138699 -0.556451499462127686 -0.0812000036239624023 53.5
19.4083329216981291 -11.4333599026748072 1.49183452129364014 0 53.5
17.4087857282139495 14.369981580119779 -0.26163947582244873 0.0812000036239624023 48
18.6220770734531165 -12.8412266679252784 1.15919208526611328 0 52.5
18.6352687989757868 -12.8412266679252784 0.92317962646484375 0.0812000036239624023 47
18.9464580322438785 -12.641359864588992 1.03334391117095947 0 55.5
18.9410672771624498 -12.6185672391851824 1.35932266712188721 -0.0812000036239624023 49
19.0007785674063463 -12.5815292229039901 0.718030929565429688 0.0812000036239624023 49.5
19.2650510707000677 -12.1970061486501482 1.83206343650817871 -0.0812000036239624023 46.5
17.7596875278970643 14.3907311082817397 2.05009913444519043 0 47.5
18.4858942584688393 13.7184615869556623 0.475607782602310181 0 50.5
18.478156833646441 13.7184615869556623 0.715701282024383545 0.0812000036239624023 45
18.5608023227402334 13.751600180979672 0.011024942621588707 0 51.5
18.4817497779034454 13.8555165551432466 -0.24410402774810791 -0.0812000036239624023 45.5
18.6143008327897164 13.6707763344080035 0.477156996726989746 0.0812000036239624023 45.5
18.3382677057992254 14.1611368764151191 0.500822007656097412 0 52.5
18.3042685016366207 14.2103678226112464 0.315989524126052856 -0.0812000036239624023 46
18.2985005648692542 14.2103678226112464 0.557687878608703613 0.0812000036239624023 47.5
18.5463312210058149 14.0064987181220229 0.643474936485290527 0 49.5
22.7473460853553462 -6.27336055258441139 1.15922319889068604 0 51
19.2245464010532601 14.1146327015719955 -0.128453552722930908 0 52.5
19.1096589588338901 14.2666272682485538 -0.326818466186523438 0.0812000036239624023 48
19.5843592747818924 13.8615143853511817 -0.557910323143005371 0 54
19.5922157259614806 13.8615143853511817 -0.0589037314057350159 -0.0812000036239624023 47.5
19.5843592747818924 13.8615143853511817 -0.557910323143005371 0.0812000036239624023 49
19.7944052758108455 13.6972523500925512 -0.415244102478027344 0 53.5
19.7735534885097977 13.7333531689375121 -0.0853507295250892639 -0.0812000036239624023 47
19.7310437111186161 13.7664455862120612 -0.881213009357452393 0.0812000036239624023 48.5
19.8352994322303502 13.7761366344721363 0.0395147688686847687 0 49
21.4275182342263406 -11.0430266277537505 2.40076303482055664 0 48
23.9235646872047667 -6.23498282734732001 1.16217660903930664 0 47
20.0818009074942481 14.5923783248811123 0.25387004017829895 0 48.5
20.382761344602681 14.3247709434416297 1.75915384292602539 0 47
20.5216234653516985 14.2895327807439987 1.47471320629119873 0 45.5
20.6888622399809989 14.2004526575943508 1.25848853588104248 0 46
24.4297225634879496 -6.16255597080970574 -0.501639366149902344 0 59.5
24.4552502347046641 -6.04604367090170491 -0.652788519859313965 -0.0812000036239624023 53
24.4297225634879496 -6.16255597080970574 -0.501639366149902344 0.0812000036239624023 54
24.5241345518847886 -6.06403803099512828 -0.787361323833465576 0 64
24.5280344557343533 -6.06403803099512828 -0.654731333255767822 -0.0812000036239624023 58
24.5195825859818584 -6.06403803099512828 -0.9182472825050354 0.0812000036239624023 59
24.6121256413004623 -5.94581975996289369 -1.23005521297454834 0 59.5
24.6121256413004623 -5.94581975996289369 -1.23005521297454834 -0.0812000036239624023 53
24.6148768741673187 -5.96482610975499661 -1.07294309139251709 0.0812000036239624023 54.5
23.4737608269513522 -9.76004206970622157 -0.39346545934677124 0 58.5
23.475618839447268 -9.76004206970622157 -0.260005056858062744 -0.0812000036239624023 52.5
23.4678673938086355 -9.76004206970622157 -0.656883895397186279 0.0812000036239624023 53
23.5600770850760313 -9.65181487496644408 1.4196314811706543 0 56
23.6060327481866565 -9.58489902406703997 1.06539785861968994 -0.0812000036239624023 50
23.5677508995411067 -9.65181487496644408 1.28595173358917236 0.0812000036239624023 50.5
23.7045192224409362 -9.57154353939180247 0.749652981758117676 -0.0812000036239624023 48
23.727819262484509 -9.52680176658663136 0.557917475700378418 0.0812000036239624023 49.5
23.6803293458374711 -9.67012755222351394 1.91134524345397949 0 61
23.6445553461755757 -9.67012755222351394 2.31218791007995605 -0.0812000036239624023 54.5
23.6691087672216511 -9.67012755222351394 2.04559659957885742 0.0812000036239624023 55.5
23.6668273813554642 -9.46373765535366118 -3.47772741317749023 0 50
23.7771880153694077 -9.90399548608373337 1.48199081420898438 -0.0812000036239624023 56.5
24.2893694005849738 -9.75030458275942991 0.29800945520401001 0 60.5
24.2873265724802145 -9.75030458275942991 0.433620065450668335 -0.0812000036239624023 54.5
24.2893694005849738 -9.75030458275942991 0.29800945520401001 0.0812000036239624023 55.5
24.3119713729853295 -9.89632949666945017 -0.230861276388168335 0 61.5
24.3518788409682863 -9.7979238337923924 -0.221911981701850891 -0.0812000036239624023 55
24.3478450567312201 -9.7979238337923924 -0.495700269937515259 0.0812000036239624023 56
24.3018185120261805 -10.1055301225752601 0.552746295928955078 0 53.5
24.3018185120261805 -10.1055301225752601 0.552746295928955078 -0.0812000036239624023 47
24.3045370666857394 -10.1055301225752601 0.416365206241607666 0.0812000036239624023 48.5
21.9985895305909445 14.5796978148540539 2.10239601135253906 0 51.5
21.9027388621312546 14.8212040414218649 1.23596358299255371 -0.0812000036239624023 45
22.2519576506783849 14.3788101073721268 1.7328418493270874 0 54
22.2623543151590262 14.3788101073721268 1.59373831748962402 -0.0812000036239624023 47.5
22.3177510052408827 14.2958681939701169 1.5648266077041626 0.0812000036239624023 49
24.771257335804318 -9.82242172482973963 1.6717827320098877 0 61.5
24.7801918785088127 -9.82242172482973963 1.53368818759918213 0.0812000036239624023 56
24.8709431721694223 -9.72621875501375044 1.93328142166137695 0 61
24.8090249820504738 -9.85001307697298856 2.09528160095214844 -0.0812000036239624023 54.5
24.8090249820504738 -9.85001307697298856 2.09528160095214844 0.0812000036239624023 55
24.9777724398913143 -9.7534626479841009 1.37962687015533447 0 66
24.9607558939668159 -9.7534626479841009 1.65925049781799316 -0.0812000036239624023 59.5
24.9850604690426863 -9.7534626479841009 1.24067127704620361 0.0812000036239624023 60.5
25.1296551221260422 -9.65958392441598335 0.385475069284439087 0 64.5
25.1271281732066392 -9.65958392441598335 0.524968206882476807 -0.0812000036239624023 58.5
25.1480345861348553 -9.61920948795029496 0.0532350428402423859 0.0812000036239624023 59
25.2479724961573027 -9.56165650390967592 -0.338694185018539429 0 62
25.2716499422963636 -9.50092615208526503 -0.276111572980880737 -0.0812000036239624023 55.5
25.263478085431661 -9.50092615208526503 -0.699416279792785645 0.0812000036239624023 56.5
25.2322564987824975 -9.81489603105896968 0.238117769360542297 0 58.5
25.2361351375173015 -9.78782978898779632 0.625702142715454102 -0.0812000036239624023 52
25.2429359759524488 -9.78782978898779632 -0.219658970832824707 0.0812000036239624023 53
25.378390063151862 -9.64191789754735673 -0.305410116910934448 0 51.5
25.3555138098788895 -9.69959298701192729 -0.37203863263130188 0.0812000036239624023 46.5
25.2733112115639145 -9.76721132216816024 2.65743494033813477 0 56.5
25.2579543003884446 -9.76721132216816024 2.79963588714599609 -0.0812000036239624023 50
25.2733112115639145 -9.76721132216816024 2.65743494033813477 0.0812000036239624023 51
25.4680299962422545 -9.66789685404191701 1.78921914100646973 0 59
25.4775553380668356 -9.66789685404191701 1.64804673194885254 -0.0812000036239624023 52.5
25.4346653547941841 -9.71565640095673189 1.99346184730529785 0.0812000036239624023 53.5
25.9413285752214122 8.78115864308982808 1.85507142543792725 0 52.5
25.9562850279040269 8.71941612138060407 1.93535172939300537 -0.0812000036239624023 45.5
26.006515770170779 8.63366261900667986 1.61974000930786133 0.0812000036239624023 47.5
26.0593801841250432 8.80515112321439375 1.00186693668365479 0 69.5
26.0535119615097663 8.80515112321439375 1.14437723159790039 -0.0812000036239624023 63
26.0645306874629092 8.80515112321439375 0.857453703880310059 0.0812000036239624023 64.5
26.1481249092612096 8.82914299318484197 0.286011993885040283 0 73
26.1481249092612096 8.82914299318484197 0.286011993885040283 -0.0812000036239624023 66
26.1493091289290618 8.82914299318484197 0.141127005219459534 0.0812000036239624023 67.5
26.1635524918098099 8.85313547330940764 -1.73094677925109863 0 65
26.1810274593691261 8.85313547330940764 -1.44274365901947021 -0.0812000036239624023 58
26.1897607301039734 8.79088686451270185 -1.64996647834777832 0.0812000036239624023 60
25.9999855608737249 -9.42154556620316619 2.30169844627380371 0 64
26.0698398178646826 -9.32098435110567003 1.88289368152618408 -0.0812000036239624023 57.5
26.0191273062949762 -9.43194845052359732 2.0263211727142334 0.0812000036239624023 58.5
25.8910065864060073 -9.67996780795230904 3.19134306907653809 0 64
25.8934944184292632 -9.64172080871111881 3.28554773330688477 -0.0812000036239624023 57.5
25.9251479421050419 -9.67996780795230904 2.90095877647399902 0.0812000036239624023 58.5
26.0671371054382242 -9.5944957262936601 2.61918497085571289 0 79
26.036249684776557 -9.62587307423575567 2.80471086502075195 -0.0812000036239624023 72.5
26.0813804111526508 -9.5944957262936601 2.47333192825317383 0.0812000036239624023 73.5
26.1358959707885674 -9.65174868087185267 2.52177190780639648 0 78
26.1358959707885674 -9.65174868087185267 2.52177190780639648 -0.0812000036239624023 71.5
26.1624809174276578 -9.65174868087185267 2.22911787033081055 0.0812000036239624023 72.5
26.2996653713381825 -9.67762494556869868 1.21397137641906738 0 70
26.3131591566332794 -9.64607890264580092 1.17193758487701416 -0.0812000036239624023 64
26.3060448224628409 -9.67762494556869868 1.0668414831161499 0.0812000036239624023 64.5
26.2108659326024025 -9.83353726415175267 2.70329785346984863 0 65
26.2108659326024025 -9.83353726415175267 2.70329785346984863 -0.0812000036239624023 58.5
26.2108659326024025 -9.83353726415175267 2.70329785346984863 0.0812000036239624023 59.5
25.1726904976728854 -10.3742431542768667 7.34511470794677734 0 57
25.2325071325236578 -10.2438603428949904 7.32283782958984375 -0.0812000036239624023 51
25.3159159189906333 -10.2438603428949904 7.02906894683837891 0.0812000036239624023 51.5
26.1265420772554009 -10.7904900076790202 -0.666922211647033691 0 54.5
26.1291467185308655 -10.8046229349975249 -0.0597593188285827637 -0.0812000036239624023 49
26.1353178152026864 -10.7410247620642494 -1.02531135082244873 0.0812000036239624023 49
26.1820903484123448 -11.0644043565307495 -0.24029897153377533 0 53
26.2263628338939547 -10.9613970607556634 -0.079455256462097168 -0.0812000036239624023 46.5
26.1820903484123448 -11.0644043565307495 -0.24029897153377533 0.0812000036239624023 47.5
26.3504347761271021 -10.8478653346235845 0.477965682744979858 0 55
26.3609250136872042 -10.7873224223817594 0.992693483829498291 -0.0812000036239624023 48.5
26.3312383623512218 -10.8977242035286181 0.394425064325332642 0.0812000036239624023 49.5
26.6709961376827458 -10.2086873453719083 -0.985571801662445068 0 52
26.6402526665607979 -10.2836724570378077 -1.03618991374969482 -0.0812000036239624023 46
26.7062345082829111 -10.0551464024369679 -1.48382806777954102 0.0812000036239624023 47
26.7591902931162871 -10.2354820721985202 0.0566456466913223267 0 55
26.7932465611642172 -10.1459797805563525 -0.0605518817901611328 -0.0812000036239624023 49
26.7503680231531362 -10.2354820721985202 -0.689438462257385254 0.0812000036239624023 49.5
24.7657166188468736 14.2429911278993622 2.98699808120727539 0 45.5
26.5827937822978448 -11.0556228171038224 0.753897488117218018 0 48.5
28.5614621838245455 -6.29037108325996908 -0.486554414033889771 0 45.5
27.610697987443249 -10.1692687103227755 1.73521637916564941 0 48.5
27.7168185421876387 -10.3579925493396114 1.45968210697174072 0 53
27.6884994182866002 -10.3579925493396114 1.92345929145812988 -0.0812000036239624023 47
27.7146385248699936 -10.424627240507629 0.930948793888092041 0.0812000036239624023 47.5
27.7987002069604365 -10.4510182974751231 0.313845455646514893 0 58.5
27.7723728362789082 -10.5178216814788712 0.400911033153533936 -0.0812000036239624023 52.5
27.7537613697804062 -10.5697798690373421 0.313845455646514893 0.0812000036239624023 53
27.8690134236084113 -10.4774100256121443 -0.304489701986312866 0 62.5
27.8690134236084113 -10.4774100256121443 -0.304489701986312866 -0.0812000036239624023 56.5
27.8445611620473201 -10.544382106741768 -0.217204838991165161 0.0812000036239624023 57
27.801021628668483 -10.5038010825796384 -2.79211282730102539 0 54.5
27.830424182575463 -10.5038010825796384 -2.48196506500244141 -0.0812000036239624023 48
27.8008363636926248 -10.436660308614286 -3.0351555347442627 0.0812000036239624023 48.5
28.0232495530114676 -10.7445764305585012 1.9383547306060791 0 54.5
28.04530224018254 -10.6506224568740109 2.12860512733459473 -0.0812000036239624023 48.5
28.0673063776450213 -10.6506224568740109 1.81556797027587891 0.0812000036239624023 49.5
28.1152413594351387 -10.6771828821369077 2.13391327857971191 0 55.5
28.122893755243652 -10.609367323958196 2.35939288139343262 -0.0812000036239624023 49
28.1267806248823362 -10.6771828821369077 1.97600579261779785 0.0812000036239624023 50
28.1728889301673817 -10.7037426319401305 2.29541182518005371 0 52.5
28.1728889301673817 -10.7037426319401305 2.29541182518005371 -0.0812000036239624023 46.5
28.1265061718943521 -10.7981652027935198 2.41867184638977051 0.0812000036239624023 46.5
28.2772865765343191 -10.7303030572030291 1.82915079593658447 0 53
28.2772865765343191 -10.7303030572030291 1.82915079593658447 -0.0812000036239624023 48
28.266714493893776 -10.7303030572030291 1.98583662509918213 0.0812000036239624023 47.5
28.2889486313326799 -10.6885418371997325 2.851531982421875 0 52.5
28.378130936612191 -10.6202201919335426 2.1291811466217041 -0.0812000036239624023 47
28.1980567645624802 -10.6885418371997325 3.64216732978820801 0.0812000036239624023 47
28.3243806538728542 -10.6464425560653062 3.40372014045715332 0 46.5
24.902533410769486 17.4554765894444266 3.39560818672180176 0 50.5
25.0290117908520102 17.2948785572961974 3.28570055961608887 0.0812000036239624023 45
25.0241488364920279 17.4982600549790526 2.92549800872802734 0 52.5
25.0051515290222426 17.4982600549790526 3.08367395401000977 -0.0812000036239624023 45.5
24.9711955453631305 17.5940884232976664 2.80056452751159668 0.0812000036239624023 47.5
22.9977106197018877 -20.3307034538965716 1.82492852210998535 0 52.5
22.8612174293577972 -20.5420686777959247 2.35983657836914062 0 52.5
30.2607842557238094 -6.22819735014521836 0.551918745040893555 0 46
29.1827843653648991 -10.7385412691673885 1.3470538854598999 0 47
23.5677362347976249 -20.7534255297134571 1.17807841300964355 0 49.5
27.1052534479288596 16.0204417223750752 0.949082374572753906 0 48.5
27.6456650731818634 15.4046095294917151 0.371133804321289062 0 53.5
27.7682374405812418 15.1870861600123668 -0.0043138931505382061 0.0812000036239624023 48.5
27.9418288288709178 15.004744973735642 2.31340765953063965 0 49.5
27.8913526860285899 15.366746958804276 1.3968806266784668 0 54
27.8374806593169453 15.366746958804276 2.22565698623657227 -0.0812000036239624023 47
27.8678632704156541 15.4663241163911369 0.436786741018295288 0.0812000036239624023 48.5
31.6158102027938881 -6.36328457798429614 -0.107735618948936462 0 46.5
24.5236006358966314 -20.8549986467999737 2.92706465721130371 0 51
28.3417986229324619 15.5469697009561454 2.18959259986877441 0 47
28.2017516845803691 16.1023903685144276 -0.00442634057253599167 0 55
28.2928252360771957 15.9321395709867168 -2.27721595764160156 0 54
28.3143505396487782 15.8792629270186723 -2.37681889533996582 -0.0812000036239624023 48
28.3711420728245542 15.7938468098395255 -2.26614546775817871 0.0812000036239624023 49
28.6475687327159783 15.833395767849165 -1.67960476875305176 0 50.5
25.6331905080232971 -20.3398881378780594 2.88984084129333496 0 51.5
25.4968326514024781 -20.3398881378780594 3.91447758674621582 -0.0812000036239624023 45.5
25.782077445448877 -20.3616409438819694 2.1780388355255127 0 55
25.8468686245574908 -20.2382121242585207 2.53179264068603516 -0.0812000036239624023 49.5
25.820437460468213 -20.3616409438819694 1.66263294219970703 0.0812000036239624023 49.5
26.2164282632777734 -19.9997780305734949 1.30681526660919189 -0.0812000036239624023 47.5
28.7999594868009794 16.0121934211787398 -1.78100645542144775 0.0812000036239624023 48
29.5068456691519607 15.2577979715283565 -0.668182909488677979 0 51
29.500401477219711 15.4462029928644977 -0.177079647779464722 -0.0812000036239624023 51
29.4989406492582873 15.4462029928644977 0.342809200286865234 0.0812000036239624023 52.5
29.4239651598625329 15.7479039457981518 -0.352682769298553467 0 55.5
29.4252618181887939 15.6936871154762834 -1.32393836975097656 -0.0812000036239624023 48.5
29.4240734682009375 15.7479039457981518 0.343581259250640869 0.0812000036239624023 50
29.6566006815047167 15.3945623890930303 1.54791927337646484 0 50
29.7119548229632997 15.3611232093176451 0.371718347072601318 0.0812000036239624023 45
28.4495106342785711 17.5545205171426453 3.37999558448791504 0 48.5
29.7671964119103443 15.8953249900441325 0.561409950256347656 0 47.5
26.1939280874222007 -21.5544107757515917 1.89375925064086914 0 45
28.5706742915948197 18.2850829094517877 3.72664499282836914 0 48.5
29.3839166226114159 17.3936217762588505 1.92027080059051514 0 47.5
28.2574317502342822 19.1877916455348583 2.84989571571350098 0 47
30.7048553067117851 15.7269107392430989 0.355162650346755981 0 52.5
30.908924438918099 15.4845894966939248 -0.544495820999145508 0 52
30.9132165418835854 15.4845894966939248 0.176792249083518982 0.0812000036239624023 48
34.0479881126184907 -6.41250643216907878 -0.48662412166595459 0 46
31.269284302815322 15.4315531925544747 0.603896498680114746 0 47.5
32.1028279534160106 14.8631908816398521 1.28609228134155273 0 48
32.0376714128824887 15.3526331745944571 -1.29880821704864502 0 50
31.9956683302629337 15.5096685392671407 -2.20636725425720215 0 46.5
33.1069991176909326 14.6799598375442955 -0.82234036922454834 0 47
33.152676517714248 14.7466416964855274 -1.06154835224151611 0 47
32.4100638789148618 16.7436577652286331 2.96612286567687988 0 48
32.8445291352289246 16.2784336202815751 1.14249277114868164 0 48
33.7176668993451756 14.7252351886933059 -1.5385584831237793 0 46
33.9201678538187466 14.8451960639308407 2.70331907272338867 0 50
34.0409652877032016 15.4982922348533894 -1.28316342830657959 0 50.5
34.1019815722382518 15.5106057359883476 -1.65105140209197998 0 56
34.0918916565497412 15.5106057359883476 -1.84769749641418457 -0.0812000036239624023 49
34.1427140729564655 15.39345614583738 -1.88855493068695068 0.0812000036239624023 50.5
34.335333641090692 15.2270384332290494 -1.05017757415771484 0 53
34.6875589132777549 15.1450990147173226 -1.3837512731552124 0 48
34.8391864862297211 14.9711743481731734 -1.51576018333435059 0 49.5
35.1161684628326896 14.7494529329504385 -0.958390474319458008 0 49.5
35.0638530050257771 14.8595832214951749 -2.65516352653503418 0 47.5
35.3455128281683457 14.7982428027883675 -0.715888440608978271 0 47
35.3177268495551004 14.8272024760637215 -2.71521162986755371 0 48
35.605952698717914 14.5051913283352718 -1.46334028244018555 0 46.5
16.8134063701965317 -33.3389371086427104 10.1742162704467773 0 54.5
15.9192386799856074 -33.5130307750063778 11.0065736770629883 0.0812000036239624023 48.5
36.1842197634000229 12.6704784308146223 -5.80189132690429688 0 60
36.1885244533685793 12.7770751900796036 -5.53514432907104492 -0.0812000036239624023 53.5
36.0558122214512267 12.7770751900796036 -6.34235095977783203 0.0812000036239624023 54
36.1603830361073264 12.8017893190204148 -6.15333080291748047 0 57.5
36.3776304893339812 12.6367302227569738 -5.12871026992797852 -0.0812000036239624023 52
36.1516863230139691 12.6949863743793632 -6.41993570327758789 0.0812000036239624023 52
36.1901576264306684 14.3197672168364978 -0.610346794128417969 0 50.5
35.9153511962427245 15.2099064649622893 2.36685848236083984 0 50.5
35.9002124302028989 15.4054341203641982 2.56319427490234375 0 51
36.0899464640509962 14.9300882141235132 3.63441920280456543 0 48.5
36.52257885928082 14.9603125147457963 2.12508797645568848 0 51
36.3191125922193407 15.3591746711865067 4.37306737899780273 0 47
36.561843603685098 15.348470703219407 2.7782289981842041 0 51
39.3869969948684968 -6.07423471301724494 3.12553691864013672 0 56.5
39.403041346068747 -6.07423471301724494 2.91628384590148926 -0.0812000036239624023 50
39.3869969948684968 -6.07423471301724494 3.12553691864013672 0.0812000036239624023 51
39.4437046428102676 -6.08563114107641301 3.34096074104309082 0 60
39.4256463886345472 -6.08563114107641301 3.54770803451538086 -0.0812000036239624023 53.5
39.4699257462847726 -6.05059872496824269 3.08512043952941895 0.0812000036239624023 54.5
39.5752940324505005 -5.93657891081840461 2.92722654342651367 0 56
39.4893430644157064 -5.99173293786148164 3.83491706848144531 -0.0812000036239624023 49.5
39.5981134444216778 -5.96164892311071171 2.54240179061889648 0.0812000036239624023 50.5
39.7060456360067562 -6.10842341754834006 1.46869564056396484 0 65
39.7328578749900529 -5.97279230548106632 1.29065501689910889 -0.0812000036239624023 58.5
39.7132002278659471 -6.10842341754834006 1.26052224636077881 0.0812000036239624023 59.5
39.7519217175719319 -6.11981984560750814 2.09960389137268066 0 75
39.7708507781970297 -5.98393568785142094 2.13250875473022461 -0.0812000036239624023 68.5
39.7995615567106213 -5.98393568785142094 1.5043635368347168 0.0812000036239624023 69.5
39.8449127034138186 -5.99507907022177466 2.13647985458374023 0 72.5
39.5793767515921786 -5.01107878298687304 -6.52249717712402344 0 50.5
38.8986797364152679 -6.34632131733043536 9.32023811340332031 0 53.5
38.8472386439515986 -6.34632131733043536 9.53238010406494141 -0.0812000036239624023 47
39.036405533900556 -6.26028665832356346 8.7873687744140625 0.0812000036239624023 48.5
38.1431667776993706 13.3042949529530876 3.798065185546875 0 49
38.0736659962662358 13.841927493462304 3.34958291053771973 0 54
38.0769104530808491 13.6539820559363925 4.01749229431152344 -0.0812000036239624023 48
38.1592128112978131 13.81652946136421 2.32393288612365723 0.0812000036239624023 48.5
38.0998952389001673 13.6791741600671859 4.45016336441040039 0 47
38.3241940932600613 14.5284053685959353 1.7978675365447998 0 53.5
38.4882596580664895 14.3700756144026158 -1.16830706596374512 0 58
38.4729818798223988 14.3700756144026158 -1.59397828578948975 -0.0812000036239624023 51.5
38.4942027208804234 14.3700756144026158 -0.952619731426239014 0.0812000036239624023 52.5
37.6481548891609705 16.7467029166674237 3.14962553977966309 0 46.5
38.8578941738608492 14.2835533392940572 -0.0649153217673301697 0 46.5
38.9944122458598486 14.122852470436511 0.395864814519882202 0 50
39.0272464747556995 14.2522327452183504 -0.38808014988899231 0 45.5
40.9591935333831003 9.42175127275126023 1.96996843814849854 0 51
41.0773131442587101 9.43854600883845407 0.43679007887840271 0 53
41.074410278177325 9.43854600883845407 0.655168890953063965 -0.0812000036239624023 46.5
41.074410278177325 9.43854600883845407 0.655168890953063965 0.0812000036239624023 47.5
41.1743222976358112 9.36036522405028215 -0.0978753194212913513 0 57
41.1521354482933646 9.45534074492564969 -0.221666023135185242 -0.0812000036239624023 50
41.1732201831887252 9.36036522405028215 -0.316663444042205811 0.0812000036239624023 52
41.2566131637384075 9.18141703712015378 1.6981511116027832 0 63
41.236111284649354 9.18141703712015378 2.13892841339111328 -0.0812000036239624023 56.5
41.2606237700713905 9.24484651578764982 1.1764758825302124 0.0812000036239624023 57.5
41.322832556818355 9.31948419568991859 1.10058474540710449 0 69.5
41.3269362356729388 9.26123741946685541 1.39802312850952148 -0.0812000036239624023 62.5
41.3132878086041444 9.39361645633745113 0.782874464988708496 0.0812000036239624023 64
41.3320485665068915 9.67546917216739466 -0.22284717857837677 0 61
41.3320485665068915 9.67546917216739466 -0.22284717857837677 -0.0812000036239624023 54.5
41.3272875568661107 9.67546917216739466 -0.665619015693664551 0.0812000036239624023 56
41.669810607804294 8.45442380947452321 0.724772155284881592 0 51
41.6751647475021088 8.45442380947452321 0.281224757432937622 0.0812000036239624023 45
41.6345558058323064 8.99633924957394804 -0.624409198760986328 0 50
42.9790826403273627 9.41927754780209625 6.98415279388427734 0 46
42.2414377245477866 9.63588180876965517 10.6865043640136719 0 46
44.4089264385267128 -5.58387448705089273 1.21174585819244385 0 49.5
42.7501315313538512 -11.7861303355839429 6.71089363098144531 0 45
44.5009669767506253 -6.05729963194985732 1.10864067077636719 0 47.5
44.6128090962829305 -5.85935390099088593 0.604372739791870117 0 49.5
44.6548144774008264 -6.07752402858900886 0.87577354907989502 0 64.5
44.6608269835787937 -6.00993339991146591 1.02324485778808594 -0.0812000036239624023 58
44.6548144774008264 -6.07752402858900886 0.87577354907989502 0.0812000036239624023 59
44.7238417455101569 -6.08763648407901137 1.11419308185577393 0 73
44.7238417455101569 -6.08763648407901137 1.11419308185577393 -0.0812000036239624023 66.5
44.7330914689776336 -6.08763648407901137 0.643322527408599854 0.0812000036239624023 67.5
44.8034176986115682 -6.09774893956901298 0.878687918186187744 0 70
44.8094502133327595 -6.02993338139030222 1.026650071144104 -0.0812000036239624023 63.5
44.8177731733803739 -6.02993338139030222 0.554979920387268066 0.0812000036239624023 64.5
44.894058763853991 -5.9776660177778691 -0.938810288906097412 0 54.5
44.8831686106346552 -6.10786139505901549 -0.53428351879119873 -0.0812000036239624023 48
44.8954633761500475 -6.03993337212972037 0.0833875760436058044 0.0812000036239624023 49
44.9467165142696956 -6.11797333620816541 1.11974549293518066 0 48
47.1131604630099474 10.5000248735574679 3.20007967948913574 0 54
47.0476091719702936 10.3670366483310641 4.38041019439697266 -0.0812000036239624023 48
47.0859403623463777 10.5725639054991429 3.35801839828491211 0.0812000036239624023 49
47.0030061841277629 10.0743400814595621 6.05207586288452148 0 50.5
46.9182837666233823 10.4618146999772375 6.05207586288452148 0.0812000036239624023 46
45.4039360886522871 -16.3243181860039535 5.82746791839599609 0 47
47.761705041551771 -9.69202065077249841 1.20303249359130859 0 46.5
53.2322093317378915 16.0436089142400675 3.76968741416931152 0 60
53.2359927509700555 15.918268219597568 4.22062110900878906 -0.0812000036239624023 53.5
53.2976955904182006 15.918268219597568 3.35263538360595703 0.0812000036239624023 55
52.6232352181604242 16.0652021463521741 9.2921905517578125 0 60
52.4616255047962383 16.0652021463521741 10.1650009155273438 -0.0812000036239624023 54
52.6734405812692899 16.0652021463521741 9.00322532653808594 0.0812000036239624023 55
53.419020974735524 15.884659907961499 4.94856071472167969 0 60
53.4178017451187728 15.7238556923439301 5.44989347457885742 -0.0812000036239624023 53.5
53.4697066431405617 15.884659907961499 4.36697196960449219 0.0812000036239624023 55
53.4294330417364947 16.3540082547501378 4.07955455780029297 0 63
53.4294330417364947 16.3540082547501378 4.07955455780029297 -0.0812000036239624023 56.5
53.4343313643033326 16.4310177114291811 3.68707895278930664 0.0812000036239624023 57.5
53.5169356458482852 16.8245562255450025 0.286855995655059814 0.0812000036239624023 50
63.4351695206240436 -11.9193434373997125 5.74011135101318359 0 52
63.4710609704581898 -11.700714175980016 5.79291677474975586 -0.0812000036239624023 45
62.4956141565884593 -12.3060489871626721 12.3136024475097656 0 47
65.7636190027654948 -10.8145196442824787 1.93619608879089355 0 51
65.7714929501088079 -10.66454941809058 2.43595218658447266 -0.0812000036239624023 45
65.6824790056261349 -11.3060887190225916 1.88166940212249756 0.0812000036239624023 45
65.8868923021179711 -10.6765450479987472 0.70081639289855957 0 59
65.8468597132542044 -10.8266839627362295 1.59263479709625244 -0.0812000036239624023 53
65.8638150344761897 -10.8266839627362295 0.550646424293518066 0.0812000036239624023 54
65.9030147528397379 -11.04761010260831 -0.569480955600738525 0 56.5
65.9037700049274804 -11.04761010260831 0.47381243109703064 -0.0812000036239624023 50.5
65.8838843277191586 -11.1478151829040772 -0.788156628608703613 0.0812000036239624023 51.5
67.7065667279050132 -11.3699865262481694 4.06756401062011719 0 47
67.6194930167846451 -11.4856279956120826 6.00067758560180664 0 51
67.7577692285390469 -11.3823863956515243 4.43274593353271484 0.0812000036239624023 45.5
67.6535696410090708 -11.6359444747307954 6.18507528305053711 0 49
67.9737953281607474 -11.7821099409780707 3.47872042655944824 0 51.5
68.0224342104010731 -11.4195834812556694 3.72797298431396484 -0.0812000036239624023 45.5
67.9790949154780861 -11.8338994352241276 3.18707799911499023 0.0812000036239624023 46
67.9826872920667427 -11.889952649247121 4.32502365112304688 0 54
68.04759665819644 -11.7949021556848255 3.4824974536895752 -0.0812000036239624023 47.5
67.9586750819569829 -11.889952649247121 4.68726301193237305 0.0812000036239624023 48.5
69.16060759694723 -11.8149776742431456 5.13222217559814453 0 49.5
69.1211095510658851 -11.5459642026551332 6.97453022003173828 0 48
69.6702475529827865 17.2384230755768435 3.36404609680175781 0 49.5
70.7265305322596589 16.4713271302536839 5.4712224006652832 0 46
71.117281679266398 16.1769727017182383 -2.44734406471252441 0 48.5
71.2615514589003851 15.7736962585322331 -3.04707217216491699 0 47.5
70.0142324542751311 16.7676208383082503 12.8109340667724609 0 46.5
71.159304037588754 16.5731060039400013 -5.55982303619384766 0 47
71.0277640449186691 22.6786611384737427 3.10260295867919922 0 45.5
75.0184629558974336 -10.9152684557912298 1.58692920207977295 0 48
75.44298510659074 10.9800470538501482 2.38130307197570801 0 59
75.44298510659074 10.9800470538501482 2.38130307197570801 -0.0812000036239624023 52.5
75.4261575453197537 11.2850483609015413 1.19079959392547607 0.0812000036239624023 54
75.5453750101358423 10.9908442190449058 1.19197046756744385 0 67
75.5453750101358423 10.9908442190449058 1.19197046756744385 -0.0812000036239624023 60.5
75.5097379815289003 11.2961454473517087 -3.3373646601830842e-06 0.0812000036239624023 62
75.5753273800035572 11.3549915798690293 -0.463719427585601807 0 62.5
75.628995778599915 11.0016402859622549 -3.34064293383562472e-06 -0.0812000036239624023 56
75.5744897445546826 11.3072414050167644 -1.19313895702362061 0.0812000036239624023 57.5
75.434633378458372 11.0124363528796056 6.37121343612670898 0 52.5
75.4343819453910811 11.6242383724840277 5.17507553100585938 0.0812000036239624023 47.5
76.24434247921333 -9.66390399073376827 1.78181850910186768 0 52
76.1984685143152944 -10.00972958085943 1.83421421051025391 -0.0812000036239624023 46
76.2526095355385252 -9.66390399073376827 1.38358080387115479 0.0812000036239624023 46
76.2621787446205985 -10.0194957667387161 2.23457503318786621 0 59
76.2391009834893794 -10.1541147117812702 2.40762114524841309 -0.0812000036239624023 52.5
76.2728130209492008 -10.0194957667387161 1.83600378036499023 0.0812000036239624023 53.5
76.2802359176256033 -10.2698862221477523 2.95052862167358398 0 57
76.2995694347825548 -10.1640111064555079 2.8140864372253418 -0.0812000036239624023 50.5
76.2995694347825548 -10.1640111064555079 2.8140864372253418 0.0812000036239624023 51.5
75.2311244926424223 18.9828727282270187 2.35997247695922852 0 48
75.155089831895225 19.5740669451233629 2.42049598693847656 0 51
75.1632923458013096 19.467264000482313 2.96579694747924805 0.0812000036239624023 45.5
78.2120052232434944 10.954761689569553 3.43196249008178711 0 55
78.192713426972972 10.954761689569553 3.84650444984436035 -0.0812000036239624023 48.5
78.1573587245749337 11.3795180039532227 3.2919621467590332 0.0812000036239624023 49.5
78.3951430063337398 10.5498829111275185 1.91485798358917236 0 66
78.3951430063337398 10.5498829111275185 1.91485798358917236 -0.0812000036239624023 59.5
78.4108807812794879 10.5498829111275185 1.09504842758178711 0.0812000036239624023 60.5
78.5235052778592006 10.3124634617882602 0.593957364559173584 0 65.5
78.5130105434508323 10.3124634617882602 1.4146265983581543 -0.0812000036239624023 59
78.547870853579596 10.1343210987247385 0.410373538732528687 0.0812000036239624023 60
78.6135786111237564 10.143917602651273 1.23763537406921387 0 58
78.5605207613555478 10.4014780105310916 2.14001584053039551 -0.0812000036239624023 51.5
78.5667281532068529 10.5698828926063548 0.270237267017364502 0.0812000036239624023 52.5
78.5913633145580803 10.4113191767242306 3.38012838363647461 0 56
78.5723649382844229 10.4113191767242306 3.79625916481018066 -0.0812000036239624023 49.5
78.5778547911968133 10.5798833919664297 3.16392254829406738 0.0812000036239624023 50.5
78.5696090222797352 10.9273299384890308 3.96750783920288086 0 57
78.5680337140625653 10.5898828740851911 4.82175874710083008 -0.0812000036239624023 50.5
78.5895362914998969 10.9273299384890308 3.5510246753692627 0.0812000036239624023 51.5
78.8073977865113733 10.1727080906774567 2.48198747634887695 0 56
78.7554854716024693 9.85481096284378744 4.55036354064941406 -0.0812000036239624023 49.5
78.842108839237369 10.1727080906774567 0.829259514808654785 0.0812000036239624023 50.5
78.9772469465233513 10.759543601101587 3.85582399368286133 0 45
78.0880601232939995 -15.1513782327494173 7.25988960266113281 0 48
78.0574872530494304 -16.6398156387172875 5.84347200393676758 0 50
78.4253322624883964 -16.0848836245226927 2.59896373748779297 0 47.5
77.710633008132433 -18.0037742833003698 10.0539522171020508 0 53.5
78.0178459505846007 -17.822932800544006 7.72782707214355469 -0.0812000036239624023 47
77.5800877474456883 -18.3252702526450229 10.4725675582885742 0.0812000036239624023 48.5
77.5947886403091047 -18.3423657642033895 10.9010562896728516 0 57
77.8161697512145452 -18.2015800620658617 9.46427249908447266 -0.0812000036239624023 50.5
77.4693220239413307 -18.2015800620658617 11.9763498306274414 0.0812000036239624023 51.5
77.3622402287001592 -19.0640440585207571 11.8300065994262695 0 47
77.908957598708156 -18.2355052028998976 9.90209293365478516 0 53
77.8768031200829967 -18.3161041209237645 10.0057296752929688 -0.0812000036239624023 46.5
78.324323337908794 -18.0541576373461936 6.30385017395019531 0.0812000036239624023 47
78.8489075530039827 -16.058931725026369 7.04000997543334961 0 45.5
81.1247578780425442 8.75896623582296385 -0.784405648708343506 0 49.5
80.712718892506004 -16.5546434935679017 8.20008659362792969 0 48
80.8988311979372838 -16.476433817029001 7.2230372428894043 0 54.5
80.9363630771578642 -16.476433817029001 6.78953313827514648 -0.0812000036239624023 48.5
80.8958740366625904 -16.2382452703340512 7.77447891235351562 0.0812000036239624023 49
80.9720472783632914 -16.4913455269464144 7.22957420349121094 0 52
80.9740984353471589 -16.7193842457351138 6.66039609909057617 -0.0812000036239624023 46
80.8882887048917496 -16.3669607712434875 8.361236572265625 0.0812000036239624023 45.5
80.8722067617515847 -16.5062557200588316 8.96552371978759766 0 45
83.2735322521411803 5.78920514970290245 0.284554481506347656 0 50.5
83.2404055456186001 6.00825615536733615 -1.73565077781677246 0.0812000036239624023 46
83.4035401846774391 6.01905222228468695 0.872287154197692871 0 52.5
83.365167499110413 6.35344401241161361 -1.73876953125 -0.0812000036239624023 46
83.3523357957309372 6.01905222228468695 3.04951715469360352 0.0812000036239624023 48
83.4189658481786296 6.30684693636091254 2.68155479431152344 0 52.5
83.4208910642361303 6.24409224047672495 2.76710939407348633 0.0812000036239624023 47.5
81.7198575825636766 -15.8911641260438294 9.35874557495117188 0 53.5
81.4196160535958455 -16.2680296784401257 11.1556358337402344 -0.0812000036239624023 47
81.8152806367887138 -15.8911641260438294 8.48417758941650391 0.0812000036239624023 48
81.9346543551716309 -16.2825946044059684 7.23967218399047852 0 60.5
81.8947347633585707 -16.2825946044059684 7.67810726165771484 -0.0812000036239624023 54
82.0628942116731253 -16.0939931225016508 6.12277603149414062 0.0812000036239624023 55
82.2771480560347044 -16.2971580488413537 2.87747693061828613 0 55.5
82.2038424354485358 -16.4439792925246095 3.94083523750305176 -0.0812000036239624023 49
82.2690745294809744 -16.4439792925246095 2.19118380546569824 0.0812000036239624023 50
83.5889872646417444 7.05371740249804802 4.37334203720092773 0 50.5
83.7852329568911927 5.9568882881020242 3.62721347808837891 0 52.5
83.0399801605187236 -15.5889553818813162 6.62637233734130859 0 46
84.9803425918394737 -16.4886835570589021 7.90066909790039062 0 47
86.0759471378733423 16.6309500193382398 -1.11774885654449463 0 46
86.2441056064193248 15.9982291900327436 2.46447539329528809 0 49.5
85.703349990764238 -16.253344356673562 10.1978445053100586 0 47.5
87.2743611999329545 -16.4476618776879242 3.3802330493927002 0 45.5
88.0944140634841517 13.1936309654637345 -4.18128061294555664 0 51
88.060613011397038 13.2047269231287885 -6.04365730285644531 0 54
87.9919705056818344 13.2047269231287885 -6.97214555740356445 -0.0812000036239624023 47.5
87.9655143819723122 13.1601163591992982 -7.37850713729858398 0.0812000036239624023 49
88.8991564874551727 -16.3091637682198396 8.95170116424560547 -0.0812000036239624023 45
88.9545563130425876 -15.9800296351103199 8.99484157562255859 0.0812000036239624023 45
89.7519905560484261 -14.8167437614500273 8.35867691040039062 0 50.5
91.6743006800719371 -3.104839069170926 7.40157461166381836 0 52
91.8306218506889849 -2.64486291077523283 5.36121702194213867 0.0812000036239624023 46
91.7829453899807248 -3.9244927862012422 6.54984331130981445 0 52.5
91.6071092016962751 -3.76336991521350805 8.73988533020019531 -0.0812000036239624023 46
91.9351477782781501 -3.57922949122752598 4.18671321868896484 0.0812000036239624023 48
90.957231574051761 -16.3231180738744328 8.21819210052490234 0 46
91.0968484993997265 -14.2130578097747016 -10.9762058258056641 0 48
91.6054592370933136 -15.2347704973288565 -3.37598919868469238 0 53.5
91.6012935706733629 -14.8631907291013228 -4.83167886734008789 -0.0812000036239624023 47
91.621928523279081 -15.2347704973288565 -2.89477944374084473 0.0812000036239624023 48
91.4861563408626353 -16.3627049949104375 3.39772844314575195 0 46.5
92.4910682560265514 -16.9822862983463203 1.55164933204650879 0 48.5
92.929345263161963 -15.1510980499796375 10.3637733459472656 0 46.5
93.2329080031502002 -16.1700178695678538 5.76160144805908203 0 49
93.3492602184052203 -15.8271439285762678 -6.05666399002075195 0 46.5
93.5010034965446124 -16.7453816970496092 5.95277118682861328 0 47
93.5967305518645389 -17.1989656292441175 4.05094289779663086 0 47
93.8546818474057574 17.8262507080329513 -1.82389140129089355 0 46.5
94.1481493286877509 -15.8212684619160733 6.65616941452026367 0 48.5
94.0593336845288377 -15.8336670700164674 8.65952491760253906 0 56
94.0632748401603465 -15.9772830978624203 8.34734725952148438 -0.0812000036239624023 50
94.1461972736290562 -15.8336670700164674 7.65761995315551758 0.0812000036239624023 50.5
94.1710884128777224 -15.7143158159628165 8.49058151245117188 0 53
94.1710884128777224 -15.7143158159628165 8.49058151245117188 -0.0812000036239624023 46.5
94.1732705836003277 -15.5466325679266273 8.77043437957763672 0.0812000036239624023 47
94.5898318532995717 -15.5229767327082904 -5.27260684967041016 0 45.5
95.7901677933590321 -16.0692507143476462 3.72335481643676758 0 48.5
95.881197808829711 -16.3369135974075306 1.52528214454650879 0 49.5
95.9720727029942111 -16.0940491918513935 2.7141871452331543 0 45.5
96.0765417228872991 -16.6817272793472888 7.47387123107910156 0 47
95.8191023927459895 -16.7073130101051248 11.5658369064331055 0 46
96.780166741490433 -16.0954919660860583 3.58679580688476562 0 46.5
96.8339175594477695 -16.1077887375578683 4.09822177886962891 0 49
97.859811578290504 -16.1062134912378276 4.95355892181396484 0 51
97.9426661983045506 -16.1062134912378276 2.88360357284545898 0.0812000036239624023 46.5
97.8640481927602082 -15.8948576119917586 6.73603439331054688 0 49
98.9540238374060408 9.32042182142573772 3.39621734619140625 0 50
99.058818246321195 9.32745051082505405 2.36106753349304199 0 58
99.001024283613873 8.86729628562435224 5.03932714462280273 -0.0812000036239624023 51.5
99.0865257159529733 9.32745051082505405 0.291774064302444458 0.0812000036239624023 53
99.1902715694397017 9.02333058474043348 0.176550731062889099 0 54.5
99.159518110198718 8.87397890609645401 2.96697759628295898 -0.0812000036239624023 48
99.1470527874842702 9.02333058474043348 -2.93303203582763672 0.0812000036239624023 49.5
