
X Y Z V_r Mag
8.4889168737169971 -10.3372612378531183 -1.14453303813934326 -3.16680002212524414 45.5
8.32321510060310388 11.5583542165203035 -0.437116146087646484 -3.4104001522064209 49.5
8.39559186453420558 11.5102760215047368 -0.300178438425064087 -3.49160003662109375 46.5
8.32546541784638272 11.6281377301506801 -0.823824286460876465 -3.4104001522064209 47.5
14.6290895017765461 -8.5969718979194667 -1.39014434814453125 -0.324800014495849609 48.5
14.6325640489818216 -8.62250113889324332 -1.17949748039245605 -0.406000018119812012 51
14.4844113233917628 -8.87779354863101489 -1.11233043670654297 -0.487200021743774414 49
14.3184747876143081 -9.14159570536004651 -1.12391245365142822 -0.568400025367736816 48
14.2521733334016076 -9.19052675055978696 -1.50348210334777832 -0.649600028991699219 46.5
14.5059984280298355 -8.82074578530670195 -2.04461669921875 -0.324800014495849609 47
14.6030019799724364 -8.75236791100199696 -1.5995018482208252 -0.406000018119812012 53.5
14.5334590695968515 -8.91690217104769012 -1.29515635967254639 -0.487200021743774414 50.5
14.3481119913103967 -9.23101303113491944 -1.15329098701477051 -0.568400025367736816 53.5
14.3241096205082563 -9.23101303113491944 -1.42066717147827148 -0.649600028991699219 53.5
14.2258395687361183 -9.36776877974432587 -1.51010525226593018 -0.730800032615661621 48.5
15.2152898443559081 -7.96662251552617917 0.0925032719969749451 -0.0812000036239624023 47
14.9752840486116625 -8.33361940403775669 -1.12797176837921143 -0.162400007247924805 52
14.9565888270651044 -8.35937357165260586 -1.18405008316040039 -0.243600010871887207 53.5
14.876616864195034 -8.51604475797626037 -1.06954574584960938 -0.324800014495849609 47.5
14.6352223388064786 -8.79075587920130097 -1.87444353103637695 -0.406000018119812012 48.5
14.2974842728854021 -9.40885590195764365 -1.42689824104309082 -0.487200021743774414 45
14.3955655988043301 -9.27150034134512246 -1.33702850341796875 -0.568400025367736816 55
14.357805869406203 -9.27150034134512246 -1.69509625434875488 -0.649600028991699219 55.5
14.1846644623922451 -9.45821805655276826 -2.07799744606018066 -0.730800032615661621 50
14.0462541077665897 -9.75224480348894396 -1.60535132884979248 -0.812000036239624023 54
14.0264930432429438 -9.82092258379520366 -1.33702850341796875 -0.893200039863586426 54.5
13.9913305164330648 -9.85096911267919317 -1.47706806659698486 -0.974400043487548828 50.5
13.844205794702086 -10.072025718039967 -1.36854648590087891 -1.05560004711151123 47
15.3051536965567241 -7.93243304830243989 -0.625521481037139893 0 52.5
15.3051536965567241 -7.93243304830243989 -0.625521481037139893 -0.0812000036239624023 55
15.1067191404512471 -8.23852149744889317 -1.21503067016601562 -0.162400007247924805 54.5
15.0224826510532736 -8.31612138596489459 -1.65216803550720215 -0.243600010871887207 52.5
14.9713771321223525 -8.41527679906867476 -1.61353254318237305 -0.324800014495849609 48
14.5252250481095047 -9.21498676127525229 -1.29009890556335449 -0.487200021743774414 46.5
14.0639706585033633 -9.81423034481549195 -1.85690820217132568 -0.812000036239624023 53
14.0213826937312724 -9.89398578579027266 -1.75281405448913574 -0.893200039863586426 57
13.9888852557668439 -9.93278573004827159 -1.79258835315704346 -0.974400043487548828 53.5
13.8002359157370389 -10.2086964447718369 -1.70249831676483154 -1.05560004711151123 51.5
13.8814532526326264 -10.1397187660909438 -1.43312907218933105 -1.13680005073547363 49
15.6112534047050229 -7.31163394017442325 -0.625521481037139893 0.162400007247924805 47
15.3785718227824191 -7.94310806874691 -0.749805331230163574 0 47.5
15.3687802735677899 -7.94310806874691 -0.929130256175994873 -0.0812000036239624023 49.5
15.3445371936044577 -7.95609761587486908 -1.18378603458404541 -0.162400007247924805 45
14.7203884693706115 -8.98660168802628156 -1.64524185657501221 -0.487200021743774414 47.5
14.5153846275597704 -9.32865976239586736 -1.56056380271911621 -0.568400025367736816 47
14.4968138267020539 -9.38278287542902945 -1.4005129337310791 -0.649600028991699219 51
14.0326031374467739 -9.93700355288861203 -2.12076568603515625 -0.893200039863586426 52.5
13.8368784289730389 -10.2530825330022815 -1.88963997364044189 -1.05560004711151123 51
13.9259289661392316 -10.1145273636373858 -1.98002064228057861 -1.13680005073547363 49
15.6197086965618723 -7.48197914570436673 -0.447611153125762939 0.162400007247924805 48.5
15.5617633421142578 -7.57507090012140605 -0.778126120567321777 0.0812000036239624023 50
14.4591289489451782 -9.50167607153441907 -1.84710681438446045 -0.649600028991699219 49
14.4077479221100297 -9.58212504513780061 -1.83295106887817383 -0.730800032615661621 46
13.8752960264768159 -10.390963374339357 -1.50469279289245605 -1.13680005073547363 52.5
13.8142231936566695 -10.5366412454589931 -0.952106058597564697 -1.21800005435943604 47.5
13.2029226896369565 11.3302594985734224 -0.260972082614898682 -1.46160006523132324 54.5
13.227879506009673 11.2998193463991701 -0.311974912881851196 -1.54280006885528564 46.5
15.7103062475385684 -7.43392002026914867 -0.826523900032043457 0.162400007247924805 46
15.6012525003474849 -7.67309264449541573 -0.69615858793258667 0.0812000036239624023 49
15.5573928582680843 -7.92016531611471919 -0.783672690391540527 0 48.5
15.4598345588577555 -8.10577713080171947 -0.815807461738586426 -0.0812000036239624023 47
15.3594114577768153 -8.29138894548871974 -0.846747279167175293 -0.162400007247924805 45
13.9248901968511696 -10.4357513222255971 -1.60255050659179688 -1.05560004711151123 48.5
13.8348653708512064 -10.5820571055671167 -1.41145086288452148 -1.13680005073547363 55
13.8522039500139087 -10.5820571055671167 -1.2296903133392334 -1.21800005435943604 52.5
13.2613120293603828 11.379096074517177 -0.171556413173675537 -1.38040006160736084 60
13.2613120293603828 11.379096074517177 -0.171556413173675537 -1.46160006523132324 58.5
13.3271197796172896 11.300484011826212 -0.250184506177902222 -1.54280006885528564 48.5
15.8148787943443967 -7.40700324021536449 -0.633680462837219238 0.162400007247924805 47
15.7045454005625569 -7.6406557598801772 -0.602725028991699219 0.0812000036239624023 48.5
13.9345543863348187 -10.5463316232645656 -1.61419296264648438 -1.05560004711151123 47
13.9184272597367276 -10.5726481089121371 -1.58083093166351318 -1.13680005073547363 53
13.9031932845654325 -10.6274741206779133 -1.32685303688049316 -1.21800005435943604 52
13.3167406892494711 11.4279338924582348 -0.263221830129623413 -1.29920005798339844 53
13.3193377075617363 11.4279338924582348 0.0107694817706942558 -1.38040006160736084 58.5
13.3189448790186766 11.4279338924582348 0.102899722754955292 -1.46160006523132324 56.5
15.8796232437275915 -7.45414455967483036 -0.525187551975250244 0.162400007247924805 46.5
15.768197911105851 -7.6734486067379315 -0.696183323860168457 0.0812000036239624023 46.5
13.4429189585502744 11.3974836257878138 -0.161013543605804443 -1.29920005798339844 49
13.3748451074655534 11.4767704684019893 0.194658830761909485 -1.38040006160736084 52.5
13.398988720631575 -11.6566288918217182 -0.735380589962005615 -1.62400007247924805 47.5
13.4372630434261531 -11.7058122252611394 -1.01804149150848389 -1.62400007247924805 46
12.8289137825685131 12.518802814098267 -0.0647699981927871704 -1.94880008697509766 45
13.3403003487818186 -12.0516000773547667 -0.89179837703704834 -1.78640007972717285 46.5
15.8431078938477281 -8.60091708864720594 -1.31370246410369873 -0.162400007247924805 45
15.916347454924928 -8.63660590283249618 -1.22534191608428955 -0.162400007247924805 46
12.7222939900542809 -12.8709922527768956 -1.37961983680725098 -2.35480022430419922 45.5
11.2722588813383027 14.2249979576064653 0.0903311669826507568 -3.81640005111694336 46.5
12.8281608140221444 -12.88546175778934 -1.24652111530303955 -2.27360010147094727 46.5
11.0931494471750174 14.4500273688888932 0.537934601306915283 -3.65400028228759766 51.5
11.1460984581671951 14.3680413980015818 1.21428894996643066 -3.73520016670227051 51
12.9953009060876514 -12.83787144140857 -1.09601712226867676 -2.19239997863769531 48.5
12.5847351328822707 -13.2449147468183863 -1.04246056079864502 -2.51719999313354492 47.5
11.3641163133808458 14.3425596153392494 -0.194626703858375549 -3.24800014495849609 47
11.1388007313739141 14.5094931057601304 0.540148317813873291 -3.5728001594543457 47.5
11.0571488794819732 14.5620885890434213 0.758345842361450195 -3.65400028228759766 51.5
11.1641987006534613 14.4889122644753634 0.567583739757537842 -3.73520016670227051 55
11.2278381129487155 14.4408903014775749 0.535161316394805908 -3.81640005111694336 52.5
11.1722656875225894 14.4889122644753634 0.376759946346282959 -3.89760017395019531 48.5
13.0375249611564428 -12.8583390149704027 -1.52534544467926025 -2.19239997863769531 48.5
12.6091938071055818 -13.2991963526265291 -1.33425688743591309 -2.51719999313354492 45
11.3290090932490912 14.4656313918417023 0.199183553457260132 -3.5728001594543457 46
11.3046695066796339 14.4748159197095383 0.569909870624542236 -3.65400028228759766 45.5
11.380172429665306 14.4013396967668488 0.856572329998016357 -3.73520016670227051 51
11.2950277306764022 14.4862965795443337 0.458458751440048218 -3.81640005111694336 51.5
11.290701696832409 14.4862965795443337 0.554883718490600586 -3.89760017395019531 46
12.4993159524915374 -13.5333086532099554 -1.00956070423126221 -2.59840011596679688 45
11.3070020178262354 14.5338974020162794 1.14894485473632812 -3.73520016670227051 46.5
17.203280213925364 -7.0657136654411099 -0.287844926118850708 0.487200021743774414 46
17.2851169411864376 -7.06853491582209692 -0.127318128943443298 0.568400025367736816 46.5
17.2968846591502583 -7.04053147607635132 -0.0662066414952278137 0.487200021743774414 51.5
17.1568524068425177 -7.12687541529240143 -1.89887881278991699 0.324800014495849609 50.5
17.3269686417475768 -7.16486893363328825 0.0575235337018966675 0.568400025367736816 45
17.2645303797342109 -7.15549696642121091 -1.51570653915405273 0.487200021743774414 51
17.2257543729577378 -7.15549696642121091 -1.90650463104248047 0.406000018119812012 57
17.3003896824394339 -7.15549696642121091 -1.02852940559387207 0.324800014495849609 56.5
17.3644979260796646 -7.06880626970949422 -0.262046337127685547 0.243600010871887207 46
17.3891462290738374 -7.12531014880561209 -1.10824191570281982 0.487200021743774414 54
17.3751783050842228 -7.18411924544481284 -0.933954477310180664 0.406000018119812012 56.5
17.3916318597491539 -7.15118615132685953 -0.878831267356872559 0.324800014495849609 52.5
17.4964761366475337 -7.12535729512809723 -0.559145689010620117 0.487200021743774414 50.5
17.5052812004116127 -7.12535729512809723 -0.0670043081045150757 0.406000018119812012 49.5
17.5602151831535096 -7.18208538178912637 -0.327279627323150635 0.406000018119812012 46
12.0098492581789991 -14.9447644374435153 -1.02837812900543213 -3.16680002212524414 45.5
14.884226202984955 12.2284406947270963 -0.671373665332794189 -1.29920005798339844 45
12.1174278951163306 -14.9308851421337927 -1.32751345634460449 -3.24800014495849609 45.5
11.8461660995693308 -15.2694653206468463 -0.966587722301483154 -3.4104001522064209 47
11.731006961154355 -15.3710199593589856 -0.733311891555786133 -3.49160003662109375 50
11.6128812562774204 -15.4749925656595106 -0.296813040971755981 -3.5728001594543457 47
11.7565731040051116 -15.4014700851696098 -1.38144028186798096 -3.4104001522064209 50
11.6617912123728722 -15.4912816522541306 -1.16339528560638428 -3.49160003662109375 53.5
11.6802051905820203 -15.4912816522541306 -0.961076140403747559 -3.5728001594543457 50
11.653905672361871 -15.5949534408970454 -1.11081862449645996 -3.4104001522064209 49.5
11.6847882771604183 -15.5510926343445242 -1.37086021900177002 -3.49160003662109375 49.5
11.5025594113573923 -15.7185328131883661 -1.94922983646392822 -3.65400028228759766 46
11.5451220885083821 -15.820500432330082 -1.5951380729675293 -3.49160003662109375 46
11.6895401313458915 -15.7591140423241445 -1.06184649467468262 -3.65400028228759766 45.5
11.4639378376596071 -15.9844058475237922 -1.467154860496521 -3.65400028228759766 47.5
13.7454703667910589 14.2513890450816643 -0.00404885550960898399 -2.92320013046264648 45
12.9782183489934706 -15.2140778526910339 1.04802799224853516 -2.84200000762939453 50.5
13.0448684995410762 -15.1615292285287779 0.979852139949798584 -2.92320013046264648 51.5
13.1714844705682719 -15.0539296647679706 0.944398403167724609 -3.00440025329589844 45
13.0887955323931031 -15.2384066094842865 0.696000874042510986 -2.76080012321472168 51
13.1199705863659748 -15.2032429878372142 0.858952581882476807 -2.84200000762939453 59.5
13.2341695183815951 -15.1103105591985258 0.73845672607421875 -2.92320013046264648 58.5
13.1319404318156305 -15.2032429878372142 0.650804519653320312 -3.00440025329589844 49.5
13.1896843667053005 -15.2599720824442429 0.442865073680877686 -2.76080012321472168 54.5
13.1753486801274615 -15.2599720824442429 0.757706701755523682 -2.84200000762939453 60.5
13.1674216967188169 -15.2750984383825639 0.566618740558624268 -2.92320013046264648 62.5
13.0835198597888027 -15.350730218074176 0.455243170261383057 -3.00440025329589844 56
11.2143535111566184 -16.7347917864306766 -1.1025768518447876 -4.06000041961669922 46
13.2604205548890537 -15.3040475786341581 -0.0994012802839279175 -2.76080012321472168 52.5
13.1457278618712081 -15.3850213753465095 0.743967592716217041 -2.84200000762939453 57
13.1628314362906167 -15.3850213753465095 0.321661591529846191 -2.92320013046264648 61
13.1663868567558477 -15.3850213753465095 -0.0994012802839279175 -3.00440025329589844 54.5
11.3520044992083093 -16.7337411768365882 -1.0846174955368042 -4.06000041961669922 46.5
13.2946134257882438 -15.3734288289774916 0.128868997097015381 -2.84200000762939453 47
13.2150511331680978 -15.4420035156423499 0.112240724265575409 -2.92320013046264648 50
12.0672671995447427 16.3004570005579943 -1.33484864234924316 -3.24800014495849609 46.5
12.0996660220497425 16.3606068979952823 -1.44522881507873535 -3.16680002212524414 48
12.2474097522138781 16.2688365881903856 -1.21901249885559082 -3.24800014495849609 48.5
12.2474097522138781 16.2688365881903856 -1.21901249885559082 -3.32920026779174805 45
18.1841300270133104 11.3219366007929718 -1.11968469619750977 -0.243600010871887207 45.5
18.1434411666366842 11.4211107613586318 -0.690131604671478271 -0.324800014495849609 51
18.1906259419597411 11.3219366007929718 -1.00867998600006104 -0.406000018119812012 50.5
18.1837664521778848 11.2361643538172675 -1.7893526554107666 -0.487200021743774414 46.5
18.1856648010538215 11.4771836485616987 -0.938908159732818604 -0.243600010871887207 49
18.1909226566983122 11.4610451198784631 -1.02979743480682373 -0.324800014495849609 57
18.2325271875202262 11.3615241929985036 -1.34775686264038086 -0.406000018119812012 57
18.2045076371814218 11.3615241929985036 -1.68444406986236572 -0.487200021743774414 48.5
18.2576709264915777 11.4766863233826513 -1.22603380680084229 -0.243600010871887207 50
18.2572303401781184 11.4874828298016354 -1.12751460075378418 -0.324800014495849609 56
18.2238870695712976 11.4874828298016354 -1.57724368572235107 -0.406000018119812012 55.5
18.3873880486222454 11.4406983706552765 -0.905587434768676758 -0.324800014495849609 51
12.2351183755719859 18.2278579940769525 0.97350466251373291 -3.5728001594543457 45
12.0952611074970608 18.277285750011476 1.59566307067871094 -3.65400028228759766 46.5
12.0451447338970237 18.4581466139796397 0.643322646617889404 -3.5728001594543457 47.5
12.3347229134905358 18.3522799143623843 0.751045286655426025 -3.5728001594543457 45.5
11.9485486562282706 18.7002242117418653 0.611388444900512695 -3.73520016670227051 47
12.6036590781958822 18.3486635919359991 0.806221485137939453 -3.5728001594543457 46.5
12.4219841593547766 18.4377347744211271 1.38562488555908203 -3.65400028228759766 47
12.0827820917901931 18.6464953583706397 1.57806301116943359 -3.73520016670227051 45.5
12.7299260499153704 18.3350358076344868 1.1392751932144165 -3.5728001594543457 49
12.966273918589275 18.2928813197080338 -0.356209725141525269 -3.4104001522064209 46
15.6222518118107825 16.3932962002696065 -0.477125704288482666 -2.11120009422302246 45.5
13.51471766298868 18.1650854650086941 0.636129617691040039 -3.16680002212524414 46
13.2593334874429498 18.4154941423367084 1.21873009204864502 -3.24800014495849609 48.5
13.247848435711461 18.4325323790142761 1.07792150974273682 -3.32920026779174805 47
15.2211510675995267 18.1424046646470103 0.927230179309844971 -2.67960023880004883 45
14.9085683164712783 18.482054730525757 1.18277251720428467 -2.76080012321472168 46.5
17.4787753140348272 16.3265206104542102 -0.58551788330078125 -1.70520007610321045 45
17.6600864009126148 16.2517409031194404 -0.0474510826170444489 -1.70520007610321045 45
15.4589946072676749 18.6017063257924526 2.34224343299865723 -2.67960023880004883 46.5
15.4132681234966018 18.8114140600788673 1.64394629001617432 -2.67960023880004883 46.5
16.3589432046185337 18.1207554017964796 1.3511883020401001 -2.43600010871887207 48
15.8412902165188516 18.7545062939945666 1.57544350624084473 -2.59840011596679688 46.5
18.4279351284773689 16.4066509100967899 -0.297754913568496704 -1.46160006523132324 45.5
16.7981594846076696 17.957589720053317 2.04999852180480957 -2.19239997863769531 46.5
16.3753932158080815 18.435513210198966 0.913260996341705322 -2.43600010871887207 47
16.3753932158080815 18.435513210198966 0.913260996341705322 -2.51719999313354492 46
18.567360778430487 16.3637371723683849 0.20923207700252533 -1.46160006523132324 49
18.5967442886135395 16.3297169287667892 0.253103077411651611 -1.54280006885528564 46
16.4278094496153564 18.4729922756674334 1.19925665855407715 -2.51719999313354492 45.5
18.6376745008188891 16.3947107667935121 0.362180471420288086 -1.46160006523132324 46.5
16.7202648357546693 18.2094516936760513 2.2647857666015625 -2.27360010147094727 49
16.8579443583373241 18.2644657008366735 1.49299764633178711 -2.27360010147094727 51.5
16.7580003880678419 18.3764794598196559 1.21839284896850586 -2.35480022430419922 49
16.5169097150606241 18.6036184710907087 1.05220127105712891 -2.43600010871887207 45
16.3466922923589699 18.7187437233787755 1.55060851573944092 -2.51719999313354492 46.5
16.0864363773253949 18.9458827346498282 1.51333200931549072 -2.59840011596679688 47
15.8023594294733538 19.1170148664293862 2.19892621040344238 -2.67960023880004883 47
16.5996096328966871 18.6596526080255991 0.144731253385543823 -2.35480022430419922 48
16.5861946987574669 18.6409274172498591 1.07918763160705566 -2.43600010871887207 49.5
17.2651228339230762 18.0301662249913335 2.08115363121032715 -2.11120009422302246 45.5
16.4421001783132112 18.7156881700040252 2.62353324890136719 -2.43600010871887207 45.5
15.9615655446179243 19.2321773066574195 1.68947088718414307 -2.67960023880004883 46.5
16.0594673439964808 19.175833037204324 1.37241065502166748 -2.76080012321472168 48
17.2341888864761721 18.2191525032102639 1.52016651630401611 -2.11120009422302246 47
17.0785976451880259 18.3133407808418873 2.05153536796569824 -2.19239997863769531 45.5
14.7214057341544748 -20.3603660147024925 -0.0376858562231063843 -3.73520016670227051 47
17.4821160778257259 18.1381310127051165 0.651071548461914062 -2.11120009422302246 45.5
14.7173701077532559 -20.4557810865507683 0.00859055016189813614 -3.73520016670227051 48
17.1607740343561268 18.4605741099825664 1.88168609142303467 -2.27360010147094727 47.5
17.0003665761439073 18.6532336515923056 1.36753177642822266 -2.35480022430419922 45.5
17.2504220553236003 18.5153524224736898 1.49237442016601562 -2.19239997863769531 48
17.1626052099031874 18.5945455466074527 1.51997947692871094 -2.27360010147094727 49.5
17.1503259862343853 18.5945455466074527 1.65279626846313477 -2.35480022430419922 46.5
14.9423957763131448 -20.4761741760256513 0.271335095167160034 -3.65400028228759766 47.5
17.8363939955234621 18.0681507976625291 1.35487663745880127 -2.03000020980834961 46
17.6189596468936571 18.3000788806991679 1.0536034107208252 -2.11120009422302246 46
17.4579501956531615 18.4176314707314361 1.56254088878631592 -2.19239997863769531 45
14.9675800193073023 -20.5367551883401767 0.802431762218475342 -3.65400028228759766 47.5
14.8502768597491013 -20.6225368080934537 0.781640887260437012 -3.73520016670227051 45.5
18.190584545044608 17.9414508948733165 1.13472878932952881 -2.03000020980834961 45
15.3531714577006753 -20.4533818537921626 0.141232788562774658 -3.5728001594543457 46
15.1689357015239867 -20.5908030131223327 0.054053671658039093 -3.65400028228759766 46.5
15.252181373411636 -20.6159298693740958 -0.526332080364227295 -3.5728001594543457 49
15.130419980095235 -20.6896497678497795 -0.965076625347137451 -3.65400028228759766 49
19.9083239252836535 16.2818720191461601 -0.578722834587097168 -1.21800005435943604 45.5
18.154113659359318 18.1624041279715307 1.52670836448669434 -1.94880008697509766 45.5
15.8041251072496571 -20.2808155121013094 0.832932651042938232 -3.24800014495849609 46
15.8106616638369744 -20.2808155121013094 0.697946131229400635 -3.32920026779174805 50
14.9588885144129762 -20.8658699459580887 -1.61948704719543457 -3.65400028228759766 45.5
23.0678542524483312 11.3442697641790335 -0.9784126877784729 0.162400007247924805 46.5
19.9761761716496586 16.300325904179477 -0.944352924823760986 -1.21800005435943604 45.5
18.3050902850184904 18.1573250578201772 0.935563445091247559 -1.94880008697509766 47.5
15.7732361422738929 -20.3592875959045507 1.53115952014923096 -3.32920026779174805 49
23.0875650488781794 11.4514947807843157 -1.21148025989532471 0.324800014495849609 48.5
23.122137885032604 11.3773437729132478 -1.25013339519500732 0.243600010871887207 54.5
23.0941862154789987 11.4514947807843157 -1.07793104648590088 0.162400007247924805 52
17.9584449025963693 -18.6239746166872706 -0.396901160478591919 -2.35480022430419922 46
16.6487005166891109 -19.8073730037892766 0.0670351162552833557 -3.08560013771057129 45.5
14.5695650560707186 -21.3820041909987708 0.231092676520347595 -3.89760017395019531 45
23.1893540829103486 11.4104177816474621 -1.25376749038696289 0.324800014495849609 51.5
23.1893540829103486 11.4104177816474621 -1.25376749038696289 0.243600010871887207 57.5
23.2433311323863272 11.3134179138522146 -1.12688994407653809 0.162400007247924805 53
16.8233275668494358 -19.7448048711061546 0.721738696098327637 -3.08560013771057129 46
14.3970549332447568 -21.5834161967617923 -0.532487988471984863 -4.14120006561279297 46
23.21787168811478 11.4824033582832801 -1.57714629173278809 0.324800014495849609 50.5
23.2311670850791927 11.443490949274695 -1.66189980506896973 0.243600010871887207 57
23.2481429819669891 11.4143066425182553 -1.62482178211212158 0.162400007247924805 56.5
23.3274010832818419 11.3267537222489398 -0.969291210174560547 0.0812000036239624023 48.5
17.2471968162386347 -19.4246309136263022 1.58701622486114502 -2.67960023880004883 47
17.1078064346460152 -19.5644700445966535 1.36204385757446289 -2.76080012321472168 49
17.0091419233916454 -19.6847967386874245 0.706085503101348877 -2.84200000762939453 50
16.7987518265801121 -19.8766690346700052 0.143717825412750244 -2.92320013046264648 52.5
16.6749695387973311 -19.9807353646944534 -0.127749055624008179 -3.00440025329589844 52
16.6749695387973311 -19.9807353646944534 -0.127749055624008179 -3.08560013771057129 47
15.7254814860366618 -20.7287121117451925 0.574827790260314941 -3.49160003662109375 45.5
23.2711598981206649 11.4472963026895318 -2.17099785804748535 0.243600010871887207 48.5
23.3153348281831647 11.4472963026895318 -1.62951779365539551 0.162400007247924805 54
23.4129823305261908 11.3432299726650818 -0.681255519390106201 0.0812000036239624023 49
18.938882039891638 17.9509912846419155 0.539125442504882812 -1.70520007610321045 46.5
18.9345519162177105 17.9509912846419155 0.674324095249176025 -1.78640007972717285 48
18.0781324661779657 18.7859211118345648 1.2166823148727417 -2.03000020980834961 45
16.7902016470468247 -19.9796098491490532 0.338079392910003662 -2.92320013046264648 48.5
16.6491155978545891 -20.0970218560980172 0.355871677398681641 -3.00440025329589844 52
16.4875477258219583 -20.2176953076844548 0.784606695175170898 -3.08560013771057129 48
23.2447477583834576 11.630311577222578 -2.37224483489990234 0.162400007247924805 49
18.1300816503797613 18.8399041921148331 1.22017860412597656 -2.03000020980834961 47.5
18.1203214411841245 18.8399041921148331 1.35742056369781494 -2.11120009422302246 48.5
14.2906046198763228 -21.9112010734335563 -0.899226665496826172 -4.22240018844604492 46.5
18.0921950744996032 18.893887272395105 2.18084955215454102 -2.11120009422302246 47.5
17.9523512715602465 18.9478689798286162 3.42008543014526367 -2.11120009422302246 46.5
19.256416691324084 18.3120754868539173 1.65803027153015137 -1.78640007972717285 46
19.324597048014855 18.6379377397838617 0.331321269273757935 -1.86760008335113525 45
19.2533704103019829 19.007268494480968 1.04266929626464844 -1.78640007972717285 45.5
19.852463793890788 18.4254947577690729 1.87173056602478027 -1.62400007247924805 46.5
19.6841679663803681 18.6731583772345715 0.984517335891723633 -1.70520007610321045 46
20.1173897874968191 18.2892818070275247 1.4118729829788208 -1.54280006885528564 45
19.2022369822461449 -19.4846960701906227 1.00573408603668213 -2.19239997863769531 46.5
19.2263230541440251 -19.4846960701906227 0.293009817600250244 -2.27360010147094727 46.5
20.1608099597211989 18.6290908557112758 0.0355588197708129883 -1.54280006885528564 47.5
20.50818312945675 18.3429183359774868 0.75991523265838623 -1.46160006523132324 50.5
20.4388440472136068 18.4289061399151279 0.504768967628479004 -1.54280006885528564 54
20.3712204450126606 18.4908173587502276 0.853701770305633545 -1.62400007247924805 49
19.8235607529538598 -19.0789739376836884 -0.803058266639709473 -2.03000020980834961 47.5
20.4904436470930165 18.4791203740173415 0.651001811027526855 -1.46160006523132324 50
20.5318257004487457 18.4308359982733627 0.713078320026397705 -1.54280006885528564 53
20.3722815376117019 18.5412002856881699 1.71874678134918213 -1.62400007247924805 47
19.8712708171639818 -19.1309594465610644 -0.948181629180908203 -2.03000020980834961 46
19.2121596980842853 -19.7172697234522474 1.97032809257507324 -2.35480022430419922 45.5
19.7118200334126925 -19.4146494324839907 -0.648996829986572266 -2.19239997863769531 45.5
20.8143632159372203 18.3264145444916196 0.983586013317108154 -1.46160006523132324 45.5
20.8455811738324464 18.3759446354267091 1.42025423049926758 -1.46160006523132324 45
20.5475285798433021 18.9942229554642417 -1.95476126670837402 -1.46160006523132324 45
22.9475507637680316 16.1947604407474159 -1.46811807155609131 -0.730800032615661621 47.5
21.442460634105565 18.1453012490405641 1.40875577926635742 -1.21800005435943604 45
21.2601258775003394 18.2929097426411289 2.09577322006225586 -1.29920005798339844 47
23.0256606854301999 16.2379458066942242 -1.17820370197296143 -0.730800032615661621 47.5
21.7108256537218978 17.9505416534940068 1.28768789768218994 -1.21800005435943604 49.5
21.6596340543691959 17.9787325316306301 1.69278407096862793 -1.29920005798339844 48.5
21.9707266713266556 17.789822262168915 0.533940911293029785 -1.21800005435943604 45.5
21.5878339209550347 -18.1537451406204333 -1.97044110298156738 -1.54280006885528564 47
21.5411687125250957 -18.2844747183166128 -1.06384181976318359 -1.62400007247924805 46.5
21.490217712487393 18.4392520182039164 1.37369382381439209 -1.29920005798339844 45
21.9695588721720583 18.0333807120727485 0.341069251298904419 -1.13680005073547363 46.5
21.9721585452912862 18.0333807120727485 0.046509619802236557 -1.21800005435943604 45.5
21.42696817554841 18.6407685595741164 1.17792236804962158 -1.38040006160736084 46
21.0719051405832083 18.9426864954666101 2.26497507095336914 -1.54280006885528564 45
22.1084047732884166 17.9313860669171881 -1.39066648483276367 -1.21800005435943604 45
21.8792052966562522 18.2341006281263134 1.03347122669219971 -1.29920005798339844 46.5
21.4747655428715625 18.6899531438294737 1.33049905300140381 -1.38040006160736084 47
22.1901269196547801 17.9785732018004722 -0.94857555627822876 -1.21800005435943604 47.5
22.181271101796149 18.1331642867035718 -0.0468768589198589325 -1.21800005435943604 48.5
23.0134413884024447 18.0253767949985466 2.32871627807617188 -1.05560004711151123 47.5
22.7997241000649105 18.5448272207443559 2.24446225166320801 -1.13680005073547363 48
22.795914657962939 18.6221740671466662 1.52855658531188965 -1.21800005435943604 46.5
22.9204856359673705 18.592015555676852 1.48013269901275635 -1.13680005073547363 45.5
23.5272302391199695 18.1185622614607809 0.526435256004333496 -0.893200039863586426 45.5
23.6290620943787353 17.9849554934532847 0.546680092811584473 -0.974400043487548828 49
23.6938799531705975 18.0303725085640814 0.237504526972770691 -0.893200039863586426 48.5
23.6949571244469084 18.0303725085640814 -0.0730774402618408203 -0.974400043487548828 50
23.8185126706662231 17.9825372937203269 -0.57385718822479248 -0.893200039863586426 45.5
24.176792403290662 18.0050306964475233 0.56934809684753418 -0.893200039863586426 48
24.0920114913497159 18.1180566267453713 0.577570021152496338 -0.974400043487548828 48.5
24.0928421655088343 18.2499944945429498 0.152488455176353455 -0.893200039863586426 50
24.1244910737084162 18.2084485633674547 -0.109214670956134796 -0.974400043487548828 50
23.8382287729774447 18.578585041112742 0.354423969984054565 -1.05560004711151123 45.5
24.4194792792494724 17.9317979106963818 -0.479237824678421021 -0.893200039863586426 46
24.1679062914359442 18.2536312769145361 -0.89847332239151001 -0.974400043487548828 45
24.5445468853767323 18.0205689583721558 -0.164000451564788818 -0.812000036239624023 45.5
24.3574885719839322 18.1841847660600777 -1.80297791957855225 -0.893200039863586426 45.5
23.9730202122322531 -18.7511325647926483 -0.944421172142028809 -1.21800005435943604 48.5
23.9909016577326106 -18.7168873957416899 -1.14774692058563232 -1.29920005798339844 47.5
24.0540189571997374 -18.7172158812666751 -1.686911940574646 -1.21800005435943604 49
24.0112734621724186 -18.7629885714185392 -1.78456628322601318 -1.29920005798339844 49
16.6137348131661611 -26.0518583517853628 0.307567775249481201 -4.22240018844604492 46.5
16.6420982163571445 -26.028690847693067 0.598257303237915039 -4.30360031127929688 47
16.430217694455262 -26.2583030824428683 0.0105592180043458939 -4.22240018844604492 45.5
16.6503120316318522 -26.1150900497113838 0.468796312808990479 -4.30360031127929688 46.5
28.8575034325110735 11.2518996256871198 -0.299868941307067871 0.568400025367736816 47
28.9178652570176205 11.2558642441032397 -1.07939636707305908 0.649600028991699219 49
28.9281361578623759 11.2558642441032397 -0.755655169486999512 0.568400025367736816 51
24.7308790830321463 -18.8478706955397186 -1.38097405433654785 -1.13680005073547363 47.5
29.0313262057041932 11.1196991990400438 -1.51663446426391602 0.649600028991699219 47.5
28.9632337900701557 11.3063887973450186 -1.43608725070953369 0.568400025367736816 49.5
25.7556158893516134 18.3945671172441507 0.103574119508266449 -0.730800032615661621 46.5
25.8048575212417646 18.3945477076697195 -1.4918588399887085 -0.730800032615661621 46
27.6964498164308068 16.1641130096865169 -3.41914701461791992 -0.162400007247924805 46
27.7174531498520764 16.2850113867223172 -2.56975960731506348 -0.243600010871887207 45.5
27.4466136497956867 18.9884021888821479 0.120597898960113525 -0.568400025367736816 46.5
27.2992261311758924 19.1427116290290051 1.48307406902313232 -0.649600028991699219 48
27.2724039990999962 19.08432427329776 2.42798686027526855 -0.730800032615661621 45.5
24.6568632446403093 22.0412267885442894 4.48486948013305664 -1.46160006523132324 45
27.979311388237786 18.1909137978096282 -2.26964879035949707 -0.487200021743774414 46.5
27.7952706619259402 18.5712844677546371 -1.19701588153839111 -0.568400025367736816 47
27.496442556116456 19.0310731896661878 0.816344618797302246 -0.649600028991699219 46.5
28.0365597292542077 18.2903507875039963 -1.82759785652160645 -0.406000018119812012 48
27.9695070928718721 18.307107865641882 -2.54602646827697754 -0.487200021743774414 50
28.0995110394763685 18.0515624240391013 -2.91278791427612305 -0.568400025367736816 45
27.9163953295458285 18.3480637789795189 -3.6032712459564209 -0.406000018119812012 45.5
27.877982066189265 18.2137072478748614 -4.47650861740112305 -0.487200021743774414 46
27.8246033293488466 18.8938858995483443 2.80624294281005859 -0.568400025367736816 46.5
27.9657571972376253 18.8938858995483443 -0.00460012257099151611 -0.649600028991699219 46.5
28.0230153742768771 18.9358727397663351 0.523461043834686279 -0.649600028991699219 47
27.8018613776111714 19.3845279995554165 -0.711797595024108887 -0.649600028991699219 45
28.3594409158090031 18.967362122491032 0.704890966415405273 -0.487200021743774414 46
28.1515150449172076 19.287180503603178 0.111673511564731598 -0.568400025367736816 46
27.6489355470688629 19.9779882068054135 -0.965383946895599365 -0.730800032615661621 46
28.3298272822513582 19.145804805316871 0.706440210342407227 -0.487200021743774414 48
28.1237337990862102 19.4577788568320784 0.300780326128005981 -0.568400025367736816 50.5
27.9067358715264433 19.7697529083472858 -0.104921840131282806 -0.649600028991699219 48.5
30.0991266570759315 16.2625100174321098 -2.08544230461120605 0 48.5
28.6423185996144305 18.8237375629744896 -0.245357617735862732 -0.406000018119812012 47.5
28.3807914492668232 19.1877916455348583 1.06539249420166016 -0.487200021743774414 50.5
28.3449581413452378 19.1877916455348583 1.77981185913085938 -0.568400025367736816 52
28.1536452652443216 19.5004498576161183 1.37131345272064209 -0.649600028991699219 52.5
28.0175680924165036 19.7360142639787099 0.530425012111663818 -0.730800032615661621 47.5
28.6662485295170697 18.9164361131055365 0.580758273601531982 -0.406000018119812012 48.5
28.6013890531755202 18.9164361131055365 2.0128629207611084 -0.487200021743774414 46
28.323917734774497 19.3499646012888036 1.80475783348083496 -0.649600028991699219 49.5
28.2409804190234652 19.5431208584001581 0.660369455814361572 -0.730800032615661621 45
27.513681047630282 -20.7838368075359021 -1.13115882873535156 -1.13680005073547363 46
28.842007279412023 19.1769014099100943 1.00385046005249023 -0.487200021743774414 45.5
28.9554701718963337 19.122947410623663 1.31125116348266602 -0.487200021743774414 45.5
26.7262851000504966 -23.5766835405888457 2.08225035667419434 -1.70520007610321045 45.5
26.7463259433582259 -23.9407578807425274 1.44222402572631836 -1.70520007610321045 47
26.6052665479845061 -24.1337923058075781 0.570651531219482422 -1.78640007972717285 46
26.9384143513191781 -24.0906989673085867 0.884702146053314209 -1.78640007972717285 47
29.8182582229857012 -20.5691450822698982 -0.180287927389144897 -0.812000036239624023 48
26.9999937158600893 -24.0863602514872639 1.76021003723144531 -1.70520007610321045 45
27.1758928163283642 -23.9505604380039649 -0.30376848578453064 -1.78640007972717285 45
29.5993149807061329 -21.1406744591357594 -0.305026322603225708 -0.893200039863586426 46.5
29.8001621947671964 -20.988408547152094 0.198802381753921509 -0.893200039863586426 47.5
27.001103739181179 -24.5368608466056948 1.72006642818450928 -1.78640007972717285 46.5
26.7055410333868757 -24.8289663328748134 2.10053753852844238 -1.86760008335113525 48.5
26.5437181024966762 -25.1726556514117448 1.15262866020202637 -1.86760008335113525 46.5
28.5370005029551059 -23.0244511566144787 -0.755062758922576904 -1.38040006160736084 48.5
28.5702681680719088 -23.1416274262308264 -2.07016587257385254 -1.38040006160736084 46.5
27.7514058638764851 -24.8404094844387302 1.49642026424407959 -1.78640007972717285 46
33.0713270930384056 -17.981469388402143 -0.69044572114944458 -0.162400007247924805 45.5
31.4329847286529613 20.9863854572450315 0.615897953510284424 -0.406000018119812012 47.5
31.43823787709076 20.9863854572450315 0.221630170941352844 -0.487200021743774414 51.5
31.4578583009134256 20.958044626107629 0.0618492066860198975 -0.568400025367736816 47.5
31.613494636515405 20.8576410493310149 0.247890979051589966 -0.487200021743774414 46.5
31.70244186731626 -20.9402464086348878 1.53689217567443848 -0.649600028991699219 45
33.2581652002241981 -18.5867863945250171 -0.189619585871696472 -0.243600010871887207 46.5
33.0751298214775318 19.1427116290290016 -1.62936115264892578 -0.243600010871887207 47.5
33.0919859518365911 19.1563013628328385 -2.60042738914489746 -0.243600010871887207 46
33.3174698785503409 19.0402392961232501 -1.4055485725402832 -0.0812000036239624023 46.5
33.4330894247138914 18.8706914032866919 -2.53994297981262207 0 46.5
33.4659918691182128 18.8995383200815219 -1.77783238887786865 -0.0812000036239624023 50.5
33.406740706381548 19.0774276403163263 -0.605913996696472168 -0.162400007247924805 47
30.0133764733517481 -24.7774776503278247 0.655454337596893311 -1.46160006523132324 48.5
33.6884491825488368 -19.7899681869958783 0.548770010471343994 -0.243600010871887207 45.5
33.7805235447868455 -19.7692471516010571 0.880739867687225342 -0.243600010871887207 46
31.5191294727318656 22.9882930871995441 3.28715968132019043 -0.812000036239624023 46.5
31.8047216489831861 22.8999908523916815 1.6281430721282959 -0.649600028991699219 46.5
31.638633422023009 23.0568401048053211 2.44534492492675781 -0.730800032615661621 53
31.6993800731827555 22.8999908523916815 3.05623054504394531 -0.812000036239624023 53.5
31.8092653472273348 22.8558770001503433 2.09293794631958008 -0.893200039863586426 46.5
31.8766306236613026 22.8406479934090392 2.58371090888977051 -0.730800032615661621 51.5
31.8405201221133538 22.899578927814737 2.50617456436157227 -0.812000036239624023 55.5
31.8828155422824082 22.899578927814737 1.89356768131256104 -0.893200039863586426 50.5
32.0214038638060359 22.8842352392706658 1.15415775775909424 -0.730800032615661621 51.5
31.9552522997133686 22.9432786327067539 1.69069230556488037 -0.812000036239624023 55
31.9447128986451965 22.9875611777838209 1.22391903400421143 -0.893200039863586426 50
31.9871566629616879 23.0313474540111507 1.63748228549957275 -0.812000036239624023 49.5
34.0516401184718234 -19.9141565069181397 2.47749185562133789 -0.324800014495849609 45.5
34.0255393381195717 -19.9519446631143289 3.51322531700134277 -0.243600010871887207 48
34.9621412027291285 -18.2445974144500767 4.34618234634399414 0 45.5
34.9857116687101311 19.4329816782892379 -1.5368877649307251 0 51
35.0528496545080088 19.3078659064743441 -1.58326864242553711 -0.0812000036239624023 53
34.9902744602672229 19.3078659064743441 -2.62484192848205566 -0.162400007247924805 48
35.0303554406382744 19.4693715462059664 -1.95791196823120117 0 53.5
35.0400349977636196 19.4142175191628894 -2.30210757255554199 -0.0812000036239624023 55.5
34.93617358316164 19.5746655978336577 -2.51236891746520996 -0.162400007247924805 50.5
35.1084931509193368 19.3440214847444274 -1.793953537940979 0.0812000036239624023 45
34.941872167571411 19.56604375933453 -3.5036618709564209 0 48.5
35.0030989896264373 19.5057632650824075 -3.21689248085021973 -0.0812000036239624023 49.5
34.7305225783346856 -20.1487552037717066 1.96431076526641846 -0.324800014495849609 45
35.4858094007261542 -18.8979634212633165 2.38746976852416992 -0.0812000036239624023 48.5
35.0972485150086442 -19.2351574423617571 4.50196504592895508 -0.162400007247924805 49
33.8957586770452579 21.2583215689524003 4.60836267471313477 -0.324800014495849609 51
35.4337942646390331 -19.1449244992700436 2.45781970024108887 -0.0812000036239624023 48.5
35.150048341186114 -19.3617356010526613 4.2095179557800293 -0.162400007247924805 49
34.0134791809051578 21.2979091611579321 4.19583559036254883 -0.324800014495849609 53
33.9125682808541526 21.1202826528912482 6.1686558723449707 -0.324800014495849609 45
35.593292816134138 -19.3021287913064405 0.891783714294433594 -0.162400007247924805 45.5
35.8232246424711107 -19.0083086046574401 1.30822527408599854 -0.0812000036239624023 47
35.6954656598923137 -19.1908370415119798 1.96881747245788574 -0.162400007247924805 50
35.6533216649470219 -19.3378738378670256 1.1036078929901123 -0.243600010871887207 46.5
35.7492246460812311 -19.2263102982586496 2.18280625343322754 -0.0812000036239624023 46
35.7999112940517534 -19.1805938404820786 1.70113885402679443 -0.162400007247924805 46
35.6685024407612588 -19.8945776986179261 1.65208327770233154 -0.243600010871887207 46
35.6381466297354663 -20.0845947080388783 1.85315072536468506 -0.243600010871887207 47.5
35.5949156548488475 -20.3418181025365818 1.50442790985107422 -0.162400007247924805 49.5
35.8087149157972533 -19.9675860658719735 1.44293463230133057 -0.243600010871887207 48.5
33.9588674095046628 -23.2717865522539107 -0.77473902702331543 -0.730800032615661621 47
36.0845685288478393 -19.9276138830405003 -1.53515911102294922 -0.0812000036239624023 46.5
34.0217775513837921 -23.314174235124721 0.728347718715667725 -0.730800032615661621 52
34.049757461848742 -23.2832467433248667 0.258729547262191772 -0.812000036239624023 51.5
36.0867452128942361 -20.0516334953498614 -1.85323452949523926 -0.0812000036239624023 46.5
34.0583978109945704 -23.3978757062658325 0.566281139850616455 -0.649600028991699219 46.5
33.7765759235592 -23.7025489939881204 2.25562572479248047 -0.730800032615661621 49.5
34.0901369097081002 -23.3565640740323026 0.298644125461578369 -0.812000036239624023 50
36.625039680172776 -19.4299353804280663 1.12243807315826416 0 46
36.9047734390615645 -18.9064828668449145 0.870851039886474609 0.0812000036239624023 46
36.786556149085861 -19.2729646449000036 1.30568516254425049 0 47.5
37.0673755769614246 -18.7433734827826015 1.04800748825073242 0.0812000036239624023 45.5
36.4137805390503573 -20.3796058621325962 1.96445846557617188 -0.243600010871887207 45
34.2662159073223762 24.0466889428003228 2.29979324340820312 -0.730800032615661621 46
34.2676217315353639 24.2786433809196218 0.526858925819396973 -0.649600028991699219 47.5
34.3835199103064539 24.0897045219241406 1.20820021629333496 -0.730800032615661621 49.5
34.2333488015404086 24.2786433809196218 1.62029898166656494 -0.812000036239624023 45
35.4426007518714101 -22.5449048312262299 2.41971564292907715 -0.487200021743774414 51
35.4739572820847116 -22.4344936834986761 2.9321434497833252 -0.568400025367736816 48
34.3887378362053511 24.2273604156460962 0.869107365608215332 -0.730800032615661621 47.5
35.6888718446456608 22.4165467709913315 0.652295112609863281 -0.243600010871887207 47
35.7573498285602795 22.2480013065477884 1.74955332279205322 -0.324800014495849609 50.5
35.5508103670491167 -22.6324956473096215 0.729870617389678955 -0.487200021743774414 52.5
35.5312126101284136 -22.6324956473096215 1.38772749900817871 -0.568400025367736816 52.5
35.582182202663752 -22.5850922354348747 0.66665881872177124 -0.649600028991699219 47
37.4071045535700009 -19.586062971631705 -0.213028460741043091 0 45.5
37.114384858134855 -20.0925990829670056 1.3268965482711792 -0.0812000036239624023 47
35.8310033714551679 22.2875888987533202 1.53404653072357178 -0.243600010871887207 50.5
35.7967394265045016 22.2875888987533202 2.19263458251953125 -0.324800014495849609 55
35.8310033714551679 22.2875888987533202 1.53404653072357178 -0.406000018119812012 51
35.4345678734618375 -22.9629703805337222 -0.210149273276329041 -0.487200021743774414 50
35.6179267725888309 -22.6727674000812058 0.50952833890914917 -0.568400025367736816 53
35.7413341659870412 -22.4828163583304708 -0.175603941082954407 -0.649600028991699219 47.5
35.7737243065171597 22.5227507168503003 1.50218653678894043 -0.243600010871887207 49
35.8732197766791288 22.3271764909588519 1.97474074363708496 -0.324800014495849609 54
35.7708015190469411 22.5544654561840474 1.01791572570800781 -0.406000018119812012 51
35.7311253775453181 -22.5967517752957114 -1.40131294727325439 -0.487200021743774414 47.5
35.7638957395251396 -22.5544654561840474 -1.23701083660125732 -0.568400025367736816 51
37.7394667030170012 -19.2690926068838699 -0.274452656507492065 0 45.5
36.1281140005773835 22.1390701262383764 0.511338353157043457 -0.324800014495849609 45.5
35.8673556542781142 -23.7559142217241472 1.57868671417236328 -0.649600028991699219 50
35.8673556542781142 -23.7559142217241472 1.57868671417236328 -0.730800032615661621 46
35.8572961064064017 -23.9427989358748228 0.873161554336547852 -0.649600028991699219 49
33.5067896588172687 -27.1006832879843564 1.61669468879699707 -1.29920005798339844 46.5
33.4276967637152396 -27.2461830789518586 0.0117604956030845642 -1.38040006160736084 45
33.5908082598397755 -27.1478153905415596 0.94534599781036377 -1.29920005798339844 52
33.596362872526143 -27.1478153905415596 0.721550047397613525 -1.38040006160736084 49.5
38.6267603278620939 20.8886067529857122 -3.13689732551574707 0 46
39.6838246598182707 -19.0126481270262353 1.38346052169799805 0.162400007247924805 46.5
38.5159988211243629 21.1611533057715491 -3.67880916595458984 0 45
39.5389236281013723 19.5466353942496625 -2.45629382133483887 0.243600010871887207 48
39.4587596310612767 19.6846376209811602 -2.63669323921203613 0.162400007247924805 48
36.243107434220974 25.3028119578554609 2.06577467918395996 -0.568400025367736816 45.5
36.3798765010835723 25.0539862283747965 2.62009239196777344 -0.649600028991699219 48
39.8307880903291078 19.2646409224581312 -0.666695892810821533 0.324800014495849609 48
39.7077973852317641 19.513466651938792 -0.760204434394836426 0.243600010871887207 50.5
36.4799121649024656 25.1684558691125346 0.685954451560974121 -0.649600028991699219 46.5
39.9287292950343158 -18.93726906172882 3.43251132965087891 0.243600010871887207 46
40.0794175808554058 -18.7877205783516104 2.31677389144897461 0.162400007247924805 46
39.8827110926165602 19.3798792973191887 2.26930522918701172 0.243600010871887207 46.5
39.3900218516609755 20.6297252403686606 -0.930808663368225098 0 50
40.0706856349455336 18.9680097643799144 3.54689717292785645 0.324800014495849609 49.5
39.8651803259454596 19.6793796002546948 1.23090541362762451 0.243600010871887207 50.5
39.7416195793599059 19.8183190213239868 -2.42150330543518066 0.162400007247924805 52
39.5904065224473101 20.01839178766377 -3.14476656913757324 0.0812000036239624023 52.5
39.677210235912689 20.2581270664608901 -0.173122137784957886 0 50.5
39.677541180756613 20.2581270664608901 0.060747981071472168 0.243600010871887207 51.5
39.5544612975038987 20.3805999423779411 -2.18596267700195312 0.162400007247924805 56.5
39.551734865652584 20.4251355336205052 -1.78240597248077393 0.0812000036239624023 57
38.3035472040452447 -22.7402349630570946 2.66659116744995117 -0.324800014495849609 50
38.330559313992481 -22.5339111048832059 3.79233264923095703 -0.406000018119812012 48
40.6537510593710536 18.3795523389495266 0.924822747707366943 0.406000018119812012 48
40.0150703442982589 19.7457508592901334 0.538489043712615967 0.243600010871887207 52
39.6183175639559266 20.4595198821619597 -1.78540658950805664 0.162400007247924805 55
39.6536200778014347 20.4595198821619597 -0.623670279979705811 0.0812000036239624023 55
38.2411332810482989 -22.8789967000977441 3.50104379653930664 -0.324800014495849609 47
38.2695233488168256 -22.6388119202871501 4.58451986312866211 -0.406000018119812012 45.5
40.538955888188255 18.5891848188294198 3.02082681655883789 0.406000018119812012 51
40.4649562469642845 18.8293695986400174 2.47635722160339355 0.324800014495849609 50.5
40.4909324615595949 18.8963979092848327 1.22494518756866455 0.243600010871887207 48
39.6947742982018212 20.4939059796529861 -1.55391371250152588 0.162400007247924805 47.5
40.0580948692020584 19.3365433138756337 5.12326383590698242 0.324800014495849609 45.5
40.0563385767479758 19.9069590832116816 -3.27497148513793945 0.324800014495849609 45.5
40.2462102511091615 19.7780570395985436 -0.77051234245300293 0.243600010871887207 47.5
40.4029444833564781 19.6427167860913343 0.147016346454620361 0.243600010871887207 51.5
40.1341730130727399 20.119890529108698 -1.64132082462310791 0.162400007247924805 49.5
40.8565488443657401 18.6437484102220772 -3.8611915111541748 0.406000018119812012 46
40.6820471329068383 19.054924734677126 -3.69276738166809082 0.324800014495849609 45.5
40.352183357443522 -19.8772773835872236 2.88977932929992676 0.0812000036239624023 45.5
41.1429528601039394 18.4660187325214125 -2.18773341178894043 0.406000018119812012 48
41.3294186070913838 18.2649903361325769 -1.88951277732849121 0.406000018119812012 46
41.5993146415590971 17.8707306989817525 1.49143671989440918 0.406000018119812012 45.5
41.0344276280532583 -18.9858824087376625 2.79324531555175781 0.243600010871887207 45
35.3892061364195953 -28.7358024778554437 1.1035391092300415 -1.29920005798339844 52.5
35.4418266061407294 -28.6902172270478175 0.32953837513923645 -1.38040006160736084 53.5
35.5001196741671805 -28.7374055619803102 0.330080360174179077 -1.29920005798339844 54.5
35.5015312488774342 -28.7374055619803102 0.0934212654829025269 -1.38040006160736084 55
35.4668210559574533 -28.7374055619803102 -1.57225024700164795 -1.46160006523132324 46.5
40.502303636015462 20.9409217491371926 2.6920323371887207 0.162400007247924805 45
40.8288698538825443 -20.1749400977672266 4.36321210861206055 0.0812000036239624023 46.5
40.3815424904106735 21.5823194013612714 -1.86151695251464844 0.162400007247924805 46.5
40.3120869415933356 -23.3090668948171427 -0.923961818218231201 -0.324800014495849609 46
39.9134823341598164 24.821168624295801 -1.47452747821807861 -0.243600010871887207 49
40.0637737058106467 24.6037483498879048 -0.948918342590332031 -0.324800014495849609 52
39.9217372608512804 24.821168624295801 -1.23097169399261475 -0.406000018119812012 46
41.9650903119119008 -21.485890871392634 3.13851237297058105 0 46.5
39.639671632807449 -25.6956848233857471 0.995324254035949707 -0.568400025367736816 50
39.6142928443716258 -25.6956848233857471 1.73270487785339355 -0.649600028991699219 48.5
42.1271405804787591 -21.3011884849793738 3.34950065612792969 0 46.5
39.6218729574368709 -25.8429188449083433 1.3807365894317627 -0.568400025367736816 51
39.3959272895786583 -26.0617261669361753 2.89878344535827637 -0.649600028991699219 49
42.3615670243620173 -21.0055029146714958 1.98047709465026855 0.0812000036239624023 45.5
42.4467295670995881 -20.849253809845731 3.2161858081817627 0.0812000036239624023 45
38.8368241683227708 -27.6169577278501137 3.38459968566894531 -0.812000036239624023 47.5
43.1542467552454454 21.8584282917580914 0.24735577404499054 0.243600010871887207 48
43.245909873009829 21.6649908732469569 0.748630523681640625 0.162400007247924805 50
43.1506337714028021 22.0315646372784535 -0.188277602195739746 0.243600010871887207 48
43.2503655905959619 21.8075558734479209 1.11307179927825928 0.162400007247924805 49.5
50.2594976626908192 2.18214076284029446 1.35165464878082275 1.38040006160736084 51
50.2735114145072544 2.41841746836068161 2.62400531768798828 1.46160006523132324 47.5
50.3248350575346777 2.41841746836068161 1.31244957447052002 1.38040006160736084 50
50.3341156454092058 2.21688267933062511 -1.31244802474975586 1.29920005798339844 45.5
47.5266789947360166 -17.2130246192309642 -0.479034304618835449 0.649600028991699219 45.5
50.6916250975736205 2.43641164540787081 1.58865439891815186 1.38040006160736084 47.5
47.8629106040560828 -16.8201231041048587 2.07988977432250977 0.649600028991699219 46
46.8706863494797332 19.3167499296268979 3.9654533863067627 0.568400025367736816 51
47.0576374946587137 18.9100815100558073 3.702728271484375 0.487200021743774414 49.5
46.7811315926400155 19.5488751155619198 4.76688766479492188 0.568400025367736816 50.5
46.9816310877360834 19.3452409997748198 3.4415123462677002 0.487200021743774414 48
50.9239425040577274 2.44720826146392501 1.32807409763336182 1.46160006523132324 55
50.925650404036034 2.24327423967526451 1.59569430351257324 1.29920005798339844 59.5
50.9350319638042777 2.44720826146392501 0.796208202838897705 1.21800005435943604 54
51.0010762225099015 2.68695241180654643 -0.571059763431549072 1.54280006885528564 46.5
50.9988276019910813 2.45080695043637498 1.33002698421478271 1.46160006523132324 61.5
50.9988276019910813 2.45080695043637498 1.33002698421478271 1.38040006160736084 67.5
50.9988276019910813 2.45080695043637498 1.33002698421478271 1.29920005798339844 66.5
47.5396821799738447 -17.9725843032000832 5.06167078018188477 0.568400025367736816 46.5
51.0890104534405012 2.26904704940506852 1.04261362552642822 1.54280006885528564 49
51.0799372928220095 2.45440582245505956 1.06702303886413574 1.38040006160736084 69
51.1494913391098294 2.66283841901322305 0.799720883369445801 1.54280006885528564 49
51.1408869249104967 2.45800469447374415 1.60273408889770508 1.46160006523132324 59
51.1494913391098294 2.66283841901322305 0.799720883369445801 1.38040006160736084 64.5
51.1647735029777806 2.2211657004749723 1.11048698425292969 1.21800005435943604 54.5
51.2198418855067317 2.82699784589364933 -0.475647985935211182 1.46160006523132324 48.5
51.2080022424597487 3.00648977261705541 0.626031756401062012 1.38040006160736084 57
51.2220032222124146 2.73725188253194585 0.709965109825134277 1.21800005435943604 50
51.275577562929108 3.17138022037627687 -0.385283231735229492 1.46160006523132324 47
51.2753044989336857 3.17138022037627687 0.420309096574783325 1.38040006160736084 55
51.2724295683933136 3.17138022037627687 0.686489462852478027 1.29920005798339844 54.5
51.281518790072063 2.93384769374890375 0.994675397872924805 1.21800005435943604 48
51.3383067666960287 3.29173483664475164 0.803233504295349121 1.38040006160736084 49
51.3501559066626072 3.17600978379396004 0.420922666788101196 1.29920005798339844 48.5
48.754580817897164 -16.3429491303729684 1.73247969150543213 0.730800032615661621 45.5
48.7907486694932544 -16.4826666633483221 1.61563217639923096 0.649600028991699219 46.5
48.6304952200554368 -17.0547318103460128 2.60216116905212402 0.649600028991699219 46.5
47.9409983445824253 -18.3249708147460737 5.3306889533996582 0.568400025367736816 47.5
45.6330342954239327 24.2471081432064217 -0.0986445322632789612 0 48
48.5821313853743746 -17.3571842047773259 2.96828985214233398 0.649600028991699219 45.5
48.2427663282412169 -18.1837167859571984 3.50625324249267578 0.568400025367736816 47
45.4453716652501711 24.5183141464060661 1.96890556812286377 0.0812000036239624023 46.5
45.5915340874856625 24.4762999736671247 -0.620942413806915283 0 49.5
48.6011046834379812 -19.0316552004229855 5.65502071380615234 0.568400025367736816 46
49.0163131274772468 -18.5004134965842901 4.3893589973449707 0.568400025367736816 47
49.0587845862079988 -19.0605109320380528 3.13984489440917969 0.568400025367736816 45.5
49.332126673914054 -18.7511331787602238 1.60523748397827148 0.568400025367736816 45.5
49.0340846076081078 -20.0700964781147206 2.12148499488830566 0.406000018119812012 45
49.0905988559632434 -20.0984844555746029 2.40298676490783691 0.406000018119812012 45.5
49.6460085404559166 -19.1039130533276165 2.42428398132324219 0.568400025367736816 45
49.6952330428402433 -18.8577114570290725 3.21459674835205078 0.487200021743774414 46.5
52.3246624862002676 -16.3668195162756334 0.194367408752441406 0.812000036239624023 46
57.1473493636405152 -9.26100336434820015 0.907878100872039795 1.21800005435943604 50
57.1417143770753668 -9.26100336434820015 1.21177971363067627 1.13680005073547363 51
57.0881542023543034 -9.57211519611927208 1.31438446044921875 1.05560004711151123 45
57.2213751786540925 -9.27299960441048121 0.909054100513458252 1.21800005435943604 52.5
57.1449837179012974 -9.58451443487114751 1.92058885097503662 1.13680005073547363 54.5
57.131492968010015 -9.7366495846310066 1.51365959644317627 1.05560004711151123 48
57.2133208482097686 -9.51712074058458413 2.42139196395874023 1.21800005435943604 51
57.1861600030728496 -9.74924563669640243 2.12084031105041504 1.13680005073547363 54
56.8641427353651423 11.8536649077821856 2.11565899848937988 1.21800005435943604 55
56.8805648733723075 11.8173485324519696 1.862190842628479 1.13680005073547363 57.5
56.9111013972876592 11.7737688820557107 1.01045703887939453 1.05560004711151123 52.5
56.9078578240465163 12.1016840287761767 1.51159954071044922 1.21800005435943604 55
56.9844517331276137 11.8325961026555539 0.043644290417432785 1.13680005073547363 58
56.9838848521898029 11.8325961026555539 -0.257914215326309204 1.05560004711151123 53.5
56.9245586483606729 11.8478444484222205 -3.89858412742614746 1.13680005073547363 53
55.9595444736751233 -19.2150822069530847 4.33194589614868164 0.730800032615661621 45
56.2366655283870998 -19.0018514499547706 2.1742098331451416 0.730800032615661621 49
56.4860225672489165 -18.6170855643940349 0.0973143205046653748 0.812000036239624023 47
56.4505116219090013 -18.706269207816284 0.831212937831878662 0.730800032615661621 50
56.3659171930635878 -19.0498364102038984 2.48801732063293457 0.730800032615661621 48.5
55.9743912006388911 -19.707139615202653 5.79977035522460938 0.730800032615661621 47.5
55.6206633864758189 -20.0275203348448869 7.77053451538085938 0.649600028991699219 46
49.7108330912669558 -35.2473889457375904 2.09891724586486816 -0.812000036239624023 47
49.7336056406674487 -35.2473889457375904 1.46315813064575195 -0.893200039863586426 47.5
60.8427793100601804 23.7706094480080559 -0.685853123664855957 0.649600028991699219 45
60.5911956160268375 24.3338553449560528 1.98157298564910889 0.568400025367736816 46
60.5566126791906996 24.6559968440076425 -1.46235537528991699 0.568400025367736816 45
60.6001166702420591 25.6320515418033281 2.61666393280029297 0.487200021743774414 46
63.6787533711438272 20.7136895206177982 1.26931202411651611 0.812000036239624023 45.5
66.9368915429332105 -7.81877018384374978 2.10960173606872559 0.487200021743774414 47
66.9557531051299151 -7.54915741888362035 2.46335339546203613 0.406000018119812012 46
67.0524246816703595 -7.55755435981933754 1.76234614849090576 0.487200021743774414 57.5
67.1628412357317472 -7.25351886285706549 1.70903730392456055 0.487200021743774414 65
67.175538481211106 -7.02552700104432937 2.11429500579833984 0.406000018119812012 65.5
67.1357975018739523 -7.20285400467645776 2.69901418685913086 0.324800014495849609 53.5
67.141124649034154 -7.88712913669731552 2.52688241004943848 0.568400025367736816 52
67.1320671994283913 -7.57434909590653316 3.52670884132385254 0.487200021743774414 64.5
67.1502306379546496 -7.2615690551157499 3.82605576515197754 0.406000018119812012 65
67.1502183824438816 -7.03332416048463749 4.23120546340942383 0.324800014495849609 54
67.1753896009015392 -7.85355928002436876 3.53061914443969727 0.487200021743774414 56
67.1476064148481413 -7.31193450209165352 4.94072103500366211 0.406000018119812012 55.5
67.1829419574287101 -8.20961872009143079 3.98682403564453125 0.487200021743774414 52
67.2175276231657364 -8.13336839142185219 3.53452873229980469 0.406000018119812012 50.5
65.7954990655351111 -14.5968857926468463 8.05597209930419922 0.406000018119812012 49
67.5519234561903232 -7.33622647636374747 -0.347446411848068237 0.487200021743774414 54.5
67.5562823174844596 -7.2428254448359688 0.945025265216827393 0.406000018119812012 53.5
67.6264810392044069 -7.34432352655176057 -0.347829878330230713 0.406000018119812012 53.5
67.5932023355929346 -8.16935711160869893 1.42525398731231689 0.406000018119812012 49.5
67.6851915035282303 -7.94833763245745395 1.83572626113891602 0.487200021743774414 50
69.6264296865121111 -0.557219706967447492 2.54080843925476074 -4.62840032577514648 49
69.6985841550908276 -0.836729232694283787 2.54354333877563477 -4.54720020294189453 48.5
69.7131026438945867 -0.793149585158123172 2.12530899047851562 -4.62840032577514648 61.5
69.7131026438945867 -0.793149585158123172 2.12530899047851562 -4.70960044860839844 62
69.7131026438945867 -0.793149585158123172 2.12530899047851562 -4.79080009460449219 52
69.7982730010101307 -0.794002486228195248 1.76118218898773193 -4.54720020294189453 52
69.7990939590012545 -0.558419330973675798 1.81828963756561279 -4.62840032577514648 65
69.7790238819537905 -0.741650673949413197 2.42258238792419434 -4.70960044860839844 65.5
69.8101752699251676 -0.479891612555502611 1.35664761066436768 -4.79080009460449219 54
69.8386055474654341 -0.279509556234542045 2.91568112373352051 -4.54720020294189453 49
69.8478704651846698 -0.375590966190165909 2.67283463478088379 -4.62840032577514648 61
69.8478704651846698 -0.375590966190165909 2.67283463478088379 -4.70960044860839844 61
69.8127966809253877 -0.672569869689366939 3.42506814002990723 -4.79080009460449219 49.5
69.7589192171129611 -0.559618954979903993 5.46639919281005859 -4.62840032577514648 51
69.6401422916558914 -0.743243924582685067 6.79702520370483398 -4.70960044860839844 52.5
70.2636191378755939 -1.12523596897553757 3.29860734939575195 -4.70960044860839844 47.5
66.1657974656383203 24.3234413841933552 -0.841114580631256104 0.730800032615661621 47
66.152361697068045 24.3234413841933552 -1.57639229297637939 0.649600028991699219 46.5
70.6331431027150529 -0.750413430878268284 1.34859383106231689 -4.62840032577514648 50
70.6371182956862782 -1.13003434296962735 0.736945748329162598 -4.70960044860839844 52
70.7090500449491088 -0.282808506997816789 1.47537064552307129 -4.54720020294189453 50.5
70.6875929746875471 -0.804236691775041534 2.15501761436462402 -4.62840032577514648 62
70.6784327448386023 -0.751210096712951025 2.45380806922912598 -4.70960044860839844 61.5
70.527478481377841 -1.13123402799126715 5.15957927703857422 -4.79080009460449219 50
70.7669073383460727 -0.486592558625114191 2.10905623435974121 -4.54720020294189453 52
70.7669073383460727 -0.486592558625114191 2.10905623435974121 -4.62840032577514648 62.5
70.7116753957626827 -0.681229582075159934 3.46916794776916504 -4.70960044860839844 61.5
70.6924295118718931 -0.15924847373185555 3.89818239212036133 -4.79080009460449219 48.5
70.8727334309045318 -0.566816576986450271 0.00482970615848898888 -4.54720020294189453 46.5
70.8518619767636437 -0.48710799584773079 1.74419283866882324 -4.62840032577514648 54.5
70.8197964959437627 -0.159417162277439156 2.79219555854797363 -4.70960044860839844 53
77.1779076290165023 20.6404094031145213 3.08980250358581543 1.05560004711151123 50.5
77.2327622274112571 20.4605800859528237 2.91005492210388184 0.974400043487548828 51.5
77.2474243269547287 20.4605800859528237 2.49058747291564941 0.893200039863586426 47.5
77.2003194513149111 21.0297670001336883 1.36390101909637451 1.13680005073547363 49.5
77.2901989415372128 20.659771099513172 1.84391915798187256 1.05560004711151123 57.5
77.2791998154301609 20.659771099513172 2.25842666625976562 0.974400043487548828 57.5
77.3052102716855387 20.4797730938058926 2.91278457641601562 0.893200039863586426 50.5
77.3094802099657983 20.9293663091953626 1.10308074951171875 1.13680005073547363 50.5
77.4225609197880118 20.4989680541521295 1.24505400657653809 1.05560004711151123 56
77.2930431700567198 20.9293663091953626 1.9384535551071167 0.974400043487548828 54.5
77.2404739927975328 21.0494774501376618 2.6153404712677002 0.893200039863586426 47.5
77.4548163153853295 20.6984964619642291 0.595802545547485352 1.13680005073547363 48
76.9298183623871381 22.5529830581597821 3.63709855079650879 0.974400043487548828 48
76.9064404229837635 22.6945104283654189 4.7397313117980957 0.974400043487548828 47
81.3085026758905798 -5.48582518611496539 4.17061519622802734 -3.00440025329589844 45
81.4853604721047162 -4.78664808471512604 2.83371877670288086 -2.92320013046264648 54
81.4693320484279013 -4.78664808471512604 3.26218223571777344 -3.00440025329589844 51.5
81.6055604123291687 -4.44371825360657091 1.96167564392089844 -2.84200000762939453 49.5
81.5961170169693588 -4.66845802735219095 1.82794678211212158 -2.92320013046264648 57
81.472903018167429 -5.04642946501527856 4.44542884826660156 -3.00440025329589844 51.5
81.6765828773385465 -4.90791206419012394 -0.423972368240356445 -2.84200000762939453 55.5
81.6694288326119704 -4.7954390793857673 1.56190645694732666 -2.92320013046264648 60.5
81.6421746592471749 -4.58071792657744936 2.98387742042541504 -3.00440025329589844 54.5
81.7487872220226848 -4.97381555572325773 0.0837552472949028015 -2.84200000762939453 57
81.7543384461133797 -4.6770240925216644 1.40144121646881104 -2.92320013046264648 63
81.7352297398791023 -4.6770240925216644 2.25552749633789062 -3.00440025329589844 58.5
81.8206995778500072 -4.68130734295048789 1.8329780101776123 -2.84200000762939453 52.5
81.8462539449609352 -4.45594900258963289 1.11213433742523193 -2.92320013046264648 56
81.8184643057863354 -4.58911529462104717 2.14027166366577148 -3.00440025329589844 56
81.8696546266078258 -5.43405423102035723 -0.184602558612823486 -2.84200000762939453 47.5
81.8384950560415234 -5.51607769111123059 2.05834484100341797 -2.92320013046264648 51.5
81.7222282192498426 -4.46002564244123612 5.81279754638671875 -3.00440025329589844 50.5
81.881423704467295 -5.98292328868212753 -2.03784084320068359 -2.84200000762939453 47
81.9616931101225816 -5.06957822402910985 1.04699563980102539 -2.92320013046264648 52
81.6637020058428931 -5.6955787739598307 6.56624412536621094 -3.00440025329589844 50
82.0063938569705044 -4.82181161626912846 4.56919622421264648 -2.92320013046264648 50.5
82.0742569496007093 -4.60590960360036128 3.4318692684173584 -3.00440025329589844 49
80.7065409508315668 15.9767489374887539 0.611408233642578125 1.13680005073547363 45.5
82.1344012336587355 -5.45392300362351268 2.3913874626159668 -2.84200000762939453 45
82.1189997719983182 -4.70272228803008474 3.98464536666870117 -2.92320013046264648 52
82.158796222788439 -4.8262073371687304 2.85713791847229004 -3.00440025329589844 48.5
80.7822222552981088 15.9913138634545984 0.185270324349403381 1.13680005073547363 45.5
81.0973289935780599 17.6115021755120722 4.32082653045654297 1.13680005073547363 46.5
81.1917673635196167 17.6634228776804463 1.22937202453613281 1.05560004711151123 46.5
81.2292480024157015 17.6273963851403934 3.02743983268737793 1.21800005435943604 47.5
81.2350129417255147 17.6793639452380944 2.52870488166809082 1.13680005073547363 53.5
81.2474228391890847 17.6793639452380944 2.09223675727844238 1.05560004711151123 52
81.3206817335913996 17.6953050127957461 2.09412336349487305 1.21800005435943604 48.5
81.3206817335913996 17.6953050127957461 2.09412336349487305 1.13680005073547363 54
81.3405226702353872 17.6432905947687146 1.73097491264343262 1.05560004711151123 52
81.4208959602068632 17.7112477020286292 -0.0738464072346687317 1.13680005073547363 47
81.4138068930297578 17.6591864213054421 1.73253452777862549 1.05560004711151123 46.5
89.6485715085631369 -1.84946410401459871 2.40920877456665039 1.38040006160736084 50.5
89.7037963615584033 -1.43593535277183881 3.27378654479980469 1.38040006160736084 52.5
89.802475957690902 -1.02171319093130109 2.73776364326477051 1.46160006523132324 48
89.8156082207287483 -1.02171319093130109 2.26626873016357422 1.38040006160736084 54
89.7995477367740591 -1.07785127834510885 2.81123781204223633 1.29920005798339844 51
89.9059049428599479 -0.618034398774501836 1.74717545509338379 1.38040006160736084 48.5
89.8145787806158609 -1.4383346007842952 4.21644973754882812 1.29920005798339844 47
88.7264442612406157 20.7697788567177888 -0.00620672572404146194 1.13680005073547363 46.5
88.5469172098014354 21.3732866853395223 2.52821779251098633 1.05560004711151123 46
89.1024883561206451 21.1355396776235231 0.131115123629570007 1.13680005073547363 47.5
89.0395248371764012 20.9982216071679311 4.12543106079101562 1.05560004711151123 49
89.1400043220533718 21.152848996717573 2.51779580116271973 1.13680005073547363 54.5
89.1752534665719168 20.889440481869439 3.33591651916503906 1.05560004711151123 56
89.13614142301725 20.7291048641357918 4.97753429412841797 0.974400043487548828 49.5
89.21260956498935 21.273317326645838 1.42575013637542725 1.13680005073547363 54
89.2252502560695859 21.1701600766782647 2.03848409652709961 1.05560004711151123 55
89.2925064461049658 20.5397546602097734 4.2946014404296875 0.974400043487548828 48.5
89.2166346804677204 21.6004357727337677 1.02640104293823242 1.13680005073547363 46
89.2855523070650037 21.2907109900126805 1.42691588401794434 1.05560004711151123 47.5
96.4847682447018116 -8.19750989801457131 3.61943697929382324 1.38040006160736084 47.5
96.5564161461624764 -8.13696698887118508 0.508681535720825195 1.21800005435943604 48
96.5524061654008818 -8.64010146431905923 2.67069339752197266 1.46160006523132324 58
96.5824099260810414 -8.64010146431905923 1.1569831371307373 1.38040006160736084 63.5
96.5649944847022397 -8.64010146431905923 2.1683809757232666 1.29920005798339844 64
96.5369943419107983 -8.64010146431905923 3.17954325675964355 1.21800005435943604 63
96.5369943419107983 -8.64010146431905923 3.17954325675964355 1.13680005073547363 55.5
96.6639275839303025 -8.64678340504134191 0.145560160279273987 1.46160006523132324 64
96.6957298312399871 -8.2829636264281028 0.178648203611373901 1.38040006160736084 73
96.6885593719316745 -8.2829636264281028 1.19095194339752197 1.29920005798339844 75
96.6116525477621906 -8.64678340504134191 3.18200230598449707 1.21800005435943604 70.5
96.6580281647422197 -8.2829636264281028 2.70582270622253418 1.13680005073547363 57
96.7232457737759717 -8.79910640742952133 -0.675401747226715088 1.46160006523132324 66
96.7380816224161748 -8.65346602551344546 -0.357573091983795166 1.38040006160736084 76
96.7243520984968228 -8.65346602551344546 1.66858744621276855 1.29920005798339844 77.5
96.7327298066765167 -8.28936507072325846 2.70791387557983398 1.21800005435943604 71.5
96.6658524837492195 -8.21654487976522141 4.63341951370239258 1.13680005073547363 55.5
96.8447032779664312 -8.16215909300197673 1.52410626411437988 1.54280006885528564 48.5
96.7931095529135774 -8.80590080718219248 -1.179534912109375 1.46160006523132324 64.5
96.7931095529135774 -8.80590080718219248 -1.179534912109375 1.38040006160736084 71
96.8451837886285745 -8.29576586386956905 0.178924322128295898 1.29920005798339844 72
96.8012712671849158 -8.22288944339633687 3.12068819999694824 1.21800005435943604 67.5
96.7764241359359403 -8.66014796623572991 2.67688989639282227 1.13680005073547363 53.5
96.5661224344692499 -9.16520301521226166 -7.30810737609863281 1.54280006885528564 47
96.6032382955561246 -9.11658124855330954 -6.86494970321655273 1.46160006523132324 55
96.6698631257152812 -9.11658124855330954 -5.85244369506835938 1.38040006160736084 54.5
96.9262489393550482 -8.22923400702745411 0.0862126201391220093 1.29920005798339844 58
96.9580433121810614 -7.77948266543215716 1.02130210399627686 1.21800005435943604 56.5
96.7703447128849348 -8.35078842367482999 5.30952167510986328 1.13680005073547363 48
96.405619729580053 -16.4250853212034826 -1.0068058967590332 1.21800005435943604 49
96.3312261488406705 -16.81615878123214 1.53351426124572754 1.13680005073547363 49
96.0710032436251709 -16.8290553952147661 8.16470813751220703 1.21800005435943604 46
96.2049598175604785 -16.7679033043891295 6.55446529388427734 1.13680005073547363 50
95.2973518706039471 -16.3401193175753434 15.6722278594970703 1.21800005435943604 50
96.0710058287910584 -16.7807517486110811 9.10887527465820312 1.13680005073547363 52
96.3967618399736921 -16.3526303847061278 7.0111994743347168 1.21800005435943604 52.5
96.4960722775845312 -16.3526303847061278 5.47723913192749023 1.13680005073547363 51.5
96.6950530361759206 -16.3651427245802594 2.42087149620056152 1.21800005435943604 48
96.6950530361759206 -16.3651427245802594 2.42087149620056152 1.13680005073547363 47
98.3239215879373631 11.5421408291965246 0.431972652673721313 1.29920005798339844 49
98.3794578206577199 11.5508845188092746 1.97897648811340332 1.38040006160736084 49
98.398406370664901 11.5508845188092746 0.432299911975860596 1.29920005798339844 51.5
98.4507125295600645 11.09281085621984 -0.513352394104003906 1.21800005435943604 46.5
98.4738075164353432 11.5596282084220245 -0.0811104252934455872 1.29920005798339844 47
100.325280171631078 -5.4669967424857342 4.50347471237182617 1.38040006160736084 50.5
100.294450394595557 -5.29104742203791645 5.32531499862670898 1.29920005798339844 48.5
100.420393148191138 -6.76652294183330483 -0.617570936679840088 1.46160006523132324 45.5
100.492160650927346 -5.63457672479799321 0.00685869390144944191 1.38040006160736084 51
100.443725142382831 -7.51417197892213995 0.350225448608398438 1.38040006160736084 51.5
100.236322801986304 -8.05539374624818905 5.77208232879638672 1.29920005798339844 47.5
100.333705980872082 -8.77935924712184956 4.08786392211914062 1.38040006160736084 52.5
100.812625370205154 2.53366466757563247 2.48247575759887695 1.38040006160736084 52.5
100.820758407004817 3.05048183857364741 1.27915799617767334 1.29920005798339844 55.5
100.817887342798898 3.22695599452418858 1.05222094058990479 1.21800005435943604 47
100.925445564480782 0.327981379426372566 2.20221996307373047 1.46160006523132324 52
100.902855121994463 1.61467756025291109 2.62880539894104004 1.38040006160736084 59
100.876359363837125 3.22935512050582219 2.10588407516479492 1.29920005798339844 58.5
100.045069206243809 11.3027429217703776 7.35770845413208008 1.21800005435943604 51
100.9875132320647 0.807938561621863838 2.63075828552246094 1.46160006523132324 55.5
100.950118210585316 2.68892052539776616 2.80977463722229004 1.29920005798339844 57
100.367807812230467 11.311139862706094 2.10056161880493164 1.21800005435943604 51
101.023170905816528 1.14964054337615984 3.76942777633666992 1.46160006523132324 51.5
100.942653848697702 2.02134601033170958 5.26362991333007812 1.38040006160736084 53.5
100.410513239876465 11.78697392274678 -0.0827056393027305603 1.21800005435943604 47.5
101.188473103579426 -1.62187518225945726 6.3421168327331543 1.29920005798339844 47.5
101.333774740443317 -0.811537433640548533 5.29006338119506836 1.29920005798339844 49
100.341588080242545 16.9782091961123029 1.20731127262115479 1.21800005435943604 45.5
100.338621974179944 17.3725355030872564 -1.94414806365966797 1.21800005435943604 46.5
