
X Y Z V_r Mag
2.70674074026154932 2.46053514349661429 -0.353480249643325806 -3.00440025329589844 47
3.07738520434684482 2.95734306367840905 0.243816792964935303 -3.00440025329589844 46.5
3.07674011715322049 2.96001407439343689 0.218206167221069336 -3.08560013771057129 50
3.06229261450479706 2.97924535154163461 0.148612692952156067 -3.16680002212524414 47.5
3.21839236274734253 2.92225460872820575 0.157740354537963867 -2.84200000762939453 48
3.18526357033355456 2.95704335407020835 0.180262535810470581 -2.92320013046264648 52
3.26416946156486532 2.97263817632797034 0.298740535974502563 -2.76080012321472168 49.5
3.27129565334487227 2.97263817632797034 0.206577479839324951 -2.84200000762939453 56
3.27129565334487227 2.97263817632797034 0.206577479839324951 -2.92320013046264648 55.5
3.18842105097239958 3.0671919576062594 0.0832593590021133423 -3.00440025329589844 49
3.18109208508137797 3.06387428107017978 0.271946638822555542 -3.08560013771057129 55.5
3.17902493132217501 3.06387428107017978 0.295128434896469116 -3.16680002212524414 54.5
3.00381235250708212 3.24579354446525059 0.15020906925201416 -3.49160003662109375 50.5
2.98335190703380393 3.26569960368173229 0.124276973307132721 -3.5728001594543457 51
2.94443021523270287 3.30274699166796282 0.0530952140688896179 -3.65400028228759766 46
3.4231083891728562 2.91505668164460197 0.186478465795516968 -2.59840011596679688 48.5
3.45461113143176535 2.87906832755022357 0.163179665803909302 -2.67960023880004883 46.5
3.3427371688536236 2.99884206852057522 0.288190901279449463 -2.76080012321472168 57.5
3.33158626809499347 3.01290001933869167 0.270125120878219604 -2.84200000762939453 60
3.3087399690139665 3.04101592097492412 0.233367428183555603 -2.92320013046264648 54.5
3.25460540481844873 3.09499845211649083 0.280230432748794556 -3.00440025329589844 52.5
3.25248934708087933 3.09499845211649083 0.303803920745849609 -3.08560013771057129 54.5
3.25023302751069565 3.09499845211649083 0.32706296443939209 -3.16680002212524414 46.5
3.13036440760516976 3.21814610128318979 0.307170867919921875 -3.24800014495849609 46.5
3.13231066984745032 3.21027364882504473 0.364381372928619385 -3.32920026779174805 47.5
3.04536303922185025 3.3109285766827572 0.116262771189212799 -3.4104001522064209 45.5
3.0135828817377952 3.34185606848261374 -0.017793925479054451 -3.49160003662109375 47.5
3.03120316086520214 3.3255488455335982 0.0503137782216072083 -3.5728001594543457 48.5
2.99466861887404612 3.35872560946435339 0.0303729064762592316 -3.65400028228759766 45.5
3.51579297304746685 2.9270529827222953 0.0467857159674167633 -2.51719999313354492 47
3.49193008628525137 2.95163565425687757 0.157795116305351257 -2.59840011596679688 57
3.51098934418386444 2.9270529827222953 0.189586460590362549 -2.67960023880004883 54.5
3.4004066518724132 3.04882296032382882 0.269333869218826294 -2.76080012321472168 58.5
3.39715005700238093 3.05511155071639617 0.237256899476051331 -2.84200000762939453 61.5
3.38511139394679716 3.06311521121602759 0.298285722732543945 -2.92320013046264648 54
3.3444396288577698 3.08369605250079326 0.485972046852111816 -3.00440025329589844 46
3.29025347580526883 3.1465819564264681 0.451532363891601562 -3.08560013771057129 47.5
3.20552380269467552 3.2512012329573623 0.291438013315200806 -3.24800014495849609 51.5
3.07903019565002056 3.37640135077302306 0.223861351609230042 -3.4104001522064209 52
3.07903019565002056 3.37640135077302306 0.223861351609230042 -3.49160003662109375 51
3.5935027963957018 2.95005166771747662 0.0802030563354492188 -2.51719999313354492 52
3.57082095367386376 2.97503733281730964 0.144539013504981995 -2.59840011596679688 58
3.57992799509230908 2.96457821719412395 0.133765026926994324 -2.67960023880004883 50.5
3.47106179419601313 3.08660123279795862 0.217081427574157715 -2.76080012321472168 55
3.48085065592205245 3.07439893123757502 0.232914283871650696 -2.84200000762939453 55
3.27025496471706267 3.29752673119887385 0.232914283871650696 -3.24800014495849609 45.5
3.14169833541962751 3.42129293273990598 0.216765254735946655 -3.4104001522064209 52.5
3.1311834908125431 3.43175204836309211 0.203146696090698242 -3.49160003662109375 51.5
3.62933401072778672 3.02302198798938093 0.122075922787189484 -2.59840011596679688 51
3.55869042700359373 3.09859753768911572 0.245035812258720398 -2.76080012321472168 50
3.38691735146317585 3.27159469442366468 0.388700485229492188 -3.08560013771057129 48
3.90094111325650017 2.79689503017334706 0.00621793558821082115 -2.19239997863769531 46.5
3.81884550448537263 2.89166436638766999 0.307730257511138916 -2.35480022430419922 48
3.75894963576279117 2.97203836039222224 0.278006523847579956 -2.43600010871887207 50.5
3.50663333168690139 3.27074171124496216 0.213950008153915405 -2.92320013046264648 45
3.48492612539830571 3.27554015864821935 0.407588690519332886 -3.00440025329589844 48
3.43770336923176023 3.32352463268078813 0.419977545738220215 -3.08560013771057129 47
3.27911796191069449 3.48067378513745007 0.415087789297103882 -3.32920026779174805 48
3.25616638450589724 3.50586563400454887 0.382476001977920532 -3.4104001522064209 52.5
3.22163203110850338 3.54245379545438244 0.33483123779296875 -3.49160003662109375 52.5
3.18195465045303516 3.58264079245665901 0.282579779624938965 -3.5728001594543457 51.5
3.17057801944671791 3.58923865763613703 0.323730945587158203 -3.65400028228759766 48
3.96164787958653752 2.8405964021446457 -0.0445356592535972595 -2.19239997863769531 52.5
3.99927441056848032 2.78089697100371147 -0.195044413208961487 -2.27360010147094727 45
3.87600019345814228 2.95207595213230833 0.165816783905029297 -2.35480022430419922 49.5
3.84475672841445082 2.98923580212819573 0.218953371047973633 -2.43600010871887207 47
3.85678068850252131 2.97887977835884987 0.130935251712799072 -2.51719999313354492 47.5
3.59582850611131866 3.29077884717679048 0.080096021294593811 -2.84200000762939453 45.5
3.56288299421610688 3.3181918512721178 0.247171655297279358 -2.92320013046264648 45.5
3.53937795546541079 3.32672034143510853 0.41395723819732666 -3.00440025329589844 46.5
3.33936707675850641 3.53993259550987283 0.288322418928146362 -3.4104001522064209 49.5
3.29185232140274753 3.5868392914063203 0.252814710140228271 -3.49160003662109375 51.5
3.23009534711897439 3.64227447746575939 0.256797671318054199 -3.5728001594543457 51
2.87950782219152801 3.93224314300743893 0.107344336807727814 -4.30360031127929688 47.5
2.89348786448951234 3.91823205202538283 0.202018335461616516 -4.38479995727539062 46.5
4.07076551690149468 2.81625756607017452 -0.00809914339333772659 -2.11120009422302246 47
4.03895181205155218 2.86141170670780287 -0.0411712229251861572 -2.19239997863769531 52.5
4.05882648918384881 2.83048421312038645 -0.129575967788696289 -2.27360010147094727 45
3.66474510672104303 3.3141902128275853 0.297137647867202759 -2.84200000762939453 45
3.59951131276961789 3.37790084961766368 0.368520110845565796 -3.00440025329589844 46
2.98310141643808224 3.94758528149788113 0.142057642340660095 -4.14120006561279297 48
4.13200655336695366 2.85892802426990089 -0.0606370195746421814 -2.03000020980834961 45
4.13244362188825409 2.85892802426990089 -0.00822185724973678589 -2.11120009422302246 51.5
4.12663080076219924 2.86646308605141575 -0.0702284201979637146 -2.19239997863769531 50
3.86517192525448916 -3.18795905539606528 0.384693562984466553 -2.84200000762939453 50.5
3.85961544197163686 -3.18795905539606528 0.43693387508392334 -2.92320013046264648 47
4.19809251239338987 2.89586310939897773 -0.000695129681844264269 -2.19239997863769531 45
3.93897456549072489 -3.22789318862364061 0.274204909801483154 -2.76080012321472168 48
3.95251444218403813 -3.20877437408095378 0.302323907613754272 -2.84200000762939453 51
4.34251203906277805 2.81428939390654342 -0.054685644805431366 -1.94880008697509766 50.5
4.3428564541613639 2.81428939390654342 -0.000705352169461548328 -2.03000020980834961 45
4.26894031446458477 2.92486923911748553 0.0437485240399837494 -2.11120009422302246 48
4.54526469169958158 2.60315761282666047 -0.355865776538848877 -1.62400007247924805 47.5
4.5674990127095052 2.57494799151830778 -0.264755219221115112 -1.70520007610321045 50
4.55389498034862594 2.60315761282666047 -0.219346418976783752 -1.78640007972717285 46.5
4.39702809813694717 2.86688477017452303 -0.0980669036507606506 -1.94880008697509766 56
4.41923927557284202 2.83408288493225191 -0.0282759405672550201 -2.03000020980834961 50
4.27969440076613328 3.02302174392773493 -0.328721165657043457 -2.11120009422302246 45.5
3.69286913926473837 3.73088642745595278 -0.075520046055316925 -3.16680002212524414 47.5
3.71669637231061811 3.70661303237667195 -0.0984248295426368713 -3.24800014495849609 53
3.7148429636007001 3.70661303237667195 -0.15317186713218689 -3.32920026779174805 48.5
4.61990935550205783 2.61572556139609347 -0.41236579418182373 -1.62400007247924805 55.5
4.63608583544028185 2.5917708119149796 -0.380868375301361084 -1.70520007610321045 56.5
4.4670666451399077 2.87856239598053953 -0.338852196931838989 -1.86760008335113525 46.5
4.46319503033258513 2.89586304838356634 -0.222479954361915588 -1.94880008697509766 53.5
4.47822342478342605 2.8745699377336873 -0.194910049438476562 -2.03000020980834961 46.5
3.75328777923142276 3.77620009181450822 -0.0936598703265190125 -3.16680002212524414 50.5
3.76896048544553253 3.75956484911929012 -0.127415716648101807 -3.24800014495849609 53
3.54210797859504689 3.96916890707903791 -0.234086558222770691 -3.65400028228759766 45.5
3.57185575116492116 3.94654497701354146 -0.149190515279769897 -3.73520016670227051 48.5
3.56530491863719945 -3.95452989350724637 0.0769621431827545166 -3.89760017395019531 46
3.50982088172675732 -4.00310480217728326 -0.109267763793468475 -4.06000041961669922 46
4.67668106901851299 2.65256667081474573 -0.502540230751037598 -1.54280006885528564 46
4.69485260555500528 2.63434756623270605 -0.422578275203704834 -1.62400007247924805 55
4.69959941786958613 2.63434756623270605 -0.366033375263214111 -1.70520007610321045 54
4.60490310263276204 2.80101863407581053 -0.330396831035614014 -1.94880008697509766 45.5
4.45553805738215036 -2.99805487622231404 -0.565551877021789551 -2.35480022430419922 49
3.79837975318267285 3.83748325029851456 -0.0776777639985084534 -3.16680002212524414 45
3.63073392905621173 3.99470737502500528 -0.141723692417144775 -3.5728001594543457 52.5
3.62086859886188872 4.00212997318805908 -0.179626390337944031 -3.65400028228759766 56.5
3.61387926314286734 4.01022735300229893 -0.133995011448860168 -3.73520016670227051 55
3.5591615790690101 4.05948641353892459 -0.113751821219921112 -3.81640005111694336 47.5
3.05212412197013316 -4.4542336794831181 0.0658980756998062134 -4.95320034027099609 50
3.05282049567418801 -4.4542336794831181 0.00957202725112438202 -5.03439998626708984 49.5
4.73813063092824116 2.68530309253856014 -0.561155259609222412 -1.62400007247924805 45
4.62900173946182658 2.91928364225784343 0.160482898354530334 -1.86760008335113525 47.5
3.65808223757485251 4.06592516661316239 -0.249630123376846313 -3.49160003662109375 51
3.70609671557570985 4.02829671563491409 -0.115331709384918213 -3.5728001594543457 56.5
3.69372044756709306 4.04061148140961368 -0.0742784366011619568 -3.65400028228759766 56.5
3.66407222127029186 4.06592516661316239 -0.135856062173843384 -3.73520016670227051 48.5
3.36495150076459026 -4.31632540403204423 0.148542478680610657 -4.38479995727539062 48
3.36660437913789679 -4.31290463576129479 0.201146811246871948 -4.54720020294189453 46.5
3.29543245217537262 -4.34916477943124224 0.44779515266418457 -4.62840032577514648 46.5
3.23375551326497002 -4.40800199368813761 0.29660370945930481 -4.70960044860839844 49
3.13023273914347966 -4.49146873949443215 0.0630809664726257324 -4.87200021743774414 46.5
3.12471645230157691 -4.49557366141933112 0.0399396009743213654 -4.95320034027099609 50.5
3.08300645749047986 -4.52430811489362927 -0.036580212414264679 -5.03439998626708984 49.5
4.8165557852979628 2.75190957099064359 -0.174027174711227417 -1.70520007610321045 47
4.74952931765119146 2.87050244816791222 -0.0684852302074432373 -1.78640007972717285 52.5
4.66862042530657817 2.99603058132045907 -0.174027174711227417 -1.94880008697509766 49
3.68066872119235855 4.14242839403405139 -0.308978408575057983 -3.4104001522064209 45
3.71390504252662312 4.11330031893788028 -0.30028870701789856 -3.49160003662109375 51
3.75586037814195972 4.08347871824418096 -0.145660459995269775 -3.5728001594543457 53
3.65699543395176896 4.17224999472774982 -0.145660459995269775 -3.81640005111694336 45
3.68491350489889324 -4.15005717560685738 0.0306487586349248886 -3.97880029678344727 47
3.44390479777475811 -4.34979254769488843 0.146038949489593506 -4.38479995727539062 48
3.42295900621957871 -4.34979254769488843 0.406396478414535522 -4.46600008010864258 48
3.31047936891061001 -4.4385638241784573 0.37733381986618042 -4.62840032577514648 51.5
3.27529274155588856 -4.46838542487215662 0.329377323389053345 -4.70960044860839844 53.5
3.23106852236329489 -4.49751349996832772 0.367517858743667603 -4.79080009460449219 49.5
3.23808946714953771 -4.50167465355349439 0.228478312492370605 -4.87200021743774414 47
4.80380935697589706 2.92405377016819656 -0.118108004331588745 -1.78640007972717285 51
4.80001733182937063 -2.90929292180917454 -0.369423031806945801 -1.94880008697509766 47.5
4.77039557920795421 -2.96903921278616867 -0.26221582293510437 -2.03000020980834961 53.5
4.77039557920795421 -2.96903921278616867 -0.26221582293510437 -2.11120009422302246 53
3.31645759243007676 -4.52876885605617563 0.363300681114196777 -4.62840032577514648 53.5
3.31246311139876726 -4.53720362654704523 0.286347240209579468 -4.70960044860839844 54.5
3.29404791008782816 -4.55829055277421968 0.108906060457229614 -4.79080009460449219 47.5
3.29817658463726504 -4.55266737244697239 0.189411044120788574 -4.87200021743774414 45.5
4.84412845263635194 -2.97799896291675559 -0.39489784836769104 -1.94880008697509766 47.5
4.84196935110021709 -2.98227258017997032 -0.389082938432693481 -2.03000020980834961 52.5
4.8463720203566707 -2.98227258017997032 -0.329744547605514526 -2.11120009422302246 51.5
4.75989575733353032 -3.11831606305897058 -0.330907911062240601 -2.19239997863769531 45
4.72275080872127173 -3.19096755653362019 -0.0579015649855136871 -2.27360010147094727 46.5
3.651758562602053 4.37618407753182126 -0.0606214329600334167 -3.81640005111694336 47
3.67747182404078155 -4.33700925261902093 0.395673483610153198 -4.06000041961669922 48.5
3.29481769532046842 -4.64969558237756075 0.120459452271461487 -4.70960044860839844 47
3.58210879001317828 -4.52613540801346037 0.182263270020484924 -4.46600008010864258 48.5
3.39505969838007404 -4.65819580017966928 0.354127317667007446 -4.62840032577514648 47
3.36936330431383935 -4.68417489372056295 0.237740948796272278 -4.70960044860839844 48.5
4.94607065306987792 -3.11923456272751798 -0.171075969934463501 -2.03000020980834961 46
3.98882857347687114 -4.27277385027943346 0.234850674867630005 -3.81640005111694336 48
3.9753665101517619 -4.29104918753469189 -0.0765739604830741882 -3.89760017395019531 47.5
3.6544052901903985 -4.56152417891251716 0.245610445737838745 -4.38479995727539062 46
3.62696215143519352 -4.58491661059924827 0.21492399275302887 -4.46600008010864258 49.5
3.48007470753821346 -4.70187876903290203 0.0626157969236373901 -4.62840032577514648 51
3.46819908633105722 -4.70991991742521598 0.103691793978214264 -4.70960044860839844 54
3.37485729786125965 -4.77205606409309535 0.245610445737838745 -4.79080009460449219 51
3.31622617511272866 -4.81884092746655668 0.0626157969236373901 -4.95320034027099609 48.5
4.95022457304759467 -3.25399398062045453 -0.111483387649059296 -2.19239997863769531 48
4.93972088379712737 -3.26954207472580816 -0.121983550488948822 -2.27360010147094727 48.5
4.78982159420047893 -3.47907115243128873 0.243512362241744995 -2.43600010871887207 48.5
4.79130077591670389 -3.47907115243128873 0.212431430816650391 -2.51719999313354492 46.5
3.71924753173204747 -4.58964930281369643 0.456010103225708008 -4.38479995727539062 47
3.53916994062732826 -4.751793712769528 0.018985457718372345 -4.62840032577514648 50.5
3.46543865268810425 -4.80139953681994225 0.207183271646499634 -4.70960044860839844 55
3.4634681699429084 -4.80139953681994225 0.237861573696136475 -4.79080009460449219 54.5
3.3455830754728475 -4.88728424711618192 0.164790049195289612 -4.95320034027099609 52
5.01945979255803021 -3.28693634061983886 0.0327246710658073425 -2.19239997863769531 48
4.89466066804273581 -3.46837762584566045 0.112485706806182861 -2.35480022430419922 50
4.85045209114811104 -3.52310991436419307 0.246594786643981934 -2.43600010871887207 53
3.5571270360769347 -4.830686779793254 0.106350548565387726 -4.62840032577514648 50
3.5401386037154654 -4.83968386831684771 0.211850211024284363 -4.70960044860839844 53
3.50271600716202514 -4.86667513388763062 0.215529292821884155 -4.79080009460449219 51.5
3.42722460198368672 -4.92215717978313094 0.162786275148391724 -4.87200021743774414 49.5
3.37687697953224175 -4.95814553387750756 0.116166457533836365 -4.95320034027099609 48
4.93652428426658574 -3.53071074605210189 0.265401333570480347 -2.35480022430419922 52.5
4.92309183980032117 -3.53982029861125591 0.372110098600387573 -2.43600010871887207 55
4.88142010051879627 -3.57094460318836493 0.570718824863433838 -2.51719999313354492 48.5
3.64694108370338022 -4.85842803154879554 0.033547963947057724 -4.54720020294189453 49.5
3.58615569047827343 -4.90018014744491914 0.182623982429504395 -4.62840032577514648 52
3.60051281628623787 -4.89107059488576468 0.139150604605674744 -4.70960044860839844 50.5
5.01702726254234044 -3.55508712162017959 0.115297853946685791 -2.35480022430419922 55
5.0069680761867108 -3.56584614014648382 0.193679392337799072 -2.43600010871887207 56.5
4.99143975691780906 -3.59043818249232194 0.129550144076347351 -2.51719999313354492 50.5
3.62507826692252966 -4.96759255385923915 0.0658268630504608154 -4.54720020294189453 46.5
3.63774528009156572 -4.95145402606978369 0.269096821546554565 -4.62840032577514648 49.5
3.6060064551213884 -4.97758307106223619 0.207089409232139587 -4.70960044860839844 46
3.62723325221655069 -4.94300051151340192 0.4821053147315979 -4.79080009460449219 46
5.07953572572988588 -3.5984420073283836 -0.0127320941537618637 -2.35480022430419922 51.5
5.05717072040603632 -3.62722332040040074 -0.137494638562202454 -2.43600010871887207 51.5
4.74159484202569015 -4.02549446345101281 0.251601696014404297 -2.92320013046264648 50.5
4.71382591411346308 -4.05738726982811215 0.26093059778213501 -3.00440025329589844 50.5
4.65557571663193936 -4.10717116270943894 0.455399781465530396 -3.08560013771057129 47.5
3.86275818795146586 -4.87882150237000012 0.163800448179244995 -4.38479995727539062 45
3.86123432312763537 -4.87882150237000012 0.196465596556663513 -4.46600008010864258 48.5
4.79685478967183787 -4.07399427043181284 0.287674963474273682 -2.92320013046264648 49.5
4.76794327045561861 -4.10233510013916458 0.357164531946182251 -3.00440025329589844 50.5
4.5497554397791049 -4.30780611551746428 0.657675325870513916 -3.32920026779174805 46.5
5.02344933728978216 -3.91856036397820562 0.224656432867050171 -2.67960023880004883 49
5.34188569446516048 -3.61083168763469464 0.169281274080276489 -2.27360010147094727 45.5
5.0839493571172456 -3.96466095345425495 0.193457454442977905 -2.59840011596679688 47.5
5.06369271182183933 -3.98884062993395139 0.225101754069328308 -2.67960023880004883 51.5
5.0525819192701098 -3.99770651130984023 0.303748905658721924 -2.76080012321472168 50
4.73408276693165231 -4.35878968007330947 0.43808436393737793 -3.16680002212524414 48.5
4.72074341741134518 -4.37732743204107777 0.395079851150512695 -3.24800014495849609 49
3.8905699513543972 -5.14382317644746045 -0.0839879289269447327 -4.62840032577514648 46
4.77278073261410807 -4.41844212261421454 0.523032069206237793 -3.16680002212524414 50
4.79781474540016273 -4.39805809363001909 0.46226087212562561 -3.24800014495849609 49.5
4.05467926929918132 -5.04463949300869974 0.828743398189544678 -4.22240018844604492 47
5.14688668780229364 -4.11706794635692575 0.345417439937591553 -2.67960023880004883 48
5.22523813415276006 -4.1329907987883292 0.413403809070587158 -2.67960023880004883 49.5
5.23125012876933937 -4.14049774473971066 0.21430651843547821 -2.76080012321472168 49
5.4095575031657539 -4.03097710234512441 0.224533230066299438 -2.51719999313354492 50
5.36340019001262025 -4.08749006862617215 0.298109114170074463 -2.59840011596679688 52.5
5.27792005086006633 -4.1794290734714572 0.488299250602722168 -2.67960023880004883 50
4.85255265949911063 -4.67370665915345018 -0.414374262094497681 -3.32920026779174805 46.5
5.59073969830594297 -3.91457714891076236 -0.0186122674494981766 -2.35480022430419922 46.5
5.4600935694599686 -4.03909311051010178 -0.673597157001495361 -2.51719999313354492 51
5.44720359317217362 -4.10135109130977238 0.295843005180358887 -2.59840011596679688 54
5.40270052998857508 -4.14825778917253718 0.428266674280166626 -2.67960023880004883 51.5
4.91668337420228596 -4.73075369172287452 -0.163772717118263245 -3.4104001522064209 47
4.77867122045778636 -4.85015255900991349 -0.470053374767303467 -3.5728001594543457 45.5
5.62129623547838797 -4.00070541878688246 0.0733840540051460266 -2.35480022430419922 46.5
5.44966636442614139 -4.08347863434799052 -1.11190962791442871 -2.51719999313354492 45.5
5.26412491307272568 -4.17832294384509328 1.56224441528320312 -2.59840011596679688 48
5.44628365390459113 -4.17832294384509328 0.699722468852996826 -2.67960023880004883 49
5.60240441136445799 -4.12786444038215627 0.473742395639419556 -2.43600010871887207 47.5
5.63862136367925082 -4.09997346443362787 -0.216332927346229553 -2.51719999313354492 47.5
5.49365477454476192 -4.26731932012479653 0.510267198085784912 -2.59840011596679688 45
5.50082315080866824 -4.28736595908780149 0.100334003567695618 -2.67960023880004883 47
5.7816176426746182 -4.02160495917747074 0.319520831108093262 -2.35480022430419922 48
5.7034787227981969 -4.13436847172395794 0.282544821500778198 -2.43600010871887207 48.5
5.68100049179762046 -4.17224996422004413 -0.145144984126091003 -2.51719999313354492 48.5
5.02252077198601654 -4.9457371830936081 0.128325581550598145 -3.49160003662109375 49
5.80911159577499703 -4.11869870633361046 -0.237007051706314087 -2.35480022430419922 45.5
5.76902317209658122 -4.17835128163070291 -0.159316256642341614 -2.43600010871887207 45
5.93424719024656699 -4.06398504759586388 -0.329752027988433838 -2.35480022430419922 46
6.60783828996357059 -3.0417844621608392 0.0982029512524604797 -1.38040006160736084 46.5
6.60627484326239411 -3.0417844621608392 0.174075216054916382 -1.46160006523132324 47
5.75761368197071199 -4.43813261932732139 -0.280163019895553589 -2.51719999313354492 46
5.78694642782323143 -4.40540570939373222 -0.171099424362182617 -2.59840011596679688 53
5.77590011817223559 -4.42176916436052636 -0.112088501453399658 -2.67960023880004883 49
6.68723949667631601 -3.04007888203575716 0.247497111558914185 -1.38040006160736084 47
6.68723949667631601 -3.04007888203575716 0.247497111558914185 -1.46160006523132324 46.5
5.82118175159029594 -4.48388673779412894 0.17637084424495697 -2.51719999313354492 50
5.87451425148604223 -4.41683968087914103 -0.0641399994492530823 -2.59840011596679688 54
5.83544570658219897 -4.46735458677399411 -0.113244056701660156 -2.67960023880004883 48.5
6.38889114719767015 -3.77067989710040008 -0.307689249515533447 -1.94880008697509766 46.5
6.03115962753825752 -4.22438621345918364 -0.954098045825958252 -2.43600010871887207 46.5
5.77236140698047429 -4.5426301122548125 1.08396553993225098 -2.51719999313354492 48
5.51348799417378377 -4.97128515961219097 -0.135657384991645813 -3.16680002212524414 46.5
5.87730629772488822 -4.63818686814514081 -0.441020160913467407 -2.67960023880004883 47
6.75200934613492265 -3.4332047625683999 -0.0640374571084976196 -1.62400007247924805 48.5
6.36642841662669134 -4.07876463245305665 0.461412250995635986 -2.03000020980834961 52.5
6.37737919338320047 -4.06740580776300398 0.407274901866912842 -2.11120009422302246 58.5
6.3549317240109513 -4.11946708759241087 0.159567862749099731 -2.19239997863769531 58
6.32227668388690489 -4.17152836742181954 -0.0883091315627098083 -2.27360010147094727 53
6.14089385758807715 -4.43467447274137161 -0.0609393343329429626 -2.51719999313354492 46
6.87331667566071758 -3.34483639575389091 -0.303464502096176147 -1.54280006885528564 49
6.84355918030474175 -3.40888442047967288 -0.260204553604125977 -1.62400007247924805 49.5
6.7982715175141033 -3.50734630923721813 0.0672798082232475281 -1.70520007610321045 45
6.4199061637805741 -4.14304685315729238 0.377451539039611816 -2.03000020980834961 55
6.44511689491392392 -4.10767704845797965 0.331604242324829102 -2.11120009422302246 61.5
6.429495802380087 -4.14304685315729238 0.138725355267524719 -2.19239997863769531 60.5
6.35789562527962016 -4.24150874191483673 -0.330561727285385132 -2.27360010147094727 52.5
6.28342800305765614 -4.31798399531875621 -0.62932431697845459 -2.35480022430419922 52
6.92543954405355144 -3.41817216628397702 -0.173258975148200989 -1.54280006885528564 45
6.89954820141362468 -3.45968061111600456 -0.320121169090270996 -1.62400007247924805 45
6.50677967821142378 -4.15953229723740669 0.189054608345031738 -2.03000020980834961 48.5
6.47119749559630275 -4.21841637013865522 0.0647790431976318359 -2.11120009422302246 53.5
6.50163902208624034 -4.17015073661304214 -0.119021810591220856 -2.19239997863769531 52
6.3450304726076725 -4.3603173327039606 -0.6354941725730896 -2.35480022430419922 54
6.26528123873921494 -4.35549076935139823 -1.20481514930725098 -2.43600010871887207 50.5
6.15889787257832122 -4.65377238453969255 -0.293282687664031982 -2.59840011596679688 48
6.10060108271639034 -4.7367892742037494 -0.145351767539978027 -2.67960023880004883 47.5
6.7909127421932638 -3.82563710951907687 -0.296661585569381714 -1.86760008335113525 46
6.53333716177803581 -4.19991600125291686 0.718478560447692871 -2.11120009422302246 46
6.32074355311185254 -4.50889102385611373 -0.747067272663116455 -2.43600010871887207 48
6.22201379285659062 -4.698954523564705 -0.215343564748764038 -2.59840011596679688 47
6.16661075874347819 -4.77205586960647121 -0.200990200042724609 -2.67960023880004883 50.5
6.82887313313202249 -3.90473665567471073 -0.367638587951660156 -1.86760008335113525 45.5
6.21143465770550041 -4.84057449830239506 -0.0504675097763538361 -2.67960023880004883 47.5
6.83324152968202903 -4.05120166862380504 -0.311573415994644165 -1.94880008697509766 46.5
6.75025992819967247 -4.19624223841759481 0.167467266321182251 -2.03000020980834961 53
6.69786673461046789 -4.26876252331449013 0.344608336687088013 -2.11120009422302246 58
6.66908639299570183 -4.30551938004305335 0.433931618928909302 -2.19239997863769531 56
6.63670625721352536 -4.34923023669323605 0.490745425224304199 -2.27360010147094727 48
7.12261762783004926 -3.67927526636147695 0.363163262605667114 -1.62400007247924805 45.5
7.10898527517954371 -3.72239569057885022 -0.0820664986968040466 -1.70520007610321045 45.5
6.9040986576025567 -4.08942069670812369 0.10340254008769989 -1.86760008335113525 48
6.85628252802521221 -4.12552151698313363 0.609996438026428223 -1.94880008697509766 52.5
6.79421042514039986 -4.23582957893455436 0.54505842924118042 -2.03000020980834961 57.5
6.7648396489935303 -4.30903402004777014 0.264211475849151611 -2.11120009422302246 60.5
6.76056253080670011 -4.32106762680610679 0.15427844226360321 -2.19239997863769531 57
6.6925612618431698 -4.41934208199919087 0.282255947589874268 -2.27360010147094727 50.5
6.97334189301052376 -4.06792130391554352 0.659188568592071533 -1.86760008335113525 47.5
6.91026896740537921 -4.12763948180333173 0.905971944332122803 -1.94880008697509766 50.5
6.89767144290384504 -4.2106376273422903 0.550152420997619629 -2.03000020980834961 53
6.87154657629460708 -4.27541666776294083 -0.335661023855209351 -2.11120009422302246 55
6.79429260930347922 -4.40497474860424187 -0.20927274227142334 -2.19239997863769531 49.5
6.65278151464320455 -4.62056749250421994 0.0292687062174081802 -2.35480022430419922 48.5
7.1766502346171146 -3.83589940956449649 0.782429337501525879 -1.70520007610321045 46
7.0987937835498931 -4.05348837740397361 -0.0836004465818405151 -1.86760008335113525 46.5
6.88274178298664552 -4.35280090123950014 -0.715274035930633545 -2.03000020980834961 51.5
6.90117741148939601 -4.35893016793920296 -0.451777398586273193 -2.11120009422302246 54.5
6.66519090880701892 -4.72566462547146759 -0.271934390068054199 -2.51719999313354492 45.5
6.27919097809659199 -5.23030758374706295 0.215111419558525085 -2.84200000762939453 47.5
7.21004017494114802 -4.00304835529468495 0.231140494346618652 -1.70520007610321045 50.5
7.18605992701029628 -4.05253234217445435 -0.00506231421604752541 -1.78640007972717285 56.5
7.16427918239540684 -4.09067624872760938 0.0444338805973529816 -1.86760008335113525 56.5
7.11225597249589114 -4.1783041421605347 -0.141733035445213318 -1.94880008697509766 51.5
6.95111824424174962 -4.39892025033284018 -0.627659797668457031 -2.11120009422302246 52.5
6.81986139397866786 -4.61850544211181813 -0.47052338719367981 -2.27360010147094727 48.5
6.77073906912817591 -4.61850544211181813 -0.942866921424865723 -2.35480022430419922 45
6.44116251217024249 -5.1463346354960251 -0.298600256443023682 -2.76080012321472168 47.5
6.41242721913659519 -5.19066404040915241 0.0168741196393966675 -2.84200000762939453 47
7.69640782134405121 -3.15103373285200483 0.376739442348480225 -1.21800005435943604 46
7.66310507051800283 -3.19576613645472385 0.607896387577056885 -1.29920005798339844 49
7.29438628775765086 -4.00927170895068574 -0.152668282389640808 -1.70520007610321045 53.5
7.27218297239300249 -4.05192353564165053 -0.0539190210402011871 -1.78640007972717285 59
7.22900623082379479 -4.12786459292068475 0.0885394662618637085 -1.86760008335113525 58
7.17827521229242294 -4.21628911167024611 0.030081726610660553 -1.94880008697509766 52
6.99929816256572668 -4.49404612938945558 -0.344984948635101318 -2.11120009422302246 47
6.59366465707412264 -5.07868824159243548 -0.190120086073875427 -2.67960023880004883 46.5
6.53186040020045056 -5.15462929887147059 -0.265011429786682129 -2.76080012321472168 47.5
7.72212165285865915 -3.19726557613109907 0.840439856052398682 -1.29920005798339844 45.5
7.60499396283002493 -3.47437592153445118 0.807955086231231689 -1.38040006160736084 46
7.6005611046709376 -3.55100113068007506 0.426467865705490112 -1.46160006523132324 47
7.57986585344001274 -3.58878890505325954 0.475647538900375366 -1.54280006885528564 45
7.40561682146758393 -3.96351766758733781 -0.0859013795852661133 -1.70520007610321045 47.5
7.36863303422371718 -4.03069593313966479 -0.129421785473823547 -1.78640007972717285 53.5
7.27218003386873768 -4.20388989901675991 0.0521139800548553467 -1.86760008335113525 53.5
7.15448139891123702 -4.38863012928566132 0.336649149656295776 -1.94880008697509766 51
7.05173065276518773 -4.54922817037169569 0.370980232954025269 -2.03000020980834961 48.5
7.03969272565726367 -4.58281730314785918 -0.0229074060916900635 -2.11120009422302246 45
7.5035174829481992 -3.93112805585389502 -0.262856155633926392 -1.78640007972717285 45
7.24469261253252927 -4.3960432542698058 0.121911205351352692 -1.94880008697509766 52
7.19699768058160494 -4.47335261528201844 0.134043499827384949 -2.03000020980834961 47
7.02251267895344089 -4.7444648949960806 0.00173330225516110659 -2.27360010147094727 45.5
6.9050068277779042 -4.91391006981736922 0.00173330225516110659 -2.35480022430419922 45.5
7.57250383755473777 -3.96591670967278009 -0.176609784364700317 -1.62400007247924805 50.5
7.60574304663609269 -3.90501766537015405 -0.0775257274508476257 -1.70520007610321045 51.5
7.40117879998019035 -4.27895916547399846 -0.124738626182079315 -1.94880008697509766 46
7.65062135856186476 -3.96621652415121995 -0.357416808605194092 -1.70520007610321045 46
7.81319434586494044 -3.75718449693626422 0.726341903209686279 -1.46160006523132324 48.5
7.79483803771253658 -3.86155073296227203 0.137602195143699646 -1.62400007247924805 47
7.52302259026145226 -4.36924898529712014 -0.0616857409477233887 -1.94880008697509766 51.5
7.462318011700531 -4.4725280730311896 -0.0177942514419555664 -2.03000020980834961 50.5
7.35423103536356226 -4.64755894803313918 0.0741414576768875122 -2.11120009422302246 47
4.75781595527580059 7.28280640768982579 0.118030726909637451 -4.79080009460449219 45.5
8.1163900560758595 -3.32135979277067683 0.305645108222961426 -1.29920005798339844 45
7.9769086266584619 -3.64921934313001373 0.229703143239021301 -1.38040006160736084 46
7.88850021986394001 -3.7895739332503986 0.641352295875549316 -1.46160006523132324 52.5
7.87528762333066101 -3.83014518195707288 0.557196259498596191 -1.54280006885528564 53.5
7.83718380147017513 -3.92992852337078391 0.367220014333724976 -1.62400007247924805 51
7.55431239875440408 -4.46283735773412094 -0.126824662089347839 -1.94880008697509766 48.5
7.4817429207018824 -4.58455110385414244 0.0777722299098968506 -2.03000020980834961 51
7.40493775555038614 -4.68762400597380058 0.440129399299621582 -2.11120009422302246 50.5
7.32481320464924934 -4.79179342832877442 0.621661186218261719 -2.19239997863769531 48
8.10473398493940778 -3.43268932266444216 0.923277139663696289 -1.21800005435943604 47
8.19624984624101671 -3.3187824282590177 0.360109597444534302 -1.29920005798339844 47.5
7.96287490840856371 -3.82196336956453342 0.55473250150680542 -1.46160006523132324 47.5
7.93876580903158313 -3.86951673324835133 0.570388674736022949 -1.54280006885528564 47.5
7.88494380226659963 -4.01107093212111199 0.247950717806816101 -1.62400007247924805 47
7.64154676133613453 -4.4235687147737659 0.60109245777130127 -1.86760008335113525 47.5
7.52868034444008671 -4.64032358179768067 0.329964756965637207 -2.03000020980834961 54
7.53989887735277264 -4.60051146336471639 0.55473250150680542 -2.11120009422302246 51
7.57913897117370094 -4.71087565162948341 0.141160860657691956 -2.03000020980834961 52
7.592068004369108 -4.66961087911284256 0.459198832511901855 -2.11120009422302246 50
8.50009074866380665 2.94092331114993577 -0.315321803092956543 -0.893200039863586426 45.5
8.49368878163222973 2.94092331114993577 -0.456316649913787842 -0.974400043487548828 54
8.49192184964383046 2.95104503573897947 -0.4226093590259552 -1.05560004711151123 55.5
8.47343585504629004 2.97466239311341507 -0.593526244163513184 -1.13680005073547363 49.5
8.55455059729148459 3.00625554732260358 -0.371119529008865356 -0.893200039863586426 55
8.54992463822850901 3.00625554732260358 -0.465680211782455444 -0.974400043487548828 65
8.5346479378850777 3.04821384805852791 -0.473094820976257324 -1.05560004711151123 65.5
8.51913085571378481 3.09017214879445268 -0.480509132146835327 -1.13680005073547363 58.5
8.48847746759489397 3.17749077465029561 -0.452704161405563354 -1.21800005435943604 48.5
7.90253285918942794 -4.45778595115999732 0.183743581175804138 -1.78640007972717285 45.5
7.67705452477057726 -4.70726773931955034 1.1225433349609375 -1.94880008697509766 45.5
7.71336944725668783 -4.74809203192747642 0.56142580509185791 -2.03000020980834961 46
8.6234645588729677 3.024240288789247 -0.460807442665100098 -0.893200039863586426 59.5
8.61783836108261703 3.03110056921750237 -0.517492890357971191 -0.974400043487548828 68.5
8.60238901233221398 3.0734056318584102 -0.524966597557067871 -1.05560004711151123 67.5
8.51870669202815733 3.26892362406368875 -0.684313356876373291 -1.13680005073547363 60.5
8.51772105872553098 3.29293460556258255 -0.572291374206542969 -1.21800005435943604 55
7.92553384278307593 -4.5369321232195583 -0.569801688194274902 -1.78640007972717285 46.5
7.96784287652530576 -4.49462706057865002 0.185262113809585571 -1.86760008335113525 47.5
8.73279589511285259 2.93029562150423351 -0.502267956733703613 -0.893200039863586426 62.5
8.7184340051377518 2.97179469403537189 -0.507919669151306152 -0.974400043487548828 68.5
8.70171319139694077 3.02482128671404782 -0.480914562940597534 -1.05560004711151123 65
8.34140182985879441 -3.91013483404498841 0.482171207666397095 -1.46160006523132324 47
8.05210007081602797 -4.42656773665470293 0.818421781063079834 -1.70520007610321045 46
8.87427278371099604 2.74145041723282556 -0.47089385986328125 -0.812000036239624023 51.5
8.83768776103859111 2.82628546617644405 -0.630390822887420654 -0.893200039863586426 61.5
8.81252778822911331 2.91112051512006254 -0.595594167709350586 -0.974400043487548828 66
8.81296449960950312 2.93784936615709302 -0.436696350574493408 -1.05560004711151123 62
8.42709084729564673 -3.93146535035974942 0.133144587278366089 -1.38040006160736084 45.5
8.42709084729564673 -3.93146535035974942 0.133144587278366089 -1.46160006523132324 47
8.97490278193576252 2.6780396308511607 -0.412124216556549072 -0.812000036239624023 52
8.9348687600301524 2.69912655707833471 -0.879465699195861816 -0.893200039863586426 55.5
8.82169064740097397 2.97794258163764214 -1.09556543827056885 -0.974400043487548828 58
8.8037938652550185 3.14898098325805709 -0.683931171894073486 -1.05560004711151123 59.5
8.74190774722072739 3.37390819634791894 -0.293964803218841553 -1.13680005073547363 55
8.46342083579887294 3.84836403645934499 -1.20466923713684082 -1.29920005798339844 54
8.54255235725894835 3.74878688483102041 -0.928451478481292725 -1.38040006160736084 51.5
9.04211255493183685 2.64514423949070876 -0.738869667053222656 -0.812000036239624023 50.5
8.80804637097430465 3.36311196163818682 -0.640558481216430664 -1.05560004711151123 53
8.74213796170738711 3.52016740085794755 -0.697113215923309326 -1.13680005073547363 56.5
8.64099689765537171 3.67840370804176686 -1.05120503902435303 -1.21800005435943604 58.5
8.59360245953382851 3.77877748498672661 -1.08321201801300049 -1.29920005798339844 58
8.32727212796754301 -4.42707399725476236 0.600057542324066162 -1.70520007610321045 46.5
9.06755180540492134 2.74231274673319936 -0.992404401302337646 -0.812000036239624023 48.5
9.12655307853858844 2.63400091515649759 -0.702645838260650635 -0.893200039863586426 47.5
9.02887112130777503 2.99583384701712818 -0.479692995548248291 -0.974400043487548828 49.5
8.816759717324544 3.50406628749242133 -0.843742966651916504 -1.13680005073547363 50.5
8.80666388468030625 3.50406628749242133 -0.94330674409866333 -1.21800005435943604 54
8.72084340351648457 3.67784131397811942 -1.07051765918731689 -1.29920005798339844 55
8.64871218379918183 3.80876770379611029 -1.191092848777771 -1.38040006160736084 52.5
9.09620478616037964 2.64874296659779107 -1.55023372173309326 -0.893200039863586426 45.5
9.01880264323250991 3.22455665498861466 -0.650726020336151123 -1.05560004711151123 50
8.90656368900505768 3.53165728879705432 -0.600436806678771973 -1.13680005073547363 47.5
8.82542389417212192 3.70680061901593039 -0.729063510894775391 -1.21800005435943604 56
8.76643900936428899 3.78717461302048308 -0.983292281627655029 -1.29920005798339844 58
8.68432444483134347 3.89034123219050532 -1.26797497272491455 -1.38040006160736084 54
8.48995774898902056 -4.45295919022237285 0.501771688461303711 -1.62400007247924805 45.5
8.97811289486216246 3.52418776007011569 -0.761064410209655762 -1.05560004711151123 47.5
8.94163106392696427 3.60398069048679703 -0.814973235130310059 -1.13680005073547363 51.5
8.91392720738278577 3.68256463710928683 -0.765666842460632324 -1.21800005435943604 55
8.86580346328292457 3.78049232443885064 -0.843232035636901855 -1.29920005798339844 53
8.61127431084224426 -4.38498422153492573 0.472753912210464478 -1.62400007247924805 47.5
8.60515003201931883 -4.38498422153492573 0.573526203632354736 -1.70520007610321045 46.5
9.34833671339035099 2.53417993414577047 -1.11759960651397705 -0.893200039863586426 48
9.07949832628063724 3.37850046028183693 -1.10042846202850342 -1.13680005073547363 48
8.97066846818585617 3.74278882581529082 -0.762325763702392578 -1.21800005435943604 46
8.7761266996259284 4.08636514381005433 -1.15919041633605957 -1.38040006160736084 50.5
8.8246775210557491 4.05468789463323187 -0.864336073398590088 -1.46160006523132324 47
8.71022698895058234 -4.36658696345117292 0.35687786340713501 -1.54280006885528564 47
8.74289052392970589 -4.29957739788481863 0.371491611003875732 -1.62400007247924805 46
9.33762421905398554 2.67153569305837779 -1.48401832580566406 -0.812000036239624023 48.5
9.37473673313238542 2.67153569305837779 -1.2279430627822876 -0.893200039863586426 54.5
9.29569847130688842 2.8962098804801073 -1.31628131866455078 -0.974400043487548828 56
9.25402661324572229 3.09019087289886851 -1.15946054458618164 -1.05560004711151123 53.5
8.88608490573821896 4.01835308978863548 -1.19204723834991455 -1.38040006160736084 50
8.85719599456322904 4.08587811879516583 -1.17741835117340088 -1.46160006523132324 46.5
8.58088183716618325 -4.71447475245595982 0.820265412330627441 -1.70520007610321045 48
8.59343219886478948 -4.6199397118468184 1.15746629238128662 -1.78640007972717285 48
9.40248928320648503 2.73770173235813585 -1.45196390151977539 -0.893200039863586426 51.5
9.36191053292159481 2.88244240234724591 -1.43393540382385254 -0.974400043487548828 53
8.98834535288299463 -4.14923253968783889 -0.0593957751989364624 -1.46160006523132324 49.5
8.97180852307755927 -4.18510843224924223 0.0391469523310661316 -1.54280006885528564 46.5
9.60809149393371875 2.67243529665915247 -0.208084821701049805 -0.812000036239624023 48.5
9.62711458180653246 2.59266110869917821 -0.312098711729049683 -0.893200039863586426 48
9.07996447317079358 -4.12582128355494149 0.180206924676895142 -1.38040006160736084 46.5
9.06085329052199917 -4.17069426428242718 0.0829665660858154297 -1.46160006523132324 51
9.02153088235208855 -4.25420786730302591 -0.119688898324966431 -1.54280006885528564 46.5
9.63952359877595555 2.83946244800098668 -0.139771625399589539 -0.812000036239624023 46
9.10669488679039674 -4.08274764195099849 1.18397307395935059 -1.46160006523132324 46
8.91484656116764995 -4.58131756316125571 0.734540224075317383 -1.62400007247924805 46
9.03226725613506964 -4.57501951424777786 0.0545324906706809998 -1.54280006885528564 50
9.04694446262312191 -4.49404571753542736 0.687001705169677734 -1.62400007247924805 50
9.87462465686193447 2.54025315890500147 -0.280907899141311646 -0.730800032615661621 50
9.86903544414398404 2.57721620035419585 -0.0104307327419519424 -0.812000036239624023 49
9.10349276323473866 -4.59106466551721759 0.297591418027877808 -1.54280006885528564 48.5
9.91607996891539578 2.65266049136488613 -0.458686321973800659 -0.649600028991699219 45
9.93092741007052027 2.60643794650083205 -0.398494571447372437 -0.730800032615661621 55.5
9.92219758211049374 2.65266049136488613 -0.298378586769104004 -0.812000036239624023 55
9.13404175130089513 -4.0534603926616386 2.39047694206237793 -1.38040006160736084 47
9.11484244705938629 -4.6723289100081411 -0.815245389938354492 -1.70520007610321045 48.5
9.09011762351055985 -4.76605795931580634 -0.479680806398391724 -1.78640007972717285 47
10.0152312357977298 2.5931297034846601 -0.305493384599685669 -0.730800032615661621 52.5
10.0188552505002111 2.5931297034846601 -0.143943905830383301 -0.812000036239624023 51
9.19302558033023764 -4.67668678693293316 -0.859877526760101318 -1.70520007610321045 47
9.33312231006233795 -4.50214317957746779 1.14200258255004883 -1.46160006523132324 49
9.26970314556817776 -4.50214317957746779 1.57605099678039551 -1.54280006885528564 49.5
9.47808393328129917 -4.48598582573304139 0.540233910083770752 -1.46160006523132324 51.5
9.43923041679776631 -4.53453261589160217 0.76743006706237793 -1.54280006885528564 51.5
9.32462642264822961 -4.82187713061390077 -0.225477680563926697 -1.70520007610321045 45
9.59168517526265596 -4.43213482189133501 0.431741416454315186 -1.46160006523132324 45.5
9.56174718336439255 -4.4704567985862802 0.647027492523193359 -1.54280006885528564 48.5
9.48830953919861386 -4.63431628514398053 -0.570731639862060547 -1.62400007247924805 46.5
9.37620215428817616 -4.8206403787297516 -0.823954761028289795 -1.70520007610321045 47
10.1163206756097104 3.32172526138114987 0.220714002847671509 -0.812000036239624023 47
10.1137246768413593 3.29377805365318332 0.534899353981018066 -0.893200039863586426 50.5
9.55989815916485774 -4.42896701517486591 1.55406033992767334 -1.46160006523132324 49
9.59270861323523683 -4.48619225004641642 1.12983489036560059 -1.54280006885528564 49.5
10.2012804617592021 3.30893246535959396 0.102366484701633453 -0.812000036239624023 49
10.1778272573992368 3.37326165059137217 0.242006599903106689 -0.893200039863586426 53.5
10.1703212010924346 3.38800375554032129 0.334103196859359741 -0.974400043487548828 51
9.93349524903887371 -3.99511044116522829 0.624819934368133545 -1.13680005073547363 45
9.91608647472546956 -3.94552336088239919 1.06287658214569092 -1.21800005435943604 46.5
9.65292768875100116 -4.46015684273662494 1.39771878719329834 -1.46160006523132324 47.5
9.70244533176840385 -4.5177850711734262 0.69123375415802002 -1.54280006885528564 48.5
9.67316088544533237 -4.63170133668803352 -0.0541084706783294678 -1.62400007247924805 45
10.2853326754754146 3.28213795137189601 -0.281975030899047852 -0.812000036239624023 46.5
10.2637160472004201 3.35096567979293525 -0.25915682315826416 -0.893200039863586426 47
10.2130107025953158 -3.41979340821397404 0.799637436866760254 -1.05560004711151123 45
10.054814213221464 -3.92318051999922002 0.386480838060379028 -1.21800005435943604 49.5
9.70422431787349282 -4.6640907730021679 0.845155596733093262 -1.54280006885528564 45.5
10.1488396385959874 -3.9015030905518242 0.212034508585929871 -1.21800005435943604 48.5
9.83119308576113937 -4.34859278640398372 1.64408195018768311 -1.38040006160736084 46.5
10.1753359758207811 -3.94072504790372102 0.914188981056213379 -1.21800005435943604 48
10.5256823891542073 3.28025429824492631 -0.0240531452000141144 -0.812000036239624023 47
10.1815539299228739 -4.20743243462410987 0.429084509611129761 -1.29920005798339844 47
10.6003870647275527 3.28453722989205854 -0.231553032994270325 -0.812000036239624023 50
10.5841697468321598 3.33724517530417764 0.219447076320648193 -0.893200039863586426 45
10.2138292153128276 -4.33730908693938666 0.274677902460098267 -1.29920005798339844 47.5
10.0953411981154364 -4.53981856141752882 0.827131807804107666 -1.38040006160736084 46
10.6827170158508249 3.27740510590389489 -0.137133985757827759 -0.812000036239624023 47
10.4588361413464543 3.93232755782929999 0.173701345920562744 -0.893200039863586426 47
10.5243075842408693 3.75358539610978648 0.173701345920562744 -0.974400043487548828 56
10.5071677564835184 3.80525305223183352 -0.00990379322320222855 -1.05560004711151123 56
10.488559240494407 3.85552428521544721 -0.0754256993532180786 -1.13680005073547363 50
10.2633215934794286 -4.18228729960893286 1.43294453620910645 -1.29920005798339844 47
10.1317071771655165 -4.69198174513723387 -0.463087886571884155 -1.46160006523132324 47
10.5962275776978156 3.77877717990966877 0.0575245916843414307 -0.893200039863586426 53
10.5632065462931966 3.86874806514561342 -0.118114762008190155 -0.974400043487548828 62
10.5774651077965576 3.83079159793669932 -0.0690280497074127197 -1.05560004711151123 61.5
10.5774651077965576 3.83079159793669932 -0.0690280497074127197 -1.13680005073547363 52
10.1927471626669686 -4.70379034374172367 0.738080978393554688 -1.38040006160736084 50
10.1699342304585088 -4.80641338471397273 -0.182535573840141296 -1.46160006523132324 51.5
10.0961397420933068 -4.96105084371325233 0.135753542184829712 -1.54280006885528564 47.5
10.6655481910228023 3.80396928404046175 -0.177576810121536255 -0.893200039863586426 50
10.6465699739166695 3.85633046838179272 -0.186840996146202087 -0.974400043487548828 59.5
10.6474380453551607 3.85633046838179272 -0.128167018294334412 -1.05560004711151123 59
10.666381032936826 3.80396928404046175 0.117358192801475525 -1.13680005073547363 48
10.4343913711923548 -4.37286647607329915 0.507102668285369873 -1.21800005435943604 45.5
10.411876295892208 -4.42522766041462923 0.515587151050567627 -1.29920005798339844 48.5
10.240900683998591 -4.77052844363854067 0.788451850414276123 -1.38040006160736084 52.5
10.2288342945946393 -4.8384564665678349 0.464676111936569214 -1.46160006523132324 54.5
10.1864553793589376 -4.93610299952869447 0.355881690979003906 -1.54280006885528564 50.5
10.6624624845426084 3.92033156945559069 -0.950210034847259521 -1.05560004711151123 49.5
10.5395169484884939 -4.2394283251089524 0.951758325099945068 -1.21800005435943604 47.5
10.2836716264608139 -4.86195190645055586 0.753351688385009766 -1.38040006160736084 46
10.2983150109466806 -4.86195190645055586 0.515895426273345947 -1.46160006523132324 51.5
10.264842765964147 -4.92320708722329936 0.595853865146636963 -1.54280006885528564 47
10.8632401679700781 3.69662263821744963 0.0250352732837200165 -0.974400043487548828 52
10.7368907981900978 -4.03789346362309409 0.30038103461265564 -1.13680005073547363 49
10.7034539070743762 -4.0837786166188117 0.659141242504119873 -1.21800005435943604 45.5
10.9429087171623109 3.69480441470486554 -0.0606333315372467041 -0.893200039863586426 49.5
10.878793826087092 3.87954463544010864 0.0590585842728614807 -0.974400043487548828 56.5
10.8623731662159901 3.92572969062391985 -0.000786696153227239847 -1.05560004711151123 57
10.8449265176825875 -3.94160580334335453 0.503804683685302734 -1.13680005073547363 52.5
10.7906962024345709 -4.03830576263445895 0.809614479541778564 -1.21800005435943604 48.5
10.5954126697965894 -4.57232046319727115 0.483349412679672241 -1.29920005798339844 46.5
10.6170780785908718 -4.49582646554908472 0.683888554573059082 -1.38040006160736084 46
10.9661233690729816 3.85098818727872638 -0.233788579702377319 -0.893200039863586426 49.5
10.9495962709252819 3.90473641923999093 -0.00079180451575666666 -0.974400043487548828 56.5
10.9193306792512317 3.97882182005146445 -0.278953522443771362 -1.05560004711151123 56.5
10.8995934926278633 -4.01078022824464941 0.503116488456726074 -1.13680005073547363 53
10.8949936623976633 -3.95122137661189621 0.90971606969833374 -1.21800005435943604 48.5
10.621214919650102 -4.6484957371904656 0.849654734134674072 -1.38040006160736084 49.5
10.9189525420316702 -4.14338446251220383 0.706305742263793945 -1.13680005073547363 47
10.6802541501888282 -4.58491661059924827 1.34191250801086426 -1.29920005798339844 50.5
10.741801945717711 -4.57175836777546163 0.776359438896179199 -1.38040006160736084 51
11.1686875036108955 -3.68585430411552029 0.570555388927459717 -0.974400043487548828 47.5
11.1976373478671523 -3.64171233640156222 -0.0385331250727176666 -1.05560004711151123 48
10.8487839784593767 -4.56722225947088933 0.308234125375747681 -1.29920005798339844 50
10.8309423574328019 -4.60106443471825699 0.414151251316070557 -1.38040006160736084 50.5
11.0364227117375115 -4.30460091088221208 0.300505727529525757 -1.13680005073547363 47
11.1000268194255298 -4.14319688635996819 0.214080408215522766 -1.21800005435943604 51.5
11.0840839854207456 -4.14911996982867493 0.591941714286804199 -1.29920005798339844 46.5
11.1713119062339779 -4.16941958393142365 0.152841165661811829 -1.13680005073547363 51.5
11.152162420085169 -4.22306472511138509 -0.0252035316079854965 -1.21800005435943604 55
11.1115060915899804 -4.3229042934185351 0.229254886507987976 -1.29920005798339844 52
11.2049625252603846 -4.14016023560737967 1.14363443851470947 -1.13680005073547363 52
11.2613827087563259 -4.11616799954446044 0.488284170627593994 -1.21800005435943604 52
11.214288034152192 -4.11171657491090592 1.77177083492279053 -1.13680005073547363 52.5
11.2673927837737988 -4.11171657491090592 1.39473581314086914 -1.21800005435943604 49
11.4045288401476324 -4.08107954650098836 0.950800061225891113 -1.13680005073547363 46.5
11.9511071460357705 2.49309330768267179 -0.637309491634368896 -0.730800032615661621 49
12.0173293778989745 2.55757240396713303 -0.576728343963623047 -0.730800032615661621 47
11.690941148750273 3.8163775715447068 0.217180058360099792 -0.893200039863586426 47
11.6836375168172264 3.8363586059507 0.254909127950668335 -0.974400043487548828 47.5
12.0731860948367764 2.68605286981703717 -0.404898405075073242 -0.730800032615661621 45
11.7890079804867085 3.76078329268568456 0.128239080309867859 -0.893200039863586426 50
11.7491966849822447 3.87366864645462172 0.302854478359222412 -0.974400043487548828 53.5
11.3560181826610727 -4.89118320508421967 0.507758677005767822 -1.29920005798339844 45
11.3125094523175918 -5.00561493356231946 0.334061175584793091 -1.38040006160736084 47.5
11.8124456658911381 3.91581432444684019 -0.367477566003799438 -0.893200039863586426 49.5
11.8161942120602763 3.91581432444684019 0.215584561228752136 -0.974400043487548828 54.5
11.4670722125120363 -4.84615082266662967 0.153629422187805176 -1.29920005798339844 46
11.8666705534715806 4.00670360555362937 0.0640440508723258972 -0.974400043487548828 50
11.9622301133134119 -4.12279404240367953 0.750501036643981934 -0.974400043487548828 45.5
11.9618987836667152 -4.14180039219578244 0.643509507179260254 -1.05560004711151123 46.5
11.6600244405111919 -4.95273798332551074 -0.412122637033462524 -1.29920005798339844 45.5
12.0502670007418384 -4.02769693032604348 1.06360173225402832 -0.974400043487548828 45
12.0457342771938443 -4.1073586575872385 0.769692182540893555 -1.05560004711151123 48
12.0911274429691495 -4.07382569402588235 1.29970121383666992 -1.05560004711151123 46.5
12.0790523712057194 -4.23889416235187166 0.780330061912536621 -1.13680005073547363 48.5
12.141955900201987 -4.28141471533828089 0.807715296745300293 -1.05560004711151123 49.5
12.140866710806236 -4.27335482317838178 0.864761233329772949 -1.13680005073547363 49.5
12.1082555955657725 -4.47654838636262831 1.30434131622314453 -1.13680005073547363 48
11.4097121326085524 6.15626737523321221 -0.519118249416351318 -1.21800005435943604 46
12.451861254358592 3.90557995337185604 0.00978621933609247208 -0.893200039863586426 45.5
12.2505995873669153 -4.44371831855461696 0.691869080066680908 -1.05560004711151123 47.5
11.4756640561967664 6.19185264423922188 -0.522118926048278809 -1.21800005435943604 47
13.2909583021047446 -4.15005720230110065 1.68169212341308594 -0.974400043487548828 46.5
13.3696136251282773 -4.15639259526819416 1.66968727111816406 -0.974400043487548828 49.5
13.8211804522614781 -3.93592642984798458 1.73467016220092773 -0.893200039863586426 46.5
14.0766231229334373 -3.70989346281747201 1.40571486949920654 -0.812000036239624023 51
14.0228766271694045 -3.82137302007454904 1.62686347961425781 -0.893200039863586426 49
14.1809666423720326 -3.84096975367780535 0.486979842185974121 -0.812000036239624023 46.5
14.1191281545003982 -4.2538236186970666 0.925115764141082764 -0.974400043487548828 47.5
14.2035372943172185 -4.32366346468697405 0.296621739864349365 -0.974400043487548828 47.5
14.4188198785307655 -4.52270536408927892 1.07947790622711182 -0.893200039863586426 47.5
14.451800215968845 -4.54352987602104186 -0.155962258577346802 -0.974400043487548828 49.5
14.4325690180110744 -4.60411027436798914 0.160092875361442566 -1.05560004711151123 47
14.6129566326661084 -4.22166834022675364 0.663069009780883789 -0.812000036239624023 47.5
14.5437747829713686 -4.46518954236691812 0.584248006343841553 -0.893200039863586426 53
14.5029273901676223 -4.62690284066312074 0.239767611026763916 -0.974400043487548828 53
14.5049097452833831 -4.62690284066312074 0.00207565049640834332 -1.05560004711151123 48
14.6889046601898272 -4.23099339457179813 0.65174490213394165 -0.812000036239624023 47.5
14.6292854291230334 -4.43938846009747667 0.604844570159912109 -0.893200039863586426 52.5
14.6185081567607433 -4.51012806949610123 0.219044327735900879 -0.974400043487548828 48
14.72756636591952 -4.32089889130725613 0.905138373374938965 -0.812000036239624023 46
14.7224638364446232 -4.32089889130725613 0.984652280807495117 -0.893200039863586426 52
14.7853902228879655 -4.36514389605652209 1.01993858814239502 -0.893200039863586426 46.5
14.9282309269677143 -4.13801420763050842 1.02488970756530762 -0.812000036239624023 46
14.9197787542857387 -4.05653432168560357 1.40369749069213867 -0.893200039863586426 47
14.9804145483390023 -4.24182743965019604 0.976771950721740723 -0.812000036239624023 48
14.9483914051225906 -4.24182743965019604 1.38293826580047607 -0.893200039863586426 53
14.8874918598420436 -4.3256503164447544 1.735321044921875 -0.974400043487548828 48
15.0501570222818497 -4.0467592596131583 1.67992806434631348 -0.893200039863586426 49
15.3618557812704601 -5.09527639808680011 -0.701116681098937988 -1.05560004711151123 45.5
15.7011244276388666 -4.81712587886980881 -0.225073099136352539 -0.974400043487548828 46
15.718688484301877 -5.01437733714997336 -0.1698598712682724 -0.974400043487548828 46
16.0748684989399564 -4.61460680900317843 -0.172176152467727661 -0.893200039863586426 47.5
16.0477250250557084 -4.70029470717760312 -0.321533054113388062 -0.974400043487548828 48
16.1418906655882779 -4.63530032311061557 0.439773529767990112 -0.893200039863586426 52.5
16.1868157822148433 -4.49044718801340892 0.250828146934509277 -0.974400043487548828 47.5
16.2574877825493473 -4.51049351999262438 0.339371055364608765 -0.812000036239624023 51
16.2463300270086251 -4.51049351999262438 0.691248476505279541 -0.974400043487548828 47.5
16.3075780991429262 -4.60890875513904952 -0.351276695728302002 -0.812000036239624023 49.5
16.6273917398745859 3.07331185832112164 -1.17776048183441162 2.35480022430419922 46.5
16.6664265383439414 3.07331185832112164 -0.295817375183105469 2.27360010147094727 49
16.6605581460644565 3.11779121671170989 0.0878261551260948181 2.19239997863769531 47
16.3310547785638995 -4.78460524583540714 -0.504835307598114014 -0.893200039863586426 48
16.7331222854523887 3.07414610059233562 -0.634762167930603027 2.35480022430419922 54.5
16.7322912131533954 3.10393021506174271 -0.496714532375335693 2.27360010147094727 57
16.7061469809644763 3.22944898318281393 -0.570963084697723389 2.19239997863769531 54.5
16.6960092189825779 3.30603670610414513 -0.40505024790763855 2.11120009422302246 46.5
16.426737037323452 -4.74157822131675655 0.299601584672927856 -0.893200039863586426 49
16.4000307737242217 -4.83132418134167896 0.327577024698257446 -0.974400043487548828 47
16.7571155524553035 3.32060052092214475 -0.763361155986785889 2.35480022430419922 53.5
16.7070190048543772 3.55564946384456126 -0.801793038845062256 2.19239997863769531 53
16.6828111666316374 3.62402733814926492 -0.97992098331451416 2.11120009422302246 45
16.8919418502148488 3.02182233347544704 -0.715236008167266846 2.35480022430419922 56
16.8797118929868368 3.13127754583854934 -0.501090884208679199 2.27360010147094727 59.5
16.8985349587372937 3.02182233347544704 -0.537373006343841553 2.19239997863769531 54.5
17.059206346561723 2.55217411119295923 -0.179933130741119385 2.43600010871887207 52.5
17.005869535718066 2.85179590296307861 -0.479767918586730957 2.35480022430419922 62.5
16.9749639358407514 3.0350178619591941 -0.449200928211212158 2.27360010147094727 67.5
16.9439968916344768 3.17297321932097587 -0.629047870635986328 2.19239997863769531 65.5
16.9054330620963249 3.3109285766827572 -0.898096442222595215 2.11120009422302246 55
16.7954344935289015 -4.23675728823595055 -0.344877064228057861 -0.812000036239624023 47
17.1068063102297003 2.73213474591403704 -0.219691261649131775 2.43600010871887207 58.5
17.067134358513556 2.93780257544005341 -0.487756282091140747 2.35480022430419922 67.5
17.0430304158634982 3.04821372602770468 -0.631782889366149902 2.27360010147094727 71
17.0249515495504902 3.14130548044474445 -0.66247248649597168 2.19239997863769531 68
16.9834612494151571 3.32532406475749598 -0.812343001365661621 2.11120009422302246 57.5
17.0484289984946571 -3.47887453420024473 0.0925286561250686646 -0.730800032615661621 46
17.1750242428208502 2.78309962736019578 -0.181497782468795776 2.43600010871887207 57
17.161177648762024 2.83963133854095018 -0.43650403618812561 2.35480022430419922 64.5
17.1268081360248878 2.95052046431858273 -0.852591633796691895 2.27360010147094727 67.5
17.109125727372362 3.06140959009621527 -0.815859675407409668 2.19239997863769531 65
17.0626856825722406 3.30058221432248233 -0.854961693286895752 2.11120009422302246 57.5
17.0927992331169953 -3.63362423104904675 0.0929274782538414001 -0.730800032615661621 45
17.2688314021240714 2.39111690685018408 -1.2023545503616333 2.35480022430419922 52.5
17.2129782738751089 2.75578953099993829 -1.22256052494049072 2.27360010147094727 60.5
17.08019316139249 3.35411467481450476 -1.54678249359130859 2.11120009422302246 52.5
17.2174061097311721 3.19964604665065488 -1.15140581130981445 2.35480022430419922 54
17.1807562318226985 3.19964604665065488 -1.60823690891265869 2.27360010147094727 56
17.2610200926300195 3.34326186356442534 -1.233054518699646 2.35480022430419922 48.5
17.2091259341666003 3.3829052848715131 -1.74429285526275635 2.27360010147094727 50.5
17.5780380519588171 2.4765894082281279 -0.910906970500946045 3.81640005111694336 46
17.5807803647694243 2.46326246970851459 -0.893964588642120361 3.73520016670227051 46.5
17.2875606832238695 -4.44544279057649572 0.0279894191771745682 -0.812000036239624023 45
18.141128825081605 2.8127616595247753 -0.79274451732635498 2.35480022430419922 46.5
18.0851630797388587 2.98037929311278216 -1.29802131652832031 2.27360010147094727 45
18.2384912613814549 2.74124429108460577 -0.495538979768753052 2.43600010871887207 47.5
18.2179317410006441 2.87726902882555757 -0.480449706315994263 2.35480022430419922 48
18.4800825112631948 3.12789405703088308 0.515097320079803467 2.27360010147094727 46.5
18.489136224026776 3.01102574792709898 1.86177659034729004 2.35480022430419922 45.5
18.4996567660064706 3.46267961011616343 0.391418665647506714 2.19239997863769531 46.5
18.5652613358477367 3.52607174067823914 0.328561514616012573 2.19239997863769531 48.5
18.9528084823416343 3.07100633808439527 -8.39258689211419551e-07 2.35480022430419922 47.5
18.9343541647090703 3.17417295725441839 -0.234303668141365051 2.27360010147094727 47
18.9953329086749747 3.26846445198831326 -0.141922950744628906 2.35480022430419922 49
18.9547918814616132 3.49487245382096035 0.165575951337814331 2.27360010147094727 47.5
18.9899628546708357 3.71399821575828248 0.100261718034744263 2.27360010147094727 48.5
18.9618058853844857 3.79137317858658029 -0.705627620220184326 2.19239997863769531 46
18.9464487849153578 -4.78698548325702333 1.13907301425933838 -0.812000036239624023 45.5
19.5892263359955656 -4.11436881522369102 2.52286696434020996 -0.730800032615661621 45
19.9107515410721092 -4.13221311649273115 -1.62690913677215576 -0.730800032615661621 45.5
20.3314132083835979 -2.95824287129946617 0.430087625980377197 -0.487200021743774414 48.5
20.3356685408667701 -2.95824287129946617 0.109279528260231018 -0.568400025367736816 50
20.2968511594833352 -3.17651599982416633 0.500120282173156738 -0.649600028991699219 53.5
20.2808681329231852 -3.28693652366607347 0.430087625980377197 -0.730800032615661621 48.5
20.4252007087036986 -2.85821570050335128 0.179985329508781433 -0.406000018119812012 45
20.4098851726577699 -2.96903921278616822 0.109678350389003754 -0.487200021743774414 59
20.4098851726577699 -2.96903921278616822 0.109678350389003754 -0.568400025367736816 64
20.3921804428881863 -3.07986272506898562 0.253100275993347168 -0.649600028991699219 62.5
20.3583094191937555 -3.29893245865129803 0.216544389724731445 -0.730800032615661621 54.5
20.2986977482349396 3.62882570451642783 -0.430250555276870728 2.35480022430419922 49
20.4841036919041208 -2.97983582884222242 0.110077187418937683 -0.487200021743774414 61.5
20.4843991861817152 -2.97983582884222242 0.00141058082226663828 -0.568400025367736816 67.5
20.443365929921427 -3.24367545952096092 -0.193339556455612183 -0.730800032615661621 55.5
20.369957473783959 3.64202156858493842 -0.53904116153717041 2.35480022430419922 48.5
20.35498446060814 3.72479478605277814 -0.53904116153717041 2.27360010147094727 49.5
20.558344735218558 -2.99063244489827662 -0.106228098273277283 -0.487200021743774414 57
20.5705320104425802 -2.90755932142888041 0.00141569168772548437 -0.568400025367736816 63.5
20.5719936316122585 -2.89457914588678689 -0.123224556446075439 -0.649600028991699219 62
20.5861095417442463 -2.65833995102069043 -0.863739073276519775 -0.730800032615661621 51.5
20.4368812296139559 3.65521743265344901 -0.757592499256134033 2.35480022430419922 45.5
20.4162369865831046 3.65521743265344901 -1.19051814079284668 2.27360010147094727 45.5
20.6438109275542203 -2.90502872987782235 -0.341142326593399048 -0.568400025367736816 50
20.6855173182060454 -2.50119065532081564 -0.758906662464141846 -0.649600028991699219 49.5
20.391640542068199 -4.33539713588941389 0.328351706266403198 -0.730800032615661621 49
20.3917091592853552 -4.33539713588941389 -0.324086427688598633 -0.812000036239624023 45
20.4197170557806054 -4.54187111461811988 -0.512098729610443115 -0.730800032615661621 48.5
20.5443556495910116 -4.28261413723095785 0.767229020595550537 -0.649600028991699219 48.5
20.6132255385895711 -4.3821820755321399 -0.216957390308380127 -0.649600028991699219 47.5
20.6741455512895165 -4.08196046699207749 0.270115524530410767 -0.730800032615661621 50
20.7142064565186814 -4.26298954544467712 0.266753166913986206 -0.649600028991699219 45
20.7659198437644541 -4.01191452571916862 -0.0605619065463542938 -0.730800032615661621 46.5
20.9227801231543289 -3.97382677503369885 -0.368833303451538086 -0.649600028991699219 49.5
20.9205433868605937 -3.97382677503369885 -0.479175776243209839 -0.730800032615661621 51
20.9303569340335827 3.84606811113442371 -0.904428422451019287 -5.1156001091003418 47
20.9603913773746413 3.74758747437873252 -0.554665565490722656 5.19680023193359375 45.5
20.9680187399794136 -4.15075055855702679 0.0641193240880966187 -0.649600028991699219 53
20.990850740173304 -4.03322608971757468 -0.0888936445116996765 -0.730800032615661621 54
18.8625145578467333 9.91479155300108239 -1.67125260829925537 -1.05560004711151123 47
18.8173395844177982 10.000263893975232 -1.67125260829925537 -1.13680005073547363 47
21.0088243151724647 3.87563646104649084 -0.706653475761413574 -5.1156001091003418 48.5
21.0040542454335828 3.8596103971138378 -0.907612979412078857 5.19680023193359375 47.5
21.0087716936824336 -4.18675780550156773 1.09777796268463135 -0.649600028991699219 50.5
20.9243388835928066 -4.57541329961022836 1.15765500068664551 -0.812000036239624023 46
21.0822586561139005 3.87315302749664836 -0.799744367599487305 -5.1156001091003418 46
21.0591562028939983 3.96964680534431613 -0.925407886505126953 5.19680023193359375 46.5
20.9912375009685022 -4.67210405379696958 0.930110692977905273 -0.730800032615661621 51.5
20.9999779354434537 -4.67210405379696958 0.705745518207550049 -0.812000036239624023 48.5
21.3029948722773632 -4.38392510279351644 0.161630243062973022 -0.730800032615661621 47.5
11.0906135024547634 19.7189389895162925 1.08824825286865234 5.1156001091003418 46.5
11.1150034315451105 19.784232488767902 1.21099591255187988 5.19680023193359375 46.5
11.0034768741962932 19.8694236721557367 0.745090126991271973 5.1156001091003418 48
22.4214070504552083 -3.86619908412153768 1.47413027286529541 -0.649600028991699219 48
22.3945471402385614 -4.13401243261632434 1.11098110675811768 -0.730800032615661621 47
22.4480791485446041 -3.87891664957071747 2.0744631290435791 -0.649600028991699219 46.5
22.9422569078506058 -3.99602888255929045 1.31918323040008545 -0.649600028991699219 46
22.988199839125361 -4.0234982501177079 1.7070930004119873 -0.568400025367736816 46
24.4711919194508525 -3.97071519044384003 1.29416918754577637 -0.568400025367736816 46.5
24.4885982442121808 -3.97071519044384003 0.906974315643310547 -0.649600028991699219 46
24.56946266835158 -3.92670455101463034 0.965695738792419434 -0.568400025367736816 50
24.5843497224893959 -3.92670455101463034 0.448145240545272827 -0.649600028991699219 49
24.6525507168413185 -3.89483968135406355 0.912454545497894287 -0.568400025367736816 49
24.6670700502037015 -3.82305978338039099 0.818861424922943115 -0.649600028991699219 49
24.7247907669060467 -3.74063344424733435 1.48153364658355713 -0.649600028991699219 46.5
24.8193571210997597 -3.51636236491392307 1.70307290554046631 -0.649600028991699219 45.5
24.8696719510338298 -3.62762620254102286 1.83840775489807129 -0.649600028991699219 45
25.3511056859044643 -3.35563296038777725 0.376609921455383301 -0.568400025367736816 46
25.6716438881870737 -3.11299272068679667 2.1629788875579834 -0.568400025367736816 45.5
23.9395509333197083 11.6374344348526275 -2.08759975433349609 -1.38040006160736084 47
26.4338945461541677 -3.85435294316334343 1.81491637229919434 -0.568400025367736816 46.5
26.4658315096318262 -4.07987980046393695 1.95877969264984131 -0.568400025367736816 46.5
19.7369937521620642 18.821010525870765 3.72106790542602539 -3.08560013771057129 45
19.6849391604057899 18.9826574353474129 3.73120689392089844 -3.00440025329589844 46.5
19.7084881464906303 19.231361862138133 2.76331925392150879 -3.08560013771057129 46
22.1223899470916407 18.2904816445876932 3.7630772590637207 -2.59840011596679688 45.5
22.3222083719743836 18.2617008112970183 3.26802945137023926 -2.59840011596679688 45
21.4266439582869985 19.4325118539002091 3.17591404914855957 -2.84200000762939453 46
21.4552027006956436 19.3925122973147097 3.22718453407287598 -2.92320013046264648 46
21.4395275777838954 19.3987451622246674 3.90076708793640137 -2.84200000762939453 48.5
21.4395275777838954 19.3987451622246674 3.90076708793640137 -2.92320013046264648 47
25.145609845579326 18.6981432198776432 0.948836326599121094 -2.35480022430419922 46
25.0475182062692099 18.9765477994030043 2.18233108520507812 -2.43600010871887207 45
24.2771914727039579 19.6964266717731817 4.43275737762451172 -2.51719999313354492 46.5
24.0351019000147872 21.4540084493142267 3.43504762649536133 -2.84200000762939453 45.5
25.0702005770362177 21.2904853550208166 2.68334031105041504 -2.67960023880004883 45
30.2855000621260011 18.3479418773375116 2.14879870414733887 -1.78640007972717285 45
29.8840936657603038 19.0483465201544533 1.6053851842880249 -1.86760008335113525 48.5
29.9964104924072856 18.8665959482842318 1.65612125396728516 -1.94880008697509766 46
29.9368222727212299 19.0886182729260376 1.79276812076568604 -1.86760008335113525 46.5
29.289244851889439 20.0659270976976778 1.81697762012481689 -2.11120009422302246 49
29.461388441456247 19.9435462273010309 1.84991371631622314 -2.03000020980834961 46.5
29.4212671923397302 19.9435462273010309 2.40511441230773926 -2.11120009422302246 49
28.5080440892520137 22.1906628057408639 4.24340486526489258 -2.43600010871887207 45.5
34.6998373865754104 18.8769608555161525 1.3443915843963623 -1.54280006885528564 46.5
34.6720007161864459 18.9658633399220342 0.611671745777130127 -1.62400007247924805 47
36.7778783317611442 17.652287683292311 -2.55932903289794922 -1.29920005798339844 48
36.8168236237310396 17.652287683292311 -1.91935086250305176 -1.38040006160736084 49.5
36.9091000640181619 18.5076112406216602 1.71530938148498535 -1.46160006523132324 46.5
40.1541767159390375 18.6714050912804481 -1.93041133880615234 -1.29920005798339844 48
40.1949863485552683 19.2717636175393103 2.08632087707519531 -1.29920005798339844 49
40.1321572011972947 19.5115453986603171 -0.316405266523361206 -1.38040006160736084 51
40.175982603453491 19.510824090195662 1.81885862350463867 -1.29920005798339844 47
40.1919315369749413 19.5443382455180696 0.847155511379241943 -1.38040006160736084 47.5
42.397704179330006 20.6592833632873933 2.86203622817993164 -1.38040006160736084 45.5
46.4235721619143007 18.6624741377427661 2.5640406608581543 -1.13680005073547363 51.5
46.3333074057570613 18.6624741377427661 3.86610102653503418 -1.21800005435943604 45.5
46.3718134912395783 18.8596981102484236 3.39082741737365723 -1.05560004711151123 47.5
46.478002417981962 18.6904122562003145 2.82748723030090332 -1.13680005073547363 51
52.2572756630431599 -0 1.36127579212188721 -3.65400028228759766 57
52.2572756630431599 -0 1.36127579212188721 -3.73520016670227051 61
52.266465192078968 0.117580704074841863 0.937271058559417725 -3.81640005111694336 56
52.3044400748723319 -0 2.18363261222839355 -3.65400028228759766 67
52.2924228696231879 -0 2.45461392402648926 -3.73520016670227051 72.5
52.2924228696231879 -0 2.45461392402648926 -3.81640005111694336 66.5
52.264793275968735 -0 4.09540510177612305 -3.65400028228759766 65.5
52.2082018737155238 0.117918098326593543 4.76138210296630859 -3.73520016670227051 70.5
52.1271222177793376 0.117918098326593543 5.57942485809326172 -3.81640005111694336 65
52.1444623491410297 -0.360820763882545414 -6.08895111083984375 -3.65400028228759766 54
50.0658237850497372 0.465786804284740397 15.79388427734375 -3.81640005111694336 54
52.5492604004101338 -0 1.64497292041778564 -3.65400028228759766 55
52.4621185966869206 0.0919764875540412113 3.44214391708374023 -3.73520016670227051 59.5
48.7682569115046931 12.6139182931256535 -15.0557861328125 -3.89760017395019531 53
52.6293740927169296 -1.40135280996649136 0.455863535404205322 -3.32920026779174805 47.5
52.6328132795480386 -0.361851664545338125 1.29568612575531006 -3.65400028228759766 51
52.6456347496070336 -0.118424181123928843 -0.667633175849914551 -3.73520016670227051 57.5
48.6984737603916003 12.9674478330702083 -15.2422666549682617 -3.89760017395019531 53.5
47.7621853662161726 13.7569423738964005 -17.3649883270263672 -3.97880029678344727 47.5
52.6791136979958736 -0 2.19927453994750977 -3.65400028228759766 49.5
52.7231341363164034 0.11859287824980469 -0.427756935358047485 -3.73520016670227051 55.5
52.6932609594636574 0.507313979179720098 -1.75744533538818359 -3.81640005111694336 49.5
48.7678455093025889 12.9859201683536138 -15.2639789581298828 -3.89760017395019531 46.5
51.4224619434510757 0.0922389053054036429 -11.6467914581298828 -4.22240018844604492 55.5
51.6267539241632889 -0 -10.7053346633911133 -4.30360031127929688 54.5
52.4766320056612656 -0.84452675822706158 5.77321958541870117 -3.65400028228759766 49.5
52.6968528195178365 -0 3.29881095886230469 -3.73520016670227051 54.5
52.7803847988519905 0.171544497764871878 1.42892658710479736 -3.81640005111694336 47.5
46.8429300308685583 23.9304574381996282 4.57313299179077148 -4.30360031127929688 55.5
46.4529078231578652 24.4912759885847855 5.49046182632446289 -4.38479995727539062 49
46.9598875493874743 23.9644499090636103 4.02992057800292969 -4.22240018844604492 46.5
46.7606701797466826 24.0437367573979799 5.57713127136230469 -4.30360031127929688 50
52.9285732412545542 0.119098961047139976 1.50154721736907959 -3.65400028228759766 50
52.8917614094148192 -0 2.48274683952331543 -3.73520016670227051 54.5
52.7555474178346913 0.119098961047139976 4.5321803092956543 -3.81640005111694336 49
53.0142165292793237 -0.172275506249911725 1.0555344820022583 -3.65400028228759766 51
52.9444353271398285 -0.119267658173015823 2.91950726509094238 -3.73520016670227051 55
52.8073764828223773 -0.284917183413315567 4.79066991806030273 -3.81640005111694336 49
53.0981208493148316 0.119436355298891669 -0.430799305438995361 -3.65400028228759766 48
53.0753964227673407 -0.172519179876176848 1.60711991786956787 -3.73520016670227051 52.5
53.1742708974916098 -0 0.279144912958145142 -3.65400028228759766 49
53.1705483556280711 0.119605052424767502 0.677917778491973877 -3.73520016670227051 50.5
53.1691924634729247 -0.285723180792500198 -0.73228687047958374 -3.81640005111694336 46.5
53.2441008810730025 -0.605522844950474814 0.511884033679962158 -3.65400028228759766 61
53.2358645241251978 -0.605522844950474814 1.06727397441864014 -3.73520016670227051 66.5
53.229617757210427 -0.605522844950474814 1.34311425685882568 -3.81640005111694336 62.5
53.2316025484339477 -0.851724441249019359 1.11083042621612549 -3.89760017395019531 47.5
53.3168844287492263 -0.566394846565516197 0.737990021705627441 -3.65400028228759766 70
53.3168844287492263 -0.566394846565516197 0.737990021705627441 -3.73520016670227051 76.5
53.3122764117907053 -0.566394846565516197 1.01788771152496338 -3.81640005111694336 71.5
53.3108415586853752 -0.606375659264258515 1.06877708435058594 -3.89760017395019531 49.5
53.3774525599191705 -0.120111135222102802 1.54705953598022461 -3.5728001594543457 47
53.38725927813325 -0.567191471882152132 1.01931929588317871 -3.65400028228759766 69
53.391726891939534 -0.42706181412303218 0.837317585945129395 -3.73520016670227051 75.5
53.3858224069299112 -0.607228516956186404 1.07028031349182129 -3.81640005111694336 70.5
53.4723993546440113 -0.514530393933019803 0.116667643189430237 -3.65400028228759766 57
53.4719028670419121 -0.567988097198788067 -0.0947879552841186523 -3.73520016670227051 61.5
53.4710188822846249 -0.608081374648114292 0.236976996064186096 -3.81640005111694336 57
53.4658861621006949 0.515252042749266503 2.95570516586303711 -3.73520016670227051 45
55.0065914074564759 -0.123991134796078248 3.60909533500671387 -3.73520016670227051 46.5
55.8571248221542405 -0.181535017291697631 1.40170645713806152 -3.73520016670227051 47
55.9469302622952966 -0.356565869412868164 0.465361326932907104 -3.65400028228759766 48.5
55.9426731153621617 -0.223727604337485897 0.877301871776580811 -3.73520016670227051 55.5
55.9500007629394531 -0 -2.44565217144554481e-06 -3.81640005111694336 50.5
56.01974052448832 -0.595073074338082875 0.485085546970367432 -3.65400028228759766 47
56.0199749258092083 -0.301036967018088963 0.687512457370758057 -3.73520016670227051 53
56.0236215680730893 -0.385047283395230089 -0.0802136138081550598 -3.81640005111694336 48.5
53.3401284506711306 19.8295844330873692 3.2586512565612793 -1.05560004711151123 46.5
55.2797099621754526 19.8007926789913924 5.21389913558959961 -0.974400043487548828 48
67.2844784846025874 -9.4001868351465685 7.26234579086303711 -0.568400025367736816 49
67.2504836071525887 -9.51971691297767819 7.41980838775634766 -0.649600028991699219 46
67.2417543873929446 -9.53016623121799533 8.14143085479736328 -0.568400025367736816 45.5
85.8952054504473352 -0.590715124838319672 3.01132583618164062 5.19680023193359375 50.5
85.867465400610314 -0.461831824873595365 3.73738193511962891 5.1156001091003418 52
85.9670945704064877 -0.343988690653635576 3.13703703880310059 5.19680023193359375 52.5
85.8328733316952963 -0.913719959548719651 5.67312526702880859 5.1156001091003418 53
85.8858673010937821 -0.828444472406140942 6.01189279556274414 5.19680023193359375 48
85.8560994713512997 -0.150626267710207429 6.47440528869628906 5.1156001091003418 49
89.9832687513461593 20.1616319043260752 2.56571841239929199 -0.649600028991699219 46
