
X Y Z V_r Mag
3.33224235326056206 2.66673709788342128 -0.245562300086021423 -3.49160003662109375 50.5
3.3305157070459952 2.66673709788342128 -0.267963886260986328 -3.5728001594543457 53
3.33379820057764187 2.66673709788342128 -0.223445042967796326 -3.65400028228759766 52.5
3.31765400960403101 2.68650257717462448 -0.226937726140022278 -3.73520016670227051 50.5
3.30576767585121356 2.70573385432282221 -0.162884637713432312 -3.81640005111694336 48.5
3.29126748785209511 2.72549933361402541 -0.121812373399734497 -3.89760017395019531 46.5
3.44523231530890017 2.64394464599218582 -0.249870434403419495 -3.08560013771057129 48.5
3.43607916451820605 2.66133901866318734 -0.182040557265281677 -3.16680002212524414 49.5
3.40434061326617332 2.69014844839953282 -0.309949010610580444 -3.32920026779174805 48.5
3.38894602875927875 2.71352213667619102 -0.272665023803710938 -3.4104001522064209 51
3.38894602875927875 2.71352213667619102 -0.272665023803710938 -3.5728001594543457 55
3.37494482785273942 2.7309165093471921 -0.272665023803710938 -3.65400028228759766 53.5
3.37734159093305708 2.73363438007703641 -0.208112373948097229 -3.73520016670227051 50.5
3.36416330383829587 2.74831088201819362 -0.227365151047706604 -3.81640005111694336 46.5
3.64796301190425609 2.47719848027330869 -0.36943286657333374 -1.86760008335113525 47.5
3.64301400216490645 2.47719848027330869 -0.415408223867416382 -1.94880008697509766 49
3.59715760157121567 2.55792860931792987 -0.313186168670654297 -2.27360010147094727 45
3.60538530734308305 2.54023433445883473 -0.359210461378097534 -2.35480022430419922 46.5
3.50094077717813112 2.67957674897420883 -0.379352748394012451 -2.92320013046264648 48.5
3.49952355931649484 2.7072240534415446 -0.0699877068400382996 -3.00440025329589844 45
3.49218186084167792 2.69948280819069053 -0.313186168670654297 -3.08560013771057129 52
3.49415777608953526 2.69948280819069053 -0.290311723947525024 -3.16680002212524414 55
3.4909825020740155 2.7072240534415446 -0.254178524017333984 -3.24800014495849609 51
3.44336102125911614 2.76030687801883001 -0.323416829109191895 -3.32920026779174805 45.5
3.43313337869691049 2.77800115287792471 -0.277366131544113159 -3.4104001522064209 48
3.44737597898399883 2.76030687801883001 -0.277366131544113159 -3.49160003662109375 49
3.72913906960412866 2.4950051111992857 -0.344195574522018433 -1.78640007972717285 45.5
3.7047598425119137 2.51918478660644585 -0.422449022531509399 -1.86760008335113525 48.5
3.70736675533223092 2.51918478660644585 -0.398924350738525391 -1.94880008697509766 49.5
3.63434104199667196 2.64514402593676801 -0.211611181497573853 -2.76080012321472168 49
3.55486547573345346 2.72499318658366896 -0.432832926511764526 -2.92320013046264648 51.5
3.57598846320140851 2.71712073412552391 -0.282067239284515381 -3.00440025329589844 51
3.58526703492746712 2.704187419372857 -0.288496911525726318 -3.08560013771057129 46.5
3.56503759053673352 2.72499318658366896 -0.338994801044464111 -3.16680002212524414 49
3.70143830377785665 2.66579063641290359 -0.351486861705780029 -2.43600010871887207 48
3.68626062270107147 2.68637147769766926 -0.354286104440689087 -2.51719999313354492 49.5
3.68381499721790906 2.68922992787610893 -0.35801774263381958 -2.67960023880004883 48
3.77302951944576437 2.68799271515876459 -0.401800245046615601 -2.35480022430419922 45.5
3.76056688770202019 2.70251926463541192 -0.420746743679046631 -2.43600010871887207 49
3.7442726677436502 2.73041023963057361 -0.38442644476890564 -2.51719999313354492 50
3.74965146186511689 2.72692386775617823 -0.355668783187866211 -2.59840011596679688 46.5
3.78345077907635563 3.39868793187164364 0.380033552646636963 -4.54720020294189453 46.5
3.77111767424604949 3.41462027732388318 0.359226644039154053 -4.62840032577514648 47.5
3.76444355714518464 3.42609156604949483 0.317594528198242188 -4.70960044860839844 47
3.7737707254889421 3.41716945259624083 0.302671074867248535 -4.79080009460449219 45
3.85706367520917537 3.43508852491534 0.322265028953552246 -4.46600008010864258 46.5
3.84504572122756239 3.44090851676854736 0.395473241806030273 -4.54720020294189453 47.5
3.83630989380322918 3.44866850590615748 0.412356942892074585 -4.62840032577514648 47
3.81804516970381957 3.46483514994284469 0.445055633783340454 -4.70960044860839844 45
4.42658545393855629 2.81899401772080704 -0.145300626754760742 -1.21800005435943604 45
4.4280437673729427 2.81899401772080704 -0.0905516743659973145 -1.29920005798339844 46
3.46329986644284205 4.13641152177420324 0.235912278294563293 2.19239997863769531 46.5
3.5323628936625715 4.18154713416450363 0.112719163298606873 2.19239997863769531 45.5
4.27619632545512296 3.76861815661146959 -0.0408034548163414001 -4.38479995727539062 45
4.27611933709769421 3.76861815661146959 0.0481867827475070953 -4.46600008010864258 46
4.52085855883542287 3.71135548979789265 0.100900627672672272 -3.73520016670227051 45
5.05973412612385598 -2.90066152915462627 -0.455804765224456787 3.65400028228759766 56
5.06724155000775323 -2.87726909746789561 -0.516614973545074463 3.5728001594543457 54.5
4.25495292905708222 4.11728339618437911 0.221312329173088074 5.03439998626708984 46.5
4.26631775338515773 4.10247568751261404 0.271762192249298096 4.95320034027099609 49.5
4.23873567375657512 4.12912956312179169 0.298391878604888916 4.87200021743774414 50.5
4.25812591669308205 4.10691800011414276 0.327435195446014404 4.79080009460449219 49.5
4.25812591669308205 4.10691800011414276 0.327435195446014404 4.70960044860839844 49.5
4.23458191129777006 4.13801418832485091 0.225348874926567078 4.62840032577514648 49
4.23610308214743014 4.13801418832485091 0.194668218493461609 4.54720020294189453 48
5.11541945352956251 -2.93784940047826204 -0.554213404655456543 3.73520016670227051 58.5
5.11201625895465828 -2.93784940047826204 -0.584771156311035156 3.65400028228759766 69
5.10011084389198377 -2.96524366152102781 -0.549386978149414062 3.49160003662109375 55.5
4.70693003735726201 3.71879658975237248 0.123936876654624939 -3.16680002212524414 45.5
4.68941503995812869 3.74278882581529126 0.0302706621587276459 -3.24800014495849609 45.5
4.68911165677066144 3.74278882581529126 0.0613583140075206757 -3.32920026779174805 46
4.67016509809974156 3.76678106187820916 0.0302706621587276459 -3.4104001522064209 46
4.3974175435810281 4.0629352257798601 0.394051432609558105 -5.03439998626708984 46.5
4.37818084023911069 4.0944250356124412 0.259264290332794189 -5.1156001091003418 49
4.35155269582596027 4.12666460282198777 0.186093032360076904 5.19680023193359375 52.5
4.3286740942870825 4.15065683888490611 0.186093032360076904 5.1156001091003418 55.5
4.32528447665557358 4.15440562576973704 0.181186527013778687 5.03439998626708984 56.5
4.32385101050524767 4.15440562576973704 0.212667226791381836 4.95320034027099609 57
4.32221104659535538 4.15440562576973704 0.243734002113342285 4.87200021743774414 56.5
4.30406404814975296 4.17464907494782445 0.217572882771492004 4.79080009460449219 55
4.32032163650210776 4.15440562576973704 0.27520221471786499 4.70960044860839844 52.5
4.30406404814975296 4.17464907494782445 0.217572882771492004 4.62840032577514648 50
4.28818407592918494 4.19039397986411544 0.228201389312744141 4.54720020294189453 50
4.28338450763353418 4.19864131101074367 0.155017033219337463 4.46600008010864258 46.5
5.17672515887695894 -2.97503727180189781 -0.592173337936401367 3.73520016670227051 60.5
5.1478591907138247 -3.00727683901144482 -0.675154805183410645 3.49160003662109375 59
4.78895821791307252 3.73415741987320793 0.166063368320465088 -3.08560013771057129 45
4.4617610005464714 4.12283166239711107 -0.0240218006074428558 -4.62840032577514648 45
4.44048053129796294 4.14560554379499635 0.0414169356226921082 -4.70960044860839844 46
4.45874959121427228 4.12283166239711107 0.165649279952049255 -4.79080009460449219 48.5
4.45745113818957162 4.12283166239711107 0.197526440024375916 -4.87200021743774414 51
4.43069453166167726 4.15016032007457358 0.225259363651275635 -4.95320034027099609 53.5
4.43618569671473217 4.14560554379499635 0.19959653913974762 -5.03439998626708984 55
4.43220009672890036 4.15016032007457358 0.193386897444725037 -5.1156001091003418 56.5
4.40718033053775748 4.17824810713196459 0.156954750418663025 5.1156001091003418 58
4.38503545688871021 4.20254024728970865 0.125486090779304504 5.03439998626708984 57
4.40718033053775748 4.17824810713196459 0.156954750418663025 4.95320034027099609 54.5
4.40084533773161901 4.17824810713196459 0.283606380224227905 4.87200021743774414 52
4.37789935431384603 4.20633589418935649 0.215325579047203064 4.79080009460449219 48.5
5.2122076760668028 -3.04486794289722207 -0.683594286441802979 3.73520016670227051 52
5.19856549544908653 -3.06764182429510734 -0.685651600360870361 3.65400028228759766 60.5
5.2038611753778854 -2.98793323940250977 -0.947476029396057129 3.49160003662109375 53.5
4.56291569280049814 4.11148207969475976 0.313073009252548218 -4.54720020294189453 47
4.56333667558272005 4.11763009028121996 0.208765134215354919 -4.62840032577514648 50.5
4.55283087485930515 4.13146311410075295 0.158892452716827393 -4.70960044860839844 52
4.53973442723364418 4.14529613792028684 0.172723919153213501 -4.79080009460449219 51.5
4.51571270560861748 4.17373068688266269 0.103978551924228668 -4.87200021743774414 52
4.49104611114206875 4.20139673452172957 0.0356395244598388672 -4.95320034027099609 53.5
4.49104611114206875 4.20139673452172957 0.0356395244598388672 -5.03439998626708984 54.5
4.51007050503141382 4.18064719879242919 0.0628922730684280396 -5.1156001091003418 54
4.46429533627196484 4.22983128348410453 -0.0331232436001300812 5.1156001091003418 51
5.39426972336040134 -2.91799952459831857 -0.457858085632324219 3.73520016670227051 47
5.34710328685326175 -3.0002291661922138 -0.479179352521896362 3.65400028228759766 50.5
5.04605334917296844 -3.4989865250187373 -0.3419627845287323 3.49160003662109375 53.5
5.03574333459210521 -3.4989865250187373 -0.469982504844665527 3.4104001522064209 57.5
4.9669098474835307 -3.59043818249232194 -0.510941684246063232 3.32920026779174805 53
4.93421114716291331 -3.63962226718399728 -0.478761285543441772 3.24800014495849609 48
4.64954773805242372 4.13906396908653917 0.0220690779387950897 -4.38479995727539062 45
4.6465512601414094 4.12661799586620681 0.362233966588973999 -4.46600008010864258 45
4.63899024483109468 4.13906396908653917 0.313923507928848267 -4.54720020294189453 48.5
4.64292491271187568 4.13906396908653917 0.24905693531036377 -4.62840032577514648 50
4.64456105317299439 4.13906396908653917 0.216400951147079468 -4.70960044860839844 48
4.56674833114413481 4.22463003497631906 -0.218945994973182678 -4.95320034027099609 46.5
5.38686221129620524 -3.11149330508290856 -0.22573167085647583 3.65400028228759766 46.5
5.34309517401689504 -3.17216742453202549 -0.373249202966690063 3.5728001594543457 50.5
5.08848211259225813 -3.52454404133266408 -0.659974932670593262 3.49160003662109375 55
5.02438328568417614 -3.62722332040040074 -0.591147541999816895 3.4104001522064209 65.5
4.99111677554321354 -3.68400807321816348 -0.517172694206237793 3.32920026779174805 67
4.9943846824454754 -3.68400807321816348 -0.484599858522415161 3.24800014495849609 59.5
4.69563054592398821 4.19837902303630095 -0.121115587651729584 -4.38479995727539062 46
5.45445138278376174 -3.12378922996588049 -0.425325274467468262 3.65400028228759766 50.5
5.43581778575888475 -3.15764077656077324 -0.413753807544708252 3.5728001594543457 50.5
5.15482184750864469 -3.61345578768734743 -0.246478721499443054 3.49160003662109375 58
5.05447223867402773 -3.70320174842729433 -0.654684484004974365 3.4104001522064209 69
5.04008631312054778 -3.72839359705605133 -0.621782004833221436 3.32920026779174805 72
5.51381288262497993 -3.16097733772423606 -0.496710330247879028 3.65400028228759766 46
5.49238898680553067 -3.21196084317140151 -0.396992951631546021 3.5728001594543457 47.5
5.21042627672730596 -3.67081239219588706 -0.131248131394386292 3.49160003662109375 58
5.09247036263677355 -3.79827115581379982 -0.529634714126586914 3.24800014495849609 63
5.24808781710226313 -3.74865584356896564 -0.0875061005353927612 3.49160003662109375 49.5
5.07696854090464011 -3.90582374068699334 -0.755932986736297607 3.32920026779174805 46
5.96782328392748962 -2.81481428303609515 -0.148027092218399048 3.89760017395019531 48.5
5.96857306777028551 -2.81481428303609515 -0.113836392760276794 3.81640005111694336 57
5.96636176004872798 -2.81976268201008162 -0.107087545096874237 3.73520016670227051 54.5
5.09556936705145525 -4.1871702651550704 -0.250571608543395996 3.24800014495849609 49
5.09126204839827512 -4.17727346720709658 -0.435252606868743896 3.16680002212524414 51
6.04326384335596334 -2.82928451856508811 -0.172456234693527222 3.89760017395019531 53.5
6.04647887134256301 -2.82177757261370665 -0.182464465498924255 3.81640005111694336 61.5
6.0474343146121381 -2.82177757261370665 -0.147433996200561523 3.73520016670227051 58.5
5.19173907066828022 -4.19471457661079938 0.0764518007636070251 3.32920026779174805 58
5.14224382064341778 -4.25560424932755943 -0.0527887344360351562 3.24800014495849609 66
5.11408275734774609 -4.28563203313308438 -0.187468439340591431 3.16680002212524414 67.5
5.12587457813571401 -4.27061814123032146 -0.207028284668922424 3.08560013771057129 60
6.10196096933310805 -2.88384823455073924 -0.109521351754665375 3.89760017395019531 46.5
6.11326196428680824 -2.85348305863853469 -0.219473600387573242 3.81640005111694336 52.5
5.21638570088319931 -4.28233328072948272 -0.115963391959667206 3.24800014495849609 68.5
5.17014439082781241 -4.33378538435849592 -0.224532991647720337 3.16680002212524414 70.5
5.16850843202389409 -4.33378538435849592 -0.259485125541687012 3.08560013771057129 62.5
6.13761477347341078 -2.97473749355135908 -0.247488930821418762 3.81640005111694336 53
6.12563849835303831 -3.00202866321696771 -0.212145760655403137 3.65400028228759766 46
5.3323833672267682 -4.25742246783497258 0.143769070506095886 3.32920026779174805 52
5.24345329545717131 -4.36658714649740709 -0.14051268994808197 3.24800014495849609 59.5
5.2055983383457054 -4.4032596557355701 -0.306069612503051758 3.16680002212524414 62
5.22401576397185785 -4.38193842943431289 -0.298167496919631958 3.08560013771057129 54.5
6.22796748735833905 -2.94793358336904099 -0.363467216491699219 3.81640005111694336 49
6.05914854144681669 -3.8768455988688455 -0.311116933822631836 3.5728001594543457 45
6.05914854144681669 -3.8768455988688455 -0.311116933822631836 3.49160003662109375 47.5
6.75062538289035086 -2.9050663153713292 0.110238432884216309 3.89760017395019531 47
6.12003970228071736 -4.05588771693954797 -0.342628717422485352 3.49160003662109375 47
6.11487738179687224 -4.06782760378742214 -0.289059996604919434 3.4104001522064209 52
6.90910841696397338 -2.7018257530404437 -0.308195114135742188 3.89760017395019531 49.5
6.88905130410063116 -2.76584566271070154 -0.147298261523246765 3.81640005111694336 48
6.2214340754073536 -4.0378934331153884 -0.346124917268753052 3.49160003662109375 48.5
6.94731647799584717 -2.81908791662569902 -0.193771064281463623 3.97880029678344727 54
6.95941070746757617 -2.78909761964031944 -0.193771064281463623 3.89760017395019531 58.5
6.97925263690378728 -2.73286581279273255 -0.267367094755172729 3.81640005111694336 52
7.0172976486190386 -2.82740077909892751 -0.379424631595611572 3.97880029678344727 51
7.03490492806561285 -2.7866983239595724 -0.353633284568786621 3.89760017395019531 55
7.0817006846109587 -2.66553752726567783 -0.353633284568786621 3.81640005111694336 46.5
6.91046786575692185 -3.25497797300428671 0.415994256734848022 3.89760017395019531 46
6.96358159692169387 -3.16416360958713305 0.138203799724578857 3.81640005111694336 51
7.03298979131711288 -3.19518493939564063 0.0589858926832675934 3.89760017395019531 49.5
7.03185226431450516 -3.19518493939564063 0.139558747410774231 3.81640005111694336 53.5
7.0234446515603004 -3.21256056746486118 0.162201911211013794 3.73520016670227051 46.5
7.07869855379969248 -3.27494030267110769 0.0824240595102310181 3.81640005111694336 49
6.75514326292727851 -4.33209843300124842 -0.0399395599961280823 3.5728001594543457 45
6.82560481452163614 -4.34930526074274582 -0.323521941900253296 3.49160003662109375 46
6.89366833066750573 -4.3895765014377206 -0.19895268976688385 3.49160003662109375 47
7.72186097023943496 -2.90306056361314235 0.0871792882680892944 3.97880029678344727 51.5
7.71381287504373159 -2.9216170586930561 0.154105395078659058 3.89760017395019531 49.5
7.79065938087142928 -2.92945229175016353 -0.171962171792984009 4.06000041961669922 47.5
7.79953589459754504 -2.91072709954437414 -0.0232705380767583847 3.97880029678344727 56.5
7.80487726903341805 -2.89616306116209365 -0.0420002825558185577 3.89760017395019531 53.5
7.88661671387952623 -2.88866541875009375 -0.129994496703147888 3.97880029678344727 53.5
7.91089889566707427 -2.82148715319776544 -0.129994496703147888 3.89760017395019531 48
7.93166217445505328 -2.92398829800986126 -0.603866100311279297 3.97880029678344727 45
11.4488658649045369 15.8775282431381406 -0.0907488614320755005 1.38040006160736084 45.5
19.2998664346969555 3.63652974395170769 -0.642929613590240479 3.16680002212524414 46
19.2894015383518607 3.56286607594458316 -1.16082310676574707 3.08560013771057129 47.5
19.2741320568306485 3.66599521115455707 -1.09127509593963623 3.00440025329589844 49.5
19.2919550956641324 3.63652974395170769 -0.847751319408416748 2.92320013046264648 51
19.3096859563959775 3.56286607594458316 -0.751375734806060791 2.84200000762939453 51.5
19.312159671183398 3.58250972074648288 -0.573300480842590332 2.76080012321472168 51
19.3191804681872554 3.56286607594458316 -0.444733321666717529 2.67960023880004883 47
19.400753061923659 3.5394921815025695 -0.398031145334243774 3.24800014495849609 46
19.3826890294076399 3.56167562832257145 -0.837551653385162354 3.16680002212524414 47
19.3349746790512 3.67998734469591682 -1.300811767578125 3.08560013771057129 50.5
19.3554632811666991 3.65040941560258059 -1.05649781227111816 3.00440025329589844 53.5
19.3742951636885508 3.57646459286924001 -0.959800779819488525 2.92320013046264648 55.5
19.3779420701838987 3.56167562832257145 -0.940994918346405029 2.84200000762939453 56
19.3554632811666991 3.65040941560258059 -1.05649781227111816 2.76080012321472168 55
19.383385917520183 3.57646459286924001 -0.754243552684783936 2.67960023880004883 51
19.3902581454321847 3.57646459286924001 -0.549948692321777344 2.59840011596679688 45
19.3633917862186138 3.57521825870538246 -2.07771849632263184 3.08560013771057129 45
19.4117270680299718 3.57521825870538246 -1.56291079521179199 3.00440025329589844 52
19.4374864609600095 3.56284726127041607 -1.23705589771270752 2.92320013046264648 55
19.4690045560040197 3.48367287768662903 -0.928391993045806885 2.84200000762939453 56
19.4463769836914189 3.57521825870538246 -1.0470353364944458 2.76080012321472168 54.5
19.4161589893630477 3.75583482125589718 -0.97288745641708374 2.67960023880004883 51.5
19.3997107125863302 3.90676098996249133 -0.654584348201751709 2.59840011596679688 46.5
19.5789301217883427 3.40497626765595562 -0.295382916927337646 3.32920026779174805 49.5
19.5140140565877225 3.73529125204562895 0.516203463077545166 3.16680002212524414 51.5
19.6064282428064196 3.11439842424549118 -0.950858175754547119 2.92320013046264648 48.5
19.5470308146764573 3.58876054468479655 -0.223573699593544006 2.84200000762939453 53.5
19.5223625550985567 3.70797196762242276 -0.379380851984024048 2.76080012321472168 54
19.4058450062109245 4.29161122575455245 -0.104336574673652649 2.59840011596679688 48.5
19.6218681581240944 3.58983845819886138 -0.312817424535751343 3.24800014495849609 56
19.6051848578297232 3.66961264615883609 -0.416169643402099609 3.16680002212524414 58.5
19.6049371067800529 3.69204913652257938 -0.133292272686958313 3.08560013771057129 58.5
19.5440740782686291 3.96627290763499207 0.548063576221466064 3.00440025329589844 54.5
19.5589032029052525 3.90893521003876021 0.414810240268707275 2.84200000762939453 55.5
19.6405504108567683 3.27074170635896255 1.24642574787139893 2.76080012321472168 48.5
19.4131943609862567 4.57455109082979927 -0.451523125171661377 2.67960023880004883 51.5
19.4329301689446261 4.51222750648606841 -0.0598464459180831909 2.59840011596679688 52
19.4049215960264547 4.62690290167853213 -0.20809657871723175 2.51719999313354492 48.5
19.7223388857997435 3.44318604034586562 -0.417734205722808838 3.32920026779174805 54.5
19.6981387077773924 3.60333422826892935 -8.75320608884067042e-07 3.24800014495849609 58.5
19.6885014469843007 3.61584580545041812 -0.537841141223907471 3.16680002212524414 59.5
19.6930970497793716 3.61584580545041812 -0.329009205102920532 3.08560013771057129 62.5
19.667059822687424 3.76348241619199264 -0.208878904581069946 3.00440025329589844 62.5
19.6523972321474041 3.84355651015352429 -0.105124026536941528 2.92320013046264648 60
19.64217411559558 3.88859818800688606 0.253929495811462402 2.84200000762939453 57
19.6041372181096705 3.98118385914990691 -0.910302639007568359 2.76080012321472168 57.5
19.5600143385930423 4.25643855714267261 -0.537841141223907471 2.67960023880004883 57.5
19.5120113425615216 4.48414926184577833 -0.417734205722808838 2.59840011596679688 55.5
19.4974500505352033 4.52919093969913966 -0.580146670341491699 2.51719999313354492 53
19.5152251460388904 4.43910758399241701 -0.671573340892791748 2.43600010871887207 47.5
19.8162930474146606 3.35310249277427408 -0.28502500057220459 3.32920026779174805 52.5
19.7861661601398104 3.53645566279114432 -0.105517745018005371 3.24800014495849609 59
19.7260079120467644 3.85795163213579384 0.104147829115390778 3.16680002212524414 56.5
19.7556667485004454 3.64445821499286282 -0.664502263069152832 3.08560013771057129 61.5
19.7450394881075155 3.719808832808015 -0.553553760051727295 3.00440025329589844 64
19.7451386752718747 3.74994907993407578 -0.278172820806503296 2.92320013046264648 63
19.6792551618035105 4.08651517284175547 -0.193217560648918152 2.84200000762939453 61
19.6805182949385795 4.01869961680811816 -0.732977509498596191 2.76080012321472168 61.5
19.6358576722834073 4.27238003011913126 -0.435739517211914062 2.67960023880004883 59
19.5732931214955741 4.54615394151418428 -0.478209078311920166 2.59840011596679688 57
19.575858957905119 4.50094357082509244 -0.732977509498596191 2.51719999313354492 54.5
19.5716268493566936 4.50094357082509244 -0.83841407299041748 2.43600010871887207 47.5
19.8754436949967399 3.4563723319066666 0.225573450326919556 3.4104001522064209 52
19.9072858322130166 3.27233500132374466 0.149925991892814636 3.32920026779174805 54
19.8765227184488751 3.4563723319066666 -0.0894058272242546082 3.24800014495849609 59.5
19.7739116378980633 3.95302101854825239 0.62986290454864502 3.16680002212524414 56.5
19.7862152420146806 3.87234712021053262 -0.735712528228759766 2.92320013046264648 63.5
19.747795979067746 4.08663716267010013 -0.595490753650665283 2.84200000762939453 62
19.6581683480608831 4.51773830691228806 -0.420863300561904907 2.67960023880004883 56
19.6338181472925832 4.59841220525000782 -0.631237268447875977 2.59840011596679688 57
19.6614062249094843 4.47235923909732147 -0.676603853702545166 2.51719999313354492 54
19.9501428282504989 3.4540385160111815 0.352030158042907715 3.49160003662109375 47
19.9532164566309831 3.4540385160111815 0.0358951017260551453 3.4104001522064209 55
19.9662198860870141 3.37812558159335374 0.0289935152977705002 3.32920026779174805 57.5
19.9142336914563565 3.67165559467562286 0.0690293833613395691 3.16680002212524414 59
19.5933303772360361 4.64334115522382351 -2.14553332328796387 2.76080012321472168 48
19.6539920996850341 4.76480185029234793 -1.03912103176116943 2.67960023880004883 53.5
19.7287218535955162 4.53453261589160217 -0.527322828769683838 2.59840011596679688 56
19.7023638080297978 4.64334115522382351 -0.564586102962493896 2.51719999313354492 49
20.0393561962164952 3.39063728509581219 -0.182910174131393433 3.49160003662109375 48.5
20.0270307165445054 3.46683138139009994 -0.0692844018340110779 3.4104001522064209 56.5
20.0270307165445054 3.46683138139009994 -0.0692844018340110779 3.32920026779174805 59
20.0251741019511584 3.46683138139009994 -0.281286686658859253 3.24800014495849609 59
20.023553067740643 3.48207020064895723 -0.195380449295043945 3.16680002212524414 58
20.0152974673583763 3.49476921669800555 0.529276549816131592 3.08560013771057129 59.5
19.8527394936807582 4.35576250482345895 0.0415716953575611115 2.84200000762939453 57
19.8036300883895713 4.50561089420222505 -0.78826296329498291 2.67960023880004883 54
19.7982107972487498 4.59704380975537052 -0.060971379280090332 2.59840011596679688 53
19.7512583715289693 4.79514846012051965 -0.00138438085559755564 2.51719999313354492 47.5
20.0972795160903104 3.47962424676901838 -0.389402270317077637 3.49160003662109375 48
20.1133029094816784 3.40314898859827064 -0.183585122227668762 3.4104001522064209 56
20.1139947603680085 3.40314898859827064 -0.0764951705932617188 3.32920026779174805 58
20.1362350594882891 3.26294434861856653 -0.212790504097938538 3.24800014495849609 56.5
20.1303520567044956 3.26294434861856653 0.531229615211486816 3.16680002212524414 57
20.1089989638054121 3.40314898859827064 0.454757541418075562 3.08560013771057129 60
20.1389264385832334 3.21705919371611815 0.483956575393676758 3.00440025329589844 57.5
20.1440613481926505 3.21705919371611815 0.165505468845367432 2.92320013046264648 53.5
19.8819597334967284 4.5681220880659934 -0.00138948939274996519 2.84200000762939453 56
19.8390742579399308 4.74911353240342926 -0.130734875798225403 2.76080012321472168 53
19.9538416885989207 4.24182765320413679 0.10570228099822998 2.67960023880004883 50.5
19.7995870492369761 4.89441652292785001 -0.425556927919387817 2.59840011596679688 49.5
19.8559387520433894 4.67773662477739816 -0.143251433968544006 2.51719999313354492 51.5
20.1712905128682323 3.41566037391489186 -0.823371648788452148 3.49160003662109375 48
20.1852281293363376 3.38495780875610652 -0.569463670253753662 3.4104001522064209 54
20.1951673787045323 3.32099413134196952 -0.593183696269989014 3.32920026779174805 54.5
20.2287927697605241 3.16492275845147653 -0.0697957277297973633 3.24800014495849609 52.5
20.1802504782776495 3.41566037391489186 0.56248629093170166 3.16680002212524414 57.5
20.1829279734404956 3.41566037391489186 0.456429421901702881 3.08560013771057129 60
20.1838927347470438 3.43868729778398086 -0.107486359775066376 2.92320013046264648 57.5
19.9095592179793819 4.69493392219762296 -0.890318036079406738 2.84200000762939453 54.5
19.9410802001883809 4.58491639704530751 -0.746652483940124512 2.76080012321472168 58.5
20.0037424018197783 4.3674398938372434 -0.0376894250512123108 2.67960023880004883 49
19.9140167106658339 4.69493392219762296 -0.784317076206207275 2.59840011596679688 51.5
19.9407760915693615 4.6309702447834864 -0.381065040826797485 2.51719999313354492 53
20.2611944554690062 3.42817207741735031 -0.184935018420219421 3.4104001522064209 49.5
20.3026417050718315 3.14570096991479708 -0.458100676536560059 3.32920026779174805 47.5
20.2535778417532981 3.45128334984937712 -0.428686022758483887 3.24800014495849609 50.5
20.229428204113443 3.61563017603268078 -8.98269092886039289e-07 3.08560013771057129 58
20.1982415672157849 3.77997700221598443 0.212954595685005188 3.00440025329589844 54.5
20.2778957127330912 3.32288739189367099 -0.260586172342300415 2.92320013046264648 55
20.0905564125403551 4.27301748076589583 -0.64297032356262207 2.84200000762939453 56.5
20.0183408485338639 4.5554885882684486 -0.903376340866088867 2.76080012321472168 57.5
19.9038560682458154 5.09475161168241364 0.427285730838775635 2.67960023880004883 47
20.0183408485338639 4.5554885882684486 -0.903376340866088867 2.59840011596679688 50.5
20.0079436722989712 4.68388454622415473 -0.214355126023292542 2.51719999313354492 49
19.0544954026973556 -7.69091788154679001 0.280197829008102417 1.70520007610321045 47
18.9183739855466619 -7.9554135549355447 1.05311667919158936 1.62400007247924805 46
20.3591812155490324 3.29893245865129803 0.10686810314655304 3.08560013771057129 52.5
20.2216822769888829 4.02572851594791281 -0.517407774925231934 2.92320013046264648 53.5
19.9257218157324409 5.21128236827572255 -1.09487497806549072 2.76080012321472168 50
19.9351895429307042 5.24220986007557865 -0.705748498439788818 2.67960023880004883 46.5
20.0475980669750342 4.83757517569413054 -0.286844730377197266 2.59840011596679688 47.5
20.0522966808648384 4.78345206504438192 0.643911838531494141 2.51719999313354492 48
20.0941051475649104 4.61850544211181724 0.535682797431945801 2.43600010871887207 47
19.069392311776916 -7.85042833519676098 0.34589618444442749 1.70520007610321045 47.5
19.0398857467905032 -7.91743790076311527 0.433063328266143799 1.62400007247924805 48
20.449201743538076 3.19970218774117132 -0.286476492881774902 3.32920026779174805 48
20.4373814952263437 3.26436876388792108 0.383841991424560547 3.08560013771057129 50
20.1249690829313579 4.84481988491448146 -0.0578618720173835754 2.92320013046264648 49
20.1052435956275914 4.88361983060253113 -0.647663533687591553 2.84200000762939453 49.5
20.113280969533939 4.85516653709796131 -0.610986769199371338 2.67960023880004883 48.5
20.1551436367691146 4.71807339566685258 -0.00140992295928299427 2.59840011596679688 52
20.1353025898443363 4.80084661313469141 0.10725671797990799 2.51719999313354492 48.5
20.2208408676799571 3.45319516623642997 -2.7718350887298584 1.86760008335113525 48
20.1719505511801032 3.5463150358877491 -3.00101947784423828 1.78640007972717285 51
20.3482114322493821 3.45319516623642997 -1.58611452579498291 1.62400007247924805 49.5
20.3030403293129531 3.5463150358877491 -1.92359364032745361 1.46160006523132324 48.5
20.5412952637675978 3.10226195456027876 0.178461238741874695 3.32920026779174805 49.5
20.5221305487573211 3.21129542911386112 0.361156880855560303 3.24800014495849609 52
20.5383646741160071 3.12303023542762714 0.151551634073257446 3.08560013771057129 45.5
20.3552512232174223 4.15365617346982852 0.107645332813262939 2.92320013046264648 49
20.2936355201873084 4.43143193007062397 -0.362572640180587769 2.84200000762939453 51.5
20.1943378446929529 4.8182411612250009 -0.757592499256134033 2.76080012321472168 45.5
20.2634852395711391 4.54046540462420634 -0.613200545310974121 2.67960023880004883 50.5
20.2370004507893597 4.65209491428620758 -0.650010168552398682 2.59840011596679688 52.5
20.2860857299083399 3.57214430918405279 -2.70465970039367676 1.86760008335113525 53
20.3046440795463532 3.55916413364195927 -2.57962584495544434 1.78640007972717285 56
20.3309863343847006 3.55916413364195927 -2.36305403709411621 1.70520007610321045 55.5
20.4206093587944473 3.40599806224525947 -1.73163282871246338 1.62400007247924805 53
20.4003835858678002 3.54358792299144776 -1.6935197114944458 1.54280006885528564 53
20.4065796165236293 3.48907118571465613 -1.73163282871246338 1.38040006160736084 46.5
20.6316898673616187 3.00142878638497868 0.217485055327415466 3.4104001522064209 47.5
20.6282816825557269 3.00142878638497868 0.433523446321487427 3.32920026779174805 50.5
20.6143771873948829 3.097828842892135 0.416468918323516846 3.24800014495849609 51.5
20.3226507868849708 4.62199189847825753 -0.591260135173797607 2.84200000762939453 50.5
20.3375261244284609 4.5255918419711012 -0.791578471660614014 2.67960023880004883 46
20.3192220092237825 4.62199189847825753 -0.699241101741790771 2.59840011596679688 49
20.4167321004978746 3.57201290463003973 -2.26280832290649414 1.86760008335113525 53.5
20.4043822716226373 3.57201290463003973 -2.37158489227294922 1.78640007972717285 57
20.4343244947137848 3.47821825505550919 -2.25009059906005859 1.70520007610321045 57
20.4388822847173621 3.50166691744914171 -2.17093586921691895 1.62400007247924805 57.5
20.4167321004978746 3.57201290463003973 -2.26280832290649414 1.54280006885528564 56
20.4555619155204127 3.4469533718639993 -2.10023617744445801 1.46160006523132324 52
20.3722622296660809 3.66841296113719606 -2.49723196029663086 1.38040006160736084 49
20.6917740258468648 3.10897222526248962 0.20114879310131073 3.4104001522064209 50
20.7024848881200114 3.01222540244103287 0.435082912445068359 3.32920026779174805 51
20.6921324337006176 3.09589833028661721 0.326679527759552002 3.24800014495849609 50
20.3389042402121625 4.76935688719830253 -1.19911396503448486 2.84200000762939453 48
20.3701761612897307 4.73274998126585889 -0.716013967990875244 2.76080012321472168 48.5
20.4028228225866783 3.68160882520570665 -2.83306336402893066 1.94880008697509766 48.5
20.4566777941421059 3.56917332841320301 -2.57701826095581055 1.78640007972717285 54.5
20.5176329926137839 3.45935261061587385 -2.21705126762390137 1.70520007610321045 56.5
20.5195644597055846 3.49072995855796808 -2.14894723892211914 1.62400007247924805 58.5
20.4827884326434244 3.49072995855796808 -2.47505283355712891 1.54280006885528564 54.5
20.4586229046596415 3.68160882520570665 -2.39712333679199219 1.46160006523132324 50
20.7766862066183933 3.02302174392773493 0.436642318964004517 3.4104001522064209 48.5
20.4561722384084135 4.70247826833203231 -0.657049894332885742 2.76080012321472168 49.5
19.2613910245793321 -8.28444413678807301 1.16910815238952637 2.03000020980834961 45
19.3673740451995187 -8.10862603188949826 0.393699973821640015 1.86760008335113525 50.5
20.4661332862393408 3.50324134387458885 -3.1408076286315918 1.78640007972717285 48.5
20.5911717696613366 3.47175153404200865 -2.22499752044677734 1.70520007610321045 54
20.607909847438016 3.52685870124902401 -1.96857738494873047 1.62400007247924805 57.5
20.5381545210898295 3.59771077337233036 -2.49813961982727051 1.54280006885528564 53.5
20.6224894446806069 3.54522775698469639 -1.77321219444274902 1.46160006523132324 45.5
19.29471255387989 -8.2057196122066216 1.17482447624206543 1.13680005073547363 47
19.3156130724839912 -8.31403173825418662 1.39270925521850586 2.03000020980834961 45.5
19.4271361079064242 -8.1586538882202948 0.422399967908859253 1.86760008335113525 50
19.440451980292238 -8.13758570516485236 0.0646564587950706482 1.78640007972717285 49
20.5921071548081436 3.70800021775796429 -2.52418041229248047 1.70520007610321045 50.5
20.6855251616198572 3.5947587338349587 -1.82821822166442871 1.62400007247924805 54.5
20.3497156988813366 4.3821820755321399 -3.29259800910949707 1.29920005798339844 46.5
19.3422581062409549 -8.31403173825418662 0.953727781772613525 1.21800005435943604 46.5
19.2716219591657634 -8.42727322217719177 1.31958138942718506 1.13680005073547363 48
20.8432877615588126 3.49655001154575773 -0.80873262882232666 3.08560013771057129 48.5
20.8473445936830686 3.33533341993253707 -1.25951039791107178 2.92320013046264648 49.5
20.8200687862763658 3.72119608182647488 -9.24495907383970916e-07 2.84200000762939453 49.5
20.6129140807896079 4.73606774050642265 -0.00144057348370552063 2.76080012321472168 49.5
19.5579989796717406 -8.05025800088312771 0.0245134420692920685 1.86760008335113525 48
19.5292570165524104 -8.1189732694395822 0.113912321627140045 1.78640007972717285 49
20.4160029540221579 4.28413270500050825 -3.48649096488952637 1.38040006160736084 49
20.3459248375145521 4.39777718761310688 -3.74505805969238281 1.29920005798339844 46
19.3049045616601695 -8.45726382233289797 1.76576220989227295 1.21800005435943604 48
20.3141942058980156 4.5114216702257055 -3.78195095062255859 1.05560004711151123 45
20.4011744657326375 4.68849563150580018 -3.02202463150024414 0.974400043487548828 46
20.9485783797871825 3.15354518796793615 1.30875563621520996 3.24800014495849609 45.5
20.9180244562123789 3.54077613619612697 -0.632269382476806641 3.16680002212524414 48
20.930591292472613 3.46386039990422656 -0.642393290996551514 3.08560013771057129 52
20.686008400171076 4.75286204948573765 -0.00144568190444260836 2.76080012321472168 50.5
20.645100947440568 4.92260712268165612 0.219949454069137573 2.67960023880004883 46
19.6169461445186464 -8.0788045774182784 -0.639502584934234619 1.78640007972717285 46
20.3717343723274347 4.18792922775556953 -4.23725652694702148 1.46160006523132324 45.5
19.5768290846147117 -8.1955043152404734 0.28650963306427002 1.38040006160736084 46.5
19.3831975031153725 -8.48725365979595914 1.66096556186676025 1.29920005798339844 49.5
20.3050317685493198 4.60698737720799478 -4.12092018127441406 1.05560004711151123 49
20.3194260068856458 4.66798951288777797 -3.97887349128723145 0.974400043487548828 48
21.0327694939261214 3.35898820501843831 0.172807171940803528 3.32920026779174805 47.5
21.0290328515003928 3.23655281878163281 0.997274637222290039 3.24800014495849609 48
21.0500397311552767 3.23655281878163281 0.33253401517868042 3.16680002212524414 46.5
21.0400696768467483 3.29244723423756591 -0.406581759452819824 3.08560013771057129 50
20.5404255509441604 4.08827724477679944 -3.88161587715148926 1.46160006523132324 45.5
19.504991495154858 -8.41876362319597504 1.53940677642822266 1.29920005798339844 48.5
20.3691356196449149 4.6844843429734162 -4.10413742065429688 1.05560004711151123 48
20.1912069168084649 6.95264073611579203 -0.930909037590026855 4.22240018844604492 47
20.2109530139749687 6.95264073611579203 -0.262303262948989868 4.14120006561279297 48
20.1832438420778999 6.98469286398109723 -0.861020088195800781 4.06000041961669922 47
21.0971659025451785 3.4188936389658906 0.333704888820648193 3.32920026779174805 49.5
21.0951243599640108 3.4188936389658906 0.444439500570297241 3.24800014495849609 50
21.0947052369793973 3.33342129799174369 0.890141546726226807 3.16680002212524414 48
21.1334438522204593 3.17583166932065941 0.426955521106719971 3.08560013771057129 46.5
20.1550093027609769 7.11909649898345975 -1.78789520263671875 4.30360031127929688 47
20.2370236752808061 7.00920080754583807 -1.19853830337524414 4.22240018844604492 51
20.3025787072199684 6.91002664698018076 -0.399211019277572632 4.14120006561279297 51.5
20.2978824880611874 6.86177975805634599 -1.00721895694732666 4.06000041961669922 49.5
21.1778663047178739 3.38264299010434 0.39774930477142334 3.32920026779174805 49.5
21.1726736354468592 3.430889879028173 0.222281068563461304 3.24800014495849609 50
21.1572662388545396 3.47913676795200688 0.606813490390777588 3.16680002212524414 49.5
21.1600137410334703 3.38264299010434 0.9560890793800354 3.08560013771057129 47.5
20.4957088321830803 4.97479032459085069 -3.9089512825012207 0.893200039863586426 45
20.2529268306246735 6.97184439115817334 -2.1302642822265625 4.22240018844604492 48
20.4509362795357958 6.71362793222638832 0.110063731670379639 4.14120006561279297 47.5
21.2452176956259819 3.44288611909045539 0.336046695709228516 3.32920026779174805 47
21.2467047132858049 3.44288611909045539 0.22305828332901001 3.24800014495849609 47.5
21.2334264063768288 3.44288611909045539 0.783476352691650391 3.16680002212524414 48.5
21.2239617238151119 3.44288611909045539 1.00780928134918213 3.08560013771057129 47.5
20.5232081545303195 4.99218487268116018 -4.1474909782409668 0.974400043487548828 48.5
20.4469382191730062 5.0486697230724884 -4.44514942169189453 0.893200039863586426 45.5
19.8859066857956286 -8.11499017288742586 -1.42244625091552734 0.406000018119812012 46.5
19.9181070322723315 -8.11499017288742586 -0.861196160316467285 0.324800014495849609 45.5
20.4828842899455452 6.82339205679946836 0.672879159450531006 4.38479995727539062 48.5
20.4464484381572618 6.95834838703679992 -0.290098220109939575 4.22240018844604492 47.5
20.4204794623538106 6.99613615950325318 0.786206185817718506 4.14120006561279297 51.5
20.3978903965406069 7.05821607141242513 0.817109644412994385 4.06000041961669922 51.5
20.3937215178624385 7.10140209708837133 -0.475617289543151855 3.81640005111694336 46
21.292884928953324 3.50346633296111953 0.948063433170318604 3.16680002212524414 45
12.9554996980215122 17.2744102703784002 0.556588947772979736 1.54280006885528564 45
20.504847272875466 5.044667624271443 -4.54561376571655273 0.974400043487548828 46
20.0110772086467001 -8.11897282707784917 -0.446172088384628296 0.487200021743774414 46.5
19.9959607319776786 -8.11897282707784917 -0.896567583084106445 0.406000018119812012 48
20.6034735398564379 6.70353420155582658 -0.604316294193267822 4.62840032577514648 45.5
20.5523364975954586 6.88500361226460988 0.0620659030973911285 4.46600008010864258 49
20.5504098294075028 6.88500361226460988 0.288150548934936523 4.38479995727539062 54
20.5357190520156472 6.93375658827592467 -0.113785929977893829 4.30360031127929688 55.5
20.4963039540925571 7.05022203096962219 -0.0398983322083950043 4.22240018844604492 56
20.456720737466302 7.16397897499602454 -0.0753642842173576355 4.14120006561279297 55.5
20.4144311427094358 7.28044441768972117 -0.227567791938781738 4.06000041961669922 52.5
20.3844064207956599 7.28044441768972117 -1.12995374202728271 3.89760017395019531 48
20.3274591292174911 7.47816482040227815 -0.822899997234344482 3.81640005111694336 50.5
20.2823683517933837 7.55671128175383977 -1.15208995342254639 3.73520016670227051 48.5
20.6747647442439195 6.72672946646866343 -0.606407284736633301 4.62840032577514648 47
20.5285794658156746 6.90882678939932937 -1.97687077522277832 4.54720020294189453 45
20.5621406744484503 6.95774845824637378 -1.36036467552185059 4.46600008010864258 51
20.6198300527736684 6.90882678939932937 -0.391451448202133179 4.38479995727539062 57.5
20.6058261774570077 6.95774845824637378 -0.228355199098587036 4.30360031127929688 60
20.5897410621821741 7.00667012709341996 -0.177940383553504944 4.22240018844604492 60
20.5536791040139484 7.1072313352790113 -0.309905499219894409 4.14120006561279297 57.5
20.4850682311709384 7.30563588115869322 -0.228355199098587036 3.97880029678344727 49.5
20.4835017683950831 7.30563588115869322 -0.341041535139083862 3.81640005111694336 51.5
20.3798000505702994 7.58285867129194724 -0.475954771041870117 3.73520016670227051 47
20.636982183481372 6.89446917664130243 -1.70643699169158936 4.38479995727539062 54.5
20.7248005194959113 6.83174259789812588 -0.374948292970657349 4.30360031127929688 59
20.6909336383203275 6.93265057239801852 -0.392801284790039062 4.22240018844604492 59
20.6435510284163577 7.03083130434386039 -0.861305356025695801 4.14120006561279297 56
20.519234243557932 7.43173595978937929 -0.246997356414794922 3.97880029678344727 55
20.5152302501724471 7.43173595978937929 -0.474622905254364014 3.89760017395019531 55
20.8529514155274889 6.65544674757072841 -0.685209214687347412 4.30360031127929688 53
20.8876383374206789 6.18748564813216184 -2.24313569068908691 4.14120006561279297 48
20.5080238141923097 7.65704769724625756 0.632975518703460693 4.06000041961669922 51
20.4980491028238987 7.70630676034505413 -0.229930087924003601 3.97880029678344727 52.5
20.4913635992832219 7.70630676034505413 -0.571782708168029785 3.89760017395019531 52
20.5112477477215904 7.65704769724625756 0.518048703670501709 3.81640005111694336 46.5
20.5494584695926754 7.55579295643206539 -0.489687830209732056 3.65400028228759766 48.5
20.9531008558964693 6.5766375257327967 -0.784882962703704834 4.38479995727539062 50.5
20.9077879988828386 6.5766375257327967 -1.58520352840423584 4.30360031127929688 49
20.7853402520533521 7.10112093592693494 -0.666590452194213867 4.14120006561279297 52
20.6562280327160366 7.48281305119911089 -0.477884888648986816 4.06000041961669922 53
20.5838151792436506 7.61462040035784771 -1.10669326782226562 3.97880029678344727 52.5
20.5896153652751828 7.61462040035784771 -0.992961347103118896 3.89760017395019531 51.5
20.9417988863419993 6.80298014478515167 -1.1675180196762085 4.54720020294189453 51
20.9417988863419993 6.80298014478515167 -1.1675180196762085 4.46600008010864258 52.5
20.9770871333821916 6.58255146451669848 -1.68356025218963623 4.14120006561279297 47
20.6902078173861028 7.6075448277650084 -0.493041872978210449 4.06000041961669922 49.5
20.7202350050351178 7.52488407266433779 -0.500554978847503662 3.97880029678344727 50.5
20.6871268380409283 7.6075448277650084 -0.608759701251983643 3.89760017395019531 49.5
20.296275370620652 -8.74484202608138261 -1.05096781253814697 -0.243600010871887207 45
21.1453088573200993 6.48882207879007478 0.535434246063232422 4.38479995727539062 48
21.0782431371686521 6.72382415663291866 -0.116148263216018677 4.30360031127929688 52
21.0096767681436774 6.92564947054500823 -0.380102217197418213 4.22240018844604492 50
21.0402315648809903 6.84270756071812247 -0.0407266691327095032 4.14120006561279297 45.5
20.7827149864918574 7.55047852457421964 0.764615237712860107 3.97880029678344727 48.5
20.7664463021639847 7.63342043440110629 -0.0346920639276504517 3.89760017395019531 49.5
21.7290044307257695 3.77385689712332795 1.76748430728912354 3.24800014495849609 45
21.7359478296353075 3.89274030120853176 1.38231420516967773 3.16680002212524414 47.5
21.6677222638742677 4.31850877165321556 1.1729964017868042 3.08560013771057129 47.5
21.6313734877731285 4.49821624294480227 1.16847681999206543 3.00440025329589844 47.5
21.5954461464175154 4.7028062871844547 1.01781964302062988 2.92320013046264648 45
21.660594962864927 4.48162786097942512 0.499244362115859985 2.84200000762939453 48
20.8671421057709807 7.57607362739460477 0.0741629078984260559 3.97880029678344727 50
20.8016625495504535 7.72310105407051584 -0.696108698844909668 3.89760017395019531 49.5
21.8105018607264363 3.80329437684291571 1.6361536979675293 3.24800014495849609 48
21.7717527932082326 4.18889460906841915 1.13314080238342285 3.16680002212524414 46.5
21.6735049724029913 4.79364893011273363 0.346584737300872803 3.08560013771057129 49
21.6944975832240132 4.70487765362916477 0.230053141713142395 2.76080012321472168 50.5
21.6675842760184274 4.73539277992039231 -0.965326547622680664 2.67960023880004883 46
21.8019655060177904 4.54263030674143664 0.463152796030044556 3.08560013771057129 52
21.8093692988114292 4.52871293447813539 0.13364119827747345 3.00440025329589844 55
21.7832167354597068 4.63170148922656288 0.463152796030044556 2.92320013046264648 55
21.7634971008105893 4.73469004397498949 0.329533845186233521 2.84200000762939453 54.5
21.7634971008105893 4.73469004397498949 0.329533845186233521 2.76080012321472168 52
21.7606358525705126 4.751390890690951 -0.273347616195678711 2.67960023880004883 47.5
21.8866487711139754 4.52720381480205614 0.0396175570785999298 3.08560013771057129 53
21.8395220868313373 4.73666728556711192 0.348926514387130737 3.00440025329589844 54
21.8177890931926548 4.82603836642686801 0.464712202548980713 2.92320013046264648 55
21.8215081568120119 4.82603836642686801 0.231607541441917419 2.84200000762939453 54.5
21.8255320608448784 4.80648844248879659 0.257508575916290283 2.76080012321472168 51
21.5107828140452604 6.33581566541970975 0.1559428870677948 4.54720020294189453 47
21.9512970225030131 4.55920923822992741 0.484614163637161255 3.16680002212524414 48.5
21.9106464140164512 4.75256230364963539 0.466271638870239258 3.08560013771057129 49.5
21.8882207381623068 4.84223329051094975 0.582433342933654785 3.00440025329589844 52
21.8910038940746396 4.84223329051094975 0.466271638870239258 2.92320013046264648 54
21.8931692390239867 4.84223329051094975 0.350097417831420898 2.84200000762939453 53
21.8861003230652287 4.86745325556569419 0.432643353939056396 2.76080012321472168 48
21.5492031084027253 6.42729511404278497 -0.756110131740570068 4.62840032577514648 49.5
21.5470906468086696 6.35700535995220406 -1.24955153465270996 4.54720020294189453 49.5
21.5535266894044781 6.35700535995220406 -1.1331329345703125 4.46600008010864258 45
21.9501866342659717 4.91747119617709139 0.507706105709075928 3.08560013771057129 46.5
21.9614243690433106 4.85842780274100239 0.584381282329559326 3.00440025329589844 49
21.9663894198217164 4.85842780274100239 0.351268291473388672 2.92320013046264648 51
21.9487906191542379 4.94839868797694749 -0.118116877973079681 2.84200000762939453 50
21.6322578125290796 6.44871964902901773 0.300115287303924561 4.70960044860839844 47.5
21.6550951139859649 6.37819559337471986 -0.0784935951232910156 4.62840032577514648 49.5
21.6253725092151967 6.37819559337471986 -1.136910080909729 4.54720020294189453 48.5
21.5955288202085427 6.37819559337471986 -1.60699284076690674 4.46600008010864258 46
21.9136206355949348 5.01567083813368075 -2.06564927101135254 2.84200000762939453 47
21.5727248178511388 6.70223159569033822 1.64929783344268799 4.70960044860839844 45
21.6749300656152499 6.57203621840919094 0.168318405747413635 4.62840032577514648 48.5
21.6833665819157204 6.4701441840152496 -0.995692133903503418 4.54720020294189453 49
21.712516903077077 6.33994880673410321 -1.18078207969665527 4.46600008010864258 47.5
21.6672754905455633 6.39938582679723567 -1.61233174800872803 4.38479995727539062 46
21.8236421592111967 6.32402551349018527 0.401253402233123779 4.87200021743774414 47.5
21.7042370554980515 6.59379759421832556 -1.36877155303955078 4.62840032577514648 48.5
21.7602485551699552 6.49156817415292497 -0.881341993808746338 4.54720020294189453 51
21.8355913558570158 6.28426962790919585 -0.374919325113296509 4.46600008010864258 47
21.7959978948779849 6.36094169295824674 -0.947908461093902588 4.38479995727539062 45
21.8619204871010027 6.44176575475224578 0.632574737071990967 4.87200021743774414 49.5
21.8987486003180116 6.34489709678604719 0.164769187569618225 4.79080009460449219 51
21.8776327280893561 6.4075768166465279 -0.390144109725952148 4.70960044860839844 52
21.8501730013745643 6.47310561468248657 -0.713368535041809082 4.62840032577514648 51.5
21.8605039707499103 6.47310561468248657 -0.239379256963729858 4.54720020294189453 49
21.9327520033098189 6.38291884929359821 1.2158740758895874 4.95320034027099609 46
21.9973667734564273 6.21998719931162913 0.83261418342590332 4.87200021743774414 49
21.9829496928237127 6.32574984929992468 -0.0202728640288114548 4.79080009460449219 51
21.9825212158194141 6.32574984929992468 -0.138797268271446228 4.70960044860839844 51
21.9737416824027605 6.34290054929802682 0.433527588844299316 4.62840032577514648 50
21.85171356570482 6.58586879927113689 1.54744899272918701 4.54720020294189453 47.5
22.0852933509459319 6.24038080741750889 -0.00156317546498030424 4.87200021743774414 46
21.9897060927406116 6.36369715609349917 1.63056600093841553 4.62840032577514648 47
21.9726788503391326 6.44973181796046813 1.51817727088928223 4.54720020294189453 49.5
21.9150645817682701 6.55584123426306409 1.8583451509475708 4.46600008010864258 48
22.0816174311002555 6.36723059814028591 1.41817843914031982 4.62840032577514648 46.5
22.0358389483828603 6.57726576924929596 1.14546108245849609 4.54720020294189453 48
22.0106669173835314 6.62905526349535368 1.31788837909698486 4.46600008010864258 45
22.4629734716605789 8.01100774954086248 0.247151672840118408 4.14120006561279297 45
22.4974870581297388 7.90073718155983151 0.513783156871795654 3.97880029678344727 46.5
22.4871708398991359 8.1468171879669864 0.601824700832366943 4.22240018844604492 47.5
22.531907534626999 8.03619985367165413 0.37188410758972168 4.14120006561279297 48.5
22.5469346317721566 7.94053080779461151 0.994703948497772217 3.97880029678344727 48.5
22.4768987946460506 8.03619985367165413 1.61685192584991455 3.89760017395019531 46.5
22.5939846910808626 7.95042722534962909 1.51742255687713623 4.14120006561279297 47.5
22.6227527709687131 7.96542237288895283 0.873562395572662354 3.97880029678344727 50.5
22.6020793058373002 7.95042722534962909 1.39166343212127686 3.89760017395019531 48
22.6417002550148396 8.18285227152465211 -0.00163980165962129831 4.30360031127929688 47
22.675927734875998 8.08658342127141871 0.123102635145187378 4.22240018844604492 47
22.7161350004312972 7.89404572076495814 1.12556135654449463 4.14120006561279297 45
22.6980363191542516 7.9752725631661221 0.894334971904754639 4.06000041961669922 49
22.740924554368064 7.89404572076495814 0.374215662479400635 3.97880029678344727 51.5
22.8358281673212993 7.85526476660043205 0.205806449055671692 4.38479995727539062 48.5
22.7926095012788146 7.98201125918484156 -0.083969898521900177 4.30360031127929688 50.5
22.7848141306833121 8.00011790098261422 0.270017296075820923 4.22240018844604492 49
22.7908798844099891 7.98201125918484156 0.293064236640930176 4.06000041961669922 51
22.7921565190710496 7.98201125918484156 0.166291788220405579 3.97880029678344727 52
22.7908798844099891 7.98201125918484156 0.293064236640930176 3.89760017395019531 48
22.8253199004049883 7.98258257055554843 1.46076619625091553 4.38479995727539062 47.5
22.8106257255955924 8.00679973421290292 1.55472445487976074 4.30360031127929688 49
22.8543428340370625 8.02496260695591879 -0.360032767057418823 4.06000041961669922 52
22.8543428340370625 8.02496260695591879 -0.360032767057418823 3.97880029678344727 51.5
22.9159864625818273 8.04980794477241268 -0.740429461002349854 4.38479995727539062 47.5
22.9251000320573262 8.04980794477241268 -0.361147433519363403 4.30360031127929688 47.5
22.9296420270057624 8.03158883965410375 -0.463846802711486816 4.06000041961669922 49.5
22.9137866082202315 8.03158883965410375 -0.970565855503082275 3.97880029678344727 49
23.0210809123685287 7.96500125762730438 -0.853996634483337402 4.30360031127929688 46
23.2931298749747491 8.02603125709113741 1.36698246002197266 4.30360031127929688 45.5
23.3392441956820598 7.99211410617757512 0.511372566223144531 4.22240018844604492 46
23.3842848847974629 7.97310800044711865 1.47221124172210693 4.38479995727539062 47
23.414360442869306 8.0164064923036964 -0.259852498769760132 4.30360031127929688 49
23.4126419576143903 8.0164064923036964 0.384707719087600708 4.22240018844604492 50.5
23.3539269123206026 8.08753972892521844 1.32227706909179688 4.14120006561279297 49.5
23.2641577185764774 8.1803222114750298 2.10331082344055176 4.06000041961669922 45
23.4992170885377902 7.99726856325329738 -0.333411514759063721 4.38479995727539062 49
23.486416185189416 8.04069826064877802 0.126937612891197205 4.30360031127929688 52
23.4419140380262512 8.07482159431665281 1.24684286117553711 4.22240018844604492 52.5
23.4356025595218682 8.04069826064877802 1.5493168830871582 4.14120006561279297 51.5
23.4086954350855052 8.07482159431665281 1.76378214359283447 4.06000041961669922 47
23.5621089619362891 8.0214297405037378 0.702715694904327393 4.38479995727539062 49.5
23.5260074521513438 8.0214297405037378 1.48113369941711426 4.30360031127929688 52.5
23.5082542431478281 8.0214297405037378 1.74032473564147949 4.22240018844604492 53.5
23.4878376236816067 8.06499064677489841 1.81313538551330566 4.14120006561279297 52
23.4720081964109895 8.16455843253755198 1.55399775505065918 4.06000041961669922 47.5
23.5854944596330789 8.08928241511997825 1.42780375480651855 4.38479995727539062 47.5
23.6269675161402049 7.98941473098269395 1.29858767986297607 4.30360031127929688 52
23.5968678347781768 8.04559030330991654 1.48559486865997314 4.22240018844604492 53.5
23.5968678347781768 8.04559030330991654 1.48559486865997314 4.14120006561279297 52
23.5481256264778445 8.08928241511997825 1.94933199882507324 4.06000041961669922 47
23.6997631070709893 8.06975148056035785 0.838389158248901367 4.30360031127929688 51.5
23.7040490076983694 8.06975148056035785 0.706948935985565186 4.22240018844604492 52.5
23.7040490076983694 8.06975148056035785 0.706948935985565186 4.14120006561279297 50
23.8186346617494102 7.90239649329316496 1.22084963321685791 4.30360031127929688 50
23.787173134754557 8.03739969123182263 0.914510726928710938 4.22240018844604492 49.5
25.9301379797460072 -2.92225439517426544 0.546242654323577881 3.97880029678344727 51
25.9344429878932239 -2.92225439517426544 0.274027079343795776 3.89760017395019531 54.5
25.9455560158957859 -2.8309339453250697 0.154810011386871338 3.81640005111694336 49
26.0220001178914089 -2.8259856288172247 0.00178366922773420811 3.97880029678344727 61.5
26.0233080463732058 -2.80963154531712522 -0.15525403618812561 3.89760017395019531 65.5
26.010420318644794 -2.9306517632178628 0.00178366922773420811 3.81640005111694336 58.5
26.0817577467834845 -2.93904913126146061 -0.408022493124008179 3.97880029678344727 61.5
26.0933721468110491 -2.83408309085926557 -0.408022493124008179 3.89760017395019531 67.5
26.0980787399115783 -2.81768214704642261 0.116328120231628418 3.81640005111694336 61
26.1736629474843383 -2.66783363587517508 -0.909761667251586914 3.97880029678344727 59.5
26.1730783347146279 -2.80599518051975849 -0.319457352161407471 3.89760017395019531 66
26.1736189210181429 -2.70730836291648469 0.78598785400390625 3.81640005111694336 61
26.2563115773711218 -2.6754343786021364 -0.638890206813812256 3.97880029678344727 57
26.2615678249332163 -2.6754343786021364 -0.363561332225799561 3.89760017395019531 65
26.2598286775931911 -2.71502157039402992 0.100791580975055695 3.81640005111694336 61
24.4341658296923327 -7.93723195427464923 6.07716703414916992 3.73520016670227051 47.5
26.3170280893297708 -2.85837506513135953 -0.411519825458526611 3.89760017395019531 61.5
26.2972204741394009 -2.85837506513135953 -1.10072159767150879 3.81640005111694336 58
26.3579042996237973 -3.18496947463711111 0.139375597238540649 3.97880029678344727 52.5
26.3816275307212287 -2.97263817632797034 -0.275130271911621094 3.89760017395019531 55.5
26.3694485323691339 -3.07880382548254072 -0.275130271911621094 3.81640005111694336 50.5
26.4271873208417247 -3.22391009207148382 0.317655831575393677 3.81640005111694336 52
26.5573438645115836 -2.74587400799418369 0.240281373262405396 3.97880029678344727 50.5
26.4801334019561416 -3.41649451298425744 0.14198361337184906 3.89760017395019531 57
26.4713368104166342 -3.41649451298425744 0.697105824947357178 3.81640005111694336 54.5
26.4831156065903564 -2.84596662067926909 -1.8534170389175415 3.00440025329589844 48
26.5831971799288134 -2.99783006690482301 1.116843581199646 3.97880029678344727 47.5
24.4368305005772299 10.9206666722961412 0.693588674068450928 3.08560013771057129 47.5
24.3772524012680769 11.074573126623843 -0.0638887584209442139 3.00440025329589844 54.5
24.3482636369009278 11.1347973913607703 -0.281113147735595703 2.92320013046264648 54.5
24.2648664572075887 11.3188159780569375 0.0365101508796215057 2.84200000762939453 47.5
26.5621390849556462 -3.75778402674310064 1.11997199058532715 3.97880029678344727 50
26.5881849712274878 -3.62022229004982599 0.940710842609405518 3.89760017395019531 56.5
26.6032878812899867 -3.57996031833472106 0.609520256519317627 3.81640005111694336 52
24.4605766151773238 11.0586215644154091 0.556447982788085938 3.00440025329589844 54
26.6746152431435917 -3.66061557288909434 0.143180102109909058 3.89760017395019531 45
26.683773822900978 -3.01462458943807787 -1.96058809757232666 3.08560013771057129 54
26.7244255649793736 -2.86994952543602722 -1.5887606143951416 3.00440025329589844 57
26.7316448562228253 -2.89013674366887141 -1.42197597026824951 2.92320013046264648 55.5
26.7533876804253232 -2.84303323445890177 -1.06257259845733643 2.84200000762939453 47.5
26.7410803209612276 -3.71467318659299606 0.340535938739776611 3.97880029678344727 48.5
26.7117210424869427 -3.74166445407051151 1.21818256378173828 3.89760017395019531 54.5
26.5888170611823256 -3.71467318659299606 2.86986231803894043 3.81640005111694336 49.5
26.7681168187261704 -3.02302195748167524 -1.82465946674346924 3.00440025329589844 52.5
26.8374115382868332 -2.77672664174935147 -1.02138614654541016 2.92320013046264648 51
26.8155842443829187 -3.65055939934940632 0.808380663394927979 3.97880029678344727 52
26.8285120814145088 -3.52537802977023285 0.926456272602081299 3.89760017395019531 59
26.7935442614670833 -3.60996003624264716 1.45939230918884277 3.81640005111694336 54.5
24.6384532775474909 11.1986576569476686 -0.769632875919342041 3.00440025329589844 45
26.8815994137081127 -3.61996002698206532 1.18241870403289795 3.97880029678344727 45
26.8798436865246622 -3.66067185483940838 1.09364759922027588 3.89760017395019531 54
26.9028300432958112 -3.53514371894593493 0.929022669792175293 3.81640005111694336 52
24.64173717617021 11.2907469257697404 -1.55768775939941406 3.08560013771057129 45
28.2175757481500682 -2.72071960614420849 0.29765009880065918 3.89760017395019531 47
28.6733782231454839 -3.13914062504243851 -1.32244300842285156 3.89760017395019531 46.5
28.8779978585271309 -2.90156120139773854 0.30473703145980835 3.89760017395019531 48.5
29.0028881212498462 -3.14988081566662492 -0.302332431077957153 3.81640005111694336 47.5
29.0771369217179299 -3.17259854751287262 -0.131616294384002686 3.89760017395019531 47
29.1702278493540774 -3.66646371513194635 -0.122267752885818481 3.97880029678344727 45
29.1579321858367067 -3.76198280991494283 -0.150330007076263428 3.89760017395019531 52
29.1495784659453321 -3.82811141399547905 0.0881921947002410889 3.81640005111694336 47.5
29.2213903362527887 -3.83787685481938867 0.395864129066467285 3.97880029678344727 45.5
29.2168332945728011 -3.88944141908759544 0.156740337610244751 3.89760017395019531 52.5
29.223077321480595 -3.83787685481938867 0.241140827536582947 3.81640005111694336 48.5
30.1743001023694966 11.7695419064269586 0.865798890590667725 -2.35480022430419922 48.5
30.2428894025883395 11.6237890654804943 -0.123697735369205475 -2.43600010871887207 50.5
30.2787675904303839 11.5306691948758111 -0.00220683589577674866 -2.51719999313354492 51
30.2986329240873644 11.6872188158572463 0.166054338216781616 -2.35480022430419922 57.5
30.3081372286420034 11.6506962570576924 0.551271617412567139 -2.43600010871887207 59
30.3319911665107007 11.5573608290143888 1.01165521144866943 -2.51719999313354492 57
30.3612132657373017 11.5005479597706373 0.748282134532928467 -2.59840011596679688 49.5
22.2962540297303526 22.9848636711859164 5.40359210968017578 3.65400028228759766 45.5
30.3334061736632599 11.799626473176529 0.39499962329864502 -2.27360010147094727 53.5
30.3307412176908571 11.799626473176529 0.56363677978515625 -2.35480022430419922 60
30.3745443042689871 11.6776034486348887 0.723386824131011963 -2.43600010871887207 62
30.3700604249113191 11.6776034486348887 0.891990363597869873 -2.51719999313354492 59.5
30.3581962118388944 11.6776034486348887 1.2313389778137207 -2.59840011596679688 51
30.3882217667719097 11.8512742781966089 0.702816545963287354 -2.27360010147094727 51
30.4272376603748604 11.7412005232907575 0.847352802753448486 -2.35480022430419922 58.5
30.4315252847765194 11.7412005232907575 0.676130890846252441 -2.43600010871887207 61
30.4507309045732946 11.7045092716554731 0.384791284799575806 -2.51719999313354492 58.5
30.481538247251418 11.6107427396986385 0.676130890846252441 -2.59840011596679688 51.5
30.5071530176181369 11.7681920634308934 0.336632430553436279 -2.35480022430419922 53
30.5231367679260579 11.7314164632326712 0.0445894263684749603 -2.43600010871887207 55
30.5591258234078538 11.6374343738372161 -0.00222726957872509956 -2.51719999313354492 54
30.5586690697190235 11.6374343738372161 0.167204827070236206 -2.59840011596679688 48.5
21.7407140745657479 -29.0306080767478853 -1.50178980827331543 1.05560004711151123 46.5
28.2208447214962277 24.5368894261291253 4.96999692916870117 4.87200021743774414 46.5
28.3454163950265361 24.3954664323185817 4.95725107192993164 4.79080009460449219 48
28.5056276933141284 24.1361909436659197 5.29614496231079102 4.70960044860839844 46.5
28.5251122982823588 24.1841759039150475 5.50307083129882812 4.95320034027099609 45.5
28.569293753416904 24.3353270033145179 4.51968002319335938 4.87200021743774414 50.5
28.4983806467987257 24.44396685600789 4.37892580032348633 4.79080009460449219 51.5
28.611621193472967 24.2691983973272514 4.60666084289550781 4.70960044860839844 48
28.7542942802979304 24.2321584235477161 4.52864742279052734 4.95320034027099609 45.5
28.6994757244763186 24.3173496055055018 4.41839027404785156 4.87200021743774414 49.5
28.6652808259675425 24.4924648128631723 3.59674191474914551 4.79080009460449219 49.5
34.9693707961909652 16.3717020834340339 1.00055503845214844 -2.76080012321472168 48.5
35.0855744515053374 16.1496801801799172 0.284399330615997314 -2.84200000762939453 52
35.124144810920356 15.9759239080679993 1.71899771690368652 -2.92320013046264648 50
35.0719065132054268 16.359968703008164 0.0527709722518920898 -2.76080012321472168 54
35.1942377666216402 16.0939922682858914 0.197884604334831238 -2.84200000762939453 57
35.2391450238316395 15.886047055684843 1.87783706188201904 -2.92320013046264648 53.5
35.2486927442739102 16.1251824924478235 1.00444066524505615 -2.76080012321472168 55
35.253844504101977 16.1251824924478235 0.803585469722747803 -2.84200000762939453 57.5
35.3047345602818297 15.8586905942853775 2.36188244819641113 -2.92320013046264648 55
35.2179831275020376 16.1563727166097593 2.82628583908081055 -2.76080012321472168 50.5
35.248096181317166 16.1563727166097593 2.4219667911529541 -2.84200000762939453 53
35.2311025859882605 16.0689884891761743 3.14318561553955078 -2.92320013046264648 52
35.598417954219606 16.8706106715202218 7.22066211700439453 -3.4104001522064209 50
35.6848678879359511 16.6554115439986035 7.29316282272338867 -3.49160003662109375 51
35.8267292195930835 16.5653281882918826 6.78513717651367188 -3.5728001594543457 47.5
36.7768171322442043 16.0448078670767664 -0.213372975587844849 -2.76080012321472168 46.5
36.6821339627510881 16.2303259580398453 1.00659453868865967 -2.84200000762939453 48.5
35.4074222252020192 16.7768522260121458 8.652587890625 -3.32920026779174805 45
35.6905980023274267 16.7768522260121458 7.39825582504272461 -3.4104001522064209 51.5
35.7934176761523091 16.6866001817598395 7.09960079193115234 -3.49160003662109375 52.5
35.8344506153857765 16.6866001817598395 6.88949108123779297 -3.5728001594543457 48.5
35.8185170289882535 16.7177904059217717 7.32047748565673828 -3.4104001522064209 49
35.8496152540311215 16.5570424212494487 7.53057432174682617 -3.49160003662109375 49.5
35.7919468634350721 16.6273696645435898 7.64899682998657227 -3.5728001594543457 45
37.6781354241560678 15.4145158224864254 1.12989497184753418 -2.51719999313354492 49
37.5059293522942738 15.5703625635642222 3.93819403648376465 -2.51719999313354492 48.5
37.4587311719463827 15.5703625635642222 4.36433792114257812 -2.59840011596679688 47
40.1548364034561658 15.8924574487481287 1.12201201915740967 -2.51719999313354492 46.5
40.0695359345670781 16.1245823367563403 0.818727493286132812 -2.59840011596679688 49.5
40.0758349537730965 16.1525766875891819 2.39741301536560059 -2.51719999313354492 46
40.0373548516732498 16.3796969490149422 1.20064342021942139 -2.59840011596679688 50.5
39.8828172361989814 16.6122248357127411 2.47400236129760742 -2.67960023880004883 47.5
39.8967817062973751 16.9389506652647022 0.735877513885498047 -2.59840011596679688 46.5
26.9654811928608105 -38.0540868641094789 0.985865533351898193 0.568400025367736816 45.5
43.9796758074447141 16.7328976997875039 4.28495693206787109 -2.35480022430419922 47.5
43.8790597539884928 16.9073009102043379 5.33169841766357422 -2.35480022430419922 49.5
43.3973769069445225 19.6112637561581558 3.8100731372833252 -2.84200000762939453 48
43.2861263597089732 20.2597295752294961 3.55816793441772461 -3.00440025329589844 48.5
43.4385645393840321 20.2914336502133494 2.31275415420532227 -3.00440025329589844 48.5
46.6240078215719862 16.0764579929964313 3.25272440910339355 -2.19239997863769531 50.5
46.3727930189009285 16.0764579929964313 5.82602024078369141 -2.27360010147094727 49
46.7216519359483371 16.1750794578504369 2.38839912414550781 -2.11120009422302246 46
46.6924392642472625 16.1750794578504369 2.90400171279907227 -2.19239997863769531 51
46.5452192016591439 16.1750794578504369 4.7074127197265625 -2.27360010147094727 49.5
46.7163520142402433 16.422601490100103 2.35825848579406738 -2.19239997863769531 48
46.7395693532643008 16.422601490100103 1.84160566329956055 -2.27360010147094727 45.5
56.2620826628760398 3.91148434145629187 0.488332450389862061 5.03439998626708984 46
56.2499812049688828 3.99605697586615749 0.965095102787017822 4.95320034027099609 48.5
56.2337967720375715 3.73529135310240479 2.18351578712463379 4.87200021743774414 45
56.2670869000753129 3.73529135310240479 1.0112307071685791 4.70960044860839844 45
56.2716289956457771 3.73529135310240479 0.715187191963195801 4.62840032577514648 46
56.331809095053039 4.00137093533124677 0.377329170703887939 5.03439998626708984 49
56.3287822590249903 3.9166858361707968 1.074165940284729 4.95320034027099609 51.5
56.3085765157748099 3.74025854625319365 2.18641948699951172 4.87200021743774414 50
56.3368555397774671 3.71203017986637684 1.34362661838531494 4.79080009460449219 45.5
56.341276574155998 3.74025854625319365 -1.04721927642822266 4.70960044860839844 49
56.3562180687233294 3.61323089751251869 0.589087247848510742 4.62840032577514648 48.5
56.4124708704450626 3.92188733088530217 -0.393245488405227661 5.1156001091003418 45
56.421289101757047 3.74522573940398251 0.717089295387268066 5.03439998626708984 52
56.4107088621600354 3.74522573940398251 1.30686819553375244 4.95320034027099609 53.5
56.4149300332683126 3.61802939353743147 1.47259974479675293 4.87200021743774414 52.5
56.421289101757047 3.74522573940398251 0.717089295387268066 4.79080009460449219 52
56.3541466702774159 4.07028306772961024 -2.35496902465820312 4.70960044860839844 53
56.3423192927267849 3.84415623063352108 -2.94419455528259277 4.62840032577514648 48.5
56.4855248829256809 3.75019293255477093 1.30860137939453125 5.1156001091003418 50
56.4855248829256809 3.75019293255477093 1.30860137939453125 5.03439998626708984 54.5
56.4897516524607752 3.62282788956234425 1.47455275058746338 4.95320034027099609 53
56.5005301706196335 3.75019293255477093 0.131255552172660828 4.87200021743774414 53
56.4844369990709723 3.92708882559980754 -0.691012799739837646 4.79080009460449219 54.5
56.4822965085441027 4.01199885426142533 -0.212330356240272522 4.70960044860839844 53.5
56.5336623717227269 4.08107940921631229 1.47650575637817383 5.1156001091003418 51.5
56.5564763417265226 3.8543527753709621 1.18279969692230225 5.03439998626708984 55.5
56.5830529889856351 3.62762614152561103 0.297649562358856201 4.95320034027099609 52
56.5688434670563538 3.8543527753709621 -2.47843581746565178e-06 4.87200021743774414 50
56.5433791937677341 4.01731254344730804 1.26395833492279053 4.79080009460449219 53
56.3267784658299746 4.01731254344730804 5.10345125198364258 4.70960044860839844 50.5
56.3340052838464871 3.62762614152561103 -5.3113102912902832 4.54720020294189453 47
56.6084431080999266 4.08647771724433984 1.47845888137817383 5.1156001091003418 52.5
56.6351531191560724 3.76012706621441017 1.31206786632537842 5.03439998626708984 55.5
56.6616457583265074 3.50472220888663877 0.758645951747894287 4.95320034027099609 49.5
56.4797309232334683 4.27803136024016784 3.8909151554107666 4.87200021743774414 46
56.4941976903952607 3.9374915504698067 4.03764724731445312 4.79080009460449219 53
56.566275749701262 3.9374915504698067 2.8554074764251709 4.70960044860839844 53
55.9096903363932611 3.81688370117613696 -9.10705852508544922 4.62840032577514648 50
55.3387490184738411 4.02262650291239776 -12.035038948059082 4.54720020294189453 46
56.6805970250250368 3.86454957942390198 2.07312464714050293 5.1156001091003418 52
56.6907224034033561 3.86454957942390198 1.77485525608062744 5.03439998626708984 55.5
56.7176751865318707 3.50935200778567591 1.64700996875762939 4.95320034027099609 48.5
56.6695360887296928 4.24105900536042224 1.58115005493164062 4.87200021743774414 49
56.7048561125994155 4.0279404623774866 -0.507732152938842773 4.79080009460449219 54.5
56.5820315973403538 4.0279404623774866 -3.76457953453063965 4.70960044860839844 54
55.5372077425728676 4.0279404623774866 -11.4593725204467773 4.62840032577514648 48.5
56.7836915132246247 3.94789453989881745 -0.694673776626586914 5.1156001091003418 50.5
56.7908511851834632 3.7700614525159879 1.02064383029937744 5.03439998626708984 54
56.7704356634530924 3.64202162960034981 2.07585978507995605 4.95320034027099609 49
56.7796653878780759 4.03325442184257543 -0.508401989936828613 4.87200021743774414 50
56.7089361344873666 4.03325442184257543 -2.87844967842102051 4.79080009460449219 52.5
56.6218425830956349 4.24665412670197107 -4.04831314086914062 4.70960044860839844 50.5
56.0506908380072488 4.18974753873946604 -9.01234149932861328 4.62840032577514648 46
56.8697582346854844 3.77502864566677676 -0.761650681495666504 5.1156001091003418 49
56.8459317493799858 3.95309603461332237 1.38330936431884766 5.03439998626708984 52
56.8057590910421055 3.64682012562526303 2.96762514114379883 4.95320034027099609 49.5
56.8596011814529945 3.77502864566677676 1.31726765632629395 4.87200021743774414 48
56.7774409072979296 4.29498542139069084 -2.6221778392791748 4.79080009460449219 46
56.8653889138596753 3.87984452618781273 2.97152972221374512 5.03439998626708984 49
56.728034471633741 3.55176943757634334 5.18370771408081055 4.95320034027099609 47.5
56.6837400166107344 3.75146731760071628 5.51687479019165039 4.87200021743774414 47
55.2716772819828179 -19.3600946606783992 1.12209498882293701 -2.35480022430419922 46
55.1505271942305555 -19.6748334396610716 1.5333174467086792 -2.43600010871887207 45
55.5198565550277365 -18.809914049574715 4.60140275955200195 -2.35480022430419922 45
42.2785334684936629 -42.1494858782492585 0.191296502947807312 3.24800014495849609 45.5
61.961871790190699 16.2664548916424039 2.85386991500854492 -1.70520007610321045 47
61.7888589490623303 16.5549240424301516 4.48186016082763672 -1.78640007972717285 47.5
62.0180538417412137 16.4298844273825111 2.33677959442138672 -1.70520007610321045 49
61.9582893593355664 16.2854811462824713 4.19451665878295898 -1.78640007972717285 49
62.1994077632390159 16.1037110633043667 1.78327798843383789 -1.70520007610321045 47.5
62.1340497203516691 16.3045054655899548 2.19061064720153809 -1.78640007972717285 45.5
92.0184779281595127 4.42656755360846876 4.80286645889282227 4.54720020294189453 45
92.1236378239162121 4.42656755360846876 1.92439627647399902 4.46600008010864258 46.5
92.1387094592635805 4.42656755360846876 0.962253987789154053 4.38479995727539062 46.5
92.0932942649809263 4.43016660867338796 4.80677175521850586 4.54720020294189453 47.5
92.1695554518639568 4.75319959055582331 2.46712613105773926 4.46600008010864258 49.5
92.1695554518639568 4.75319959055582331 2.46712613105773926 4.38479995727539062 49.5
92.217414109767077 4.43016660867338796 -0.478377610445022583 4.30360031127929688 46.5
92.1128427956407307 4.43376529764583882 5.7729191780090332 4.62840032577514648 46.5
92.1730199164165072 4.75706068393251424 4.389129638671875 4.54720020294189453 49.5
92.1948097936716096 4.80324573911632502 3.84791016578674316 4.46600008010864258 51
92.1504692028003234 4.86097705809608893 4.73518180847167969 4.38479995727539062 51
92.0919401637273864 4.73396815634060975 5.86722898483276367 4.30360031127929688 48.5
92.1061511394055117 4.86492289711257531 6.66455316543579102 4.62840032577514648 46
92.2881701237482588 4.43736435271075802 3.85103368759155273 4.54720020294189453 49
92.2696478094148773 4.807144715436654 3.85103368759155273 4.46600008010864258 51.5
92.2243879258898005 4.807144715436654 4.81458139419555664 4.38479995727539062 53
92.2243879258898005 4.807144715436654 4.81458139419555664 4.30360031127929688 50
92.4320982566861744 4.44096304168320799 1.44488358497619629 4.54720020294189453 47.5
92.3817631902854828 4.44096304168320799 3.37498140335083008 4.46600008010864258 49.5
92.3630155485800231 4.44096304168320799 3.8541567325592041 4.38479995727539062 52.5
92.3229386982689562 4.81104329515680895 4.33953237533569336 4.30360031127929688 49.5
92.5170267700776066 4.44456173065565796 0.486239701509475708 4.54720020294189453 45
92.4924520437585755 4.87281377241154168 0.890389800071716309 4.38479995727539062 51.5
92.454357353902509 4.81494187487696301 2.89806222915649414 4.30360031127929688 47.5
92.5707245211476817 4.87675961142802894 0.410804450511932373 4.38479995727539062 50
92.3328984771038392 4.94626212370491292 6.59251308441162109 4.30360031127929688 46.5
92.6479202133695736 4.45175947469302713 1.93534815311431885 4.38479995727539062 49
92.7317191172265751 4.45535852975794633 1.44956731796264648 4.38479995727539062 48
92.8129647317081776 4.45895721873039719 -0.962955951690673828 4.38479995727539062 45.5
100.154341650559957 1.14025915214309714 4.78369235992431641 -2.43600010871887207 51.5
100.159262814286222 1.24050171496886397 4.65394735336303711 -2.51719999313354492 52.5
100.307654019699825 2.88412936526405383 0.424178063869476318 -2.35480022430419922 50.5
100.241037399615109 2.67095458609236314 3.83718132972717285 -2.43600010871887207 58
100.196787351557703 2.06904932725464707 5.14259195327758789 -2.51719999313354492 55.5
99.6514734262314192 4.27923098710649352 11.6813039779663086 -2.43600010871887207 51
99.2708845550532573 4.01570063306181257 14.6405839920043945 -2.51719999313354492 49
99.1085693154378333 12.6243588651880749 -10.1635637283325195 -2.59840011596679688 45.5
90.3911398959951953 40.8884127953532968 16.9706382751464844 -3.89760017395019531 47
90.3266161986497735 40.7123322727033639 17.7209110260009766 -3.97880029678344727 49.5
100.83303674403578 2.53366466757563247 1.43044590950012207 -2.43600010871887207 49
100.728566446405694 2.25634813679620994 4.94282960891723633 -2.51719999313354492 47
100.881662650899202 2.0814202925135179 3.07598495483398438 -2.43600010871887207 48.5
100.800160544300567 1.61467756025291109 5.25582027435302734 -2.51719999313354492 46.5
101.149616922255888 1.61827637125618429 1.58643460273742676 -2.43600010871887207 55
101.12774850889322 1.61827637125618429 2.63466453552246094 -2.51719999313354492 54
101.202718055080254 1.61947605627782387 2.63661766052246094 -2.43600010871887207 66
101.169701048406907 1.61947605627782387 3.69224071502685547 -2.51719999313354492 65
101.125676710115528 1.61947605627782387 4.74746274948120117 -2.59840011596679688 50.5
101.284134651680944 1.25349129927808933 2.59023475646972656 -2.35480022430419922 53
101.244638512717785 1.62067561926864068 3.69497561454772949 -2.43600010871887207 64.5
101.223844209232439 1.62067561926864068 4.2264862060546875 -2.51719999313354492 64
101.114068352714895 1.62067561926864068 6.33053064346313477 -2.59840011596679688 50.5
101.374558941321595 1.62187518225945726 1.58996260166168213 -2.43600010871887207 49
101.275486420154166 1.62187518225945726 4.75449562072753906 -2.51719999313354492 49
