
X Y Z V_r Mag
2.03093821969666211 -2.78281826274453925 -0.183612555265426636 2.27360010147094727 46.5
1.98401618631848708 -2.81428932907766871 -0.214373648166656494 2.19239997863769531 52.5
1.99151495953692192 -2.89441031618347866 -0.286150693893432617 2.27360010147094727 47.5
1.99643957767288405 -2.89441031618347866 -0.24948728084564209 2.19239997863769531 56.5
2.0041414729167446 -2.89176742135817078 -0.216155529022216797 2.11120009422302246 54
1.99485069429746309 -2.97488743853790627 -0.361409574747085571 2.19239997863769531 48
2.03109265367105385 -2.95599355188758217 -0.311071157455444336 2.11120009422302246 47
9.23417998226509162 13.2898250112991043 0.741942524909973145 0.730800032615661621 46
9.24344077080527349 13.351352601931044 1.0843651294708252 0.893200039863586426 46.5
9.26625890987948075 13.3411840165525746 1.01239264011383057 0.812000036239624023 52.5
9.26174865365368483 13.351352601931044 0.914921164512634277 0.730800032615661621 51
9.22712816236353639 13.4062629629747807 -0.088765166699886322 0.649600028991699219 45
9.32598977843727894 13.4026631833518497 0.846788227558135986 0.893200039863586426 48.5
9.41115270306437068 13.3372843385550119 0.932492315769195557 0.812000036239624023 50.5
9.30923969739716739 13.4128786278513559 -0.869050562381744385 0.649600028991699219 48.5
9.40688318070960072 13.4641439136710481 -0.089583270251750946 0.730800032615661621 50.5
9.49915485716486252 13.3984651628726521 0.166848465800285339 0.649600028991699219 51.5
9.51955811909954974 13.4596444312972974 0.682632267475128174 0.730800032615661621 48
17.3941081379876152 -3.19602839642404524 -0.721424520015716553 4.38479995727539062 48.5
17.4625435980922283 -3.28953265792453609 -0.435008615255355835 4.46600008010864258 58
17.4625435980922283 -3.28953265792453609 -0.435008615255355835 4.38479995727539062 67.5
17.4645941120332679 -3.28953265792453609 -0.342930793762207031 4.30360031127929688 65.5
17.4678300666468651 -3.26954225014511612 -0.368374228477478027 4.22240018844604492 52.5
17.5462973859752189 -3.23649648225112685 -0.524434268474578857 4.46600008010864258 66.5
17.5393387278121686 -3.28333757537812421 -0.462391853332519531 4.38479995727539062 76.5
17.5482439360775153 -3.22311331278627033 -0.541462540626525879 4.30360031127929688 74.5
17.6152200474609408 -3.2366559431690809 -0.730595171451568604 4.46600008010864258 67
17.6333557299534576 -3.15377963182149923 -0.65121990442276001 4.30360031127929688 75
17.6528601846277304 -3.02610531434008889 -0.72449105978012085 4.22240018844604492 60
17.6466540862099102 -2.97578702917886462 -1.93398463726043701 4.46600008010864258 55
17.7066412416495531 -2.84757851771764336 -1.53823816776275635 4.38479995727539062 67
17.7371360374568674 -2.82058725214686001 -1.19929718971252441 4.30360031127929688 66
17.749966393171924 -2.80709161936146856 -1.02904725074768066 4.22240018844604492 53
17.81613709133822 -3.01528999825210597 0.446047425270080566 4.30360031127929688 54
17.6015380317931296 -4.42716773170405276 -0.0928057730197906494 4.22240018844604492 53
17.9458401609466414 -3.0129844301087485 -1.00965511798858643 4.38479995727539062 53
17.6886544357337954 -4.37258511399002003 -0.377700150012969971 4.22240018844604492 55
17.6805254672166505 -4.71529941435419797 0.234548717737197876 4.38479995727539062 48.5
17.7286854784745884 -4.5369321232195583 0.00249487045221030712 4.30360031127929688 55.5
17.7652500924773022 -4.3905794740834434 -0.093572765588760376 4.22240018844604492 51.5
18.2488569641631955 -3.18526950266949127 -0.0947232544422149658 4.38479995727539062 52
18.2172626280033647 -3.35888520957371517 -0.157869577407836914 4.30360031127929688 51.5
18.3206282396234776 -3.18654389319729026 -0.400685638189315796 4.38479995727539062 52.5
18.3075638013875945 -3.27254106609904039 -0.289113074541091919 4.30360031127929688 51
18.2154683930690275 -4.10717116270943894 -0.28900560736656189 4.38479995727539062 48.5
18.2303284550194356 -4.0324953233874492 -0.387026101350784302 4.30360031127929688 52.5
18.2849614011112855 -3.79679970552741874 -0.0127326454967260361 4.22240018844604492 46.5
18.3539413859359932 -3.79798971269442776 -0.520208835601806641 4.38479995727539062 55.5
18.3515600048366707 -3.8120476635125442 -0.501040399074554443 4.30360031127929688 57
18.3743801150846693 -3.7276999586038464 -0.221143826842308044 4.22240018844604492 47.5
18.495365901096477 -3.39916578574582617 -0.864728689193725586 4.38479995727539062 49
18.5965323146292185 -4.41405597738034583 0.671362698078155518 4.30360031127929688 46
8.4108916691254727 17.57112644723572 0.873156845569610596 -1.70520007610321045 45.5
8.44313638616175766 17.57112644723572 0.467922627925872803 -1.78640007972717285 46
8.57197938638112333 17.5775563018318728 0.855182051658630371 -1.54280006885528564 46
8.53436647244334878 17.5971249701333825 0.828515887260437012 -1.62400007247924805 55.5
8.65583132814021639 17.5335267981534706 0.912511765956878662 -1.70520007610321045 59.5
8.57197938638112333 17.5775563018318728 0.855182051658630371 -1.78640007972717285 56.5
8.50583577231566146 17.5775563018318728 1.36415231227874756 -1.86760008335113525 49
8.60482255209363878 17.6449039433065273 0.858458638191223145 -1.54280006885528564 53.5
8.69924291328617372 17.6007057425022531 0.812952995300292969 -1.62400007247924805 60
8.68899576891586278 17.6007057425022531 0.916008055210113525 -1.70520007610321045 60.5
8.68899576891586278 17.6007057425022531 0.916008055210113525 -1.78640007972717285 55
8.61485258109232177 17.7122498720595161 1.06589984893798828 -1.54280006885528564 51
8.64736243682904338 17.7122498720595161 0.758273839950561523 -1.62400007247924805 54
8.73244562129328372 17.6678829784195131 0.816055834293365479 -1.70520007610321045 50.5
19.6308145251823483 -3.95115607391433299 0.14198419451713562 4.38479995727539062 45
19.9973895844496958 -4.02514775505368494 0.250339210033416748 4.38479995727539062 45
20.1384393209029859 -3.69710055453709208 0.0181465260684490204 4.38479995727539062 46.5
20.3177966975613238 -3.05325588018668848 -0.409074962139129639 4.46600008010864258 45
20.3069923132481982 -3.14570096991479708 -0.182132601737976074 4.38479995727539062 49.5
20.3900050311602392 -3.07986272506898562 -0.390884876251220703 4.38479995727539062 46
15.5523673659353214 -13.5256230804703232 0.756339430809020996 3.49160003662109375 46.5
15.5243322283175278 -13.6705141974228717 0.776013493537902832 3.49160003662109375 47
10.7299533046226507 17.9609169178536945 0.359487175941467285 -0.487200021743774414 47
10.67384346635267 18.0699025422624864 0.740044653415679932 -0.406000018119812012 47.5
10.6524895636239272 18.090895748817541 0.493895918130874634 -0.487200021743774414 49.5
20.591047447655459 -4.03069565857031353 -0.873093605041503906 4.30360031127929688 45.5
15.8848103469597106 -13.658705014881825 -1.453460693359375 3.49160003662109375 47
20.6864032953729868 -3.8765456822015083 -1.09580457210540771 4.38479995727539062 51
20.7124747685920987 -3.79227294997973674 -0.876211822032928467 4.30360031127929688 51
20.8245868052030971 -3.63662344360314638 -0.658860206604003906 4.30360031127929688 46
15.7461694493054605 -14.1127114761794701 -1.84123039245605469 3.4104001522064209 46
15.8161410245917562 -14.0172298725067659 -1.96661627292633057 3.32920026779174805 48.5
15.7884477387878466 -14.0888410752612927 -1.65231025218963623 3.24800014495849609 47.5
16.6033887319476854 -13.2869010455245995 -1.21480584144592285 3.97880029678344727 46.5
15.9198323475204955 -14.0534530289202468 -1.65814888477325439 3.32920026779174805 47
16.6233156554579118 -13.3336851919669748 -1.66398739814758301 4.06000041961669922 45.5
16.6233156554579118 -13.3336851919669748 -1.66398739814758301 3.97880029678344727 52
16.6341359151949 -13.3336851919669748 -1.55209481716156006 3.89760017395019531 50
16.6446929859188941 -13.3804705282098766 -2.00493645668029785 3.97880029678344727 50
16.2840883454261522 -13.870980565602185 -1.58962678909301758 3.49160003662109375 47.5
16.1488614566969417 -14.2314925438340634 -0.0675040706992149353 3.49160003662109375 54.5
16.0618412221758504 -14.312185187250245 0.710146307945251465 3.4104001522064209 56
16.1277149010914016 -14.2314925438340634 0.828936576843261719 3.32920026779174805 53.5
16.1526573302164529 -14.2153540151508277 0.583995819091796875 3.24800014495849609 48
17.3756475316646259 -12.5536378386765541 -2.65576267242431641 4.54720020294189453 47.5
17.3286911008747566 -12.6103194973762349 -2.69375705718994141 4.46600008010864258 47.5
16.1261863514746935 -14.3620526638567938 0.487397879362106323 3.5728001594543457 53
16.1063599895274407 -14.3620526638567938 0.936294376850128174 3.49160003662109375 60.5
16.1178049678181594 -14.3620526638567938 0.712620675563812256 3.4104001522064209 63.5
16.1487337134093423 -14.3377605244140724 0.455005377531051636 3.32920026779174805 61.5
16.1487337134093423 -14.3377605244140724 0.455005377531051636 3.24800014495849609 53
17.5296601485865331 -12.567433816250114 -2.13922619819641113 4.62840032577514648 45.5
17.5136933716132042 -12.4807618588966651 -2.7031104564666748 4.54720020294189453 46.5
15.9918668628544047 -14.5121358593681293 1.86112844944000244 3.5728001594543457 52.5
16.1371355931635598 -14.4444233926857457 0.870151877403259277 3.49160003662109375 62.5
16.1821806226924849 -14.4119214086782019 0.489090263843536377 3.4104001522064209 65
16.207580410286198 -14.3875449206725445 0.344297051429748535 3.32920026779174805 61
16.1895290788646946 -14.4119214086782019 0.0369430854916572571 3.24800014495849609 51
16.4712731567653314 -14.1465159082704623 -1.27895832061767578 3.65400028228759766 46.5
16.0831281723148045 -14.5623500934703429 1.5275576114654541 3.5728001594543457 52
16.2343780221501532 -14.4617888852847507 0.603442966938018799 3.49160003662109375 58
16.3177466730191405 -14.3802527705396752 0.044486314058303833 3.4104001522064209 59
16.2343780221501532 -14.4617888852847507 0.603442966938018799 3.32920026779174805 53.5
16.2941677411345971 -14.5116576301061588 0.492474943399429321 3.5728001594543457 49.5
16.8230757068521015 -15.1649311189648781 -0.177581429481506348 3.16680002212524414 47
16.7308067090580224 -15.2668231533588177 -0.163684457540512085 3.08560013771057129 48
16.938944831372666 -15.1441527002438967 -0.390410065650939941 3.16680002212524414 47
18.3665456950932118 -13.9882985887967024 0.779422283172607422 4.38479995727539062 47
18.4122618879157471 -13.9478866655108682 -0.234653711318969727 4.30360031127929688 50.5
18.3888595304275775 -13.9478866655108682 -0.95725548267364502 4.22240018844604492 47
18.3929275255016442 -14.085842488115162 0.608231544494628906 4.38479995727539062 47.5
18.3619368618087933 -14.137969372322825 0.194337114691734314 4.30360031127929688 49.5
18.5023550364587734 -14.0791314640156244 0.0586490891873836517 4.38479995727539062 47
18.4139413197432944 -14.1837226181024079 0.557907760143280029 4.30360031127929688 46
18.4633251978684001 -14.2527944826512982 -0.138349592685699463 4.30360031127929688 46.5
18.5563328481116194 -14.2225984655323607 -0.969687402248382568 4.30360031127929688 49
18.5404759571030802 -14.2752314368275055 -0.169104471802711487 4.22240018844604492 48
18.7298388405918637 -14.0423092330274777 -1.75565624237060547 4.30360031127929688 48.5
15.6446347856859553 -17.4597502726090532 -1.21580076217651367 1.62400007247924805 45.5
19.2453234644146001 -13.3985586001101531 -2.16765284538269043 4.79080009460449219 49
19.1481325630240704 -13.3985586001101531 -2.90348434448242188 4.70960044860839844 48
18.3996526207232272 -14.6904468552053338 0.496082276105880737 4.14120006561279297 48
18.309481920468798 -14.7993303755664307 -0.587574958801269531 3.89760017395019531 49.5
18.2847842945755055 -14.8405295454327923 -0.166976913809776306 3.81640005111694336 48
15.2595959080644512 -17.9186960940194844 -0.817067801952362061 1.46160006523132324 46.5
15.3910043614676084 -17.7980413822679964 -0.974301636219024658 1.38040006160736084 47.5
21.3861549169992884 -9.98718999971438315 -1.01441740989685059 -4.06000041961669922 46
18.8459729023674569 -14.1969839517074981 -1.18978965282440186 4.30360031127929688 46.5
18.8141930748116231 -14.2324099877691523 -1.26699578762054443 4.22240018844604492 48.5
18.5715757354967295 -14.5866703483856828 -0.682832419872283936 4.14120006561279297 49.5
18.5361620295943119 -14.6427615721499667 0.375271826982498169 4.06000041961669922 47.5
18.3149340610536058 -14.822843922130037 -1.72832345962524414 3.81640005111694336 47.5
16.3234204709593556 -17.0044973095935106 -1.59175527095794678 2.27360010147094727 45.5
15.3081926033624853 -17.975761131617169 -0.819669902324676514 1.46160006523132324 46.5
15.4313449183338189 -17.8694830234322097 -0.834159433841705322 1.38040006160736084 46
21.4741416825890532 -9.98335718650425541 -0.940145015716552734 -4.06000041961669922 46.5
19.2418272144028215 -13.7741306064762092 -1.30973994731903076 4.62840032577514648 49
19.2784703050189989 -13.7000920631173795 -1.52909350395202637 4.54720020294189453 45.5
18.8003171883404647 -14.4049389958934135 -0.857797145843505859 4.22240018844604492 48.5
18.743212690420826 -14.4582467471117706 -1.15806305408477783 4.14120006561279297 48.5
18.1619984029699033 -15.2164014311061599 -0.541242718696594238 3.73520016670227051 49.5
20.398170008449533 12.1153864637653168 -1.54363620281219482 -4.46600008010864258 51
20.4576301513232082 12.0411136188427719 -1.32197821140289307 -4.54720020294189453 53.5
20.4888364608412168 12.0054626532799524 -1.15201246738433838 -4.62840032577514648 51.5
20.415393225413677 12.1153864637653168 -1.2960817813873291 -4.70960044860839844 45
19.2378341963012467 -13.8177200693900168 -2.05598092079162598 4.54720020294189453 46.5
19.139178978848399 -14.0702477421266643 -0.985227286815643311 4.46600008010864258 47
18.7065280541406942 -14.6406631911318001 -0.983610272407531738 4.22240018844604492 50
18.7944119457111114 -14.5040011564743185 -1.28637194633483887 4.14120006561279297 51
18.2306773395648243 -15.2110786401369342 -1.2313382625579834 3.81640005111694336 46.5
18.2703420481257197 -15.1576021917927033 -1.30093801021575928 3.73520016670227051 48.5
20.5379943201447759 12.0433341949012753 -1.40406739711761475 -4.38479995727539062 49
20.4715877678747411 12.1536047628823063 -1.42354559898376465 -4.46600008010864258 56
20.4625165619130733 12.1536047628823063 -1.54850566387176514 -4.54720020294189453 58.5
20.4625165619130733 12.1536047628823063 -1.54850566387176514 -4.62840032577514648 55
20.3923324263764769 12.207249904062266 -1.98955988883972168 -4.70960044860839844 46
19.2704344414900568 -13.8613084237777358 -2.31019854545593262 4.54720020294189453 46
18.8151803801111726 -14.3679569793662569 -2.89367175102233887 4.30360031127929688 50
18.7526281869105809 -14.6242615427816283 -1.81450736522674561 4.22240018844604492 53.5
18.8008598634510378 -14.5497544022539032 -1.91177153587341309 4.14120006561279297 53.5
18.7849894054292541 -14.6242615427816283 -1.44139957427978516 4.06000041961669922 48.5
20.6725444061199184 12.0154342306199329 -0.825190067291259766 -4.38479995727539062 47
20.6106687031268123 12.0812066996604024 -1.2847137451171875 -4.46600008010864258 57.5
20.5359644838753646 12.1918240339557347 -1.42802226543426514 -4.54720020294189453 59
20.4893807019468994 12.24563787226157 -1.62335872650146484 -4.62840032577514648 52.5
18.6096861732564491 -14.2875740701997174 -4.68513250350952148 4.30360031127929688 48
18.8320112811459346 -14.4878811350047787 -2.80398392677307129 4.22240018844604492 52
18.9137053972179423 -14.3772638007094464 -2.82341909408569336 4.14120006561279297 48.5
20.9188124703115186 11.6452315790390823 -1.67089056968688965 -4.30360031127929688 47
20.6085975168750366 12.2300423330727241 -1.30834746360778809 -4.46600008010864258 53.5
20.6085975168750366 12.2300423330727241 -1.30834746360778809 -4.54720020294189453 55
20.353147183161532 12.6679006412209851 -1.12859296798706055 -4.62840032577514648 48
20.506273832036392 12.4489714871468546 -0.718205153942108154 -4.70960044860839844 45.5
18.7544385429794431 -14.9711553032611651 -0.368140190839767456 4.06000041961669922 49.5
18.6629193274700498 -15.0821193950521639 -0.474479377269744873 3.97880029678344727 48
17.9203124033996701 -15.9578360113486895 -0.458120286464691162 3.32920026779174805 46
16.954605352630395 -16.9865031325463214 0.00654497137293219566 2.59840011596679688 48.5
16.8849410990667685 -17.0554808112272127 0.0965381860733032227 2.51719999313354492 49.5
16.7404873366790703 -17.1454516964631587 1.33775472640991211 2.43600010871887207 46
15.6877488590057848 -18.153125611105736 -0.598802506923675537 1.38040006160736084 46.5
20.9794097755339273 11.7177241167604844 -1.47138059139251709 -4.30360031127929688 48
20.4987738876477046 12.5961773753212185 -0.861529409885406494 -4.70960044860839844 48
18.6577227468722349 -15.2104783400105283 -0.369290620088577271 3.97880029678344727 49.5
16.9553915418983046 -17.072678912096471 0.802475869655609131 2.67960023880004883 49.5
16.9365342307711728 -17.108779730941432 0.221579983830451965 2.59840011596679688 53
16.9365342307711728 -17.108779730941432 0.221579983830451965 2.51719999313354492 53.5
16.8935868052113243 -17.108779730941432 1.22556626796722412 2.43600010871887207 48
20.3935304904412291 12.8587334500516484 -1.40693652629852295 -4.70960044860839844 48
19.4693191885972432 -14.1956071694538721 -1.62877058982849121 4.46600008010864258 46.5
19.118647052190358 -14.7327708761211316 -0.803329169750213623 4.22240018844604492 47.5
16.8643427352987985 -17.2858073696070953 0.131716802716255188 2.59840011596679688 48
16.9555941248053585 -17.189238613352309 0.510367691516876221 2.51719999313354492 48.5
15.6937683870556448 -18.3269392729790326 -1.025443434715271 1.46160006523132324 47.5
15.7153029485194136 -18.2665838003197898 -1.60741424560546875 1.38040006160736084 47.5
22.1983077316998845 -9.68686546294188666 -0.50039440393447876 -3.81640005111694336 45.5
20.5807316137885401 12.6746580291680253 -1.623940110206604 -4.70960044860839844 47
20.4158259369333948 12.8986667929985579 -1.91548812389373779 -4.87200021743774414 47
20.4027934740616388 13.0076440294566531 -1.17381703853607178 -4.95320034027099609 48
22.272690988457839 -9.71685606309759109 0.0049698222428560257 -3.81640005111694336 45
22.3134473866513972 -9.61968750246661664 -0.248500406742095947 -3.89760017395019531 45.5
20.4161217155051276 13.1602669304578033 -0.692407190799713135 -4.95320034027099609 48
20.4900636134409062 13.2008854495436871 -0.186119765043258667 -4.95320034027099609 47.5
20.3915691596451225 13.3531799286570187 -0.131281167268753052 -5.03439998626708984 46
17.219010309465034 -17.2519185939583366 0.132943987846374512 2.51719999313354492 49
20.4048361275492525 13.4278738814526264 -1.06649494171142578 -4.95320034027099609 46.5
20.386741923500125 13.4920343709885771 -0.385044753551483154 -5.03439998626708984 46
17.0227849057052936 -17.4852610292499158 1.51426565647125244 2.43600010871887207 47
17.0227849057052936 -17.4852610292499158 1.51426565647125244 2.35480022430419922 45
14.8026404491360264 -19.4559046364255579 0.390043556690216064 0.812000036239624023 47
20.440678072783637 13.5058396979822497 -1.11653554439544678 -4.95320034027099609 47
20.3069175013005037 13.869911883052529 -0.643953323364257812 5.19680023193359375 48
20.2957623406329724 13.8852819095186799 -0.664072275161743164 5.1156001091003418 46.5
20.364432854089511 13.9276155160509685 -0.408772945404052734 5.19680023193359375 46.5
19.9520411013906518 -14.5482932638104128 1.68102145195007324 4.54720020294189453 45
16.4249657773643776 -18.5070125192690256 0.52304762601852417 1.62400007247924805 45.5
20.9866539216486956 -13.2181386144384412 1.05917942523956299 -5.03439998626708984 46
20.9974288592954963 -13.2026280082257674 1.0388873815536499 -5.1156001091003418 47
17.9419522250139458 -17.0740753189085126 1.68611538410186768 2.92320013046264648 47
20.2717868660394203 14.3937680293135344 -1.3726654052734375 5.1156001091003418 45.5
21.3338105488779561 12.98279893784688 0.257106870412826538 -4.54720020294189453 49.5
21.2799655602640918 13.0670622963377117 0.406932532787322998 -4.62840032577514648 55
21.2430529320719472 13.0670622963377117 1.3172917366027832 -4.70960044860839844 53.5
21.2946599797762737 13.0483371055619699 0.170269608497619629 -4.79080009460449219 52
21.3524017860911925 12.9547111516832683 0.0323526971042156219 -4.87200021743774414 48
20.5671856754975195 -14.1156729797791893 1.22036468982696533 4.87200021743774414 48.5
23.238667799075003 -9.33123706887138304 -0.628415286540985107 -3.65400028228759766 45.5
21.3409933229588944 13.1063031222289439 0.537926137447357178 -4.54720020294189453 56.5
21.3282863821299493 13.1219543081881369 0.64890366792678833 -4.62840032577514648 62.5
21.3328097753380348 13.1063031222289439 0.799129724502563477 -4.70960044860839844 62.5
21.3931733645735669 13.021786718049297 0.517436504364013672 -4.79080009460449219 58.5
21.4153431572428552 12.9936145833227474 -0.227136775851249695 -4.87200021743774414 49.5
20.6168178613176067 -14.1392813955357397 1.59062862396240234 4.95320034027099609 49
20.5501307005976663 -14.3239653898542265 0.136625513434410095 4.70960044860839844 50
21.3204021137122197 13.2617094905325104 0.912798583507537842 -4.46600008010864258 46.5
21.3957487093416425 13.1612419943921104 0.51898568868637085 -4.54720020294189453 59.5
21.4188578574571267 13.1267062925938482 0.433355271816253662 -4.62840032577514648 64.5
21.4225571345810764 13.1267062925938482 0.1712922602891922 -4.70960044860839844 64.5
21.5227615228884197 12.9603070021113158 0.258651077747344971 -4.79080009460449219 59.5
21.498976909246494 12.9948427039095797 -0.440203309059143066 -4.87200021743774414 47
20.777493778527429 -14.0654494596556923 1.31323051452636719 4.95320034027099609 49
20.4379709796991875 14.6023226421559436 -0.572073101997375488 4.87200021743774414 45.5
20.6359432558761249 -14.3323162462786229 0.0907871946692466736 4.70960044860839844 47.5
22.8896119498282715 -10.5238947646632788 -0.594392180442810059 -3.97880029678344727 45.5
21.479711035620447 13.1658898896041805 0.566913008689880371 -4.46600008010864258 48
21.4871523568896272 13.1658898896041805 0.0412328019738197327 -4.54720020294189453 58.5
21.5259229598519823 13.0997612869536955 -0.266295313835144043 -4.62840032577514648 62.5
21.5445675622118173 13.0714204572463437 -0.0979276672005653381 -4.70960044860839844 61.5
21.544159960946434 13.0714204572463437 0.16493341326713562 -4.79080009460449219 57
21.5820807593884325 12.9989938924386657 -0.529123902320861816 -4.87200021743774414 45.5
21.0054412303500193 -13.9059004430739233 0.661378026008605957 5.1156001091003418 48
20.4607767831764171 14.6836987694867975 -0.886335551738739014 5.03439998626708984 49.5
20.5211019210786532 14.6112722046791212 -0.659659504890441895 4.95320034027099609 55.5
20.4740726512831905 14.6836987694867975 -0.491334348917007446 4.87200021743774414 53.5
19.5630630957367337 -15.8551197307240024 0.970462322235107422 3.97880029678344727 46.5
19.5630630957367337 -15.8551197307240024 0.970462322235107422 3.89760017395019531 47
21.5999100748990571 13.1103238888858229 -0.623725295066833496 -4.54720020294189453 53
21.5906902667985818 13.1103238888858229 -0.887251079082489014 -4.62840032577514648 54
21.6528186683631638 13.0376817666395262 -0.00344498106278479099 -4.70960044860839844 54
21.6427083179039457 13.0376817666395262 -0.661622762680053711 -4.79080009460449219 52
21.5658037353592356 13.1387490671561125 -1.05599641799926758 -4.87200021743774414 46
20.5226414242223996 14.6895004594574718 -1.36581015586853027 5.1156001091003418 49
20.5007992516568756 14.7274006971511895 -1.28321051597595215 5.03439998626708984 56
20.5509190334433001 14.6895004594574718 -0.839028835296630859 4.95320034027099609 58.5
20.5859684695767164 14.6547585749048945 -0.530698657035827637 4.87200021743774414 55.5
23.6086438296875514 -9.20857647427391157 -0.675678730010986328 -3.49160003662109375 46
20.4538016951897959 14.8661332623899085 -1.80625438690185547 5.1156001091003418 51.5
20.5994158684138071 14.733088813845189 -1.10575246810913086 5.03439998626708984 57.5
20.7150519453878701 14.5968766403351164 -0.663586020469665527 4.95320034027099609 58.5
20.7218313236765397 14.5968766403351164 -0.399218171834945679 4.87200021743774414 53
20.5824922473003795 14.8148034410937885 -1.82024157047271729 5.1156001091003418 49
20.6603615048236371 14.7766782767589984 -1.10902392864227295 5.03439998626708984 53.5
20.7801402081732718 14.6400631045593332 -0.533848226070404053 4.95320034027099609 54
20.8825043022767112 14.5034479323596699 0.0416009537875652313 4.87200021743774414 48
21.0315909363891009 -14.5506636844243324 0.176104038953781128 4.79080009460449219 46.5
25.2420508511346746 -8.64800173599140187 -0.970017850399017334 -3.16680002212524414 46
25.33722875256084 -8.5652287625852086 -1.24997115135192871 -3.16680002212524414 46.5
22.862775170813542 14.9487573431764424 -1.79413354396820068 -4.95320034027099609 46
22.9003814342846255 14.9487573431764424 -1.22391235828399658 -5.03439998626708984 46
16.5427396907205981 -21.891154086015348 0.785903215408325195 0.812000036239624023 46
16.8999017276412111 -21.7205192746480051 0.487883180379867554 0.812000036239624023 48.5
16.769212473007066 -21.823704639373176 -0.380930691957473755 0.730800032615661621 47
21.0582682123495992 18.0698100645876671 0.306484133005142212 4.14120006561279297 45
21.0728953975676099 18.0490042959468084 0.478631168603897095 4.06000041961669922 48
21.0451928988399537 18.2964802222344218 0.865332603454589844 3.81640005111694336 45
21.1072244988066728 18.3456635556738448 0.7227669358253479 3.97880029678344727 49
21.1682873625141958 18.3948481399292021 0.579404950141906738 3.97880029678344727 49.5
21.0457445309047912 18.5245374275011123 0.848958849906921387 3.89760017395019531 52
21.1356897452749912 18.3948481399292021 1.30949115753173828 3.81640005111694336 49
21.1266334725890452 18.5564963383564141 0.580954134464263916 3.89760017395019531 46.5
16.668953001891456 -22.7042284792818805 1.37986660003662109 0.487200021743774414 47.5
21.122661444805491 18.7685274789754253 1.02531230449676514 3.81640005111694336 48
21.0963795691363885 18.800326565442063 0.982929587364196777 3.73520016670227051 46.5
16.8118324736485647 -22.704547737179233 1.15822529792785645 0.487200021743774414 46
21.1523372787530128 18.8501940420486136 0.985536813735961914 3.73520016670227051 45
17.3624672991769522 -23.0275809988745337 -1.42862677574157715 0.487200021743774414 48.5
17.5672136457781143 -22.9969524949849635 -0.797282636165618896 0.649600028991699219 46.5
17.5295761609585909 -22.9969524949849635 -1.39882242679595947 0.568400025367736816 52
17.3289628090468213 -23.0873919809649273 -2.18677186965942383 0.487200021743774414 52
17.1565786147071933 -23.2176248407760717 -2.16709089279174805 0.406000018119812012 48
17.4840160793070432 -23.1472044841504641 -0.983294129371643066 0.568400025367736816 50.5
17.2195402534059951 -23.2777747382133597 -2.02073335647583008 0.487200021743774414 48.5
17.1789683378052445 -23.3684485257570422 1.11776471138000488 0.243600010871887207 47
21.3182175173775086 19.7997716549600042 2.16409969329833984 3.5728001594543457 47
21.3709558107334203 19.9603233501933168 0.656030058860778809 3.65400028228759766 46
21.3247361555550334 19.9822537548996237 1.23601961135864258 3.5728001594543457 47.5
21.5774565745070248 19.8575964326279966 -0.211922585964202881 3.65400028228759766 46.5
21.3788055226177107 20.0518117142167185 0.909529685974121094 3.5728001594543457 49
21.3325241306702722 20.0518117142167185 1.67449402809143066 3.49160003662109375 45.5
21.4608437506146785 20.0847265837939375 0.62933427095413208 3.5728001594543457 47.5
13.9947896510757435 25.9296094605839684 0.759512007236480713 -0.893200039863586426 50.5
14.1623523632745023 25.7933316835894217 1.70512735843658447 -1.05560004711151123 48.5
14.0304001646439698 25.9955887809265214 0.761444628238677979 -0.893200039863586426 55.5
14.2590460295601353 25.8589642376176734 1.09369254112243652 -0.974400043487548828 56.5
27.9586224825466232 10.2392870704845969 0.152248427271842957 -3.08560013771057129 46.5
27.9455041465817793 10.2727731110494087 0.263893783092498779 -3.16680002212524414 49.5
27.8956305789917849 10.4104379444825224 0.0852600783109664917 -3.24800014495849609 47.5
27.9774599085210554 10.3434092336624079 1.13936984539031982 -3.08560013771057129 46
27.9998952385591693 10.3434092336624079 0.205540776252746582 -3.16680002212524414 52
27.9750564077969806 10.4068199646296851 -0.341884642839431763 -3.24800014495849609 52
28.1859323476184933 10.0515476829568122 -0.159132376313209534 -3.00440025329589844 46.5
28.1174797391611477 10.2422578510486275 -0.0958876237273216248 -3.08560013771057129 45
28.0453462083680201 10.432968019140441 -0.342743664979934692 -3.24800014495849609 48.5
22.078261229313739 20.0357858948223964 2.57358241081237793 3.73520016670227051 45
28.1355313267275271 10.3953866925572651 -0.572650372982025146 -3.08560013771057129 48
21.9342946975428958 20.2734407621167279 2.80614471435546875 3.81640005111694336 46.5
22.0445672506179413 20.1534795741752077 2.80614471435546875 3.73520016670227051 52.5
21.9936880825735663 20.220957742392315 2.71857047080993652 3.65400028228759766 53
22.0498391343501581 20.0560111089727258 3.4001624584197998 3.5728001594543457 54.5
22.1003414276737722 19.9472962824007247 3.69870734214782715 3.49160003662109375 50.5
22.0486714602916329 20.2715093621659861 2.72536683082580566 3.81640005111694336 53.5
22.0289411177130745 20.2715093621659861 2.88051986694335938 3.73520016670227051 61.5
22.0576951762343363 20.2038625011131536 3.12533974647521973 3.65400028228759766 65
22.1069008147402499 20.1362156400603212 3.21301651000976562 3.5728001594543457 64
22.0576951762343363 20.2038625011131536 3.12533974647521973 3.49160003662109375 57.5
22.1225743749316628 20.3220622675534486 2.57450175285339355 3.81640005111694336 59
22.1127024555339595 20.2542467093747369 3.1331336498260498 3.73520016670227051 67
22.1385934564499074 20.1864311511960288 3.37835431098937988 3.65400028228759766 70
22.1140275212404198 20.1864311511960288 3.53558611869812012 3.5728001594543457 67.5
22.229360332789927 20.0922428759478215 3.34362959861755371 3.49160003662109375 58
22.1895002719550405 20.3046296363126828 2.98307418823242188 3.89760017395019531 47
22.1776048119755416 20.3726138873271232 2.58090591430664062 3.81640005111694336 60.5
22.1677083359403646 20.3046296363126828 3.14092755317687988 3.73520016670227051 67
22.1936637413452154 20.236645385298246 3.38675808906555176 3.65400028228759766 69
22.2171593884718206 20.236645385298246 3.22904157638549805 3.5728001594543457 66.5
22.280605723960452 20.236645385298246 2.75742816925048828 3.49160003662109375 56
22.2505136734934901 20.4231667927145857 2.42879247665405273 3.89760017395019531 47
22.2505136734934901 20.4231667927145857 2.42879247665405273 3.81640005111694336 56
22.2722893763445242 20.2868608964339536 3.23705410957336426 3.73520016670227051 59.5
22.3358931485083332 20.2868608964339536 2.76427030563354492 3.65400028228759766 62.5
22.3946729631290467 20.2338530478803769 2.67580175399780273 3.5728001594543457 61.5
22.3444704472135491 20.1126922511864805 3.78078985214233398 3.49160003662109375 49.5
22.5384322073604366 20.3370764075696648 1.03109610080718994 3.65400028228759766 49.5
22.549195158260531 20.2421852335888417 2.10439062118530273 3.5728001594543457 47
27.8879709624789491 12.3281112142355589 -1.4333500862121582 -3.5728001594543457 49
21.70670894152817 21.4292477727646542 1.17553031444549561 3.16680002212524414 45.5
28.0179388623554821 12.2360405446269791 -1.27847623825073242 -3.5728001594543457 51.5
27.9350204142488181 12.4004623394454061 -1.49105250835418701 -3.65400028228759766 52
28.6027083649488674 10.9167677188565921 1.9144127368927002 -3.08560013771057129 53
28.6595117472193266 10.7941074074087631 1.75366890430450439 -3.16680002212524414 56
28.6315979067204296 10.7251109822193609 2.4817817211151123 -3.24800014495849609 55
28.6252215806237267 10.629282613900747 2.92758011817932129 -3.32920026779174805 49.5
28.0327230272743613 12.3886914562305144 -1.28160989284515381 -3.5728001594543457 53.5
28.0396146237304542 12.3886914562305144 -1.12070155143737793 -3.65400028228759766 54.5
28.7256306552958485 10.8896642578610638 1.34757900238037109 -3.00440025329589844 52.5
28.7295846132770798 10.8204991355457842 1.75795662403106689 -3.08560013771057129 60
28.6960929334948602 10.8204991355457842 2.23911285400390625 -3.16680002212524414 62
28.6785522678264542 10.6552713433481756 3.09329962730407715 -3.24800014495849609 60
28.6421035854359758 10.6552713433481756 3.414337158203125 -3.32920026779174805 53
28.1552830953274622 12.2960217449383915 -1.28474342823028564 -3.5728001594543457 53
28.0986594319641085 12.4381944963642432 -1.1485821008682251 -3.65400028228759766 53
28.8657445512889375 10.7775563773622718 0.89093470573425293 -3.00440025329589844 55.5
28.8091809807149453 10.7775563773622718 2.01395606994628906 -3.08560013771057129 62
28.7258105558128705 10.7775563773622718 2.97536349296569824 -3.16680002212524414 63.5
28.6503908419210518 10.6812594118747608 3.90467691421508789 -3.24800014495849609 60.5
28.7705183515859702 10.4963692381387386 3.50201630592346191 -3.32920026779174805 52.5
28.1045322539011906 12.6071987216249877 -1.17238366603851318 -3.5728001594543457 50
28.8728146789582141 10.9427844329271853 1.19418251514434814 -3.00440025329589844 53
28.8271425745385166 10.8037794083734173 2.66163206100463867 -3.08560013771057129 59
28.6502471949538418 10.7072481413221894 4.39639186859130859 -3.16680002212524414 59.5
28.3856957404573897 10.7497218988247294 5.78842639923095703 -3.24800014495849609 57.5
28.6064543186316627 10.6609131331375995 4.77763652801513672 -3.32920026779174805 50.5
29.0559037733352312 10.7332362098487728 0.0527940951287746429 -3.00440025329589844 48
28.7192989738002424 11.1473928180181989 3.2230675220489502 -3.08560013771057129 48.5
28.0790413738995568 10.7332362098487728 7.47098922729492188 -3.16680002212524414 48.5
27.4298552685422692 10.6519531372173901 9.67417335510253906 -3.24800014495849609 49.5
28.1035912247520514 13.1260216262672369 -1.41359543800354004 -3.81640005111694336 50.5
28.1232937267754437 13.1927316135515316 -1.94884705543518066 -3.73520016670227051 49.5
28.1341192293244617 13.1927316135515316 -1.78574705123901367 -3.81640005111694336 51
28.1046851982486814 13.2977445125980793 -1.43608725070953369 -3.89760017395019531 47
28.166828420859904 13.3063943488291549 -1.73483562469482422 -3.73520016670227051 48
28.1316766778503897 13.3297867795625198 -2.08939552307128906 -3.81640005111694336 49.5
27.9477193094705321 13.6182934252740218 -2.62813091278076172 -3.89760017395019531 50
27.8439212922305863 13.8386193446257408 -3.36665558815002441 -3.89760017395019531 49
27.8697615646705401 14.0066680969044484 -2.28371739387512207 -3.97880029678344727 48.5
31.1460605362592275 3.51006417871576915 0.651844620704650879 -3.73520016670227051 50.5
31.1327530050123009 3.65501102538148759 0.463788330554962158 -3.81640005111694336 50.5
31.2259041220189424 3.39280220580367509 -0.981086492538452148 -3.5728001594543457 50.5
31.2399791276440872 3.37316793377934854 -0.464896857738494873 -3.65400028228759766 53.5
31.2414374408127671 3.37316793377934854 0.353500545024871826 -3.73520016670227051 55.5
31.2269857276157232 3.51846154675936695 0.162828132510185242 -3.81640005111694336 55.5
31.2269857276157232 3.51846154675936695 0.162828132510185242 -3.89760017395019531 55
31.2256888526699505 3.51846154675936695 0.327792227268218994 -3.97880029678344727 53
31.2274098392757189 3.51846154675936695 -1.37363042540528113e-06 -4.06000041961669922 49
31.308231381974398 3.27494042088846715 -1.1486961841583252 -3.5728001594543457 53
31.3112159668856158 3.35760117670416181 -0.764459431171417236 -3.65400028228759766 55.5
31.3177035510108759 3.38121853550864548 -0.137444853782653809 -3.73520016670227051 58
31.3154496597133551 3.40089966784571596 0.163216754794120789 -3.81640005111694336 59.5
31.3015138952714054 3.52685891480296432 0.163216754794120789 -3.97880029678344727 57
31.3019390191413258 3.52685891480296432 -1.37690881274465937e-06 -4.06000041961669922 52
31.3861922885187781 3.38926893250263639 -0.632847368717193604 -3.49160003662109375 50.5
31.3881689425945751 3.2472273940042724 -1.10410225391387939 -3.5728001594543457 54
31.3980216013035509 3.2472273940042724 -0.774889171123504639 -3.65400028228759766 56
31.3887066265628647 3.40899692396074228 -0.329355865716934204 -3.73520016670227051 59.5
31.3760401675970542 3.53525606929262182 0.163605362176895142 -3.89760017395019531 62
31.37646630365116 3.53525606929262182 -1.38018708639719989e-06 -3.97880029678344727 59.5
31.3602530290984483 3.66151521462450091 -0.329355865716934204 -4.06000041961669922 53.5
31.4607445707206601 3.39731953423193378 -0.63435053825378418 -3.49160003662109375 51.5
31.4759514006744432 3.16397628333591019 -0.988111019134521484 -3.5728001594543457 54
31.471559393514621 3.29053533466934667 -0.660239040851593018 -3.65400028228759766 55.5
31.4509954835167704 3.54365343733621962 -1.38346547373657813e-06 -3.81640005111694336 63
31.4509954835167704 3.54365343733621962 -1.38346547373657813e-06 -3.89760017395019531 63
31.4505683352527399 3.54365343733621962 0.163993969559669495 -3.97880029678344727 60.5
31.4509954835167704 3.54365343733621962 -1.38346547373657813e-06 -4.06000041961669922 54.5
31.5430669319714596 3.38158387815566197 -0.27468600869178772 -3.49160003662109375 51
31.5505378215235126 3.17147374270167548 -0.990452468395233154 -3.5728001594543457 53.5
31.5146970866595133 3.55205059182587668 -0.826139152050018311 -3.65400028228759766 53.5
31.525522768026601 3.55205059182587668 -1.38674386107595637e-06 -3.73520016670227051 59.5
31.5250946075783887 3.55205059182587668 -0.16438157856464386 -3.81640005111694336 63
31.5250946075783887 3.55205059182587668 -0.16438157856464386 -3.89760017395019531 63
31.525522768026601 3.55205059182587668 -1.38674386107595637e-06 -3.97880029678344727 60
31.5342524614152602 3.40536993122592424 0.685591220855712891 -4.06000041961669922 54
28.1128107453281011 14.5887792164277084 -1.82017099857330322 -4.14120006561279297 48.5
31.6351034760833265 3.22268224939078562 0.273168116807937622 -3.49160003662109375 49
31.6463163940268544 3.05181253703097788 -0.661200225353240967 -3.5728001594543457 53.5
31.5892006736377446 3.56044795986947449 -0.828092217445373535 -3.65400028228759766 51.5
31.5961510309993869 3.56044795986947449 0.496459215879440308 -3.73520016670227051 57
31.5996227752340744 3.56044795986947449 -0.164770185947418213 -3.81640005111694336 63
31.598310424454187 3.56044795986947449 -0.331702828407287598 -3.89760017395019531 61.5
31.5961510309993869 3.56044795986947449 0.496459215879440308 -3.97880029678344727 56.5
28.1801158939114877 14.6033998354021417 -1.96514475345611572 -4.14120006561279297 51.5
28.1480037619923245 14.7504272623163928 -1.16396987438201904 -4.22240018844604492 48.5
31.7198292894311571 3.13070583453088691 -0.258601278066635132 -3.5728001594543457 53.5
31.66318337599008 3.3975726168636724 1.38385593891143799 -3.73520016670227051 54.5
31.658945412594278 3.56884532791307185 -0.995135486125946045 -3.89760017395019531 59.5
31.658945412594278 3.56884532791307185 0.995136559009552002 -3.97880029678344727 47
31.6910234905876393 3.3975726168636724 0.38898169994354248 -4.06000041961669922 52
28.1424187814854996 14.7852163584970118 -2.3275299072265625 -4.22240018844604492 47.5
31.7773633781316711 3.2857930390819714 -0.453062146902084351 -3.5728001594543457 54
31.7730873365404065 3.23788354154979219 -0.888613641262054443 -3.65400028228759766 56
31.7726116592343608 3.2857930390819714 0.712230503559112549 -3.73520016670227051 57.5
31.765098151148969 3.42952153167850948 -0.139408335089683533 -3.81640005111694336 62
31.7449785583195343 3.42952153167850948 -1.13898372650146484 -3.89760017395019531 58.5
31.7489084420754146 3.42952153167850948 1.02360427379608154 -4.06000041961669922 50
31.8641466425790796 3.20146415218422042 -0.165936022996902466 -3.65400028228759766 58.5
31.8529319089917777 3.29350624655951707 0.379898250102996826 -3.73520016670227051 59
31.839664865993818 3.43757213340780687 -0.139735594391822815 -3.81640005111694336 59.5
31.8219970587452359 3.38154651074458323 -1.23547697067260742 -3.89760017395019531 56.5
31.8752250677280564 3.25308502700371527 1.94873726367950439 -3.49160003662109375 48.5
31.9335489762337659 3.25308502700371527 0.275745183229446411 -3.65400028228759766 58
31.9345529138338904 3.25308502700371527 0.109424367547035217 -3.73520016670227051 58
31.987421604562055 2.6794831048563279 0.188209742307662964 -3.97880029678344727 48.5
32.0093039764113172 3.26068576973067703 -0.0570323094725608826 -3.4104001522064209 45
31.9684249385411405 3.26068576973067703 1.61819005012512207 -3.49160003662109375 47
32.0185241527253766 3.16017141184748729 0.241295203566551208 -3.65400028228759766 56.5
32.0260603080140527 3.08780107417159044 -0.166713237762451172 -3.73520016670227051 56
31.8758943417215548 4.18943843657135062 -1.26756727695465088 -3.81640005111694336 50.5
32.0036815227137623 3.30893266151460841 0.214972406625747681 -3.97880029678344727 52
32.0742553358240201 3.31664547668212517 0.551849544048309326 -3.5728001594543457 48
32.1115541078936886 2.96604018327830365 -0.336396723985671997 -3.65400028228759766 53.5
32.077458997651064 3.22395672095467756 -0.839810431003570557 -3.73520016670227051 54.5
31.9872053983871751 3.95337692907067373 -1.11891448497772217 -3.81640005111694336 54
32.0280140279347734 3.75993952581339297 -0.362779945135116577 -3.89760017395019531 57.5
32.0467860951780708 3.61083152746923908 0.167102858424186707 -3.97880029678344727 54
32.1862011571324018 2.92850552371295381 -0.61482703685760498 -3.65400028228759766 50.5
32.0969096687342557 3.76868366017129075 -0.700760185718536377 -3.81640005111694336 57.5
32.0967859704231486 3.79291956795374308 -0.561943411827087402 -3.89760017395019531 59
32.1039729617650735 3.76868366017129075 -0.193936198949813843 -3.97880029678344727 54.5
32.1891845000839538 3.62762626355643425 -0.675884544849395752 -3.73520016670227051 55.5
32.1713812126271108 3.77742779452918898 -0.702386081218719482 -3.81640005111694336 58
32.1589257346749093 3.88674242523903679 -0.675884544849395752 -3.89760017395019531 58
32.1737582994562956 3.80171993468693303 -0.395387440919876099 -3.97880029678344727 52.5
32.2887678012588282 3.46152696177994113 -0.281179755926132202 -3.5728001594543457 48
32.2045076145216811 3.89573960528574847 -1.52270352840423584 -3.65400028228759766 52
32.2597272723270478 3.63602363160003206 -0.84566962718963623 -3.73520016670227051 55
32.2491227367518007 3.78617192888708676 -0.533561766147613525 -3.81640005111694336 56
32.2457284841969525 3.81052030142012299 -0.564551055431365967 -3.89760017395019531 54.5
32.2637440157911328 3.63602363160003206 0.675236225128173828 -3.97880029678344727 48.5
32.3637579885395752 3.46952133113394678 0.228571325540542603 -3.5728001594543457 48
32.3112030984061747 3.79491606324498498 -1.04282593727111816 -3.65400028228759766 51
32.3074012673146456 3.85186014136441646 -0.947447121143341064 -3.73520016670227051 53
32.3023531082105961 3.94134369269495233 -0.725604772567749023 -3.81640005111694336 52
32.3013685509406301 3.99015290251160781 -0.450473904609680176 -3.89760017395019531 50
32.4504527069260789 3.26144458980298779 -0.849575698375701904 -3.5728001594543457 47
32.4087306568736651 3.65281794057934661 -0.849575698375701904 -3.65400028228759766 49
32.3206247685808279 4.17464907494782445 -1.52973675727844238 -3.73520016670227051 48.5
32.5653405342508933 2.96247890485673526 -0.111468635499477386 -3.5728001594543457 46.5
32.5124759759934321 3.48550966323144129 -0.283127874135971069 -3.65400028228759766 49.5
32.6377725754177419 2.96927365020451228 0.399964720010757446 -3.5728001594543457 48
32.6062124992366407 3.32149093836670284 -0.0580958463251590729 -3.65400028228759766 51
32.7089882079032961 2.83650105010569931 1.09496712684631348 -3.5728001594543457 48.5
32.6979348759570598 3.15258003832297673 0.170211762189865112 -3.65400028228759766 51
32.7927430746849922 2.93349161305068584 0.294057071208953857 -3.5728001594543457 47.5
32.7789996844705769 3.0857204905862754 0.267120957374572754 -3.65400028228759766 49
24.0851482751282013 20.8793104758683299 -9.37340736389160156 -4.95320034027099609 47.5
31.1942795829873809 -16.3507088768789792 -1.46074700355529785 -4.30360031127929688 46
30.9904058739788049 -16.9505151445444113 -0.361245959997177124 -4.46600008010864258 47
30.9790708455587378 -16.9505151445444113 -0.91266167163848877 -4.54720020294189453 49.5
30.7674543332913721 -17.3522070398968964 0.346795409917831421 -4.62840032577514648 46.5
31.0726028581258085 -16.7432075854187019 -2.70526528358459473 -4.46600008010864258 45
30.9577246356204014 -16.7962904099959864 -3.55866432189941406 -4.54720020294189453 45
31.0522750469906974 -17.3028085112978651 -0.414440900087356567 -4.70960044860839844 45
31.238494143499878 -17.0143378751661913 -1.95178043842315674 -4.46600008010864258 47.5
31.198659094410182 -17.0143378751661913 -2.50930237770080566 -4.54720020294189453 45
30.9349337383322833 -17.6642838013237693 0.378885060548782349 -4.70960044860839844 45
31.4423976376095275 -16.885098808160599 -0.871254563331604004 -4.46600008010864258 47
31.1704297774325525 -17.5464320620240528 -0.614605963230133057 -4.62840032577514648 45
30.9220610302663594 -18.0625560731594952 -1.6711890697479248 -4.87200021743774414 45
31.582149268827127 -17.1217045860026253 -0.144504472613334656 -4.46600008010864258 49.5
31.3055532804955909 -17.485327572753075 2.19805812835693359 -4.62840032577514648 46.5
31.4115065924254786 -17.4314575006418941 0.259619861841201782 -4.70960044860839844 47
31.6119174365198496 -17.1934361685889918 -1.03559911251068115 -4.38479995727539062 46
31.6254729743030083 -17.1934361685889918 0.463861823081970215 -4.46600008010864258 53.5
31.584129210848257 -17.2744099653013414 0.193893298506736755 -4.54720020294189453 54
31.3519175424746415 -17.683777493124893 -0.584113836288452148 -4.62840032577514648 51.5
31.6481997887868616 -17.3103986854881882 0.383670985698699951 -4.38479995727539062 45.5
31.5942203917384496 -17.3915411793264134 0.863197684288024902 -4.46600008010864258 54
31.5133346532964644 -17.5583340833272139 0.14264911413192749 -4.54720020294189453 55.5
31.3759267430782565 -17.7206190710036644 -1.71361196041107178 -4.62840032577514648 51.5
31.1043733159712943 -18.2164898666817123 -1.44332873821258545 -4.70960044860839844 46.5
31.0395066964847928 -18.3832827706825128 -0.0983791276812553406 -4.79080009460449219 45.5
31.5665013440979259 -17.5948382669542376 0.894559085369110107 -4.46600008010864258 49.5
31.4873191958773226 -17.7574606488824394 -0.209489732980728149 -4.54720020294189453 53
31.4552937264551211 -17.7800470908169146 -1.12120938301086426 -4.62840032577514648 50.5
31.8231341910858205 -17.3008962377719087 0.466760993003845215 -4.38479995727539062 46
31.5530795887166882 -17.6313424505812613 2.40619301795959473 -4.46600008010864258 47
31.6219590579463663 -17.6720823946262513 0.00740871671587228775 -4.62840032577514648 51.5
31.5398971033787703 -17.7943022267612143 0.921103954315185547 -4.70960044860839844 50
31.008752544775259 -18.5412012009193425 -2.63285589218139648 -4.95320034027099609 45.5
31.7966301071485304 -17.5000134312645841 -0.643419742584228516 -4.46600008010864258 48
31.7084761574426572 -17.6678466342082849 0.331620603799819946 -4.54720020294189453 48
31.5212513754689816 -17.9989770075836901 -0.371216684579849243 -4.62840032577514648 46.5
34.7030613821057656 10.4726110414639386 3.0269777774810791 -2.67960023880004883 50.5
34.6196340829332172 10.3907937677025028 4.08080434799194336 -2.76080012321472168 52.5
34.8269053424235508 10.3271581103324959 1.89133632183074951 -2.84200000762939453 52.5
32.3441676759061849 -16.6134519776695733 0.994329988956451416 -4.22240018844604492 47
31.0634026416227869 -18.617975184824779 -3.40244913101196289 -4.95320034027099609 45.5
34.8542608130403124 10.6399571107090498 0.757886350154876709 -2.59840011596679688 46.5
34.7720793630154574 10.4122183026887356 3.33028507232666016 -2.67960023880004883 52.5
34.0290788009211411 10.2436915847537016 8.10500621795654297 -2.76080012321472168 53
32.4222906763311016 -16.6158234331620775 1.14542043209075928 -4.22240018844604492 48.5
32.316880070893653 -16.6158234331620775 2.85240006446838379 -4.30360031127929688 48.5
34.94256386906698 10.6344653594849827 0.03237127885222435 -2.59840011596679688 47
34.8603247530980624 10.597952173701346 2.5528256893157959 -2.67960023880004883 51
32.9751279558687287 9.93158653314992534 12.1688222885131836 -2.76080012321472168 46.5
34.3119012824765335 10.2647693534256348 7.16963052749633789 -2.84200000762939453 47
34.0479501856001434 10.597952173701346 -7.90545749664306641 -2.92320013046264648 45
35.0498016015062746 10.5373907378002638 0.187146693468093872 -2.59840011596679688 45
34.9604664687912532 10.8300960360724936 0.187146693468093872 -2.67960023880004883 47
32.9982122531694131 -16.3450110594495719 0.198336690664291382 -4.14120006561279297 46.5
32.824124083397443 -16.6901337591845689 -0.311310797929763794 -4.22240018844604492 47
32.9919924123346604 -16.5258528835108933 -0.186163410544395447 -4.14120006561279297 47.5
32.8633953729128905 -16.7794583267567354 -0.238992393016815186 -4.22240018844604492 49.5
32.7902800253196887 -16.9177885685271967 -0.442758917808532715 -4.30360031127929688 49
33.0589785035421215 -16.5594423556852846 0.19914458692073822 -4.14120006561279297 46
32.9282415384572857 -16.8135632623713036 -0.431053489446640015 -4.22240018844604492 48
32.8298175906545708 -16.9521746660182231 -1.40629005432128906 -4.30360031127929688 46.5
37.5002731978228923 -3.14746285213004562 1.16004014015197754 3.97880029678344727 49
37.5917592736358657 -3.16787506135615216 0.00257073249667882919 4.06000041961669922 49
37.6159653856039427 -2.86617267456032776 0.00257073249667882919 3.97880029678344727 54.5
37.5959311131158174 -3.01702386795823996 0.786968588829040527 3.89760017395019531 49
37.6165256937900381 -2.87187088858991224 2.36422133445739746 3.97880029678344727 55
37.6041575082961472 -3.17417308738885007 2.16614246368408203 3.89760017395019531 50.5
37.7031085082286026 -2.87756881279629129 2.1704401969909668 4.06000041961669922 58
37.6188429535961291 -3.37451737421670384 2.81973695755004883 3.97880029678344727 63
37.5762110383219152 -3.51176983403757959 3.19554257392883301 3.89760017395019531 56.5
37.7284932756130829 -3.72738138665318797 1.69412732124328613 4.06000041961669922 56.5
37.7190303507065252 -3.72738138665318797 1.89312744140625 3.97880029678344727 63
37.6972703855183227 -3.72738138665318797 2.28579998016357422 3.89760017395019531 58
37.8710601048279116 -3.38788193541109006 0.453666210174560547 4.06000041961669922 54
37.8532521383553018 -3.38788193541109006 1.24673497676849365 3.97880029678344727 59
37.7899556042091618 -3.34511764730632155 2.57489943504333496 3.89760017395019531 53
37.9779730702108651 -2.8708586567363179 -1.02071118354797363 4.06000041961669922 46
37.9727271321022286 -3.78764336368127408 -1.02792477607727051 4.06000041961669922 48.5
37.9774986482768782 -3.86873900245026858 0.270673990249633789 3.97880029678344727 54
38.1145374811460229 -3.05901009802211288 -0.993446946144104004 4.06000041961669922 46
38.0615911253953456 -3.75684677663340771 0.513716816902160645 3.97880029678344727 51.5
38.059538924721096 -3.79508440285868387 0.362475216388702393 3.89760017395019531 47
38.1743480550010901 -3.37150903985857919 -0.397151321172714233 4.06000041961669922 47.5
38.145976755324142 -3.59180650553115699 0.888301730155944824 3.97880029678344727 57
38.124856191278333 -3.55349390280549171 1.63516819477081299 3.89760017395019531 54
38.22275973932787 -3.68520760570127415 0.00261672958731651306 4.06000041961669922 51
38.2278551581328756 -3.59883555244265052 0.489554166793823242 3.97880029678344727 59.5
38.2325107367331967 -3.53165728879705432 0.602116048336029053 3.89760017395019531 57
38.3299445632016642 -3.32220325087161816 0.322637349367141724 4.06000041961669922 47.5
38.3192390727866652 -3.42797527911933964 0.459035038948059082 3.97880029678344727 56.5
38.371535660095951 -3.69960309377601293 0.202370226383209229 4.06000041961669922 47
38.3673063535828973 -3.69960309377601293 0.604468047618865967 3.97880029678344727 49.5
38.4612978364707203 -3.55235045206587507 0.00263206195086240768 3.97880029678344727 50
31.9842212784942497 21.9153246434319442 -0.478471130132675171 5.19680023193359375 46.5
31.9842212784942497 21.9153246434319442 -0.478471130132675171 5.1156001091003418 47.5
31.8455945174810431 22.1188275474832707 -0.341015070676803589 5.03439998626708984 45.5
30.5915085304629102 23.7759226233297731 1.53814995288848877 4.62840032577514648 46
30.6213989954845687 23.7759226233297731 0.732221305370330811 4.54720020294189453 49
30.628397084863515 23.7759226233297731 0.327796906232833862 4.46600008010864258 45
32.6462723958717476 20.8605569601178296 -2.89496493339538574 -4.79080009460449219 46
32.5264312776340816 21.1275643217204561 -2.23160147666931152 -4.87200021743774414 47
32.4410387947700443 21.3363155317006914 -1.28966450691223145 -4.95320034027099609 49
32.069585850932647 21.928586406528332 -0.0370797291398048401 5.19680023193359375 46.5
31.945962389873479 22.1033548613955055 -0.468805640935897827 5.1156001091003418 50.5
31.8166455501272907 22.2829779955645435 -0.701861977577209473 5.03439998626708984 50.5
31.5518697929991205 22.637369584600755 -1.16259467601776123 4.95320034027099609 46.5
30.7831157948368705 23.7005443517093894 0.0821108594536781311 4.54720020294189453 46
30.1791280383861853 24.4141822090836804 1.578177809715271 4.38479995727539062 45.5
30.1033041041812588 24.5452585502340597 0.802491307258605957 4.30360031127929688 46
32.4307535079696265 21.4358743629750172 -1.97622036933898926 -4.95320034027099609 49.5
32.4389303385188015 21.4796508252547511 -1.22319483757019043 -5.03439998626708984 45
32.0308977169763125 22.1022493998998115 -0.817307472229003906 5.19680023193359375 45.5
32.1165475446728195 21.9465997562385446 -1.42476511001586914 5.1156001091003418 49
30.1478657304096025 24.5926436984800745 1.20993149280548096 4.30360031127929688 47
30.0724025232621273 24.6364201607598048 1.9629676342010498 4.22240018844604492 45
32.7778794118850811 21.1214150665149383 -0.704571843147277832 -4.87200021743774414 45
32.6375493711103246 21.2091366796199807 -2.44192862510681152 -4.95320034027099609 48
32.5154519434879958 21.4771749418854014 -1.57364118099212646 -5.03439998626708984 47.5
31.9904734119327188 22.1886946926263278 -2.2959592342376709 5.1156001091003418 46.5
32.5557255931772502 21.5184776215373397 -1.98383569717407227 -5.03439998626708984 46
32.4843508937125094 21.6942582419991794 -0.990906894207000732 -5.1156001091003418 46
33.6817171600337701 19.9502573333900308 -0.501783847808837891 -4.46600008010864258 46.5
33.6411889076503243 19.9502573333900308 -1.7263646125793457 -4.54720020294189453 49.5
33.5578801203918431 20.0383163407468246 -2.24883365631103516 -4.62840032577514648 46
33.7241315822741683 19.9884766044634574 -1.32082521915435791 -4.46600008010864258 50.5
33.6577047206304059 20.0767043089461303 -1.63883125782012939 -4.54720020294189453 53
33.6353137142533996 20.0767043089461303 -2.04753541946411133 -4.62840032577514648 50
33.7800295341141563 20.0266958755368876 -1.52684676647186279 -4.46600008010864258 49
33.7465810544015596 20.0266958755368876 -2.14241909980773926 -4.54720020294189453 52
33.5621178396927391 20.272241435560634 -2.66658306121826172 -4.62840032577514648 49
28.7835254896578761 26.5582077721685792 3.26504349708557129 3.5728001594543457 46
28.6886469826598294 26.869664296206647 2.31803727149963379 3.5728001594543457 48
28.791554989024803 26.7220558126164214 2.71452617645263672 3.49160003662109375 47
34.0705738374619429 19.7728455988952732 -2.12911224365234375 -4.38479995727539062 49.5
34.1192781018999014 19.6989007761619348 -2.03242111206054688 -4.46600008010864258 45.5
32.6102256244944755 22.0848537230243913 -2.26606607437133789 -5.03439998626708984 46.5
32.8292451528156732 21.8728785645221464 -0.346951514482498169 5.19680023193359375 45.5
28.7735405507565396 26.9208451297848654 1.91154229640960693 3.5728001594543457 45.5
34.111490827806513 19.7808027803093118 -2.71142244338989258 -4.38479995727539062 47.5
32.7347890883622128 21.9144624060505429 -3.22733926773071289 -5.03439998626708984 45.5
32.9616284705789369 21.7070232757701476 -2.13585138320922852 -5.1156001091003418 48
32.6154051313292683 22.3095845589655895 -0.862234890460968018 5.1156001091003418 48
32.6064243199285855 22.3392187204342143 -0.0781460031867027283 5.03439998626708984 46.5
32.8072286581422574 22.1688274034603694 -0.623630762100219727 5.19680023193359375 47
28.6730466612492414 27.235987952822736 2.05363345146179199 3.4104001522064209 47.5
28.5576130798798538 27.235987952822736 3.28996729850769043 3.32920026779174805 47.5
32.294670377412956 22.9743109833047967 -1.82787644863128662 5.03439998626708984 45.5
32.7058363604196742 22.6580713605762618 -1.72357845306396484 -5.1156001091003418 46
32.6187557529746854 22.9749661324727121 -0.421634256839752197 5.03439998626708984 49
32.6047570726591331 22.9749661324727121 -1.04446089267730713 4.95320034027099609 46.5
32.5258931761140246 23.2329487255289564 0.545056343078613281 5.19680023193359375 47.5
32.6191812794952654 23.1080672552777777 0.0844885855913162231 5.1156001091003418 52
32.6190586389284292 23.1080672552777777 -0.122638911008834839 5.03439998626708984 54.5
32.6800698250060364 23.0181525966969289 -0.422426789999008179 4.95320034027099609 51.5
32.2124115198035739 23.6575457243829561 0.825729489326477051 4.70960044860839844 45.5
32.6281715921895952 23.221487248844209 0.409566789865493774 5.1156001091003418 51.5
32.8033199145606744 22.9712557052144248 -0.516045033931732178 5.03439998626708984 53
32.8536000367456751 22.9011908729980824 -0.423219352960586548 4.95320034027099609 48.5
32.1053469606174247 23.8871031548994459 1.62964856624603271 4.79080009460449219 47.5
32.2594389181261718 23.7019318126134024 1.24490058422088623 4.70960044860839844 50
32.5665217316977262 23.4254194859320855 0.828827857971191406 5.1156001091003418 45.5
32.6749678434229693 23.2649714072613136 -1.05035066604614258 5.03439998626708984 48
32.8026948505054889 23.1045233285905454 -0.424011856317520142 4.95320034027099609 48.5
32.3198473896995182 23.7463156432736184 1.24723184108734131 4.79080009460449219 47.5
32.3379426273998618 23.7463156432736184 0.620957076549530029 4.70960044860839844 49
33.3045148267987017 22.5047178541254667 0.622117757797241211 5.19680023193359375 46.5
32.7943191714508373 24.101402091546948 1.47677600383758545 4.87200021743774414 46.5
32.8772085819263467 24.1457881797773943 0.842770814895629883 4.87200021743774414 46.5
35.3042577978971224 21.4744766068126154 -2.53304243087768555 -4.62840032577514648 45
31.9541694271153425 26.3218831547729657 -0.222975999116897583 4.38479995727539062 45
32.2565527773640497 26.0637890179175109 0.60792088508605957 4.38479995727539062 49
32.6084753649666368 25.7267079244287515 1.10747480392456055 4.46600008010864258 45
32.3148834810310959 26.110921120474714 0.6090201735496521 4.38479995727539062 47
31.8054668565572669 26.9034319862945246 1.87289345264434814 4.14120006561279297 46.5
32.0944658397638563 26.7273519503378303 0.86291050910949707 4.22240018844604492 46
31.6916296562998063 27.1710677542008625 1.5888521671295166 4.14120006561279297 45.5
33.90950680921474 24.9003426494140463 0.6511344313621521 4.87200021743774414 47
33.784443671516577 25.1396094309073383 -1.79836356639862061 4.87200021743774414 45.5
36.7829746919499669 20.7099399686569114 -1.03049647808074951 -4.30360031127929688 47.5
36.7790807176580543 20.7415984756153655 -0.189999938011169434 -4.38479995727539062 45
36.8925451213718247 20.635723726492273 -1.54829955101013184 -4.30360031127929688 50
36.7520545591135672 20.7784400534941405 -2.6140134334564209 -4.38479995727539062 47.5
32.6480947223042222 26.7725257875725831 2.57372021675109863 4.38479995727539062 46
32.8682078243464844 26.661138025737916 2.12252521514892578 4.38479995727539062 48.5
32.7048285654919368 27.0212938393753852 1.49884021282196045 4.38479995727539062 45.5
28.3384849927886968 31.5248428126046178 2.26212430000305176 2.43600010871887207 46
27.9897654927050503 31.7158060199500262 3.56135368347167969 2.35480022430419922 47.5
27.8681549300700802 31.9120737608328113 2.64350724220275879 2.11120009422302246 46
28.0919449476813057 31.7718415819284523 3.12544345855712891 2.43600010871887207 47.5
28.2782775960456654 31.5805409803312926 3.37404584884643555 2.35480022430419922 46.5
27.9376299974119853 31.9684560891255352 2.42533540725708008 2.19239997863769531 46
27.7487067677848671 32.1650705963226216 1.94759917259216309 2.11120009422302246 47.5
28.0288050244124172 31.8278771439068819 4.01653194427490234 2.51719999313354492 45.5
28.489841580432703 31.6279455190844239 3.02619504928588867 2.51719999313354492 46.5
29.4654022442102494 31.1038363914867944 3.34549188613891602 2.76080012321472168 45.5
28.3750786893804126 32.3631295194502826 0.886312305927276611 2.11120009422302246 45.5
37.7748602655360486 20.7903034649122347 0.767334699630737305 -4.06000041961669922 46
37.8402647470009796 20.5963037436222329 1.91633164882659912 -4.14120006561279297 48
37.8874082608458949 20.5208594075650055 1.7900233268737793 -4.22240018844604492 48.5
27.9559621203410273 32.6188975824556167 3.77323555946350098 2.19239997863769531 46
28.0627350501653794 32.6188975824556167 2.87331748008728027 2.11120009422302246 47
28.0627350501653794 32.6188975824556167 2.87331748008728027 2.03000020980834961 47.5
37.9342048261578384 20.632123766683204 1.24566483497619629 -4.06000041961669922 53
38.0231518716598273 20.4323883979319554 1.73133838176727295 -4.14120006561279297 56.5
38.110397744557055 20.2704408016471547 1.71662676334381104 -4.22240018844604492 56.5
38.0231518716598273 20.4323883979319554 1.73133838176727295 -4.30360031127929688 51.5
38.2720066430788108 20.0731050098195638 2.24715852737426758 -3.97880029678344727 46
38.0783041644636242 20.4678616546786252 1.9583662748336792 -4.06000041961669922 56
38.1223086715248627 20.4191930272302464 1.57219338417053223 -4.14120006561279297 60
38.2015942828062478 20.2731871448851138 1.53681135177612305 -4.22240018844604492 58.5
38.1942139856133736 20.3056328965173662 1.26847445964813232 -4.30360031127929688 51.5
38.1251772201136276 20.4545819354139802 2.70250344276428223 -4.06000041961669922 54
38.1784625623568914 20.4545819354139802 1.7993626594543457 -4.14120006561279297 59
38.2346130516128468 20.3083230073800358 2.21563935279846191 -4.22240018844604492 56.5
38.2445159341872909 20.4899708435977139 1.80247581005096436 -4.14120006561279297 53
38.1774029765549514 20.1426832021808018 4.74225854873657227 -4.22240018844604492 47.5
32.0965432486427318 28.8737115621778138 4.67456626892089844 3.81640005111694336 45
32.2664479578154513 28.7605055410793504 4.89487409591674805 3.89760017395019531 46
32.2190930597369061 28.8746561017224543 4.52044153213500977 3.81640005111694336 51.5
32.0454930327293965 28.9235777705695014 5.36312532424926758 3.73520016670227051 50
32.270026647862359 28.9734465153909078 4.23857402801513672 3.89760017395019531 48.5
32.3057538908539925 28.9244404979809246 4.30066061019897461 3.81640005111694336 52
32.3057538908539925 28.9244404979809246 4.30066061019897461 3.73520016670227051 49
32.5432272101091513 28.9360434984826824 2.9943995475769043 3.89760017395019531 45
32.6241347389557319 28.7996813707801209 3.40100598335266113 3.81640005111694336 47
27.1157485736115795 34.9777286121139213 2.44954681396484375 1.38040006160736084 47.5
26.9946368577842613 35.4412192534473149 3.64685773849487305 1.29920005798339844 45
27.1253250999434421 35.500684990318554 2.95279479026794434 1.29920005798339844 45.5
42.776825724536792 14.4433265980002492 -0.237021207809448242 -3.00440025329589844 46.5
42.715441958663817 14.6238681804752542 -0.237021207809448242 -3.08560013771057129 46
43.7470864363893455 14.6753012846558875 2.29523777961730957 -2.84200000762939453 51
43.7549932602816654 14.5309729872064803 2.96504735946655273 -2.92320013046264648 53.5
43.7393165763081058 14.594477438084219 2.88332080841064453 -3.00440025329589844 53
43.7152290468022926 14.4616954044307615 3.77865481376647949 -3.08560013771057129 50
43.8300142153410519 14.6991250676545775 2.05945944786071777 -2.76080012321472168 46.5
43.7316934804030097 14.803210138944026 3.12726521492004395 -2.84200000762939453 54.5
43.8089275462588219 14.5545624686414516 3.21224379539489746 -2.92320013046264648 58.5
43.7759138522187712 14.6181700122072264 3.36959195137023926 -3.00440025329589844 58.5
43.78619604845683 14.4851724211151502 3.78478884696960449 -3.08560013771057129 53.5
34.9045641356947627 30.1326281382958285 3.88225317001342773 4.06000041961669922 45
43.8320478974180432 14.9314563874839195 2.03122878074645996 -2.76080012321472168 47
43.8450331462569807 14.7229488506532658 3.02828431129455566 -2.84200000762939453 56
43.788943853797818 14.7229488506532658 3.7531282901763916 -2.92320013046264648 60
43.8571630501113674 14.508649437799539 3.79092311859130859 -3.00440025329589844 59.5
43.9013804159262264 14.3001419009688888 4.06170463562011719 -3.08560013771057129 55
43.9192000915614216 14.8511950991931556 2.41389131546020508 -2.76080012321472168 47
43.9836991052410511 14.6017414315113978 2.73939657211303711 -2.84200000762939453 55
43.9128551050393341 14.6017414315113978 3.7055659294128418 -2.92320013046264648 57
44.0068918161659255 14.3580890119152595 3.53832721710205078 -3.00440025329589844 57.5
44.0149405666050058 14.1086353442334982 4.34881258010864258 -3.08560013771057129 54
43.9801597458763069 14.4277686443049085 4.45367145538330078 -2.84200000762939453 48
44.1302354043533285 14.3812836869330027 2.81977200508117676 -2.92320013046264648 51
44.208578205502512 14.3173668705466355 1.692527174949646 -3.00440025329589844 52.5
43.8855665046660377 14.1314270410590144 6.05060815811157227 -3.08560013771057129 47
41.1227615086186944 22.1696800571320125 0.805911421775817871 -4.22240018844604492 46
41.656226411879544 -21.2450781738783014 3.2666480541229248 -4.30360031127929688 45.5
41.5354396281475005 -21.349472863583447 4.82802200317382812 -4.22240018844604492 45
41.568327631321722 -21.5606795201069446 3.39319920539855957 -4.30360031127929688 48
41.1974291807105928 22.6469658802168574 1.11238539218902588 -4.22240018844604492 46.5
41.722522540659881 -21.6245029681364933 1.72124946117401123 -4.30360031127929688 50.5
41.8283447880406101 -21.4775973773203468 -0.673243284225463867 -4.38479995727539062 49.5
41.7610068336460714 -21.595121849973264 -1.00981795787811279 -4.46600008010864258 45
35.2155366171338216 31.0264607803697494 2.92840814590454102 3.97880029678344727 45
41.4060126972192251 22.2769797063109714 -2.7728126049041748 -4.14120006561279297 46.5
41.3115891878362547 22.6006874695466635 -0.985746800899505615 -4.22240018844604492 49
41.7265423219533176 -21.8473312205617773 0.00963286589831113815 -4.30360031127929688 50.5
41.7202325500499072 -21.8473312205617773 -0.725686371326446533 -4.38479995727539062 50.5
41.329830053286237 22.6366761897335103 -2.21517753601074219 -4.22240018844604492 48.5
41.8734805864290607 -21.6934813484946147 -1.21881997585296631 -4.30360031127929688 49.5
41.7579615618875408 -21.8821203167423946 -1.71066534519195557 -4.38479995727539062 48.5
41.9655985196126764 -21.5803603008903764 -2.39566230773925781 -4.30360031127929688 47.5
41.3762049985320317 23.1237178618289043 -0.252059310674667358 -4.30360031127929688 47.5
41.2697072641494316 23.3132565328274985 -0.252059310674667358 -4.38479995727539062 45.5
41.6921651294811184 -22.4899479306773422 1.65100598335266113 -4.46600008010864258 45
41.6493339423250433 22.7806292400185519 -0.501681327819824219 -4.22240018844604492 48.5
41.4700007583182639 23.1069142942375727 -0.430471807718276978 -4.30360031127929688 50.5
41.6915054983728197 22.8166179602053987 -1.4909895658493042 -4.30360031127929688 47.5
43.0745068614880253 20.311442800211136 -0.415600985288619995 -3.73520016670227051 45
42.7697883460971156 -20.9482211124357427 -0.240271866321563721 -4.06000041961669922 45.5
42.6266118540735306 -21.2219762747005305 0.860386431217193604 -4.14120006561279297 47.5
42.298146584228661 -21.6564138148163821 3.1634211540222168 -4.22240018844604492 48.5
42.3502288918139058 -21.7441638916109135 2.9899141788482666 -4.22240018844604492 47.5
26.2196873440334244 40.369347687413196 2.91452956199645996 0.406000018119812012 47
26.2818466915866544 40.3030597601760618 3.25248432159423828 0.324800014495849609 48.5
26.7405928070333303 40.1726026019919118 1.99825084209442139 0.487200021743774414 45.5
26.4048448180149187 40.2812424527785495 3.61884713172912598 0.406000018119812012 47
25.8113603289029641 40.6373397414680824 3.90774440765380859 0.324800014495849609 46
30.9906828343109559 38.1086709156856855 0.756887853145599365 1.62400007247924805 46
48.0831526877769306 -16.856421488468964 -2.20721936225891113 -3.24800014495849609 47
48.1132037094811551 -16.8946591175543368 -0.830971777439117432 -3.32920026779174805 46.5
48.2549446671259616 -16.6131523228799054 -2.02955198287963867 -3.16680002212524414 49
48.2634702430057061 -16.6897400400810447 -0.863527536392211914 -3.24800014495849609 52.5
48.244822380014476 -16.7471808279818966 -0.79041290283203125 -3.32920026779174805 49.5
48.3829766661311851 -16.477755755961315 -1.97329103946685791 -3.16680002212524414 49
48.3420335110046437 -16.7142479836457838 -0.0662582516670227051 -3.24800014495849609 53.5
48.3365330944271818 -16.7142479836457838 0.73229527473449707 -3.32920026779174805 49.5
48.410733043992785 -16.7387559272105264 0.464475929737091064 -3.24800014495849609 49.5
48.3146886528009176 -17.0011991367767337 0.806705832481384277 -3.32920026779174805 45.5
48.8556812884976566 21.1098691049359459 3.32435965538024902 -3.49160003662109375 47
36.2228620315326211 40.4921571629515995 4.61142969131469727 2.43600010871887207 45.5
37.0417787529146594 42.5998370494849397 8.40928173065185547 2.27360010147094727 45
54.8821550231575017 20.8553082423348926 1.27707993984222412 -3.16680002212524414 45
54.5173890495027607 21.3322945321842141 4.62746953964233398 -3.24800014495849609 48
55.0317303384820491 20.6909054545321851 0.913972258567810059 -3.16680002212524414 47
54.822818630518185 21.006853229583637 3.25749015808105469 -3.24800014495849609 52
54.6952187777258416 21.3595391180131635 3.10537576675415039 -3.32920026779174805 48.5
55.0244317108879457 20.849723087956157 1.9664531946182251 -3.24800014495849609 48
54.8609013048221357 21.3426417354131281 1.01948130130767822 -3.32920026779174805 46.5
64.1682021031968759 17.1745239326857728 3.61298918724060059 -2.51719999313354492 46.5
64.3203275905370191 16.875258268805478 1.92277145385742188 -2.59840011596679688 47.5
64.4160171345339592 16.8942845234455454 -0.84906846284866333 -2.51719999313354492 46
64.5627297538142813 16.3366899110953732 0.572106838226318359 -2.59840011596679688 47.5
91.3697564770548638 -0.879680987790902091 3.05363869667053223 -3.5728001594543457 48.5
91.4243794262471283 -0.205639711431639421 0.268027573823928833 -3.65400028228759766 49
91.4317597718255115 -0.491653399945588376 3.49877500534057617 -3.49160003662109375 52
91.4752379454088071 -0.491653399945588376 2.07089829444885254 -3.5728001594543457 65.5
91.4682416054894247 -0.365881599959507586 2.382720947265625 -3.65400028228759766 67
91.4287319841813684 -0.205808399977223028 3.60473942756652832 -3.73520016670227051 56.5
91.548850476766674 -0.205977105683391115 2.17870926856994629 -3.49160003662109375 53.5
91.554344612841092 -0.366181521214917538 1.91031539440155029 -3.5728001594543457 69
91.5380843446728534 -0.492056419132545497 2.55317592620849609 -3.65400028228759766 70.5
91.5236238061040979 -0.492056419132545497 3.02745556831359863 -3.73520016670227051 60.5
91.6413951756362906 -0.973466250525714116 0.793540239334106445 -3.49160003662109375 46.5
91.6485255000647214 -0.492459397324773007 0.168707966804504395 -3.5728001594543457 62.5
91.6417786273244985 -0.492459397324773007 1.12468564510345459 -3.65400028228759766 66
91.5577046530542589 -0.881845897535058598 4.01644277572631836 -3.73520016670227051 57.5
91.6488101262425374 0.298009833239650745 -3.72608089447021484 -3.5728001594543457 50.5
91.723674562887723 -0.298009833239650745 0.393974781036376953 -3.65400028228759766 56
91.562520285495026 -1.46712533287212676 5.25633382797241211 -3.73520016670227051 52
91.7971881446575964 0.206483188480726415 0.68845057487487793 -3.5728001594543457 47
91.7985246101649039 -0.493265394703957583 0.168984085321426392 -3.65400028228759766 50
90.8105588484372248 15.7913810245207866 0.55301356315612793 -2.27360010147094727 48
90.8601422654404018 15.3767276934611612 2.05476832389831543 -2.35480022430419922 48.5
90.8673238605488933 15.8042294687427365 -1.84893643856048584 -2.19239997863769531 48.5
90.8975898770909367 15.7350643507176056 -0.314464271068572998 -2.27360010147094727 52.5
90.8844456350530692 15.8042294687427365 0.553463518619537354 -2.35480022430419922 52.5
91.0022273275860272 15.5055831303568592 1.44137096405029297 -2.19239997863769531 49
90.9578779230979677 15.747857866768685 1.60499680042266846 -2.27360010147094727 52.5
91.0080040449918215 15.4017511004660772 2.05811214447021484 -2.35480022430419922 52
90.9818862259818246 15.5055831303568592 2.4042046070098877 -2.43600010871887207 46.5
91.0399337364967494 15.2757070020454293 -4.01784563064575195 -2.19239997863769531 45.5
91.021252461512546 15.8299276642511586 1.5181276798248291 -2.27360010147094727 48
92.475006103515625 -0 -4.04221100325230509e-06 -3.65400028228759766 47.5
92.4753210231819054 -0.497295340605150904 -3.68393731117248535 -3.65400028228759766 47.5
