
X Y Z V_r Mag
13.211429142172463 1.93257464232502296 -1.39783275127410889 -0.730800032615661621 47
11.5785337615327215 -7.51435010745758625 -1.40987229347229004 -2.35480022430419922 45
11.6796436775350543 -7.51138846013796968 -1.32947468757629395 -2.35480022430419922 45.5
18.5238668988015718 -7.60703892634551693 0.00273004267364740372 -1.38040006160736084 47.5
15.0421658422863089 13.4448093698455544 0.0316351018846035004 -3.00440025329589844 45.5
18.0948625156768408 11.6980147049718752 -1.5140836238861084 -2.03000020980834961 45
18.1776239282881313 11.5981470205962491 -1.27160823345184326 -2.11120009422302246 46.5
12.0404439828963241 18.3651573161173012 -0.805844545364379883 -4.87200021743774414 47.5
18.8935122057789613 11.6544075332882322 -1.84001302719116211 -1.94880008697509766 47
18.9548605269769475 11.5987380442350272 -1.53564572334289551 -2.03000020980834961 45.5
15.1853461669102501 16.3940076452116443 -0.405294954776763916 -3.5728001594543457 45.5
15.2458208518700697 16.324186488289957 -0.780003011226654053 -3.65400028228759766 47
16.3047635518767855 16.4691994716099792 0.0284407231956720352 -3.4104001522064209 45.5
17.6131770404027286 16.5223106404676763 0.108665712177753448 -3.08560013771057129 45
15.5917796434950926 -18.8842714361167729 -1.32528162002563477 -4.38479995727539062 48
15.8984034843372282 -19.0594329141304328 -0.509403228759765625 -4.22240018844604492 45
15.2554524904859665 19.7738014591821702 -0.136215656995773315 -4.22240018844604492 45
14.4461459391251257 -20.3730075640058708 0.00851384922862052917 -4.87200021743774414 46.5
14.4844343653726675 -20.4341883883235127 -0.384246319532394409 -4.95320034027099609 47
16.7994870799814109 -18.6210224877718566 -1.51674544811248779 -4.06000041961669922 45.5
19.5391837423047505 16.5001266423638988 0.216206476092338562 -2.84200000762939453 45
17.7342411621180212 -18.6349480937789345 -0.105230167508125305 -3.81640005111694336 46
17.3889670535659633 19.4384636482184838 2.21374011039733887 -3.65400028228759766 46.5
17.2750144478538878 19.5725671329192998 1.90241634845733643 -3.73520016670227051 46
24.9652857990203003 -8.08238511096901746 0.687146186828613281 -1.13680005073547363 46.5
21.218409080024216 -15.0560664201898504 -3.48663163185119629 -2.51719999313354492 46
17.4572054890034813 19.5236835148082761 1.77040362358093262 -3.65400028228759766 47.5
17.3550344909267729 19.7899964900432224 0.405599415302276611 -3.65400028228759766 46.5
17.5027806595438769 19.7408129735575635 0.955521762371063232 -3.65400028228759766 47
17.4946722466508575 19.7408129735575635 1.09400713443756104 -3.73520016670227051 47
19.9449304349713401 18.0271858819299347 1.47513604164123535 -3.00440025329589844 46
19.6437031099632726 18.2727970370962076 2.27717113494873047 -3.08560013771057129 45
19.3561365738750304 18.6428960380316866 1.65472614765167236 -3.16680002212524414 49.5
19.3604260719743486 18.6630832562645281 1.3486487865447998 -3.24800014495849609 46
19.9169667546442035 18.1381317448900532 1.82282364368438721 -3.00440025329589844 45
19.4866593011821898 18.5699920245302934 2.10371518135070801 -3.16680002212524414 48.5
19.5391544294544524 18.5699920245302934 1.54173362255096436 -3.24800014495849609 46
18.6572695504733801 -19.5959592595289713 -0.979951798915863037 -3.81640005111694336 49
14.0061816400588306 23.1247205695581037 1.45939230918884277 -5.03439998626708984 47
13.8778276775069749 23.1991527352538256 1.50362789630889893 -5.1156001091003418 48
13.9162708034322016 23.2634169681499756 1.50779318809509277 -5.03439998626708984 54
14.0530547087622537 23.1616373985066168 1.7812354564666748 -5.1156001091003418 54.5
14.0013054191604969 23.2970613494279206 1.55272793769836426 -5.03439998626708984 52
14.0730674176987645 23.2256188423692187 1.92874360084533691 -5.1156001091003418 51
20.182230786567402 18.3396660152891116 1.27447807788848877 -3.00440025329589844 47.5
18.1694296329926779 -20.304630231212947 -1.69820594787597656 -3.89760017395019531 46
18.4423362872778931 -20.2030574070480711 -1.05235636234283447 -3.89760017395019531 46
16.5035945090076943 21.8313431039249544 0.643828630447387695 -4.30360031127929688 48.5
19.3716028029432117 -19.3802915365068493 -1.6272130012512207 -3.5728001594543457 47
19.4297147362961766 -19.3802915365068493 -0.626882433891296387 -3.65400028228759766 46
16.5490289699330084 21.891154086015348 -0.639981210231781006 -4.30360031127929688 51
16.4486975783967786 21.952896607724572 -1.00661814212799072 -4.38479995727539062 47
19.5359051075181362 -19.3713324710716641 -0.851824939250946045 -3.5728001594543457 48.5
16.7083685966998061 21.8649787852632436 0.615464687347412109 -4.30360031127929688 49.5
19.8903545170634679 -19.1309594465610644 -0.374444693326950073 -3.49160003662109375 45
16.3579570110948751 22.2211594941757618 -0.630307972431182861 -4.38479995727539062 46
20.4922923625306161 -18.5915844939497568 -0.569771230220794678 -3.24800014495849609 48
23.301595423822949 -14.8691893220019047 -2.45060968399047852 -2.27360010147094727 47
20.5150240504308314 -18.6419687022113401 -1.29359817504882812 -3.24800014495849609 46.5
23.0413916385218194 -15.2814146968212654 -3.13103055953979492 -2.27360010147094727 45.5
21.5652646560254517 17.8831012214022067 1.39163041114807129 -2.76080012321472168 46.5
20.8932167256037822 -18.6507215991926998 -1.55777430534362793 -3.16680002212524414 47
15.5614867764034699 -23.3300512994224007 0.592787325382232666 -5.1156001091003418 53
15.5475890878271752 -23.3300512994224007 0.885278701782226562 5.19680023193359375 51.5
21.6577423083515122 17.9309174845254624 0.66338503360748291 -2.76080012321472168 49
15.4766306580472133 -23.4838084342609008 -0.0191756710410118103 -5.1156001091003418 52
15.5144809056627597 -23.4556925307179398 0.383482456207275391 5.19680023193359375 51
21.6711165731408855 18.0421620074380264 0.288384079933166504 -2.76080012321472168 48
21.5848341356321818 18.1055914832454299 1.23390734195709229 -2.84200000762939453 45.5
23.0690220158101305 16.3447304438517165 -0.381674498319625854 -2.35480022430419922 45
21.6678970830491906 18.1537451406204333 0.647651612758636475 -2.76080012321472168 46
21.5244726171246121 18.2844747183166128 1.36043441295623779 -2.84200000762939453 46
20.2944470178254335 -19.7571005774300161 1.23081767559051514 -3.4104001522064209 46.5
20.3216692449500478 -19.7571005774300161 0.639709711074829102 -3.49160003662109375 46
20.3566315151504931 -19.8093685702638815 1.08497786521911621 -3.4104001522064209 49
20.4729749286464902 -19.7028092987724115 0.79832160472869873 -3.49160003662109375 49
22.2096709039767397 18.1806325763130729 1.14926266670227051 -2.67960023880004883 46
22.0017504806998687 18.4426634110753334 0.957471191883087158 -2.76080012321472168 47.5
21.8839014565603485 18.5754735602014129 1.08272778987884521 -2.84200000762939453 45
22.2390557226785646 18.1957125531500417 1.94434523582458496 -2.67960023880004883 46.5
22.0613841703268605 18.426038028506369 1.79347491264343262 -2.76080012321472168 45.5
17.9414796322945804 22.5556078034027436 2.72954440116882324 -3.97880029678344727 46
17.7922001104809624 22.5736957005987371 3.45954108238220215 -4.06000041961669922 49
17.5855926887826755 -22.9535415417145821 1.40868186950683594 -4.62840032577514648 49
17.7432492009204772 -22.8739547940522137 0.248686060309410095 -4.70960044860839844 46.5
18.1139481803969105 22.5161149228464552 2.71297454833984375 -3.97880029678344727 51.5
17.984570248761429 22.5161149228464552 3.46850371360778809 -4.06000041961669922 55.5
17.9314445102798743 22.4000524747905452 4.37626314163208008 -4.14120006561279297 50
17.6691987031857209 -23.0130072785858175 0.807262659072875977 -4.62840032577514648 48
18.3566666855888272 22.4070243345308917 2.78713655471801758 -3.97880029678344727 53.5
18.2041381245041585 22.4579328610942532 3.32574963569641113 -4.06000041961669922 56
18.1757669962995116 22.4579328610942532 3.47746610641479492 -4.14120006561279297 51
22.3068436363988276 18.6659603891355559 2.27318096160888672 -2.76080012321472168 45
20.5422000341135096 20.222672320026355 4.49913406372070312 -3.16680002212524414 45.5
18.5360075320064936 22.3991524669626685 2.4238584041595459 -3.97880029678344727 47
18.4039781628533134 22.4647749839557243 2.79431986808776855 -4.06000041961669922 48
18.3315575741947328 22.5559173686683003 2.52295541763305664 -4.14120006561279297 45.5
22.5654571930107224 18.5567774489894646 1.41730332374572754 -2.67960023880004883 47.5
22.4473089818212337 18.7139453493846837 1.21211016178131104 -2.76080012321472168 49
18.7944202135394391 -22.390943205142694 0.988924145698547363 -4.22240018844604492 49
18.7858400552525318 -22.390943205142694 1.14038050174713135 -4.30360031127929688 47
22.6474105316317207 18.6043582004894539 0.963484466075897217 -2.67960023880004883 46.5
22.5631448187433072 18.6959691823709271 1.14929521083831787 -2.76080012321472168 48
18.9064358412348348 -22.3567440183545685 1.63656556606292725 -4.14120006561279297 46
18.8895945004717269 -22.3970528503824191 1.22920322418212891 -4.22240018844604492 52
18.8129657458623925 -22.4483550002360417 1.44889473915100098 -4.30360031127929688 49
22.3434023403723074 18.9054331443577084 2.77796006202697754 -2.67960023880004883 46
22.9639942799373991 18.3864503447777246 1.83550941944122314 -2.59840011596679688 47
22.7823029793262073 18.5227281217722712 2.57892465591430664 -2.67960023880004883 48
16.3022382743597021 24.5776475746941649 1.83816897869110107 -4.62840032577514648 49
16.331195814885799 24.5111815806520248 2.38674616813659668 -4.70960044860839844 53.5
16.369900777957902 24.3745570373431768 3.33314371109008789 -4.79080009460449219 47
16.2681385005742882 24.7066627141860522 1.60289335250854492 -4.62840032577514648 50
16.3492462569522985 24.5733933318500171 2.54778218269348145 -4.70960044860839844 52
22.8124579702729378 18.9828643290742782 2.40694308280944824 -2.76080012321472168 45.5
23.0179751567839403 18.9374283012275662 1.60287249088287354 -2.67960023880004883 45
22.6283985203808342 19.3029725150389311 2.5245516300201416 -2.76080012321472168 47.5
22.3415750660609866 19.3029725150389311 4.38997173309326172 -2.84200000762939453 46
23.2013278711968738 -18.7807664953084092 0.0610536336898803711 -2.92320013046264648 48
23.1921246743167373 18.8055183398771604 1.99586856365203857 -2.67960023880004883 46
23.5584533119358213 -18.5527474725805632 0.891623258590698242 -2.76080012321472168 48.5
23.8538545266246977 -18.2120382590019254 1.95472288131713867 -2.67960023880004883 45.5
22.6851379448150325 19.5837662747955079 2.52314996719360352 -2.84200000762939453 47.5
22.3067876180103966 20.2542467093747369 1.09330379962921143 -3.00440025329589844 49
22.1286091600948787 20.4614609149207993 0.822111248970031738 -3.08560013771057129 45
23.4176280506037386 18.7334380573122949 3.77143144607543945 -2.59840011596679688 48
22.3224994835386745 20.3046296363126828 1.72588503360748291 -3.00440025329589844 48.5
21.936039601886165 20.7880731990820316 0.465688228607177734 -3.08560013771057129 45
22.3471958555131138 20.1467687252566385 3.57779335975646973 -2.92320013046264648 47
22.3849737813786369 20.1922040240168492 3.04597616195678711 -3.00440025329589844 47.5
21.8509004795255528 20.8396570313498479 2.51732349395751953 -3.08560013771057129 48
21.6805616966146886 20.979749202527163 2.8095245361328125 -3.16680002212524414 53.5
21.7688854272411554 20.8396570313498479 3.14872145652770996 -3.24800014495849609 51
19.1407167685556452 -23.4711180845453669 0.910865306854248047 -4.30360031127929688 52.5
19.1531406104021329 -23.4711180845453669 0.594899833202362061 -4.38479995727539062 50.5
22.3397649701373595 20.405398052835853 2.68242502212524414 -2.84200000762939453 45
22.4403826938727811 20.2421852335888417 3.05351591110229492 -2.92320013046264648 51
22.6462540495700146 20.1966374700780484 1.3725208044052124 -3.00440025329589844 50
22.8649913630764665 19.9195552420540487 -1.74478483200073242 -3.08560013771057129 46
21.6018912513778183 20.8912408636176608 4.42211008071899414 -3.16680002212524414 51
21.7695140391492465 21.0127015663131118 2.68242502212524414 -3.24800014495849609 52.5
20.9535683291327857 21.8629264851812728 2.36667943000793457 -3.4104001522064209 46
19.1671562933865793 -23.5633763229175948 0.167739838361740112 -4.30360031127929688 51.5
19.2579376843147188 -23.4836677367737039 0.538399696350097656 -4.38479995727539062 49
22.5467241852777569 20.4557809797737953 -0.639357984066009521 -3.00440025329589844 53.5
22.4052362169545844 20.6193967874617208 -0.220052614808082581 -3.08560013771057129 55
22.5567160792685009 20.3872906416718784 -1.65996575355529785 -3.16680002212524414 47
22.5432592366921654 20.5061651880353821 -1.75340104103088379 -3.00440025329589844 50
22.3540039955676839 20.715956684564766 -1.70976865291595459 -3.08560013771057129 50
22.3120442156343799 20.8303884099444261 0.208107307553291321 -3.16680002212524414 46
23.78456584330144 19.2105836550643581 1.26805365085601807 -2.67960023880004883 45.5
23.6679432926211284 -19.5029895202044727 0.646170854568481445 -2.92320013046264648 46
22.654501300053024 20.5072708201835532 2.67975163459777832 -3.08560013771057129 47.5
20.2258747430887205 -23.1165208804841775 1.45019972324371338 -4.06000041961669922 46
22.72512500683629 20.6075506143274296 3.01301121711730957 -2.92320013046264648 46.5
20.4508390330384024 -23.0496416590907174 0.811108231544494629 -4.06000041961669922 48.5
24.6868940273520607 18.5687545299741821 0.754112064838409424 -2.43600010871887207 45
22.9850823671994355 20.5109636230448835 2.40758514404296875 -2.92320013046264648 46.5
24.726229661174365 19.5040021460364841 0.676434099674224854 -2.59840011596679688 45.5
23.540217053639342 -21.0418756892160204 0.279847055673599243 -3.16680002212524414 46
23.4520577936150758 -21.1405156465065502 0.245403602719306946 -3.24800014495849609 47.5
24.6159894984447369 19.8697710593495174 0.983797848224639893 -2.59840011596679688 45
24.8834608339395018 19.6195294407882415 1.53722882270812988 -2.59840011596679688 45.5
17.1373646531568333 -26.8738832895418511 -0.347694873809814453 5.1156001091003418 46.5
16.9076098111113318 -27.0212574827704053 0.0108660245314240456 5.03439998626708984 49
17.1284367698680171 -26.9371149874678721 -1.34576308727264404 5.03439998626708984 47
26.5797533567935922 18.6265049877724884 -1.09353220462799072 -2.27360010147094727 45
26.668806279584846 18.6125786767513972 -1.35994791984558105 -2.27360010147094727 47
26.8574774064287816 18.6961851216325492 -1.82464289665222168 -2.19239997863769531 45
26.9525274881125263 18.647038523284337 -0.223445862531661987 -2.27360010147094727 46
26.9634782040145922 18.7389685871671716 -0.971848487854003906 -2.19239997863769531 49.5
27.1113124555579894 18.5419323347719889 -0.544202268123626709 -2.27360010147094727 48
27.1617097734365274 18.6089517052289644 -0.0650969594717025757 -2.19239997863769531 48.5
24.6809207431134681 -21.9049115254446214 -0.164237439632415771 -3.16680002212524414 45.5
26.7701594670047065 19.4211438509192078 0.365295946598052979 -2.35480022430419922 47.5
24.614319985934813 -22.0869531260507017 -0.507343173027038574 -3.08560013771057129 47
24.8141030029053908 -21.8679021313499717 -0.10372576117515564 -3.16680002212524414 49
33.0397661541179488 2.65114220698332081 0.51753532886505127 -0.568400025367736816 52.5
33.0311067729947965 2.78369931733248688 0.345785588026046753 -0.649600028991699219 52
33.0325431661709246 2.65114220698332081 0.863248109817504883 -0.730800032615661621 46
27.0183780423346889 19.1627872648513176 -1.31049573421478271 -2.27360010147094727 46.5
26.9400529467749976 19.3160564236925403 0.214705601334571838 -2.35480022430419922 45
25.0171298517047518 -21.7393660972632325 -0.682490229606628418 -3.16680002212524414 46.5
33.1025225123984157 2.8356669427357466 0.287674576044082642 -0.487200021743774414 47.5
33.1167666889741525 2.65714032701446179 0.346567928791046143 -0.568400025367736816 57.5
33.1167666889741525 2.65714032701446179 0.346567928791046143 -0.649600028991699219 58.5
33.1145175132382619 2.65714032701446179 0.518706202507019043 -0.730800032615661621 50.5
25.0778800402276723 -21.7885506815185899 -0.509644091129302979 -3.08560013771057129 53
25.0825131213677963 -21.7885506815185899 -0.165357246994972229 -3.16680002212524414 51.5
21.7511215973078329 -25.1099760902866649 0.527763307094573975 -4.06000041961669922 52.5
33.1915231252919014 2.66313844704560321 0.347350269556045532 -0.487200021743774414 47.5
33.1819407615221778 2.79629536939788315 0.172543436288833618 -0.568400025367736816 56.5
33.1806171021934873 2.81710113851542721 -0.0272413250058889389 -0.649600028991699219 57
33.1800274719360715 2.81710113851542721 -0.199785798788070679 -0.730800032615661621 50
24.9848801617609659 -21.9916979572437725 -1.0055842399597168 -3.08560013771057129 53.5
25.1107709869228124 -21.8377352657739472 -1.20525932312011719 -3.16680002212524414 51
21.7952807308366836 -25.1666583245809505 0.703736841678619385 -4.06000041961669922 54
21.9342068705572757 -25.0335014022286728 1.05097270011901855 -4.14120006561279297 52
27.7029916894547554 -18.3294591742009771 -3.23508977890014648 -2.27360010147094727 45.5
27.744939138767009 -18.3246705169111728 -3.65066289901733398 -2.27360010147094727 47
22.1824992595196662 24.6697548792905401 4.27111959457397461 -3.5728001594543457 45.5
22.3173959710400673 24.6864744691782327 3.37851786613464355 -3.65400028228759766 50
22.2215519151081864 24.7909719059763134 3.24236106872558594 -3.73520016670227051 48
33.3359820238926403 3.32628001037063026 1.25451993942260742 -0.568400025367736816 45.5
33.3916394359003093 2.98694917807841254 -0.047999311238527298 -0.649600028991699219 47.5
21.9436360469040821 24.800475644073213 5.22866487503051758 -3.5728001594543457 46.5
22.1334988167475295 24.800475644073213 4.35549354553222656 -3.65400028228759766 52
22.2873268613049085 24.800475644073213 3.48385763168334961 -3.73520016670227051 50.5
21.9531061082011441 24.7971772720029833 5.66756439208984375 -3.65400028228759766 49.5
22.0718586238347569 24.9021433119284978 4.65580034255981445 -3.73520016670227051 47.5
27.9013437747936059 18.851901194869761 -0.355852991342544556 -2.19239997863769531 49
27.7686866009695841 19.0328457822312345 0.810361981391906738 -2.27360010147094727 48
27.1086865921062987 19.9291526917194624 1.39777493476867676 -2.43600010871887207 46
27.9607046266496759 18.8938858995483443 -0.531503498554229736 -2.19239997863769531 46
27.6694321604562212 19.324059194582702 -0.213988021016120911 -2.27360010147094727 48
27.3190236502047412 19.8174932682985876 0.0207105409353971481 -2.35480022430419922 48
33.7125207821766608 2.70512467710947613 0.528073370456695557 -0.568400025367736816 48.5
33.7166572645353995 2.70512467710947613 -1.47853779708384536e-06 -0.649600028991699219 47.5
20.6923903080213236 26.6919723999161569 1.86928188800811768 -4.22240018844604492 46
33.7562222485775578 2.44001051742655539 1.94265162944793701 -0.568400025367736816 57.5
33.8120755371426469 2.44001051742655539 -1.4818161844232236e-06 -0.649600028991699219 59.5
33.7928108499010094 2.55438601043092506 -0.855051934719085693 -0.730800032615661621 52.5
27.2801998297078363 20.0623086988405674 1.58259367942810059 -2.35480022430419922 48
27.4116433736498024 19.9055719121308776 1.25700283050537109 -2.43600010871887207 49.5
24.2833084888463127 -23.4978096183421918 2.7173619270324707 -3.4104001522064209 49.5
24.2648230948702874 -23.5316986533064529 2.58602690696716309 -3.49160003662109375 47.5
20.5390815160596674 26.8401156916921124 2.63902664184570312 -4.22240018844604492 54.5
20.5370972851126865 26.8782408560269026 2.23561692237854004 -4.30360031127929688 53
33.4220978383755991 2.40719931255685493 -5.60977602005004883 -0.568400025367736816 59.5
33.7898162014809813 2.56003736414776606 -2.44853329658508301 -0.649600028991699219 63.5
33.8567580909602981 2.56003736414776606 -1.21117293834686279 -0.730800032615661621 56.5
27.3724526479214845 20.1066947870710138 0.877784013748168945 -2.35480022430419922 50
24.3906327149955118 -23.549796449299599 2.19202446937561035 -3.4104001522064209 48
20.5825338012075107 26.9377065928981381 2.24056291580200195 -4.22240018844604492 51.5
20.8140272953848111 26.7848685413072261 1.90995049476623535 -4.30360031127929688 52.5
33.2992818635551941 3.03372480238385522 -6.43094825744628906 -0.487200021743774414 46.5
33.6124056623816827 2.58696308534275454 -4.78711366653442383 -0.568400025367736816 61.5
27.2152197334122157 20.4616866404824123 -0.232138276100158691 -2.35480022430419922 45.5
27.4265645420963367 20.1510808753014565 1.05839860439300537 -2.43600010871887207 45
33.9389963265736796 2.57133978414165743 -2.45934343338012695 -0.730800032615661621 51.5
18.2786762363584891 28.8084531680002307 2.3670656681060791 -4.87200021743774414 45.5
27.8667368483680242 -20.0839583783119586 0.0468393526971340179 -2.51719999313354492 45
28.3090953861126309 19.5470762591989882 -1.26005232334136963 -2.19239997863769531 46.5
28.1860925542112568 19.7621629257834854 -0.286327153444290161 -2.27360010147094727 46
28.3236829962208212 19.6801939486416515 -0.841968655586242676 -2.19239997863769531 48
28.3658135150187292 19.6284606896309839 -0.59505385160446167 -2.27360010147094727 46
21.251192509695052 -27.1772054002709709 0.1905193030834198 -4.54720020294189453 48.5
27.8837440465616844 20.5061650660045629 1.6176067590713501 -2.43600010871887207 45
27.549680899665006 20.9218305740992498 1.97855818271636963 -2.51719999313354492 45.5
20.0324532324402327 28.0790710416046423 3.29989290237426758 -4.30360031127929688 45.5
20.1602798164337678 28.0790710416046423 2.39821124076843262 -4.38479995727539062 54
20.2955156301703035 27.9491755703250497 2.7492225170135498 -4.46600008010864258 52.5
20.0446856776009383 28.1658841938638957 3.27403926849365234 -4.30360031127929688 46
20.3373996173822889 28.0487252240234533 2.34199118614196777 -4.38479995727539062 54
20.3926549701580662 28.0487252240234533 1.79845404624938965 -4.46600008010864258 52
29.3121637052003017 18.7380879598360686 -0.849290192127227783 -2.11120009422302246 47.5
31.7141479589773461 -14.4248633344691637 -1.54973208904266357 -1.54280006885528564 46
31.5295195588188903 -14.8737337040916184 -0.962834179401397705 -1.62400007247924805 47
29.2466374425506608 18.9658626077370975 -1.09354901313781738 -2.11120009422302246 45.5
31.795980102126336 -14.420946166975904 -1.59829056262969971 -1.54280006885528564 45
31.6364909589744983 -14.814006480430729 -1.0863727331161499 -1.62400007247924805 45.5
30.6033943126512078 -16.8491854367634879 1.01968824863433838 -1.86760008335113525 46
30.5529683814811754 -16.9583688571676063 -0.657610893249511719 -1.94880008697509766 46.5
30.5594370113750529 -17.0472810825886079 -1.50391411781311035 -1.94880008697509766 46.5
19.8698873995288174 -29.0143852781543892 0.796107709407806396 -4.95320034027099609 46
19.7367633971475449 -29.1154806972420381 -0.172663718461990356 -5.03439998626708984 47
19.9281334392630036 -29.076247116454244 0.0624840632081031799 -5.03439998626708984 48.5
28.9958467122408052 20.0978373575809144 1.78142130374908447 -2.27360010147094727 46
32.6509851030834497 -14.0510355125122324 0.533194065093994141 -1.46160006523132324 46
29.5321427699551151 19.75940751174657 1.10502409934997559 -2.19239997863769531 45.5
28.1025197888839848 21.6873712842506201 1.92589271068572998 -2.51719999313354492 45.5
31.5606793626947919 -16.5246525883351403 0.00728600472211837769 -1.78640007972717285 46
31.344222740214601 -16.9030457645227727 -0.98354029655456543 -1.86760008335113525 46.5
29.8127338171583602 19.4538609404699798 1.37436079978942871 -2.03000020980834961 45.5
29.6077191575278249 19.7521237969943435 1.54180848598480225 -2.11120009422302246 51
29.6060097472731343 19.8010923256774518 0.735875189304351807 -2.19239997863769531 51.5
29.754335143313611 19.8621140513561443 -0.163411989808082581 -2.11120009422302246 51.5
29.7465836728085691 19.8352914800511364 -1.24609041213989258 -2.19239997863769531 49.5
29.3493313953412773 -20.2555117638295457 -2.86036276817321777 -2.43600010871887207 45
31.848112701472111 -16.4363884505015356 0.874916434288024902 -1.70520007610321045 45
29.986780911308756 19.6394458890702452 0.554799079895019531 -2.03000020980834961 45.5
29.8935522970592942 19.7424813031780495 1.35373234748840332 -2.11120009422302246 47.5
28.6845703837402617 21.503042944237496 -0.193084284663200378 -2.43600010871887207 45.5
27.8993594349336398 22.5065182816352412 0.552354812622070312 -2.59840011596679688 45.5
28.0143978757560248 22.3631646620069944 0.552354812622070312 -2.67960023880004883 45.5
30.0524394142217552 19.6535979752279708 -1.09219884872436523 -2.03000020980834961 47
30.0834384067994272 19.6176845938205204 -0.859607458114624023 -2.11120009422302246 45
30.1581036601834569 19.4966908306291735 -2.52347278594970703 -2.03000020980834961 45
31.9542462767920341 -16.7333853959719185 0.570574581623077393 -1.70520007610321045 47
29.1823146342281596 21.2052383897230321 0.368916869163513184 -2.35480022430419922 45.5
31.990035466959533 -16.7681744921525357 1.51282083988189697 -1.70520007610321045 45
31.9983386329163935 -16.7681744921525357 1.32565677165985107 -1.78640007972717285 49
30.5570306697060801 19.4103200072124373 -1.32593739032745361 -2.03000020980834961 45
30.6437774696826857 19.4505074114210821 -0.571661591529846191 -2.03000020980834961 47.5
30.6231081730938364 19.4913317040290117 -0.0593937188386917114 -2.11120009422302246 46
30.612274056917574 -19.4913317040290117 0.816624760627746582 -2.19239997863769531 46
32.2374617216720551 -17.1461275503529471 2.51325798034667969 -1.78640007972717285 45
29.7572236608273961 21.2714428478771858 1.26236093044281006 -2.27360010147094727 46
29.7485798804135513 21.2714428478771858 1.45187079906463623 -2.35480022430419922 49
32.2745124431082573 -17.3462475373777494 1.58725142478942871 -1.78640007972717285 45.5
32.1197881202233333 -17.5983066165206168 1.91692459583282471 -1.86760008335113525 46
29.805325538814639 21.3700270189676189 -0.142519742250442505 -2.27360010147094727 46
29.7318472217451948 21.4708506506247687 -0.2750416100025177 -2.35480022430419922 47.5
33.0795154534984448 -16.1011243516368374 1.60628640651702881 -1.70520007610321045 45.5
29.5942090143676566 22.0360075140341962 -0.455334216356277466 -2.43600010871887207 45.5
32.1477152347210406 -18.2042976789620603 -1.50956284999847412 -1.94880008697509766 46
33.2682418337623176 -16.2967276880764658 0.585995495319366455 -1.70520007610321045 46
32.913419601616404 -16.9495227460363473 -1.45709848403930664 -1.78640007972717285 46
31.9123137701123589 -18.7643856022085025 1.48486316204071045 -2.03000020980834961 47
30.2857555119182429 21.3338980643910112 -0.583472728729248047 -2.27360010147094727 46.5
29.8645489071388504 21.9265063439574313 -0.199547365307807922 -2.35480022430419922 45.5
33.3158540401928249 -16.2322940711543815 2.19821310043334961 -1.70520007610321045 46.5
30.0700406935873694 21.7714078525085739 0.253103464841842651 -2.35480022430419922 46
33.4947080192231184 -15.8281283097545931 3.37860584259033203 -1.54280006885528564 46.5
33.2798067699456297 -16.0652015972134699 4.26659345626831055 -1.62400007247924805 48
30.3477461317908279 21.5039417212701167 0.65937340259552002 -2.43600010871887207 45
33.6102271852363828 -15.8973031258933801 2.65594315528869629 -1.54280006885528564 47
33.4162721515884016 -16.0975914453816351 3.69405341148376465 -1.62400007247924805 48
33.270126989547073 -16.4935102164630685 3.23860430717468262 -1.70520007610321045 45
32.626224495110165 -17.9514228676217655 1.64368557929992676 -1.86760008335113525 47
31.5513951260401839 19.8471751009175783 0.15756089985370636 -1.94880008697509766 48
31.4717660716461154 19.9729375340846218 0.188056498765945435 -2.03000020980834961 47
32.5329888308001145 -18.1788996349468945 2.48091936111450195 -1.86760008335113525 47
31.6152529315487172 19.8871094594374114 -0.0356480777263641357 -2.03000020980834961 50.5
32.0918201389526487 19.155402834628692 -1.95357584953308105 -1.86760008335113525 45
32.4139618720234424 -18.7064480806920841 -0.186260193586349487 -2.03000020980834961 51
27.3862974468017519 25.2256452368132713 3.78000140190124512 -2.92320013046264648 46
27.4371263759186554 25.2256452368132713 3.39141678810119629 -3.00440025329589844 45
33.4040296765584728 -17.224008223689232 2.24210834503173828 -1.70520007610321045 49
33.4530167310724167 -17.1205042136042387 2.30360150337219238 -1.78640007972717285 49.5
33.3628815401721539 -17.4987384341577901 1.97180581092834473 -1.78640007972717285 46
31.1822687339776117 -21.3642632057437041 0.273169964551925659 -2.35480022430419922 47.5
31.191895457466682 -21.3359223746063087 0.827177822589874268 -2.43600010871887207 46
32.0360129383141228 19.788018431416603 -4.07969188690185547 -1.94880008697509766 45
31.1197401714383872 -21.5486361918774918 -1.31665503978729248 -2.35480022430419922 50
31.2182045400847983 -21.44451363615131 -0.268545657396316528 -2.43600010871887207 49
32.2455060953423711 19.8272030249325404 -2.70403766632080078 -1.94880008697509766 45
32.6744881146480708 19.3769740990272474 -1.67675638198852539 -1.86760008335113525 45
32.4398755452485403 19.723839991432591 -2.12727046012878418 -1.94880008697509766 46
30.5389245185507647 22.6555695203928131 -0.00518280500546097755 -2.35480022430419922 47.5
30.650538335787509 22.5035187182425283 0.191840335726737976 -2.43600010871887207 48.5
32.7013850023565738 19.5008906434360831 -1.39456772804260254 -1.86760008335113525 49.5
32.5792095231222731 19.6532413515879298 -1.98881065845489502 -1.94880008697509766 48.5
32.3381971066885114 20.1102934760434628 -1.19467306137084961 -2.03000020980834961 45
30.888192138342724 22.3050958653559697 0.111696481704711914 -2.27360010147094727 46
30.7056825508677385 22.5479048064729746 -0.602605998516082764 -2.35480022430419922 48.5
32.7736867919909258 19.5392786116353889 -1.19702470302581787 -1.86760008335113525 46.5
32.5678447927394927 19.8016468547115494 -2.13566207885742188 -1.94880008697509766 47
32.0475977204407911 -20.674617554401312 1.68597269058227539 -2.27360010147094727 45
34.5972182669720354 -16.5834342256557328 1.6069798469543457 -1.62400007247924805 46.5
25.1454526798509157 28.8674595779933156 2.98933982849121094 -3.73520016670227051 46
34.5650127069461064 -16.889869783374813 0.563948273658752441 -1.62400007247924805 48
34.4907358484179625 -17.0244887284173672 0.938979387283325195 -1.70520007610321045 45.5
33.3040096292140362 19.9721506478763686 -1.13082396984100342 -1.94880008697509766 45.5
35.0376638943440213 17.0556029798116455 -2.88515996932983398 -1.54280006885528564 45.5
33.9596224638478787 19.4493072992915614 -2.65882587432861328 -1.78640007972717285 47
34.0693891495525136 19.3440792186708634 -3.09412717819213867 -1.78640007972717285 49
34.0398552357587647 19.4864956434846377 -2.46071290969848633 -1.86760008335113525 48.5
34.0546916682118379 19.5236820961999555 -3.08130002021789551 -1.78640007972717285 47
34.1669429791065724 19.7808027803093118 -1.88826000690460205 -1.86760008335113525 45.5
33.171690478365413 -21.7051215979517487 1.62249886989593506 -2.27360010147094727 45.5
34.4296218969603913 19.7096219256875749 -2.48888874053955078 -1.78640007972717285 48.5
34.5037769095834577 19.7096219256875749 -1.04053425788879395 -1.86760008335113525 46.5
33.7706915252775559 21.2448634310907636 -0.454271048307418823 -2.03000020980834961 45
33.6201830025346098 21.4841859949706873 -0.350909143686294556 -2.11120009422302246 45
32.263794015392925 -23.9765665887814414 0.460428833961486816 -2.59840011596679688 49
40.1141892976965977 -8.76687600921560595 1.78995978832244873 -0.812000036239624023 45
40.0975182359072591 -8.92095115876245259 1.34755587577819824 -0.893200039863586426 45.5
25.4527329287321713 -32.211977931927521 1.938315749168396 -4.38479995727539062 46.5
39.5017072759302437 12.3901159897172288 0.245560705661773682 -0.893200039863586426 52.5
39.4885783799874091 12.3590760331667884 1.36585628986358643 -0.974400043487548828 57
39.4805809157906467 12.3590760331667884 1.58023154735565186 -1.05560004711151123 56
39.4227574446660967 12.3590760331667884 2.65699052810668945 -1.13680005073547363 48
39.5518131696571871 12.4125620795212637 1.32593679428100586 -0.893200039863586426 59.5
39.534954392239392 12.4125620795212637 1.75826346874237061 -0.974400043487548828 65
39.524823222594442 12.4125620795212637 1.97294557094573975 -1.05560004711151123 62.5
39.5080472808536456 12.3814658905955319 2.4473121166229248 -1.13680005073547363 50.5
39.5896767004811636 12.4609685204094855 1.94538784027099609 -0.893200039863586426 59.5
39.5723204017948547 12.4350081693253003 2.4093174934387207 -0.974400043487548828 63.5
39.5584633459014938 12.4350081693253003 2.62703800201416016 -1.05560004711151123 60
39.6288405638972989 12.2480936415191568 2.43760132789611816 -1.13680005073547363 48.5
39.540276854781375 12.6499064641737959 3.03099417686462402 -0.893200039863586426 52.5
39.5711003885127397 12.6499064641737959 2.59779715538024902 -0.974400043487548828 53
30.4588554407479286 -28.6161413231898116 2.19026064872741699 -3.24800014495849609 49
30.4657810208840623 -28.5586161852959748 2.76844096183776855 -3.32920026779174805 50
30.3377918929573873 -28.6412305991915801 4.12359333038330078 -3.24800014495849609 46
30.5951202331603334 -28.4997794877633481 3.06709027290344238 -3.32920026779174805 46.5
40.0917746708064371 -13.0043359909721801 -0.399432152509689331 -1.13680005073547363 46
37.6346363898008178 -18.9718988414264054 0.568969666957855225 -1.70520007610321045 45
37.8323602795413478 -18.6837955233156983 -1.60596609115600586 -1.70520007610321045 45
37.5628263625042038 -19.7252175869072452 2.8854072093963623 -1.78640007972717285 45.5
38.4617791626108243 -18.659680438918528 0.265222907066345215 -1.70520007610321045 45.5
38.8927212667212814 -18.392543189328542 1.54055559635162354 -1.54280006885528564 45.5
39.0817394136332439 -18.2305849201135537 0.170526489615440369 -1.54280006885528564 48.5
38.8859828944848189 -18.6239732438405099 -0.890794932842254639 -1.62400007247924805 47.5
38.9632207709077178 -18.6563630920086716 -0.217947408556938171 -1.54280006885528564 45
39.5349628568978204 -17.9612827045308343 0.331580907106399536 -1.46160006523132324 48
39.5348349212122585 -17.9612827045308343 -0.346384316682815552 -1.54280006885528564 48
39.2109663064558021 -18.5527569688190077 2.0065605640411377 -1.62400007247924805 48.5
39.6614288394814878 -17.8564091291713609 0.607948899269104004 -1.46160006523132324 48
39.4486232439377744 -18.3238828537097866 0.539743423461914062 -1.54280006885528564 49.5
39.2177996961308324 -18.7859208372652091 1.14166438579559326 -1.62400007247924805 46
39.4610085999452593 -18.4698234505179393 0.689197123050689697 -1.54280006885528564 48.5
39.2960145684617785 -18.8183106854333708 0.689197123050689697 -1.62400007247924805 47
39.4602729156589689 -18.6488845846017526 0.65468132495880127 -1.54280006885528564 48
39.4667764181842955 -18.6161576739531363 1.06527483463287354 -1.62400007247924805 48.5
29.1066972388562313 32.4650953634248722 2.03479647636413574 -3.65400028228759766 45
39.3837154664404281 -18.8830903817696978 2.05615687370300293 -1.54280006885528564 46
39.5865682248532735 -18.484228808312178 1.76429545879364014 -1.62400007247924805 45
39.0353135696322369 -19.6496413355302764 3.89249372482299805 -1.70520007610321045 47.5
39.0373204326786265 -19.5404395127827044 5.08542156219482422 -1.70520007610321045 50
39.01811252171197 -19.3811722992158977 5.79306650161743164 -1.78640007972717285 46.5
39.2820528009185779 -19.2161978899602559 5.08515453338623047 -1.70520007610321045 48
36.1416823301712071 25.4797546988194803 -1.61967504024505615 -2.27360010147094727 48.5
36.0846733686778549 25.5792849906117468 -1.28800404071807861 -2.35480022430419922 47.5
36.3505504279396234 25.2847713561837004 -2.00588154792785645 -2.27360010147094727 46
40.4186301031651922 19.609033933643051 -0.275652021169662476 -1.46160006523132324 46
40.5558319401829053 20.4572428375317905 -1.55831062793731689 -1.54280006885528564 48
26.2801406339999986 -37.0752030103852093 -0.697165489196777344 -4.87200021743774414 48.5
40.8809566623502434 20.3530463225465326 0.840727806091308594 -1.54280006885528564 48
40.5913486729206312 20.9409217491371926 -0.161927089095115662 -1.62400007247924805 46
42.4523151393160774 -17.2528175263895847 2.63656497001647949 -1.38040006160736084 48
42.2071675296829198 -17.866531447707299 2.48034501075744629 -1.46160006523132324 47.5
42.4938181109230229 -18.1045416320538415 0.970061898231506348 -1.46160006523132324 45
42.2912927549117015 -19.0181581847804928 3.4650115966796875 -1.46160006523132324 48
42.3444021759055289 -19.0181581847804928 2.74065661430358887 -1.54280006885528564 47
42.2427642443273186 -19.0488329455022516 4.68205738067626953 -1.46160006523132324 46.5
42.4816737118480248 -18.8696506095469339 3.93272662162780762 -1.46160006523132324 45.5
42.4249982469675189 -19.2135830735454718 2.67964625358581543 -1.54280006885528564 49
42.1032637601147073 -19.7207377238484014 3.82496523857116699 -1.62400007247924805 47
42.6267119481810326 -18.9350203911717436 2.76663994789123535 -1.46160006523132324 46.5
42.4360955863930513 -19.4313129391981398 2.19723105430603027 -1.54280006885528564 48
42.2868246870811362 -19.6823785811409024 2.76663994789123535 -1.62400007247924805 46.5
42.019160275496688 -19.9639405980995548 7.36489248275756836 -1.62400007247924805 48.5
42.6422455616087106 20.1548947637236679 -0.948729217052459717 -1.46160006523132324 46.5
41.9890658675805568 -19.942675924444913 8.04294490814208984 -1.62400007247924805 45.5
39.7270453656315681 26.1143322747663404 0.897927165031433105 -2.03000020980834961 46.5
39.7207148194770383 26.1143322747663404 1.14425277709960938 -2.11120009422302246 50.5
39.5707344833458308 26.3638890337060836 0.324176996946334839 -2.19239997863769531 46.5
39.8656489875190374 26.0067404151546029 1.58745217323303223 -2.03000020980834961 48.5
39.7897037667647595 26.1555203946463344 0.899343371391296387 -2.11120009422302246 50
39.9661420130873779 25.8996188299205556 0.240273386240005493 -2.19239997863769531 46
40.4938908727881852 24.9211483637130513 3.8040919303894043 -1.94880008697509766 46
40.2315795745664602 25.433757490543794 3.13595438003540039 -2.03000020980834961 46
43.7133510081753869 19.6009739579444719 -1.3231205940246582 -1.38040006160736084 45.5
43.4574616669925788 20.1878653260711332 -0.83967137336730957 -1.46160006523132324 47
43.4764728220553707 20.2914336502133494 -1.43313872814178467 -1.46160006523132324 47.5
41.5033987091656371 24.9073528215893276 2.11995792388916016 -1.86760008335113525 45
41.2447362656136463 25.3129903128500153 2.35093545913696289 -1.94880008697509766 45
48.5633102517131903 14.5042630765687317 3.05482387542724609 -0.893200039863586426 47
48.6443836135680456 14.5042630765687317 1.20455360412597656 -0.974400043487548828 47
48.7578355705322934 14.3668327601600065 1.41080808639526367 -0.893200039863586426 54
48.722116485758157 14.5256876115549645 0.939449429512023926 -0.974400043487548828 55.5
48.7090045595106815 14.5256876115549645 1.46971714496612549 -1.05560004711151123 48.5
48.8501106498934732 14.3880229935825223 0.0867970734834671021 -0.893200039863586426 54.5
48.8489018750422588 14.3880229935825223 0.354131162166595459 -0.974400043487548828 55
48.7200474635732306 14.7762005268016878 1.17340314388275146 -1.05560004711151123 47
45.7059238976509832 22.4570248316464927 -0.0798505470156669617 -1.54280006885528564 49
48.9507666305323355 14.1033121943220472 -2.43299078941345215 -0.974400043487548828 46.5
42.943194247771693 27.327158919680496 3.17941594123840332 -2.03000020980834961 45.5
43.1829519642427613 27.1950219161703011 2.07825946807861328 -1.94880008697509766 45.5
43.0842656814534237 27.367344279872853 1.85208916664123535 -2.03000020980834961 47.5
47.2540000434056466 19.9684768479789518 -0.0979286804795265198 -1.21800005435943604 45.5
47.1380987520917429 20.2377147380640601 0.353240936994552612 -1.29920005798339844 47.5
49.9116148794088232 20.4107493198883176 0.371316134929656982 -1.21800005435943604 45.5
48.1521944334968026 25.5435129065969271 1.36783969402313232 -1.70520007610321045 47
51.605762470812742 21.0367686091773081 2.81776523590087891 -1.29920005798339844 46.5
51.1241562192885723 27.1680215883808529 0.793410241603851318 -1.70520007610321045 50
51.0739780434163748 27.4205496114794336 0.814201951026916504 -1.70520007610321045 51.5
50.9298996950727059 27.6885972562944254 0.766775071620941162 -1.78640007972717285 46.5
51.0708585854268762 27.5430697042680386 -1.7173759937286377 -1.70520007610321045 46.5
60.3449616978121668 -0.241421890636970615 1.88902044296264648 -4.14120006561279297 50.5
60.2915543371151017 -0.686543501498885211 3.09812235832214355 -4.22240018844604492 52.5
60.2784171022069373 -0.641276897004453228 3.35296535491943359 -4.30360031127929688 52
60.4425671088779168 -0 0.947862327098846436 -4.06000041961669922 53.5
60.4160835636701492 -0.324813643735656743 1.99846780300140381 -4.14120006561279297 67.5
60.4093093890319039 -0.241721781384674789 2.20440435409545898 -4.22240018844604492 71
60.4049174640846829 -0.324813643735656743 2.31148576736450195 -4.30360031127929688 64.5
60.5195711828427179 -0.325216642425249058 0.742734313011169434 -4.06000041961669922 53.5
60.5039941283246776 -0.242021687386231837 1.5761113166809082 -4.14120006561279297 72.5
60.4894043885522592 -0.136137199154755417 2.07105326652526855 -4.22240018844604492 76
60.4894043885522592 -0.136137199154755417 2.07105326652526855 -4.30360031127929688 69
60.5871321703457895 -0.416490238635262189 1.17741262912750244 -4.06000041961669922 51
60.5826947431633371 -0.13630589628063125 1.44176661968231201 -4.14120006561279297 69
60.5744130126062927 -0.13630589628063125 1.75565183162689209 -4.22240018844604492 73
60.5528018306573941 -0.13630589628063125 2.38740134239196777 -4.30360031127929688 66.5
60.5868150960863758 -0 1.26415634155273438 -4.38479995727539062 47
60.667468534814752 -0.417005702075438411 0.860394597053527832 -4.06000041961669922 46.5
60.6493821053284776 -0.136474593406507111 1.75782465934753418 -4.14120006561279297 62
60.6292009398413967 0.136474593406507111 2.35315608978271484 -4.22240018844604492 64
60.6077813975158861 0.242621499389345963 2.84496092796325684 -4.30360031127929688 55
60.7481735983051223 -0.136643290532382944 -0.451448112726211548 -4.06000041961669922 47
60.7243511980506625 -0.136643290532382944 1.75999748706817627 -4.14120006561279297 58
60.6971307573904753 -0 2.53401494026184082 -4.22240018844604492 59
60.6702824799517018 -0.197373641880108697 3.10496163368225098 -4.30360031127929688 50
60.7965919908209074 -0.972885184554428739 1.58392345905303955 -4.14120006561279297 48.5
61.1083706919786778 0.420098456498935902 1.36260068416595459 -4.14120006561279297 53
61.1003726955680264 0.420098456498935902 1.68338370323181152 -4.22240018844604492 56.5
61.1214537102186313 0.649243069134719186 0.112517997622489929 -4.30360031127929688 49
61.2389632840116249 -0.137824153252929377 2.09671688079833984 -4.14120006561279297 50.5
61.229302945709307 -0.329246588326442435 2.3430321216583252 -4.22240018844604492 50.5
61.2450017021913595 -0 1.91717970371246338 -4.30360031127929688 47
61.3404957570465683 -0.490641245791307412 0.961974442005157471 -4.06000041961669922 52.5
61.3272365686840573 -0.490641245791307412 1.59759485721588135 -4.14120006561279297 63
61.3346894997417067 -0.490641245791307412 1.27980184555053711 -4.22240018844604492 65
61.3272365686840573 -0.490641245791307412 1.59759485721588135 -4.30360031127929688 61
61.1345450905049574 -0.490641245791307412 5.1136322021484375 -4.38479995727539062 48
61.4173754011118547 -0.422160284042081058 0.871029853820800781 -4.06000041961669922 56
61.3845538689796584 -0.65242952988321623 2.13114380836486816 -4.14120006561279297 72.5
61.3962897154627569 -0.422160284042081058 1.82978510856628418 -4.22240018844604492 76.5
61.3858403248750975 -0.422160284042081058 2.15207314491271973 -4.30360031127929688 70
61.4784205649839279 -0.653226155199852165 1.49251806735992432 -4.06000041961669922 55.5
61.4694019068496758 -0.245920434898767831 1.92421960830688477 -4.14120006561279297 73.5
61.4488031619581818 -0.422675747482257225 2.47313308715820312 -4.22240018844604492 77
61.4409443681395828 -0.330455584395219326 2.67421746253967285 -4.30360031127929688 70
61.4387798666077458 -0.983681739595071325 -2.56110715866088867 -4.38479995727539062 47
61.5462173096804506 -0.423191184704873768 1.83425343036651611 -4.06000041961669922 53
61.5209169670149052 -0.246220325646472005 2.56842732429504395 -4.14120006561279297 66
61.4814436935180666 -0.13849893317614051 3.39026236534118652 -4.22240018844604492 68
61.4845946215175232 -0.330858562587446781 3.31900572776794434 -4.30360031127929688 61.5
61.4995875811560282 -0.984881302585888019 -2.88296413421630859 -4.38479995727539062 47.5
59.4776331603930544 -0.654022739998441405 15.9205608367919922 -4.54720020294189453 47.5
61.6085023822589051 -0.246520231648029053 2.24816417694091797 -4.14120006561279297 50
61.4767688698890709 -0.331261561277039096 4.60651111602783203 -4.22240018844604492 49.5
62.1282402305670587 -10.2184439094068047 2.16003632545471191 -0.730800032615661621 46.5
63.0565310956724758 -0 4.61243391036987305 -4.22240018844604492 48
59.6800402059991768 21.3374956550860517 4.29302072525024414 -0.974400043487548828 46.5
59.6984574824687613 21.591513460503748 2.30788183212280273 -1.05560004711151123 55.5
59.8015115743603758 21.3374956550860517 1.97891891002655029 -1.13680005073547363 56
59.8310479728926907 21.3626877592168469 2.97344565391540527 -0.974400043487548828 50.5
59.8603102088569017 21.3626877592168469 2.31060647964477539 -1.05560004711151123 61
59.8821101073418873 21.3626877592168469 1.65185105800628662 -1.13680005073547363 62
59.6444599825635606 21.3878798633476386 6.29308319091796875 -0.974400043487548828 48.5
60.0620991628517729 21.1332622459268329 0.659848392009735107 -1.13680005073547363 59
60.1510825129516107 20.8786446285060308 0.659848392009735107 -1.21800005435943604 52.5
60.2298528732775154 20.8315413671711696 -1.57319426536560059 -1.13680005073547363 49
59.7198822870647419 22.9092583917269117 4.55163145065307617 -1.21800005435943604 50.5
65.6714217780876481 5.50295698658934374 1.75716662406921387 -1.13680005073547363 49.5
65.7102421259943981 5.27229411888799326 0.687659621238708496 -1.21800005435943604 49.5
65.705779314646378 5.27229411888799326 1.02921617031097412 -1.29920005798339844 45
65.7311605824850034 5.27829193384207684 2.74850726127624512 -1.05560004711151123 47.5
65.7632864757419213 5.54220653053418122 0.688441872596740723 -1.21800005435943604 52.5
65.7544312400448518 5.2842903589502761 3.78645157814025879 -1.05560004711151123 47
65.8192718887087551 5.2842903589502761 2.40952897071838379 -1.13680005073547363 53
65.8408850814633126 5.2842903589502761 1.72063708305358887 -1.21800005435943604 53.5
65.915616297635566 5.29028817390435968 1.72259008884429932 -1.13680005073547363 48.5
65.915616297635566 5.29028817390435968 1.72259008884429932 -1.21800005435943604 53.5
65.9057708760999077 5.29028817390435968 2.0652010440826416 -1.29920005798339844 49.5
65.9468971640153399 5.56110092896318609 2.41499900817871094 -1.21800005435943604 52.5
65.9398086876352352 5.29628659901255805 3.10519218444824219 -1.29920005798339844 52.5
65.9105787200750228 5.82591525891381412 2.75787734985351562 -1.38040006160736084 45
66.0759641534682771 5.0371701932683095 2.06988406181335449 -1.29920005798339844 51.5
66.1181062269901361 5.30828222892072521 2.42046880722045898 -1.29920005798339844 49
63.7237897358991958 18.4920359633162725 3.59535074234008789 -0.893200039863586426 48
63.679216426781494 18.3757860740093903 4.78444623947143555 -0.974400043487548828 51
63.4921286570029366 18.0685542236983423 7.60787105560302734 -1.05560004711151123 45
63.671618024638029 18.7955462787040339 4.26947546005249023 -0.893200039863586426 54
63.7750777784840182 18.5129064850393092 3.94807696342468262 -0.974400043487548828 56
63.732675746776458 18.7955462787040339 3.23251795768737793 -1.05560004711151123 49.5
63.6763996558655734 19.024795281082028 4.35132122039794922 -0.893200039863586426 52.5
63.8079837114121204 18.7168698981423773 3.71226978302001953 -0.974400043487548828 54.5
63.8270983532985596 18.7168698981423773 3.36767458915710449 -1.05560004711151123 48
66.8097252695449555 -8.46652348305311619 -0.895358383655548096 0 49.5
66.7572984652706225 -8.76950046654209459 1.60695075988769531 -0.0812000036239624023 50.5
66.862884070814431 -9.10111735964851043 1.66573715209960938 0 62.5
66.9059723540329543 -8.7890308514863289 1.61052954196929932 -0.0812000036239624023 60.5
66.9462519329677974 -8.48537911381501608 1.56452357769012451 -0.162400007247924805 47.5
66.8075089659356252 -9.35416047437460385 2.34651613235473633 0.0812000036239624023 53.5
66.9507120400021449 -8.91701503978703336 2.11429500579833984 0 62
66.9598070406828754 -8.79879703736561503 2.31229114532470703 -0.0812000036239624023 61
67.0721078982255392 -8.10637730889730257 1.41426622867584229 -0.162400007247924805 54.5
66.8432010075062806 -9.41521947856301367 3.11786890029907227 0.0812000036239624023 50.5
66.9509307633205282 -9.25659850448398913 2.90016961097717285 0 48
67.1049929514020533 -8.38588649903937622 1.76626241207122803 -0.0812000036239624023 57
67.1351948853270528 -8.19145566287213178 1.51266789436340332 -0.162400007247924805 56.5
67.1957060070046168 -8.44596138088827608 -0.281652510166168213 -0.0812000036239624023 48.5
67.1694121595220537 -8.51366447812986671 1.56973874568939209 -0.162400007247924805 48
67.1736318628637861 -8.94670523056403688 2.12133479118347168 0 47.5
67.1910260831082411 -9.45701781452715551 1.71662449836730957 0 51
67.3160675393142043 -8.68518945477650917 0.360941499471664429 -0.0812000036239624023 47
67.3811745742088135 -8.14236511385297668 -0.703369736671447754 -0.162400007247924805 45.5
67.1843882798363978 -9.15167912275766859 3.08548474311828613 0.0812000036239624023 48
67.4822363269445873 -7.92210567412890754 0.768996119499206543 -0.0812000036239624023 50
67.4090055770967922 -8.54194888335871561 0.51421356201171875 -0.162400007247924805 50.5
67.4669465169186395 -8.55137669873966644 1.57669210433959961 -0.0812000036239624023 48.5
67.5466867299662965 -8.04985460607004377 0.213333830237388611 -0.162400007247924805 46.5
67.6552597978596992 -8.73317392690234584 2.13541436195373535 0 47.5
67.59325609582325 -9.00608561211804393 2.84685611724853516 -0.0812000036239624023 46
69.9051263102762164 -4.32418837216881702 1.25597012042999268 -3.16680002212524414 54
69.8895231791498475 -4.20164052356484241 2.19173288345336914 -3.24800014495849609 59
69.8736056979457913 -4.1053529282331489 2.79786801338195801 -3.32920026779174805 54.5
69.9839179331140144 -4.00459472988467802 1.93124377727508545 -3.16680002212524414 56
69.9837795971461958 -4.10974820200418822 1.70183444023132324 -3.24800014495849609 61
69.9806422254164175 -3.9257296257950447 2.19407939910888672 -3.32920026779174805 57.5
70.022307665986304 -4.77205606409309446 1.46441876888275146 -3.16680002212524414 49.5
70.0825236914319021 -4.11853919667482948 3.17065834999084473 -3.16680002212524414 53
70.1336176761008403 -4.01316079505415146 1.93537485599517822 -3.24800014495849609 60.5
70.1095743173222843 -4.01316079505415146 2.66802024841308594 -3.32920026779174805 58
70.1866592270223748 -4.12293491757443142 2.44079732894897461 -3.16680002212524414 58
70.1695933170199027 -4.01744404548297407 3.03508162498474121 -3.24800014495849609 64
70.1764668661707844 -4.21963488365826578 2.56542348861694336 -3.32920026779174805 60
70.2443979353795385 -4.02172686022362491 3.03831696510314941 -3.16680002212524414 56
70.2592227399188403 -4.02172686022362491 2.67371511459350586 -3.24800014495849609 58.5
70.1651795007294652 -4.34733713118264919 4.19869709014892578 -3.32920026779174805 53.5
70.3577252651403597 -3.66481405861080578 2.57089328765869141 -3.16680002212524414 50.5
70.3957883363788 -4.51533911991524306 2.20815920829772949 -3.16680002212524414 45.5
70.5439178059683343 -4.90496004324338575 1.23431992530822754 -3.24800014495849609 49.5
70.6389179982861179 -4.68898283766019208 -0.892958641052246094 -3.24800014495849609 47.5
70.5722992540669196 -5.66216795491041935 -0.362019211053848267 -3.32920026779174805 45.5
70.7837342567025445 -3.73648157215496335 4.50028896331787109 -3.24800014495849609 46
70.8740843080618816 -3.7937351652499034 4.20507192611694336 -3.16680002212524414 45
70.9194566877055337 -4.54892834802798784 2.22458553314208984 -3.24800014495849609 50
71.2211766457498356 12.386404756864831 1.18788564205169678 -0.649600028991699219 51
71.2211766457498356 12.386404756864831 1.18788564205169678 -0.730800032615661621 53
72.8240018670635578 -0 0.38229861855506897 -0.568400025367736816 47
73.2566158711037048 -1.17202075607973488 1.14895963668823242 -0.568400025367736816 50.5
73.2338884936730352 -0.393725722745535966 2.42246031761169434 -0.649600028991699219 49.5
73.3357074875864186 -0.879915330826031017 1.15013575553894043 -0.568400025367736816 47.5
71.5759734487312897 22.1084706532909436 3.61878633499145508 -0.893200039863586426 48
71.62258062455534 21.9960070467460156 3.37362241744995117 -0.974400043487548828 51.5
71.7148965436925181 21.7617078664440768 2.89850115776062012 -1.05560004711151123 49
71.7398002884524004 22.018004396322489 2.20570230484008789 -0.893200039863586426 53.5
71.7114634215282507 22.018004396322489 2.98835039138793945 -0.974400043487548828 58
71.7191882911220091 21.9148096590580899 3.51504182815551758 -1.05560004711151123 53.5
71.8583277958232145 21.8052317249200449 2.90429830551147461 -0.893200039863586426 53.5
71.7908329121580095 21.9367016836404929 3.51855325698852539 -0.974400043487548828 57.5
71.6499595914884964 22.1526880443955143 4.80256891250610352 -1.05560004711151123 52
71.8730442638303657 21.8269947610157296 4.08036661148071289 -0.974400043487548828 51.5
72.0735179071058241 21.6793853850751113 2.34573149681091309 -0.974400043487548828 45
78.7597850051151909 -7.59354271391371505 0.0053918939083814621 -0.649600028991699219 47.5
78.7372746737668905 -6.96734575537325806 4.95360612869262695 -0.649600028991699219 46
79.5445756889726425 -7.93247099035475767 -1.31902313232421875 -0.487200021743774414 46
79.5163914664047411 -7.85254684939400516 2.73574066162109375 -0.568400025367736816 57
79.5495241289502957 -7.85254684939400516 1.48797094821929932 -0.649600028991699219 58
79.5711044298003429 -7.67271753223230935 1.25362443923950195 -0.730800032615661621 54.5
79.5931269333959648 -7.93991202953216746 2.42748379707336426 -0.487200021743774414 49.5
79.6241454072767425 -7.8599129158844887 1.48936665058135986 -0.568400025367736816 62.5
79.6162709548911067 -7.67991491017720929 2.50383186340332031 -0.649600028991699219 65.5
79.5754271303981398 -7.8599129158844887 3.15812230110168457 -0.730800032615661621 60
79.7028598589845672 -7.68711302030704857 2.09131765365600586 -0.487200021743774414 50.5
79.6908924439522508 -7.68711302030704857 2.50617861747741699 -0.568400025367736816 60.5
79.6500103380004134 -7.86727973172049566 3.16108226776123047 -0.649600028991699219 63
79.5980503396578456 -7.68711302030704857 4.59015941619873047 -0.730800032615661621 58
79.7417116990170456 -8.24533523146009628 1.14237833023071289 -0.487200021743774414 45
79.7511646942973584 -7.69431039825194851 2.92917084693908691 -0.568400025367736816 50
79.4095052275623345 -7.69431039825194851 7.93467950820922852 -0.649600028991699219 50
79.7029692682427822 -7.51397499829291871 4.35978317260742188 -0.730800032615661621 47.5
79.2594168382927506 -15.7145965669386136 4.45565557479858398 -0.730800032615661621 50.5
79.1279500924706412 -16.0887536280561996 5.36431407928466797 -0.812000036239624023 51
79.2818439810438349 -15.7145965669386136 4.03692626953125 -0.893200039863586426 47.5
79.2361841847523323 -15.9822031261000923 5.21499443054199219 -0.730800032615661621 54
79.3578181464553154 -15.8708641556206089 3.38420462608337402 -0.812000036239624023 56
79.4118487782099294 -15.8708641556206089 1.69523584842681885 -0.893200039863586426 49
79.1136950832591168 -15.2979566636957287 8.95275211334228516 -0.730800032615661621 51.5
78.8629756758505351 -15.1397197902126202 11.6936979293823242 -0.730800032615661621 47
78.7912931998859278 -14.6529772919338477 12.7492990493774414 -0.812000036239624023 47
78.8918141726427962 -15.590156165180364 11.4249668121337891 -0.812000036239624023 46.5
80.9259065802930735 12.9273738879726814 1.94472265243530273 -0.649600028991699219 48.5
80.8810294604947586 12.7839640350157744 3.83810281753540039 -0.730800032615661621 48.5
81.0322262873761332 12.5598423264149766 2.8690948486328125 -0.568400025367736816 46
80.9536025789928004 12.5598423264149766 4.57903528213500977 -0.649600028991699219 52
80.9191411128385596 12.6828775165512848 4.84151792526245117 -0.730800032615661621 50
81.0351464662292358 12.4789617822255021 4.70061159133911133 -0.649600028991699219 46.5
83.052715923726268 -4.45403711517682765 7.10522651672363281 -0.649600028991699219 52.5
83.1648354128054166 -5.52843014295952884 4.59605646133422852 -0.730800032615661621 47
83.2162359921873787 -4.54156175718631072 5.91906452178955078 -0.568400025367736816 47.5
83.1978161654223953 -5.07402072182194708 5.74291563034057617 -0.649600028991699219 52.5
82.5958454777183704 -4.89653440027673525 11.5997142791748047 -0.730800032615661621 48.5
83.3026208320201533 -5.62196197150896104 4.7124786376953125 -0.649600028991699219 49.5
83.1645741842667547 -6.68783580253854026 5.66274690628051758 -0.730800032615661621 46
83.2465047787761989 -7.45734969423769645 4.48308897018432617 -0.568400025367736816 48
83.300899689096795 -8.64697072998168714 2.1073296070098877 -0.568400025367736816 48.5
83.7403923870024727 3.68820675723996194 2.18351006507873535 -0.487200021743774414 45.5
83.7671032899217778 2.87093366898792501 2.37780427932739258 -0.649600028991699219 46
83.7148505239249658 3.21958012933995885 4.98643159866333008 -0.568400025367736816 49
82.7829484035933945 13.0880651511930566 4.36943721771240234 -0.649600028991699219 50.5
82.9090806772595101 12.7524737370598995 2.62013602256774902 -0.730800032615661621 49.5
83.6114191193596525 -7.31613248443621966 3.40655303001403809 -0.568400025367736816 48
83.0015516215675007 12.8583390149704027 1.18542468547821045 -0.730800032615661621 50
82.455860410998099 18.2514941084469235 3.51996326446533203 -0.812000036239624023 47
82.5829955055836251 18.3628340742403076 -0.126894459128379822 -0.730800032615661621 50
82.6490738851472742 17.9293993033457433 2.19727373123168945 -0.812000036239624023 51
82.7345955158133677 17.9981982697929723 -0.952508330345153809 -0.730800032615661621 48.5
82.7407180643194948 18.4279495088319791 4.73230743408203125 -0.730800032615661621 50.5
82.8216805481874303 18.3324679051592732 3.53557968139648438 -0.812000036239624023 49.5
82.922936467733976 18.4442296094772011 2.08539319038391113 -0.730800032615661621 51
82.8897930775361971 18.6884537205986589 0.880575060844421387 -0.812000036239624023 52.5
88.2898312187073344 12.8478424116928736 -2.3241264820098877 -0.649600028991699219 48
89.8959978046775205 2.15930124566266768 3.74796438217163086 -0.487200021743774414 54.5
89.8625840873194619 1.85564950799135508 4.61218976974487305 -0.568400025367736816 57.5
89.8561292556195355 2.26051849155310558 4.55704021453857422 -0.649600028991699219 58
89.8312998457186609 2.26051849155310558 5.02270746231079102 -0.730800032615661621 50.5
89.9985909903110723 1.85719597696456273 3.21108126640319824 -0.406000018119812012 46
89.9891462007676353 2.16110077319512772 3.28472661972045898 -0.487200021743774414 62.5
89.9626888251918615 1.92473037612691056 4.06399250030517578 -0.568400025367736816 67.5
89.9153953786201612 1.92473037612691056 5.00237464904785156 -0.649600028991699219 65
89.8583122334273412 1.92473037612691056 5.94021224975585938 -0.730800032615661621 53.5
89.9011067955313905 1.9263329173099546 6.41116523742675781 -0.406000018119812012 47
90.0375922587158186 1.9263329173099546 4.06737613677978516 -0.487200021743774414 62.5
90.0350908704487978 1.85874228863241231 4.15332460403442383 -0.568400025367736816 67.5
90.0248674169355638 2.16290011768135271 4.22699975967407227 -0.649600028991699219 64.5
90.0017511034284325 2.16290011768135271 4.69353342056274414 -0.730800032615661621 52
90.034102938869097 1.86028875760561974 5.56336784362792969 -0.406000018119812012 45.5
90.1125033121211061 1.92793562151855147 4.07076025009155273 -0.487200021743774414 55.5
90.1639248704555882 1.86028875760561974 2.74919009208679199 -0.568400025367736816 57.5
90.1326392550867723 1.92793562151855147 3.59754133224487305 -0.649600028991699219 55
90.1303328421434884 1.86028875760561974 3.6897280216217041 -0.730800032615661621 46.5
89.9599071437840934 -9.66509455585811494 5.97978067398071289 -0.649600028991699219 45
90.064275224818644 -9.67308851860160424 5.5154566764831543 -0.568400025367736816 51.5
90.1972897068348942 -9.43494683174271209 3.31552553176879883 -0.649600028991699219 57
90.1780466129100517 -9.67308851860160424 3.14857625961303711 -0.730800032615661621 53.5
90.2718374712253961 -9.44274478438337184 3.31826567649841309 -0.568400025367736816 55
90.2419598335872166 -9.74918001176119731 3.24400734901428223 -0.649600028991699219 59.5
90.3016780906923771 -9.44274478438337184 2.37133479118347168 -0.730800032615661621 55.5
90.2040631666366437 -10.1775067087331941 4.73877048492431641 -0.568400025367736816 51
90.3626509329846499 -9.45054194382367996 2.84409022331237793 -0.649600028991699219 55
90.3455896786334023 -9.21200663033774525 3.95262384414672852 -0.730800032615661621 50
83.3510159424115358 26.2139180009667143 -25.6035537719726562 -0.730800032615661621 49
83.0546408843303681 26.2139180009667143 -26.5492038726806641 -0.812000036239624023 50
83.1224743056896926 26.4404750577295538 -26.3689498901367188 -0.730800032615661621 46.5
83.7074685119787603 26.0305452118732816 -24.8844547271728516 -0.812000036239624023 47.5
88.5683910847382805 24.5972250702096673 4.38385248184204102 -0.812000036239624023 50.5
88.5831334541296798 24.5282286464503159 4.47158908843994141 -0.893200039863586426 54
88.6106518827771197 24.5972250702096673 3.42480349540710449 -0.974400043487548828 51
88.6631626707108751 24.6172729316259762 3.90442609786987305 -0.812000036239624023 55.5
88.7161958528553072 24.5482202726312337 3.03853535652160645 -0.893200039863586426 60
88.7161958528553072 24.5482202726312337 3.03853535652160645 -0.974400043487548828 56.5
88.8403621317167307 24.5682098652828884 0.157103985548019409 -0.893200039863586426 56
88.7730873040006117 24.6949094942177751 2.39401531219482422 -0.974400043487548828 57
88.6170464300289495 25.0838828037813251 5.28013896942138672 -0.812000036239624023 48
88.7418750626123796 25.0838828037813251 2.39596319198608398 -0.893200039863586426 56
88.8412415038020526 25.1042774491492011 0.956741273403167725 -0.812000036239624023 52
88.5571582648745306 25.4941504614635761 -6.74082565307617188 -0.812000036239624023 46.5
88.6553510532865232 25.4941504614635761 -5.29501152038574219 -0.893200039863586426 51
88.7471738867312041 25.5518817804433382 -2.96657705307006836 -0.974400043487548828 46
90.3546242842009235 24.1643819323929776 3.61732983589172363 -0.812000036239624023 49.5
90.3199595656344769 24.4567873284771125 2.26515913009643555 -0.893200039863586426 52
90.4243343175999854 24.1643819323929776 0.695567429065704346 -0.974400043487548828 49.5
88.4876926604640062 -29.9423125590154982 5.86063194274902344 -1.13680005073547363 45
90.4345396521364506 24.3476218528008665 1.94773674011230469 -0.812000036239624023 55
90.4437899397738789 24.3476218528008665 1.45606040954589844 -0.893200039863586426 58.5
90.3825154101225081 24.6168503636731799 0.134121865034103394 -0.974400043487548828 53.5
91.5958057324963733 19.4936918011213081 4.38941287994384766 -0.730800032615661621 46
90.4482159024593955 24.6365588087488625 1.10572206974029541 -0.812000036239624023 53.5
90.4408598632798828 24.6365588087488625 1.59782207012176514 -0.893200039863586426 56
90.3587188381003017 24.8942879070809973 -2.15377378463745117 -0.974400043487548828 46.5
92.132454505239707 17.6333946577100669 1.95085561275482178 -0.649600028991699219 51
91.9975891391953269 18.0085732674485755 3.90725302696228027 -0.730800032615661621 54.5
90.3438704773173669 25.078345194708664 3.49179244041442871 -0.893200039863586426 57
90.3763772136965002 25.078345194708664 2.51360464096069336 -0.974400043487548828 53.5
90.5951391170684559 24.3866096330032853 0.97228538990020752 -1.05560004711151123 47.5
92.1118451753208802 17.8586961793756593 -3.69928693771362305 -0.649600028991699219 53
92.152808463010885 18.0229680233383753 -0.492941111326217651 -0.730800032615661621 56.5
90.4775024963370242 25.0983910168755138 1.04988086223602295 -0.893200039863586426 61
90.481882066957084 25.0983910168755138 0.556960165500640869 -0.974400043487548828 59.5
91.9312702098982868 17.0392028108468629 -9.46617317199707031 -0.649600028991699219 48
91.7796295484410081 18.542316497813367 -7.9989628791809082 -0.730800032615661621 52.5
90.4546677861521573 25.1771542566889508 -3.91989874839782715 -0.893200039863586426 57
90.6419144484339796 24.8013758349473257 0.486929982900619507 -0.974400043487548828 57.5
90.4054842102562333 25.0479804242152682 5.54517602920532227 -1.05560004711151123 48.5
92.0856346198459903 18.2633030502631044 -5.66481685638427734 -0.812000036239624023 47.5
90.6826637552635617 24.821168624295801 2.44271373748779297 -0.974400043487548828 52
92.4270381796779503 17.6897755521406204 1.95709323883056641 -0.730800032615661621 47.5
92.4991048274929426 17.2310646169454849 2.55370974540710449 -0.812000036239624023 48.5
93.3457884290872641 12.7112274513787611 3.57276701927185059 -0.730800032615661621 48.5
93.4623455980315327 12.8274498408489901 1.47298514842987061 -0.649600028991699219 49.5
93.9045530221044089 -17.1799416340810112 1.50356745719909668 -0.730800032615661621 50
93.8379189671146321 -17.2395942091993462 3.56621003150939941 -0.812000036239624023 50
93.9775954961315279 -17.2531361507753616 0.586281239986419678 -0.812000036239624023 51
93.8950215127753154 -17.6968513873857418 -3.83238673210144043 -0.730800032615661621 49
93.9839354601469523 -16.3824329858918603 -6.54038858413696289 -0.812000036239624023 45.5
91.2308199960593953 -28.6858127890479757 6.42537689208984375 -1.05560004711151123 48
91.6362413328405694 -28.0010396969064459 4.51084804534912109 -1.05560004711151123 49.5
92.2455817669544444 -31.2139005822268878 6.10952091217041016 -1.05560004711151123 52.5
92.4325860351087414 -30.6896045958847985 5.93689680099487305 -1.13680005073547363 54.5
92.3766897528913375 -30.8237268249490519 6.10952091217041016 -1.21800005435943604 50.5
92.4476912337538863 -30.8474181940176813 6.11421680450439453 -1.05560004711151123 57
92.5642896302571501 -30.5667652594993235 5.74873208999633789 -1.13680005073547363 59.5
92.5642896302571501 -30.5667652594993235 5.74873208999633789 -1.21800005435943604 53.5
92.6654039230931659 -30.5902434702743804 5.24759531021118164 -1.05560004711151123 53
92.7097795025366906 -30.4803384039141179 5.10122442245483398 -1.13680005073547363 56
92.5746821488236833 -30.7367835587547411 5.94602346420288086 -1.21800005435943604 50.5
91.4287350591145156 35.1404363751002293 -0.373956590890884399 -1.13680005073547363 49
91.4221986665237694 35.1404363751002293 1.1552584171295166 -1.21800005435943604 48
91.3222992101745774 35.6083120062477221 1.08931803703308105 -1.05560004711151123 46
91.5459087475607305 35.0203522620785108 1.34993112087249756 -1.13680005073547363 53
91.5252951739012559 35.0203522620785108 2.36556386947631836 -1.21800005435943604 51.5
91.5622034511924028 35.1942507582546256 1.15702760219573975 -1.13680005073547363 48.5
91.7566128073195699 34.5200313950696724 3.56400179862976074 -1.21800005435943604 47.5
93.6246522245727846 -36.1952887778365806 6.29736137390136719 -1.21800005435943604 50
93.5617871735726112 -36.0821785004058455 7.72011423110961914 -1.29920005798339844 51.5
93.6148497811281999 -36.3103192064549276 6.94569301605224609 -1.21800005435943604 48
93.4296005774170055 -36.2222789451299576 9.44878005981445312 -1.29920005798339844 50.5
