
X Y Z V_r Mag
7.17601428219109305 -2.84188050198814679 0.322752863168716431 0 58.5
7.17194118600089858 -2.84188050198814679 0.403243362903594971 -0.0812000036239624023 53
7.18042167765394712 -2.84188050198814679 0.20221729576587677 0.0812000036239624023 52
7.23915714815642897 -2.86947150329277978 0.448043733835220337 0 73
7.23654705704003032 -2.86947150329277978 0.488385975360870361 -0.0812000036239624023 67.5
7.24157150243442516 -2.86947150329277978 0.407158344984054565 0.0812000036239624023 67
7.87366156149288265 0.0541231139269428216 0.134753972291946411 0 81
7.87182714247670923 0.0541231139269428216 0.216877654194831848 -0.0812000036239624023 75.5
7.86748213212504943 0.0541231139269428216 0.33974793553352356 -0.162400007247924805 46.5
7.8742540058325643 0.0541231139269428216 0.0939545407891273499 0.0812000036239624023 74.5
7.94834095848018674 0.0844414276196722574 0.138746455311775208 0 78
7.94783695976905769 0.0546385708127291037 0.177221685647964478 -0.0812000036239624023 73
7.94924670586854809 0.0546385708127291037 0.0948493480682373047 0.0812000036239624023 72
7.99272155144854057 0.692935189167560806 -0.19202086329460144 0 72
7.99362294687221731 0.692935189167560806 -0.149902284145355225 -0.0812000036239624023 66.5
7.99161495797469712 0.692935189167560806 -0.233587190508842468 0.0812000036239624023 65.5
7.21945045930396478 -3.67114968133905917 -0.110442683100700378 0 66.5
7.22024885743577105 -3.67114968133905917 -0.0259545445442199707 -0.0812000036239624023 61
7.21945045930396478 -3.67114968133905917 -0.110442683100700378 0.0812000036239624023 60.5
7.28629704966778569 -3.70514171997082009 -0.111465297639369965 0 71
7.28071144531908043 -3.71740025337022706 -0.0529475025832653046 -0.0812000036239624023 65.5
7.27866465885281588 -3.71740025337022706 -0.180565237998962402 0.0812000036239624023 65
7.27337316848215032 -3.89274030120853176 -0.0843674242496490479 0 69
7.28535903385255867 -3.87109105694863276 -0.0264351833611726761 -0.0812000036239624023 63
7.27275179048118225 -3.89274030120853176 -0.127110660076141357 0.0812000036239624023 63
7.2934429155458087 -4.0134328627741942 -0.0607298165559768677 0 66
7.30396798525598889 -3.99470767056840437 0.0017026243731379509 -0.0812000036239624023 60.5
7.29295580331524107 -4.0134328627741942 -0.103863082826137543 0.0812000036239624023 60
7.40293467720172149 -3.96351766758733781 -0.217023596167564392 0 61.5
7.39930181097631312 -3.97296461118063382 -0.160914778709411621 -0.0812000036239624023 55.5
7.40153130477961252 -3.96351766758733781 -0.260529994964599609 0.0812000036239624023 55.5
8.46736349753769524 0.225573888980840437 0.280182212591171265 0 55
8.46133650327055697 0.27111227971406171 0.397380173206329346 -0.0812000036239624023 50
8.46982594139244327 0.225573888980840437 0.191812723875045776 0.0812000036239624023 48
8.54707359990065463 0.205133622914109304 0.0891845151782035828 -0.0812000036239624023 52.5
7.30911364135254171 -4.55252679293879225 -0.491910815238952637 0 65
7.3146065547855299 -4.55252679293879225 -0.402064263820648193 -0.0812000036239624023 59
7.30593201332914255 -4.55252679293879225 -0.537108063697814941 0.0812000036239624023 59
7.40677625353391633 -4.70187876903290203 -0.180659189820289612 0 67.5
7.40774562969266803 -4.70187876903290203 -0.13519953191280365 -0.0812000036239624023 61.5
7.41739437435485538 -4.67885184409127675 -0.302057921886444092 0.0812000036239624023 61
7.4313194311916897 -4.74206566223747661 -0.781545758247375488 0 58.5
7.43604171137593717 -4.74206566223747661 -0.735257565975189209 -0.0812000036239624023 52.5
7.43768387291159794 -4.71884192648491396 -0.857844114303588867 0.0812000036239624023 52
8.6321481900622441 2.33249519974186104 -1.02248620986938477 0 51
8.67315673466043435 2.39502516633170082 -1.18145787715911865 0 49
8.83376450583378059 -2.78909749951622787 -0.821917057037353516 0 51
9.42870914166763185 -0.453453298198407184 0.443096518516540527 0 52
9.44118172296593983 -0.271599631733420943 0.304688334465026855 -0.0812000036239624023 47
9.52012567918093744 -0.304701416303688799 0.000649071647785604 0 49.5
8.95883831664135144 3.30133181344072524 -1.00021862983703613 0 49.5
9.27968517406539206 2.63074873616211669 -0.756461739540100098 0 49.5
9.39544507514726845 2.23568277844110019 -1.33784580230712891 0 52.5
9.39544507514726845 2.23568277844110019 -1.33784580230712891 0.0812000036239624023 46.5
9.48420155740233639 -2.77110342543254617 -0.617180466651916504 0 48.5
9.54627582434986088 -2.78337127679099217 -0.788730442523956299 0 47
9.63485750643163996 -2.83946244800098668 -0.330881297588348389 0 46.5
9.70031192329869363 2.70629611199557463 -1.04667913913726807 0 48.5
10.3909651260412197 -0.610967925700761749 0.578959226608276367 -0.0812000036239624023 49.5
10.4024867869610453 -0.556254380115618896 0.399341285228729248 0.0812000036239624023 49
10.4713125491055354 -0.570752803215522908 0.525220394134521484 0 66
10.4666360246325354 -0.560256199937996024 0.621002137660980225 -0.0812000036239624023 60.5
10.4773246297074252 -0.560256199937996024 0.402214229106903076 0.0812000036239624023 60
10.5433823344059565 -0.619758864480332683 0.53257286548614502 0 66.5
10.5325710571834001 -0.652795051286320538 0.685162782669067383 -0.0812000036239624023 61.5
10.544590406587087 -0.652795051286320538 0.464876443147659302 0.0812000036239624023 60.5
10.6183318880280968 -0.705334290277247367 0.419568061828613281 0 57.5
10.6216619885261458 -0.657424791315019186 0.413038522005081177 -0.0812000036239624023 52
10.6268232491264722 -0.657424791315019186 0.246847063302993774 0.0812000036239624023 51
10.5293139757476304 -2.67846136937570378 -0.474361240863800049 0 47.5
10.5946213453571243 -2.74345615314130598 -0.360512495040893555 0 54
10.5990573593682296 -2.74345615314130598 -0.189611479640007019 -0.0812000036239624023 48.5
10.5852908304756212 -2.7776638358488035 -0.372449666261672974 0.0812000036239624023 48.5
10.6564880603173791 -2.8214871074362069 -0.170617774128913879 0 54
10.6483019407327149 -2.85730676797983074 -0.00977085623890161514 -0.0812000036239624023 48.5
10.6494512566285859 -2.84628533396640826 -0.196170434355735779 0.0812000036239624023 48
11.0881783370432565 0.297438128486378184 1.35810935497283936 0 49
11.198465685057041 0.282564811444138198 1.03779482841491699 0 51.5
10.9699905706690704 -2.80769161441081705 0.178349316120147705 0 45
11.4518041917441895 -0 -1.50289261341094971 0 47
11.5485586852747009 -0 -1.33094751834869385 0 48
11.3956944281626189 3.4332890355175123 -0.745855093002319336 0 46.5
11.7885831250242141 -2.82851606961731461 -0.807045698165893555 0 46.5
12.0597363511266202 -2.74326873405608751 -0.421762526035308838 0 53.5
12.0618323758595238 -2.74326873405608751 -0.3568306565284729 -0.0812000036239624023 48
12.0470153533139186 -2.7494542328927416 -0.671246349811553955 0.0812000036239624023 47.5
12.1270281066478596 -2.81590144110003182 -0.0916700810194015503 0 59
12.1336761579556303 -2.78789800135428578 -0.063660159707069397 -0.0812000036239624023 53
12.1240013146076837 -2.81590144110003182 -0.286021173000335693 0.0812000036239624023 52.5
12.1928711248922372 -2.83286465861408976 0.429435819387435913 0 54.5
12.202557382391138 -2.80469252388754064 0.327013134956359863 -0.0812000036239624023 49
12.1867340448410673 -2.85477631895696105 0.457597345113754272 0.0812000036239624023 48.5
12.7719292996859686 2.50478948157794168 -0.952032208442687988 0 47
12.7473751305788436 3.00957318965668552 -0.844128847122192383 0 49
12.8246090379602613 3.02677070575519158 -0.779789507389068604 0 47.5
13.0514996932846099 -2.77590179179970908 0.418606281280517578 0 47
13.0963014073011657 -2.95254459244100742 0.00183025328442454338 0 52.5
13.0909449564324589 -2.97603074260815204 0.0320342853665351868 -0.0812000036239624023 46.5
13.0909449564324589 -2.97603074260815204 0.0320342853665351868 0.0812000036239624023 46
13.0606913567876575 -3.16135220330393985 -1.29391741752624512 0 48.5
13.1777133823573163 -3.14838135430117783 -0.84628528356552124 0 51
13.1845156348106514 -3.13311441885467445 -0.795475959777832031 -0.0812000036239624023 45
13.1580206841166891 -3.49326971719792567 -0.993018984794616699 0 45
13.7154664914080886 0.109764483038622865 -0.499568045139312744 0 52
13.7141835372119019 0.132060393655843156 -0.528554975986480713 -0.0812000036239624023 47
13.7955180481657997 0.094844309497102805 -0.338668882846832275 0 63
13.7951793367708202 0.146577569222795245 -0.333965331315994263 -0.0812000036239624023 57.5
13.7928318940016261 0.110364287414810539 -0.430835098028182983 0.0812000036239624023 56.5
13.8664646156639488 0.296482203132267419 -0.385900318622589111 0 56.5
13.8682991141835288 0.296482203132267419 -0.313085019588470459 -0.0812000036239624023 51.5
13.8685445251771409 0.2219281988358493 -0.360368043184280396 0.0812000036239624023 49.5
13.9496971588244492 0.0557819518970561617 0.0732312500476837158 0 60.5
13.9484631002914821 0.0749569978616692195 0.193060681223869324 -0.0812000036239624023 55
13.9499196535571865 0.045322835916358134 0.0142660047858953476 0.0812000036239624023 53.5
14.0607608617834767 -0.225527025092975342 -1.02671468257904053 0 53.5
14.0429308518323452 -0.225527025092975342 -1.24708998203277588 -0.0812000036239624023 48.5
14.1742725516785377 -0.0761659785574225062 -0.121765509247779846 0 55
14.1745468769096696 -0.113363316922675345 0.000965941231697797775 -0.0812000036239624023 50.5
14.2023694127898406 0.0765689772470148078 1.16162049770355225 0 49
14.2453498053740653 -0.515533199858897118 1.417702317237854 0 48
14.6937828280191027 -5.04963473924623596 -2.07354164123535156 0 49
15.8247885317177861 -0 -0.0819964855909347534 0 59
15.8247885317177861 -0 -0.0819964855909347534 -0.0812000036239624023 54
15.8235618362165784 0.0355947331875289888 -0.210379302501678467 0.0812000036239624023 52
15.8980453182370098 -0 0.249313667416572571 0 59.5
15.8980453182370098 -0 0.249313667416572571 -0.0812000036239624023 54.5
15.8991352858819734 -0 0.16585192084312439 0.0812000036239624023 52.5
15.9545527597041019 0.0858378497451547789 0.803436994552612305 0 54.5
15.9533344484129564 -0 0.831715941429138184 -0.0812000036239624023 50
15.9528228770864438 0.12775866008581177 0.831715941429138184 0.0812000036239624023 48
15.2181896593364083 -5.04809803512228861 0.725233256816864014 0 48
15.3376000750517996 -4.97496821502318731 -0.152807667851448059 0 49.5
15.4316866271822448 -4.92320707196944696 0.255122184753417969 0 60
15.4316866271822448 -4.92320707196944696 0.255122184753417969 -0.0812000036239624023 54
15.4300469281452699 -4.92320707196944696 0.340151578187942505 0.0812000036239624023 54
15.527150392546627 -4.87075239628710577 0.242989763617515564 0 59
15.5221216444549324 -4.8809209816655752 0.340616852045059204 -0.0812000036239624023 53
15.5200125081666833 -4.8809209816655752 0.426030635833740234 0.0812000036239624023 53
15.6686713825989212 -4.91564400506740196 0.331440925598144531 0 52.5
15.6539196858932641 -4.92590630987965117 0.686241567134857178 -0.0812000036239624023 47
15.6713584223408429 -4.91564400506740196 0.160130858421325684 0.0812000036239624023 46.5
15.6706837626537272 -5.1648911305759384 -0.0596209131181240082 0 51.5
15.6707748884749876 -5.1648911305759384 0.0269976668059825897 -0.0812000036239624023 45.5
15.6703938133333676 -5.1648911305759384 0.112490437924861908 0.0812000036239624023 45
15.7337929262989924 -5.21322260545079619 -0.0271198581904172897 0 52
15.7419148679859653 -5.18836814726032713 -0.0598919205367565155 -0.0812000036239624023 46.5
15.7748373367509203 -5.32627689409120642 0.0885403528809547424 0 49.5
16.5774559541204916 -3.14827808571715151 -0.204780355095863342 0 54.5
16.5733514666311059 -3.17147370456704358 0.177172675728797913 -0.0812000036239624023 49.5
16.5743732716153787 -3.14827808571715151 -0.379628688097000122 0.0812000036239624023 48
16.6640318038751758 -3.07331185832112164 -0.409041106700897217 0 60.5
16.657097787544096 -3.13685379887910498 -0.0612469390034675598 -0.0812000036239624023 55
16.6467039003808033 -3.13685379887910498 -0.59154587984085083 0.0812000036239624023 54.5
16.7417282909378855 -3.07414610059233562 -0.338905185461044312 0 60.5
16.7449976712430235 -3.07414610059233562 -0.0731247887015342712 -0.0812000036239624023 55
16.734238864495186 -3.07414610059233562 -0.604602932929992676 0.0812000036239624023 54.5
16.8330195126738289 -3.00862646940693645 -0.0874368399381637573 0 57
15.9772271596422701 6.24967800786967498 -0.806479573249816895 0.324800014495849609 48
15.9544915909988863 6.31835578817593468 -0.716406106948852539 0.243600010871887207 55.5
15.9582358260186066 6.31835578817593468 -0.627483248710632324 0.162400007247924805 55
16.8937329259722873 -3.09050011378170764 -0.17680869996547699 0.0812000036239624023 47
16.9809059410147078 -3.0350178619591941 0.00117548403795808554 0 54
16.9915775102232836 -2.97466239311341507 0.0129358069971203804 -0.0812000036239624023 49
16.1212541470809043 6.10883566817638979 -0.591437995433807373 0.324800014495849609 49.5
16.0598176976035028 6.26619099766717191 -0.616119742393493652 0.243600010871887207 57.5
16.0097460800156561 6.34594643864195174 -0.989691078662872314 0.162400007247924805 56.5
15.9250925528328793 6.42570187961673245 -1.63226687908172607 0.0812000036239624023 51
17.0461945492650528 -3.04821372602770468 -0.539704620838165283 0 55.5
17.0395197393742954 -3.04821372602770468 -0.720302283763885498 -0.0812000036239624023 50
16.2106331167026667 6.09642745205540937 -0.452334940433502197 0.324800014495849609 54.5
16.1884500779824414 6.16570503673785808 -0.271657228469848633 0.243600010871887207 58.5
16.1066422476565982 6.30426020610275373 -0.993994176387786865 0.162400007247924805 59.5
16.0803306496402989 6.30426020610275373 -1.35459423065185547 0.0812000036239624023 56.5
16.3201937195779152 6.02932442708579952 -0.241992667317390442 0.324800014495849609 56
16.2670829751240866 6.1619565187021843 -0.415158212184906006 0.243600010871887207 59.5
15.9329769912893404 6.98773890586355151 -1.63932406902313232 0 51.5
16.4239405749425451 5.9504964120244308 -0.470543116331100464 0.324800014495849609 56
16.418701606094956 5.96359842247292526 -0.487216919660568237 0.243600010871887207 58.5
16.1754116994929937 6.58812758718447977 -0.572956502437591553 0.162400007247924805 63
16.2002930205085782 6.50951552449351478 -0.743203878402709961 0.0812000036239624023 61.5
16.0647097540630703 7.01772950601925682 -0.82408827543258667 0 54.5
16.4827223503574203 5.98919352529331039 -0.672271788120269775 0.324800014495849609 54.5
16.5280680219237333 5.89489278505617609 -0.275185257196426392 0.243600010871887207 56
16.1927132171849273 6.73702032577848708 -0.641183793544769287 0.162400007247924805 63
16.1927132171849273 6.73702032577848708 -0.641183793544769287 0.0812000036239624023 63.5
16.4542065557679251 6.24163644357152947 -0.97041553258895874 0.324800014495849609 50.5
16.5302301525173014 6.1072892935863976 0.305195003747940063 0.243600010871887207 49.5
16.2025481154124265 6.90676495661267253 -0.643923819065093994 0.162400007247924805 62
16.2152304805446903 6.88694324595912821 -0.52623063325881958 0.0812000036239624023 62
16.1565782391441282 7.2192641425107853 -0.370439887046813965 0.162400007247924805 56
16.0642900936219917 7.43159544081992607 -0.00241250894032418728 0.0812000036239624023 48.5
17.5106258703679956 -2.98523422839336661 -0.645770370960235596 0 47.5
16.2123036399077982 7.24985455466960538 -0.742644369602203369 0.162400007247924805 56
17.6037225274185971 -2.95098886700085528 -0.152117237448692322 0 57
17.6075159932034602 -2.92645305631528485 -0.183757513761520386 -0.0812000036239624023 51.5
16.541708249084575 6.66258786525438751 -0.777390718460083008 0.243600010871887207 51
16.2590299463985204 7.3518210926944958 -0.466042041778564453 0.162400007247924805 53.5
16.2614166841349359 7.3518210926944958 -0.373579204082489014 0.0812000036239624023 55.5
16.8812318455167514 6.0208520243864978 -0.281065285205841064 0.324800014495849609 49.5
16.7279575921610508 6.40387497683072926 -0.686636567115783691 0.243600010871887207 54.5
16.5387113402892538 6.880973742155998 -0.654884278774261475 0.162400007247924805 54
16.3856982030654699 7.26399669460022857 -0.221188783645629883 0.0812000036239624023 54.5
16.4001938215779504 7.28089388771880852 -1.42205142974853516 0 54
15.1695441125870651 -9.66512234647133894 0.685830652713775635 -4.38479995727539062 45.5
15.1155220728962121 -9.74834541531458676 0.700546145439147949 -4.46600008010864258 56.5
15.1108503694375518 -9.74834541531458676 0.794957578182220459 -4.54720020294189453 56
16.9921845731679255 5.88184662229987154 -0.818249523639678955 0.406000018119812012 50.5
16.9669689691967456 5.97406677966671484 -0.657624363899230957 0.324800014495849609 56
16.9053551544039848 6.14276218948411046 -0.68950951099395752 0.243600010871887207 56
16.87913028956498 6.23723161898185285 -0.438060969114303589 0.162400007247924805 49.5
16.4275801707756308 7.29993803322157842 -1.88444983959197998 0 48.5
15.1738128864582045 -9.78896393440047063 0.798269987106323242 -4.38479995727539062 52
15.1912926838744298 -9.75734291569220957 0.851203322410583496 -4.46600008010864258 64.5
15.1627342520016821 -9.78896393440047063 0.986580371856689453 -4.54720020294189453 64
15.222549193485083 -9.63763477343950292 1.44763052463531494 -4.62840032577514648 50.5
17.0710163074614343 5.90635456586461238 -0.633271336555480957 0.406000018119812012 49.5
17.0340244216055758 5.98766575682871416 -0.833968758583068848 0.324800014495849609 55.5
17.0244020270218854 5.99895897779595089 -0.94227975606918335 0.243600010871887207 55
16.8906633027493776 6.41906679777714206 -0.454669475555419922 0.162400007247924805 49
16.5717404070610321 7.1440915838737169 -1.02226042747497559 0.0812000036239624023 54
15.2192510662178666 -9.82958245348635629 1.08456325531005859 -4.38479995727539062 51
15.2608107649898912 -9.77288204708645658 1.01044356822967529 -4.46600008010864258 63
15.2748923423495828 -9.72525370571054104 1.23274898529052734 -4.54720020294189453 62.5
15.3749094287936323 -9.49618406385495284 1.69032657146453857 -4.62840032577514648 49
17.0880970776141332 5.9989029971092318 -1.1969447135925293 0.324800014495849609 49.5
16.8002140554360118 6.8426050443397175 -0.595087945461273193 0.162400007247924805 51.5
16.7022987676938222 7.0399224586113629 -0.946189641952514648 0.0812000036239624023 53.5
15.3380107637621528 -9.76544008791104368 1.23784291744232178 -4.46600008010864258 58
15.3963620711002758 -9.70395060974556145 0.967471897602081299 -4.54720020294189453 59.5
15.4115927407304234 -9.70395060974556145 0.683229267597198486 -4.62840032577514648 50.5
16.8114526786710847 6.99613618238403134 -0.761445462703704834 0.162400007247924805 47.5
16.8069140573947671 6.99613618238403134 -0.855783939361572266 0.0812000036239624023 49.5
17.6976332079450351 -4.62382900864412605 -0.55137324333190918 0 49
15.327974834362232 -9.82620833340445721 1.84089052677154541 -4.46600008010864258 49.5
15.3932052039602461 -9.8056274921196902 1.33752107620239258 -4.54720020294189453 52
17.196343326119429 6.23142138899863696 -0.587536394596099854 0.243600010871887207 49.5
13.5438913561834244 12.4174816773142727 -0.0989657938480377197 0 48
17.3723014387936665 5.9768315099942777 0.348243474960327148 0.324800014495849609 47
13.4855140866427092 12.5903575051413235 -0.162262499332427979 0 55
13.4863250123748788 12.5903575051413235 -0.066667020320892334 -0.0812000036239624023 49.5
13.4723465404184637 12.6041905293183678 -0.181128233671188354 0.0812000036239624023 49
17.9264862493658619 -4.66679020158553381 0.194496244192123413 0 53.5
17.9384939005799211 -4.61354805146823832 0.318255692720413208 -0.0812000036239624023 47.5
17.9173993852351465 -4.6991984668743223 -0.245010346174240112 0.0812000036239624023 47.5
17.9684605882686057 -4.68568379918726308 1.0671457052230835 0 53.5
17.9863136569830928 -4.6322260971132021 0.997508406639099121 -0.0812000036239624023 47.5
18.0066320138373648 -4.6322260971132021 0.513512194156646729 0.0812000036239624023 47.5
13.6742316483338335 12.6948926847382673 -0.781518876552581787 0 47
15.5288032049252696 -10.0275650489559425 2.6570427417755127 -4.46600008010864258 46.5
16.9069913553177891 -7.72428212986832019 -1.80132436752319336 -4.95320034027099609 45
17.6449402962869293 6.10241624459385346 0.415030688047409058 0.406000018119812012 49.5
17.6104324418667701 6.18642656383109291 0.597031176090240479 0.324800014495849609 53.5
17.5424623359459986 6.359114442263194 0.761164665222167969 0.243600010871887207 51.5
18.1723039676149085 -4.61803684375121382 0.0600805617868900299 0 56.5
18.1578322234333172 -4.66958266341764006 0.224979713559150696 -0.0812000036239624023 50.5
16.9400518762944294 -7.79747672044852269 -1.94846558570861816 -4.95320034027099609 46.5
17.6474964783671844 6.29796196651611417 0.681192934513092041 0.324800014495849609 54.5
17.5806532993845508 6.49711626977276335 0.520209431648254395 0.243600010871887207 55
18.1590993086872317 -4.66958266341764006 -0.0677510350942611694 0.0812000036239624023 51
18.2226820124350901 -4.71648955046393237 0.26309514045715332 0 50.5
15.9123497286644646 -9.93638496815942673 -1.5639801025390625 -4.54720020294189453 49
15.9591932683680753 -9.93638496815942673 -0.976253151893615723 -4.62840032577514648 47.5
17.6440769645673576 6.52310499922019194 0.718547284603118896 0.324800014495849609 49.5
17.5807373138560585 6.72540829165904341 0.259244620800018311 0.243600010871887207 51.5
13.526861124243279 13.1997421022442598 0.0296358577907085419 0 49
15.9657215676991573 -9.9759725603649585 -1.66906380653381348 -4.54720020294189453 52
15.9938450888087917 -9.9759725603649585 -1.37366402149200439 -4.62840032577514648 51
13.6082438822541079 13.223667934710452 -0.0310467146337032318 0 48
15.9828225728100897 -10.0155591458161997 -2.0708916187286377 -4.54720020294189453 46.5
13.5736091905436567 13.3640136806946028 0.250655680894851685 0 48
15.3287312893766412 -11.5612596680500417 -1.70087099075317383 0 47
15.3192929533451583 -11.7174709333103113 -1.56289410591125488 0 48.5
15.348477430581779 -11.8502721758546947 -1.15149784088134766 0 51
15.3060637923014706 -12.0592850904686681 -0.740325212478637695 0 48.5
18.1304627589892817 7.37983403320717546 0.070732705295085907 0.243600010871887207 49.5
18.1255999336992737 7.35781928136797525 0.711165428161621094 0.162400007247924805 48.5
19.3515415589972797 -3.22155774751157331 -1.12337660789489746 0 47
18.2395549242712605 7.30743586630674002 -0.206307128071784973 0.243600010871887207 53
18.2356032226987459 7.31971314430792663 0.0844001546502113342 0.162400007247924805 51.5
18.323279868953648 7.25645193756515638 -0.822772026062011719 0.162400007247924805 48.5
15.3628770909892811 12.4773880129074382 -0.580375909805297852 0 45.5
15.5670943984353336 12.6664388547270903 -1.11216056346893311 0 49.5
16.4090907165220159 -11.9472342989443447 -1.05404222011566162 0 47.5
19.4632683601754799 5.85170659540131144 0.210622981190681458 0.406000018119812012 49
19.4846313149728125 5.9191849824158691 1.21345901489257812 0.406000018119812012 48.5
16.0901204690680792 12.6622495809024702 0.0335016511380672455 0 45
19.097714978646259 7.31488614908065582 -0.997689604759216309 0.243600010871887207 48.5
19.1926909264165637 7.23126035206536155 -1.28531014919281006 0.243600010871887207 50
20.4076613295271869 -2.96903921278616822 -0.3205890953540802 0 54.5
20.4099075340955665 -2.96903921278616822 -0.105461098253726959 -0.0812000036239624023 49
20.4031482951320342 -2.96903921278616822 -0.535682141780853271 0.0812000036239624023 48
15.7163105772723171 -14.2585861484572121 -0.436979025602340698 0 46.5
17.271967727434717 12.5951183918385823 -1.77332198619842529 0 46
17.1261451238593096 -12.9350307396140636 -1.64493894577026367 0 45.5
17.3295282265046069 12.8694356514319086 -0.790621042251586914 0 46.5
17.1749342815533019 13.7079643125086097 -0.118355005979537964 0 49.5
22.2490926846223047 -0.949164788357126032 -0.5026283860206604 -3.16680002212524414 53
22.2424138925897061 -0.890711824851261991 -0.810774385929107666 -3.24800014495849609 50.5
15.7394228334712434 -15.8494026212225005 -0.767821013927459717 0 46.5
22.2242194507410495 -0.913260732535639996 -2.18461823463439941 -3.16680002212524414 49.5
14.3217515703328502 -17.216829477372265 -1.16141998767852783 0 47
18.1895568076248217 13.1947926378839835 -1.13466513156890869 0 48
22.4807951126896661 -0.899708852359444977 -0.233161240816116333 -3.08560013771057129 46
22.4770140128696525 -0.989679737595389408 -0.233161240816116333 -3.16680002212524414 50
18.0581382370627317 13.481378478875623 -1.33669054508209229 0 48
22.5543605371386242 -0.961948119124625856 0.0784943103790283203 -3.08560013771057129 49.5
22.5458838067308776 -0.902707912375015575 0.706329345703125 -3.16680002212524414 52.5
22.6228308040350363 -0.880233963792100949 0.674719333648681641 -3.08560013771057129 50
22.627235984412188 -0.965143992453718291 0.315008431673049927 -3.16680002212524414 50.5
16.9557574194074334 -15.0845188718724117 -1.17695724964141846 0 47.5
22.7011144384409604 -0.985378021185942532 0.337740451097488403 -3.08560013771057129 46.5
16.7589235110086783 15.6611762818506541 0.754031360149383545 0 52.5
16.8629628604962427 15.5407277552368956 0.91039431095123291 0.0812000036239624023 46.5
16.6990845768891987 15.8360764627944572 0.714132010936737061 0 60.5
16.6934796312831004 15.8360764627944572 0.834936022758483887 -0.0812000036239624023 55
16.7928795963344939 15.72962028017756 0.853760838508605957 0.0812000036239624023 54.5
16.7581666703009269 15.8876589832309225 0.596815586090087891 0.0812000036239624023 52.5
17.4954662298227319 15.1978826845453074 0.116920441389083862 0 47
17.6207436758067288 -16.0577789265350326 -0.692586779594421387 0 45
20.6376212113001287 12.8262500032888234 -0.256784766912460327 0 47
19.9704044051794476 -15.2145464467614921 -0.982980668544769287 0 47.5
19.5226080756934373 -15.9212483333744892 -0.649352967739105225 0 47
17.9518229814272843 -17.7878448909190432 -0.387697666883468628 0 48
21.811201938719627 12.8386490897405103 -2.42307496070861816 0 46.5
21.9295118799197617 12.7618087072435138 -2.54614734649658203 0 48
22.0367059169369846 12.7993428631933774 -2.15430927276611328 0 46
13.0114186360191368 22.0967382648421982 -0.599760711193084717 0 45.5
25.6816111252421031 2.77742954787054952 1.50214862823486328 0 55.5
25.6430533843269117 2.89706271815135308 1.88589119911193848 -0.0812000036239624023 50
25.7462794263759491 3.00922629666390362 1.21498942375183105 0 65.5
25.7514172498375835 2.90545987264101013 1.35105037689208984 -0.0812000036239624023 60
25.7741053631521702 2.90545987264101013 0.810158193111419678 0.0812000036239624023 59
25.7270723210290342 2.70572458063570753 2.84560680389404297 0 85.5
25.7116929516868495 2.70572458063570753 2.9813690185546875 -0.0812000036239624023 80
25.6430163344305093 2.70572458063570753 3.5235598087310791 -0.162400007247924805 49
25.7436037835507108 2.77401810971425311 2.62151885032653809 0.0812000036239624023 79
25.8429997532032587 2.71352193837610356 2.44666147232055664 0 95
25.8299024533991712 2.71352193837610356 2.5812678337097168 -0.0812000036239624023 89.5
25.8313140523286044 2.78201227576300036 2.49271678924560547 -0.162400007247924805 57.5
25.8562027254368374 2.80158094358782783 2.19498658180236816 0.0812000036239624023 88.5
25.9524243929013458 2.79000664511700558 1.9540259838104248 0 92
25.9417457811044514 2.79000664511700558 2.09102392196655273 -0.0812000036239624023 86.5
25.9172620010885311 2.72131949441658705 2.45369219779968262 -0.162400007247924805 55
25.963158354558761 2.72131949441658705 1.90775656700134277 0.0812000036239624023 86
26.1095615463949784 2.6241510100548755 -0.683566689491271973 0 71
26.110869928266446 2.66023308644313028 -0.456334590911865234 -0.0812000036239624023 65
26.1080974405888 2.66023308644313028 -0.59410935640335083 0.0812000036239624023 64.5
13.2874358840022975 22.8022224721306621 0.680275380611419678 0 64
13.1733043937287935 22.8616032598185015 0.878174364566802979 -0.0812000036239624023 58.5
13.1887695562281184 22.8616032598185015 0.602904200553894043 0.0812000036239624023 58
21.7307731722991129 -15.1024099216720558 0.785053014755249023 0 61.5
21.7190482425562941 -15.1024099216720558 1.06104588508605957 -0.0812000036239624023 56
21.7036206265829961 -15.1388012708809043 0.833766162395477295 0.0812000036239624023 56
21.884857326780935 -15.0058509726913059 0.883163988590240479 0 69.5
21.8106174474654573 -15.1053812687737157 1.01340937614440918 -0.0812000036239624023 63
21.8387741048693087 -15.0755221799489938 0.836128115653991699 0.0812000036239624023 64
21.9737441513758043 -15.0282785200071149 0.44289010763168335 0 73
21.9704817195841358 -15.0282785200071149 0.582635164260864258 -0.0812000036239624023 65.5
22.1368385429698762 -14.735498243327763 1.31005287170410156 -0.162400007247924805 47
22.0799624925160529 -14.9471634943061282 1.39555239677429199 0 75.5
22.0495739213193254 -14.9471634943061282 1.81346547603607178 -0.0812000036239624023 70
22.2953126367219951 -14.6635677583650512 0.888153612613677979 -0.162400007247924805 47.5
22.0799624925160529 -14.9471634943061282 1.39555239677429199 0.0812000036239624023 69.5
22.1326691287622523 -14.9891503345241155 1.53981900215148926 0 75.5
22.1225994225612261 -14.9891503345241155 1.67830097675323486 -0.0812000036239624023 70
22.2199225140638816 -15.0311361069724025 1.12363040447235107 -0.0812000036239624023 59.5
22.2371514065204927 -15.0311361069724025 0.704682528972625732 0.0812000036239624023 58.5
25.3356023698671819 -7.83936974708785783 -4.64835739135742188 0 58
25.3356023698671819 -7.83936974708785783 -4.64835739135742188 -0.0812000036239624023 52.5
25.3257068731880146 -7.96722212922920647 -4.48192071914672852 0.0812000036239624023 51.5
25.2403553104990763 -7.62840697083266583 -5.80792236328125 0 54
25.3045562739906984 -7.51369408405322758 -5.67661809921264648 -0.0812000036239624023 48.5
25.1364380225529374 -7.51369408405322758 -6.37996482849121094 0.0812000036239624023 47.5
23.554879429866169 13.2523087740978909 -1.61235189437866211 0 48.5
25.520121732335376 -8.58648425604216925 4.50396299362182617 0 50
26.0735756482329499 -8.17221539882117121 1.66561675071716309 0 55
26.0850798271893431 -8.06959235069867908 1.95984816551208496 -0.0812000036239624023 49.5
26.124059928862934 -8.10037926513542672 1.14373588562011719 0.0812000036239624023 50.5
26.0929796783029566 8.48959673501848755 -0.765327870845794678 0.162400007247924805 47.5
25.9505405412152932 8.84290116479905564 -1.36933648586273193 0.0812000036239624023 47.5
26.178256171733576 -8.49215551688138248 0.455984443426132202 0 54
26.0962813726897735 -8.36489356705367371 -2.57650566101074219 0.0812000036239624023 46.5
26.2693181935699762 -8.38768584352560076 1.15313637256622314 0 49.5
20.4370005579898333 18.6538331027464643 -0.518839478492736816 0 47.5
15.4743852873576024 23.5675741222159267 -0.594037294387817383 0 51.5
15.3601294248195934 23.7115188086227597 -1.14281642436981201 0 53.5
15.5240568242423507 23.6302544765413494 -0.300714224576950073 -0.0812000036239624023 48.5
24.9785068310679748 13.4087548297601948 -0.0444528833031654358 0 60
25.035135544513377 13.3024767201451866 0.0927749201655387878 -0.0812000036239624023 54.5
24.9938404046877842 13.3768713968756927 -0.299582213163375854 0.0812000036239624023 54
25.0438786309962467 13.4442280865068664 -0.193789437413215637 0 72.5
25.0001451039438081 13.5259235279836574 -0.151155814528465271 -0.0812000036239624023 67.5
25.0185461647308429 13.486851795103453 -0.397262275218963623 0.0812000036239624023 66
25.1083809211868498 13.4797013432535362 -0.341968268156051636 0 72.5
25.1106695855096262 13.4797013432535362 -0.0446880832314491272 -0.0812000036239624023 67
25.1083809211868498 13.4797013432535362 -0.341968268156051636 0.0812000036239624023 66
25.0808620498292676 13.6472903231939249 -1.11016905307769775 0 59
25.0966303201849321 13.6472903231939249 -0.664261996746063232 -0.0812000036239624023 53.5
25.0738772740349312 13.6472903231939249 -1.25810122489929199 0.0812000036239624023 52.5
25.0036983781097106 14.1758132410715998 -1.81698977947235107 0 58
25.0140767694641717 14.1758132410715998 -1.66803812980651855 -0.0812000036239624023 52.5
25.0212325297557854 14.165016734414273 -1.65235388278961182 0.0812000036239624023 52
24.9866580561151075 14.3173678162855129 -2.10846829414367676 -0.0812000036239624023 50.5
25.052464778307602 14.201905172605791 -2.10846829414367676 0.0812000036239624023 50.5
17.2651672910631433 -23.3067903502273346 -1.07623827457427979 0 48.5
22.9656563103917897 18.3396661983353475 -0.771606743335723877 0 46.5
22.7607023751381377 18.6995209135489766 -1.02665305137634277 0 47.5
23.87716781433069 18.1366321019084182 -0.971352696418762207 0 47.5
23.9844966260328079 18.514884244785744 0.181788027286529541 0 46.5
23.8972702442280855 19.3470217143015013 0.419274121522903442 0 46
24.6959939721634676 18.4389429515486754 0.542172849178314209 0 50.5
24.8473735042763089 18.2424971419541535 -0.00420144572854042053 -0.0812000036239624023 45.5
24.8146297869924588 18.4104432520101682 0.315995335578918457 0 56
24.8161502978598705 18.4104432520101682 0.155893921852111816 -0.0812000036239624023 50.5
24.8006019593811011 18.4297495054204141 0.290716230869293213 0.0812000036239624023 49.5
24.9677284101373012 18.3312681896299274 -0.166828051209449768 0 54
24.8747206075510832 18.4551281098301274 -0.327321320772171021 -0.0812000036239624023 49
24.8763160828180752 18.4551281098301274 -0.166828051209449768 0.0812000036239624023 48
25.4285594732399609 -17.8091750708148453 -0.569411396980285645 0 55
25.4337475831627913 -17.8091750708148453 -0.24555659294128418 -0.0812000036239624023 49.5
25.4403640576050165 -17.754855146851579 -1.28670060634613037 0.0812000036239624023 49
24.6970357267931711 18.9178792949040826 0.967478930950164795 0 60
24.6970357267931711 18.9178792949040826 0.967478930950164795 -0.0812000036239624023 55
24.7532193616923237 18.8478706955397186 0.895362734794616699 0.0812000036239624023 54
24.827843315923964 18.893286555647844 0.24887123703956604 0 64
24.7734801088413938 18.9634638478479367 0.319063246250152588 -0.0812000036239624023 59
24.827843315923964 18.893286555647844 0.24887123703956604 0.0812000036239624023 57.5
24.7643622879232943 19.0793955494105809 -0.910335123538970947 0 59.5
24.7301503884622136 19.1341090966641119 -0.656680524349212646 -0.0812000036239624023 54
24.6837334413332172 19.1770983123633201 -1.03820478916168213 0.0812000036239624023 53
24.7478289072098967 19.2230858537480813 0.916792690753936768 0 63.5
24.7721218442491704 19.1799935479825976 1.1368182897567749 -0.0812000036239624023 58.5
24.7849628557321076 19.1799935479825976 0.809964001178741455 0.0812000036239624023 57.5
24.8831358999168941 19.1709032045527117 -0.914701223373413086 0 62.5
24.8929721302078981 19.1709032045527117 -0.589142918586730957 -0.0812000036239624023 57
24.8689328462222115 19.1709032045527117 -1.24230241775512695 0.0812000036239624023 56
24.8637447548746877 19.0749534610883558 -3.19224762916564941 0 55.5
24.8840598368825745 19.0749534610883558 -3.0298306941986084 -0.0812000036239624023 50.5
24.8193118804764161 19.0749534610883558 -3.52108907699584961 0.0812000036239624023 49.5
25.1429057050610005 19.0651309451137827 -1.15573418140411377 0 54
25.0889138530644047 19.1203693211964811 -1.39233613014221191 -0.0812000036239624023 49
25.216606701549658 18.9743821844064939 -1.03740811347961426 0.0812000036239624023 47
24.8694177103580074 19.5878147033612251 2.07491636276245117 0 49.5
25.4497769284793591 -18.9665380719386185 -1.95432734489440918 0 49
26.0282116003954407 18.5684920826684809 1.82866740226745605 0 45
25.4345799870431009 -19.5826893980667549 0.102857924997806549 0 47
24.9612152026666294 -20.4227916246795793 -2.18012452125549316 0 47
32.2637440157911328 3.63602363160003206 0.675236225128173828 0 49.5
31.3319931508311171 9.50986678037914146 1.43855464458465576 -1.13680005073547363 47.5
31.5127507352053513 -8.14416509900102348 -4.44316625595092773 0 46
32.3495106779373955 4.75046274045786898 4.46568489074707031 0 51
31.8492900412846893 4.75046274045786898 7.21497488021850586 -0.0812000036239624023 46.5
32.5089256521163819 4.60833696398700088 3.98606228828430176 0 53
32.4167580631567915 4.60833696398700088 4.67682790756225586 -0.0812000036239624023 47.5
32.5562708333650406 4.469660064585943 4.36279201507568359 0 46.5
32.2195550814659768 -8.10427799739411014 0.348833352327346802 0 53
32.1378526922935919 -8.27450104959347321 1.60991120338439941 -0.0812000036239624023 47.5
32.2209600596265915 -8.10427799739411014 0.176681861281394958 0.0812000036239624023 47
32.1342255236667498 -8.70097264495680811 0.758211374282836914 0 56.5
32.2259106333087288 -8.29317957025294916 1.2665177583694458 -0.162400007247924805 48
32.1295770870931321 -8.75090649083891137 -0.0454065240919589996 0.0812000036239624023 49.5
32.3299806708196229 -8.18674137860216433 1.28074073791503906 -0.162400007247924805 55
32.3869445785458367 -8.20513873738518029 1.63220441341400146 0 62.5
32.3488325109595323 -8.29291658429556655 1.91914117336273193 -0.162400007247924805 52.5
32.405222937954548 -8.29291658429556655 0.177878350019454956 0.0812000036239624023 59.5
25.5381571001006371 21.8203403797154607 0.797104954719543457 0 45
33.7881002136814175 2.71712091717175852 -2.29834151268005371 0 49.5
33.8144776487485927 3.26774284464347931 -2.30341506004333496 0 52
33.7985964272722086 3.54005474836376921 -2.12736129760742188 -0.0812000036239624023 46.5
33.4426082450824964 0.980776368743915827 6.71905422210693359 0 57.5
33.2727016550803327 0.908284202358496051 7.52449178695678711 -0.0812000036239624023 52
33.3963480470324328 1.09164674086279323 6.92877388000488281 0.0812000036239624023 51
33.641368935865799 3.99602892975089752 -5.20247983932495117 0 46.5
33.9845389726039713 3.29653345470048764 -3.75587201118469238 0 48
34.3142745482553622 2.75310933228154786 -0.178371503949165344 0 48
27.4769720497017538 -20.8571255911343485 -0.496274590492248535 0 50.5
27.434630905588655 -21.0148000312274696 -1.07236003875732422 0 52
27.4463508640211842 -21.0148000312274696 -0.711828052997589111 -0.0812000036239624023 46.5
27.4270447343966595 -21.0148000312274696 -1.25140655040740967 0.0812000036239624023 46.5
27.6401002749474003 -20.8742022346300651 -0.956622421741485596 0 52.5
27.7503396639233166 -20.7269873671798663 -0.966069579124450684 -0.0812000036239624023 46.5
27.7042088968661737 -20.7832754047343506 -1.07468616962432861 0.0812000036239624023 46.5
27.8104059425660104 -20.771851430600293 -0.968160688877105713 0 50
27.8241417518386065 -20.8732472052014693 -1.07933855056762695 0 47.5
26.606326877982724 -23.1165194466220072 -0.54070591926574707 0 47
35.2802512371482351 3.99710661350380336 -3.71714186668395996 -0.0812000036239624023 46.5
31.5593832411175157 16.0220159261896029 5.21067619323730469 0 46
30.4038850465691013 19.2713422865786477 -2.37168765068054199 0 46.5
22.4526185678729142 -28.9409651779499271 -1.83202099800109863 0 46
30.9507588478136775 22.725446901824526 -0.405783325433731079 0 46
34.621124671257185 17.365581145713044 -1.82074201107025146 0 48
34.1204545742855103 18.5545842917315227 0.919004201889038086 0 65
34.0559461014246097 18.6419685191651041 1.41143190860748291 -0.0812000036239624023 59.5
34.0846179905371045 18.6419685191651041 0.196002542972564697 0.0812000036239624023 58.5
34.0781623987800302 18.765510163911415 1.30011367797851562 0 70.5
34.1024620171874133 18.6779572393519508 1.81983304023742676 -0.0812000036239624023 65
34.1295450532839268 18.6779572393519508 1.20993149280548096 0.0812000036239624023 64
34.1843639056291053 18.6262225159714099 2.34373879432678223 0 61.5
34.1302929507178661 18.7139441290764523 2.43131780624389648 -0.0812000036239624023 56
34.1681673576708391 18.7139441290764523 1.82333922386169434 0.0812000036239624023 55
34.1097903743324764 18.9061822896738292 2.43599367141723633 0 63.5
34.0574499920342717 19.0184865749688967 2.28974127769470215 -0.0812000036239624023 58
34.0848377190024294 18.9598930348149501 2.36685848236083984 0.0812000036239624023 56.5
34.2058543863151669 18.9962847536913877 1.35031235218048096 0 65.5
34.2327665510234738 18.9424709158622342 1.42233085632324219 -0.0812000036239624023 60.5
34.2194554603364125 18.9962847536913877 0.944777607917785645 0.0812000036239624023 59
34.348042849495954 18.910137994119669 1.10431528091430664 0 61.5
34.3408065071559605 18.910137994119669 1.31013369560241699 -0.0812000036239624023 56
34.3128991037439945 18.9787595420506392 1.01609766483306885 0.0812000036239624023 55
33.8395972521757002 18.7695026082152943 6.86131000518798828 0 50
34.4586376687401525 19.0513349487112471 0.198651224374771118 0 52
30.3651073401548039 25.3358027468118472 2.05363345146179199 0 56
30.3168229085781888 25.3358027468118472 2.67347478866577148 -0.0812000036239624023 50.5
30.3651073401548039 25.3358027468118472 2.05363345146179199 0.0812000036239624023 50
30.5942453239500836 25.1706035524899576 2.13045120239257812 0 68
30.5626694014245892 25.1706035524899576 2.54358291625976562 -0.0812000036239624023 62.5
30.6202247558513498 25.1706035524899576 1.71708798408508301 0.0812000036239624023 61.5
30.6781056187257128 25.2181830939303993 1.72033369541168213 0 68
30.6120472604181302 25.2728216627768099 2.06141233444213867 -0.0812000036239624023 63
30.6475007279516021 25.2728216627768099 1.44142031669616699 0.0812000036239624023 62
30.7143324251744083 25.3205067170243829 1.23790669441223145 0 56
30.8137177069438266 25.1612582471059909 1.85919737815856934 -0.0812000036239624023 50.5
30.7143324251744083 25.3205067170243829 1.23790669441223145 0.0812000036239624023 50
30.3411053543652223 25.9116534267492824 0.116973482072353363 0 48.5
30.3148623856208097 26.0003221062950374 1.7300715446472168 0 51.5
30.2376255827155163 26.0003221062950374 2.76948213577270508 -0.0812000036239624023 46
30.3835660412577973 25.9603600358146558 0.94834136962890625 0.0812000036239624023 45
30.3450490258106065 26.0491036918608003 2.15058779716491699 0 51.5
30.3607175281725219 25.8989647656829298 3.38721275329589844 -0.0812000036239624023 46
30.1514724603602353 26.3134849020059001 2.91631150245666504 0 58.5
30.1304176248686026 26.3134849020059001 3.12635421752929688 -0.0812000036239624023 53
30.2981569411692817 26.1768046289838843 3.58283281326293945 0 69.5
30.2981569411692817 26.1768046289838843 3.58283281326293945 -0.0812000036239624023 64
30.3446518408468222 26.1768046289838843 3.16498589515686035 0.0812000036239624023 63
30.4754035913465913 26.0897582891688558 3.55669689178466797 0 69
30.4754035913465913 26.0897582891688558 3.55669689178466797 -0.0812000036239624023 63.5
30.4225132651933592 26.2256424469249403 2.96007609367370605 0.0812000036239624023 62.5
30.9536221726288083 25.8156474680702175 1.88370656967163086 0 55
30.0768592416255309 26.080846528791561 -7.02515745162963867 0 47.5
40.0731819688698039 5.83011336328920304 0.632282912731170654 -3.89760017395019531 48.5
40.0537144015312876 5.99206095671390404 -0.212610378861427307 -3.97880029678344727 47
40.1501590787941325 5.84090997934525724 0.423235297203063965 -3.89760017395019531 50
40.1041972120307477 6.05893005669929163 -1.12849760055541992 -3.97880029678344727 47
40.1886915332261268 6.01425400082912631 1.05855309963226318 -3.81640005111694336 45
40.1754460134470719 6.14124416131960515 -0.800878167152404785 -3.89760017395019531 48
25.6991680731267742 -31.5923784172980291 0.0111059993505477905 0 47
40.3549519633674407 5.87329982751341984 1.27377486228942871 -3.73520016670227051 45.5
40.2806015486253131 5.87329982751341984 2.7600405216217041 -3.81640005111694336 46.5
40.4282714636164897 5.43994003121251612 0.776024281978607178 -4.06000041961669922 47
40.4236597017555397 5.43994003121251612 0.9873771071434021 -4.14120006561279297 47.5
40.41646707215628 6.10372794604580804 0.139337092638015747 -3.73520016670227051 50
40.3834866451225309 6.31825227553026281 -0.139335796236991882 -3.81640005111694336 51
32.1375930925998858 25.3552017269637275 1.09148228168487549 0 61.5
32.1107146455054888 25.3807871979293829 1.27287578582763672 -0.0812000036239624023 56
40.3867991726575752 6.54988056720758216 -1.70532238483428955 -3.81640005111694336 48
32.2206259062434626 25.2528598431011098 1.01333868503570557 0.0812000036239624023 55
32.1884233382806428 25.4016402968923281 1.30875444412231445 0 65.5
32.1790816068077845 25.4016402968923281 1.52119588851928711 -0.0812000036239624023 60
32.3062969104984958 25.2632257079889833 1.0599290132522583 0.0812000036239624023 59
32.2904052126605023 25.4172638369115589 0.708891570568084717 0 56.5
32.3379523610026922 25.3094112322287685 1.7031700611114502 -0.0812000036239624023 51.5
40.7668361561159358 5.16665334813760957 0.762121081352233887 -4.22240018844604492 49
32.2733672005000258 25.4480788668209286 -0.187735363841056824 0.0812000036239624023 49.5
40.6448914630316125 6.58586928739442889 -1.79981657311145682e-06 -3.65400028228759766 48
40.6398068033094049 6.58586928739442889 0.642821013927459717 -3.73520016670227051 51
40.6888063040549355 6.30288271645170095 -0.275103241205215454 -3.81640005111694336 48
40.8568732228098597 5.1040486977306827 -0.213346317410469055 -4.22240018844604492 51
40.8394815471564669 5.04745138354213729 -1.42856764793395996 -4.30360031127929688 46.5
40.7036009812208306 6.69064739270216435 -0.120929919183254242 -3.65400028228759766 48
40.7453072416684492 6.43291829437003226 -1.80309473307715962e-06 -3.81640005111694336 46.5
40.9380273682798119 4.94839868797694749 1.07417750358581543 -4.14120006561279297 46.5
40.9528177653008001 4.84015246667745203 1.00107908248901367 -4.22240018844604492 48.5
32.0451155883244212 25.9695248128031082 2.53970503807067871 0 54.5
31.9118983842901187 26.1554271578539925 2.29782438278198242 -0.0812000036239624023 49
40.7652768703829764 6.77510768629900095 0.214124828577041626 -3.65400028228759766 51
40.7318287093035423 6.97650189343746163 -0.0478955172002315521 -3.73520016670227051 46.5
32.0230775401707675 26.000508536978252 2.50033330917358398 0.0812000036239624023 48
32.1479074379444114 26.0166569153603113 1.89889538288116455 0 66.5
32.1345356046908464 26.0166569153603113 2.11315441131591797 -0.0812000036239624023 61
40.8347087809211473 6.78740383236284028 -0.646332383155822754 -3.65400028228759766 50.5
40.8096810180080993 6.95295026729851884 -0.431839525699615479 -3.73520016670227051 48
32.1599967369496014 26.0166569153603113 1.68176472187042236 0.0812000036239624023 60
32.4254152167478438 25.680269354500151 3.04827213287353516 0 65.5
32.3816705024209455 25.680269354500151 3.48237419128417969 -0.0812000036239624023 60
32.4448543564199454 25.680269354500151 2.83391332626342773 0.0812000036239624023 59
32.214562850846832 25.9188145224517328 4.10362148284912109 0 69
32.15671720723482 25.9188145224517328 4.53468179702758789 -0.0812000036239624023 63.5
32.2669205071668657 25.9188145224517328 3.66929268836975098 0.0812000036239624023 62.5
32.2583991197278408 26.1320436167800771 3.02533245086669922 0 63
32.2145639906903938 26.1320436167800771 3.46103286743164062 -0.0812000036239624023 58
32.4118983818177853 25.9655974790935815 2.81018638610839844 0.0812000036239624023 56.5
32.2999187478692633 26.2781343224643216 2.25054597854614258 0 58
32.2999187478692633 26.2781343224643216 2.25054597854614258 -0.0812000036239624023 53
32.2507089508494644 26.3458749027125911 2.16253805160522461 0.0812000036239624023 52
32.4160692468065506 26.0591681515793852 3.90755629539489746 0 63
32.4160692468065506 26.0591681515793852 3.90755629539489746 -0.0812000036239624023 58
32.4416499258303404 26.0591681515793852 3.68916225433349609 0.0812000036239624023 56.5
32.3888950633116366 26.105953487822287 4.56742286682128906 0 61.5
32.3243330895240106 26.105953487822287 5.00393152236938477 -0.0812000036239624023 56.5
32.4471583639074339 26.105953487822287 4.13325023651123047 0.0812000036239624023 55
32.358661279335351 26.5351807179267176 2.5509035587310791 0 57.5
32.2771300262211582 26.5980478785614878 2.90457892417907715 -0.0812000036239624023 52.5
32.3339223098384423 26.6556761091433643 1.30318248271942139 0.0812000036239624023 51
32.4518603634502796 26.6456274200019294 0.941991806030273438 0 55
32.3036911187969409 26.7768349609710157 1.86348426342010498 -0.0812000036239624023 50
32.4642654032337816 26.6456274200019294 0.286339282989501953 0.0812000036239624023 49
32.5752622048112386 26.7883733046805403 2.0460045337677002 0 50.5
32.584774026699094 26.8359552662400773 2.71187281608581543 0 49
25.9768068000066314 -33.7282872694085967 -1.53896546363830566 0 45
31.4274465469344264 -29.2000893297913464 0.283704698085784912 0 49
31.1565065972029274 -29.5572367919101033 1.5788646936416626 0 51
33.503305808843777 27.2706542469073483 2.56236171722412109 0 49.5
33.6858807827790088 27.2745815796635007 -0.762470483779907227 0 52.5
33.8695037641563204 27.041650694276111 -0.910219073295593262 -0.0812000036239624023 47
33.1892483649501742 27.8806859625013352 -2.62147951126098633 0 47.5
36.1422898098225645 25.0049525299886604 -0.29963219165802002 0 60
36.1422898098225645 25.0049525299886604 -0.29963219165802002 -0.0812000036239624023 58.5
36.1972458922172748 25.0476235307727002 -0.759340465068817139 0 62
36.3147733121292404 24.8825831824478207 -0.543254435062408447 -0.0812000036239624023 60.5
36.273176604350482 24.9265939420011193 -1.0594249963760376 -0.162400007247924805 45
36.1972458922172748 25.0476235307727002 -0.759340465068817139 0.0812000036239624023 51
36.1161919927859145 25.294191060805062 -0.796708166599273682 0 55
36.2189744898498063 25.1564231356372758 -0.387846946716308594 -0.0812000036239624023 54
36.5974581396014287 24.7299990302848016 -0.695679068565368652 0 53.5
36.4617825520379242 24.9342423258474248 -0.502942979335784912 -0.0812000036239624023 53.5
36.3402387389162556 25.3789315123841632 -0.0513725057244300842 -0.0812000036239624023 46.5
36.3817262490296187 25.4218743029821148 -1.20764338970184326 0 50
36.45746111540074 25.3275548217183228 -0.853576540946960449 -0.0812000036239624023 48
36.2826895427521592 25.7093504746620241 0.788323462009429932 0 55.5
36.2826895427521592 25.7093504746620241 0.788323462009429932 -0.0812000036239624023 54
36.6815737227682206 25.2238454900066742 1.70957303047180176 0 52
36.7001707186985087 25.2238454900066742 1.24815869331359863 -0.0812000036239624023 51.5
36.9305223030865903 24.9819158005139244 1.85228502750396729 0 50
36.7691718351625596 25.2663081455644125 1.01607143878936768 -0.0812000036239624023 49.5
37.003607934081252 25.0239026407319116 1.62091803550720215 0 51
36.9662901280098239 25.0239026407319116 2.32115483283996582 -0.0812000036239624023 48.5
37.2229515658171479 24.8588720901474112 -1.13545382022857666 0 52.5
37.3398854024547902 24.7078053455077615 -0.24115338921546936 -0.0812000036239624023 50.5
37.6022709362334311 24.3905084262773748 -1.64163672924041748 0 46.5
33.569744313218095 -30.2344363546749015 -2.06201314926147461 0 48.5
39.0061301608081266 23.5219894167335433 -2.14432668685913086 0 55
39.0467849357856593 23.5219894167335433 -1.19366955757141113 -0.0812000036239624023 49.5
38.9304983612102617 23.6530470128054624 -2.07600498199462891 0.0812000036239624023 49
38.997742408129298 23.6234601034829232 -2.7044670581817627 0 58.5
39.1240240721020953 23.4807718931453806 -2.04208946228027344 -0.0812000036239624023 53
38.8286353671268074 23.8631762968499821 -3.01525402069091797 0.0812000036239624023 52.5
36.1538648244848346 27.9556409969061264 -2.10775899887084961 0 50.5
36.3222994242470421 27.8070015969225786 -0.723601639270782471 -0.0812000036239624023 49.5
38.4896362737410058 24.7718529398484613 -2.19859838485717773 0 57.5
38.1794952419006322 25.2872174254209021 -1.67732453346252441 -0.0812000036239624023 53.5
38.8479134136442639 24.1877731895330363 -2.39205360412597656 0.0812000036239624023 49.5
38.7517373987173457 24.4739934790905451 -2.4772181510925293 0 61.5
38.7908679502477938 24.4739934790905451 -1.76137685775756836 -0.0812000036239624023 56.5
38.8959350426002359 24.2273607817385681 -2.63656377792358398 0.0812000036239624023 54.5
38.9043161332604086 24.2669483739440999 -3.35711956024169922 0 57.5
38.9594911364228835 24.2669483739440999 -2.64087176322937012 -0.0812000036239624023 52
39.5582914187332975 23.4203601757170894 -2.68906140327453613 0 49
39.1484861387068719 24.0982798719231894 -3.76624965667724609 0 52.5
39.3335466403327487 23.9253670768603612 -2.82213950157165527 -0.0812000036239624023 49
39.0444023816884922 24.6339538086650975 -1.77288913726806641 0 55
38.8974812135466621 24.8764253483801028 -1.60920679569244385 -0.0812000036239624023 53.5
39.0960096056730109 24.6739443995602201 -2.01848888397216797 0 55.5
39.035000178597528 24.7202044312444187 -2.56045937538146973 -0.0812000036239624023 53.5
35.3519785676102529 -29.9729584194062362 0.426593244075775146 0 65
35.3428405244063413 -29.9729584194062362 0.910019993782043457 -0.0812000036239624023 59
35.3540612399581988 -29.9729584194062362 0.186439394950866699 0.0812000036239624023 59
35.3665243436107062 -30.0736700758661435 0.253207147121429443 0 72
35.4054640933550928 -30.0214588430955409 0.667814493179321289 -0.0812000036239624023 66
35.4105108210615711 -30.0214588430955409 -0.297517985105514526 0.0812000036239624023 66
35.4689208627125936 -30.0699567999508268 -0.0570640489459037781 0 66.5
35.3143467827114961 -30.2442753900954706 0.656217217445373535 -0.0812000036239624023 60.5
35.4677144844477823 -30.0699567999508268 -0.297998607158660889 0.0812000036239624023 60.5
35.4319702159579464 -30.3418385612270001 0.413455754518508911 0 52.5
35.2146589373733931 -30.5925012044801719 0.499320834875106812 -0.0812000036239624023 46.5
35.4033700409081789 -30.3768147440065093 -0.270337373018264771 0.0812000036239624023 46.5
39.994674452022771 25.1983243016371787 -2.26411890983581543 -0.0812000036239624023 45.5
40.3136057698461912 24.5867194785993277 -4.13118362426757812 0 47
35.6903242067341608 -31.4025588332514474 1.04053711891174316 0 61
35.6903242067341608 -31.4025588332514474 1.04053711891174316 -0.0812000036239624023 55.5
36.0665690416701636 -31.3302624634149147 0.26057019829750061 0 48.5
34.4982001729215426 -33.6802932116662674 -1.07831943035125732 0 45.5
27.2285098748674379 40.1657035589017255 -0.013231571763753891 0 46.5
27.7149453965306805 39.9059132441339202 1.16620719432830811 0 54.5
28.0394270531380307 39.6447727374381742 2.01066231727600098 -0.0812000036239624023 49.5
27.5450091837555995 40.0334469799620791 0.745485424995422363 0.0812000036239624023 48
33.2831886295789019 35.1380658281653382 5.17702436447143555 0 54.5
33.2480333871743454 35.1319834210633601 5.43762397766113281 -0.0812000036239624023 49
33.3058850566256481 35.1563130494712937 4.89976930618286133 0.0812000036239624023 48
32.7618191129904091 35.7587436958105371 4.95360708236694336 0 57
32.7235312011981421 35.7100094624942699 5.52526378631591797 -0.0812000036239624023 52
32.6629969031647818 35.8683957207721349 4.81141042709350586 0.0812000036239624023 51
36.4750554399656366 -32.6373993710222123 1.70920288562774658 0 51.5
36.4867975088244378 -32.6873805805942013 2.48024678230285645 0 48
48.6619495545616445 -5.9483411915752944 3.14608407020568848 2.92320013046264648 45
28.2796769971739437 -40.6077998626340815 -1.23165607452392578 0 48
49.0803829168078494 -7.41406976965685871 1.12710165977478027 2.76080012321472168 46.5
28.1110173008318398 -41.0160696288208655 -0.169503912329673767 0 46
49.0518967883913675 -7.6116778208310194 2.9239649772644043 2.76080012321472168 46
36.5730798471744336 -33.7970402798105525 0.458346158266067505 0 51.5
36.4446831208117175 -34.0349107116937475 0.962233543395996094 0 52.5
36.4084387352355705 -34.0723048637300323 1.00983035564422607 -0.0812000036239624023 47
49.2129304906074125 -7.86523664496566788 1.93430018424987793 2.76080012321472168 45
36.8918902915936471 -33.667893014781761 0.681064784526824951 0 49
49.3699840629811604 -7.58994399443355938 0.00340379285626113415 2.76080012321472168 52.5
49.3486764990162072 -7.64611956676078197 1.11689233779907227 2.67960023880004883 51
49.4640235386115421 -7.47006727374902191 0.0954963639378547668 2.76080012321472168 51
49.4103222843475436 -7.60134042249272746 1.82764923572540283 2.67960023880004883 49
36.726144042945819 -35.2605198617606206 1.11439228057861328 0 57
36.7061885139379314 -35.2605198617606206 1.64540207386016846 -0.0812000036239624023 51
36.7725060471950229 -35.2287020311688792 0.277750670909881592 0.0812000036239624023 51.5
37.0183788996963017 -35.076651747649592 -0.518066644668579102 0 61.5
36.8049413329666137 -35.332466868791073 -2.3809196949005127 0 54
36.9400707506039936 -35.1282329562547133 -3.17713809013366699 -0.0812000036239624023 48
40.9954757812641901 30.4627645167521344 0.215893298387527466 -2.19239997863769531 45.5
36.8049413329666137 -35.332466868791073 -2.3809196949005127 0.0812000036239624023 48.5
37.1272548152116002 -35.1798167885225226 -0.519590377807617188 0 48.5
41.0550182045874976 30.5074973712968784 -0.317335277795791626 -2.19239997863769531 49.5
41.0562146954393228 30.5074973712968784 -0.0488192550837993622 -2.27360010147094727 49
37.181294543283876 -35.231400620790339 0.548289597034454346 0 52.5
41.1322276301957288 30.5202249563823251 -0.810196638107299805 -2.19239997863769531 47
41.1158748772889382 30.5522302258416225 0.216527357697486877 -2.27360010147094727 45.5
51.0886679529215968 -7.64542637591382235 -1.34212744235992432 0.568400025367736816 50.5
51.0341330980286472 -7.91017509332300062 -1.80342984199523926 0.487200021743774414 49
51.1538145048316721 -7.44958984667490753 -2.41942930221557617 0.568400025367736816 47.5
36.4539273252325629 -37.1321673818491718 -1.23125112056732178 0 48.5
36.4688495520638511 -37.2377806284520787 -0.621887922286987305 0 47.5
51.8326237159518897 5.36833787327772427 3.065948486328125 0 46
36.8584702386702645 -38.2196336956453351 0.568358778953552246 0 46.5
37.198972113780286 -38.1486311147089907 3.53249096870422363 0 47.5
37.5530758957643727 -38.9753885824885629 1.70532345771789551 0 53
37.5049337409726391 -38.9753885824885629 2.55376625061035156 -0.0812000036239624023 48
37.7688742674283802 -38.7859248879903546 1.17758846282958984 0.0812000036239624023 47.5
37.6393699982025893 -39.0293716627688383 0.580400288105010986 -0.0812000036239624023 53.5
37.6426804511468944 -39.0293716627688383 0.29574921727180481 0.0812000036239624023 53
37.8835454475419198 -38.893366213048175 -0.795901894569396973 -0.0812000036239624023 50.5
52.854055959571518 12.7536081761092426 0.659849584102630615 0 63
52.8651495037802164 12.6109199652950199 1.69758594036102295 -0.0812000036239624023 58
52.8997861236224551 12.5670771940401185 2.91271042823791504 -0.0812000036239624023 53.5
53.1440557602815247 13.1357501596790698 0.851020097732543945 0 52
53.0932528366852594 13.3546793290070536 0.567360818386077881 -0.0812000036239624023 47
53.1925715106536714 12.8826133076435863 1.46677172183990479 0.0812000036239624023 45.5
41.9965329646855778 35.468014579464338 0.749580323696136475 0 49.5
42.0646629404280787 35.613175995166678 3.05053544044494629 0 46
54.4097149377553464 9.72525315657183675 0.57280123233795166 0 58.5
54.4096747732348689 9.72525315657183675 -0.576568365097045898 0.0812000036239624023 52
54.3938370122120745 10.2433544031025257 -0.0830213800072669983 0 68
54.3768417640515764 10.3263525481648006 0.384902477264404297 -0.0812000036239624023 62.5
54.385655117464367 10.2433544031025257 -0.947126150131225586 0.0812000036239624023 61.5
54.3178944381435542 10.6381580560460272 -2.88562297821044922 0 65
54.3569257975135471 10.6381580560460272 -2.02115821838378906 -0.0812000036239624023 59.5
54.2841562060385101 10.6381580560460272 -3.46281933784484863 0.0812000036239624023 58.5
54.5698731934896486 10.0630567659630437 1.05562126636505127 0 54.5
54.524302516423397 10.271114452371652 1.36203980445861816 -0.0812000036239624023 50.5
53.9709434826691279 9.2585670451830886 9.03696441650390625 -0.243600010871887207 46.5
54.5252329767492938 10.3543375269350939 -0.192974299192428589 0.0812000036239624023 48
54.5386172227261596 10.6669483000105672 -0.579697608947753906 0 49.5
52.5223704373513698 16.243484422997863 -8.13206005096435547 -0.324800014495849609 54
52.5662616648420169 16.243484422997863 -7.84334230422973633 -0.406000018119812012 45.5
54.4644862565488381 10.6813437880853055 4.05603265762329102 0 46.5
54.2137867835038918 9.39485381360888461 8.3381500244140625 -0.243600010871887207 47
54.3014762469526246 9.56870381015975369 7.53076839447021484 -0.324800014495849609 49.5
54.6022652464841869 11.0996148477858796 -0.816788792610168457 0 46.5
54.6155428161757328 11.4004364189608545 -0.901572167873382568 0 51
52.8879200557695768 17.8742170871825365 2.32305479049682617 0 57.5
52.7297844648384952 17.9998951760767909 4.19399738311767578 -0.0812000036239624023 52
52.9102877695037961 17.8742170871825365 1.7406076192855835 0.0812000036239624023 51
52.9589076590315599 17.8982083469988709 2.32617282867431641 0 64
52.945635182948017 17.7723615695590347 3.36236381530761719 -0.0812000036239624023 59
53.0066394808589862 17.7723615695590347 2.20039725303649902 0.0812000036239624023 57.5
53.0802136322359104 17.9222008271234365 -0.294111043214797974 0 58
53.1181859866690971 17.7961853525577247 0.74480438232421875 -0.0812000036239624023 52.5
53.1137555331862572 17.8241887913501031 -0.168065011501312256 0.0812000036239624023 52
54.8707517644090927 11.6650256497112004 0.581350505352020264 0 57
54.8175046168272786 11.9244042248550191 0.244784504175186157 -0.0812000036239624023 51.5
54.8668405965570329 11.6650256497112004 0.875828981399536133 0.0812000036239624023 51
53.9106428172122136 -15.7870889983597245 -0.202982112765312195 0 56
53.0411949418022317 -14.4337296059504219 -12.6197910308837891 0 46.5
50.6896023615561333 -19.1206135554018388 -17.4763298034667969 -0.0812000036239624023 52.5
50.481045098931709 -19.1206135554018388 -18.0699310302734375 0.0812000036239624023 51
38.0065634693768715 -42.3942839603936861 2.68817520141601562 0 62
37.7748406024439731 -42.5438605671087871 3.47588562965393066 -0.0812000036239624023 56
38.1198283713565544 -42.3301797003729305 2.00869274139404297 0.0812000036239624023 55.5
38.1530282614992515 -42.3858750351731146 2.31074261665344238 0 66
38.0565700673175087 -42.4500636394666628 2.6917121410369873 -0.0812000036239624023 60.5
38.1090923019262604 -42.4500636394666628 1.80132913589477539 0.0812000036239624023 60
37.8936923134553396 -42.6986650143257336 2.6485440731048584 0 61.5
38.1065792088287409 -42.5058461557562737 2.69524908065795898 -0.0812000036239624023 56
37.9454858507480637 -42.6986650143257336 1.75696265697479248 0.0812000036239624023 55.5
42.0286866574368076 38.8360560009881084 -0.226279422640800476 0 49.5
41.8267465503730733 39.1447222726193189 1.22655963897705078 0 52.5
41.8549879892272827 39.101761172631079 1.58194887638092041 -0.0812000036239624023 47.5
41.9871504171448251 38.9513973226722356 1.77718853950500488 0.0812000036239624023 46
41.8454491660523473 39.1959593385728269 2.12744951248168945 0.0812000036239624023 45.5
57.042094473027575 -10.5834444820982529 1.99823105335235596 0 58.5
56.9780688735334166 -10.7430303481751288 2.80884838104248047 -0.0812000036239624023 53
57.0155041813453636 -10.7430303481751288 1.90329968929290771 0.0812000036239624023 53
57.1044566466651347 -10.5971183213567439 2.30177688598632812 0 67.5
57.1054929944682925 -10.5390121208284011 2.53142118453979492 -0.0812000036239624023 62
57.07817246325029 -10.756910372809692 2.21070098876953125 0.0812000036239624023 61.5
57.179174498492003 -10.5526102919196134 2.53468751907348633 0 65
57.1264427311138689 -10.7053358716096945 3.03406429290771484 -0.0812000036239624023 60
57.1918879375717992 -10.5526102919196134 2.2294161319732666 0.0812000036239624023 58.5
57.2254687155690505 -10.7846697161114378 2.21640586853027344 0 54
57.2765566562449067 -10.5662091546777148 1.93052709102630615 -0.0812000036239624023 48.5
57.2254687155690505 -10.7846697161114378 2.21640586853027344 0.0812000036239624023 47
57.3232710717859391 -10.8860464300700723 0.509194850921630859 0 50.5
57.3413956419138415 -10.7329272237529452 1.22119772434234619 -0.0812000036239624023 46
36.7793037131021023 -45.6515844911754201 1.74312341213226318 0 46
37.6962277643044459 -44.9541232556451646 2.5975496768951416 0 53
37.9472862510358766 -44.7706669903185031 2.05347466468811035 -0.0812000036239624023 46.5
37.7712748477143236 -44.8954172507406284 2.52154684066772461 0.0812000036239624023 47
37.4011344837361008 -45.276050927140389 2.94523859024047852 0 50.5
41.6598511526407052 41.4873751369343466 4.28452491760253906 0 45.5
41.43535778068388 41.8573153438312531 3.8764808177947998 0 46.5
38.5132993283895786 -46.5465505278864384 2.08496499061584473 0 53.5
38.9006454485078734 -46.2141830784825132 2.2785341739654541 -0.0812000036239624023 47.5
38.5663046876072571 -46.5465505278864384 0.511033475399017334 0.0812000036239624023 47.5
38.7693314322301532 -46.468163978156511 0.961410760879516602 0 56.5
38.734177546409633 -46.468163978156511 1.91021370887756348 -0.0812000036239624023 50.5
38.6151154599364688 -46.604301177311271 -0.433268249034881592 0.0812000036239624023 50.5
58.3643403765200617 17.093896719241485 -1.04081201553344727 0 49.5
58.4383162129429579 16.8658767541115431 -0.431268364191055298 -0.0812000036239624023 45
58.5071965252973243 16.8866733609070145 -0.747334182262420654 0 59
58.5103740550455811 16.8866733609070145 -0.431800156831741333 -0.0812000036239624023 54.5
58.4956354350684364 16.8866733609070145 -1.38248515129089355 0.0812000036239624023 52
58.4582310152182103 17.1360522565853515 -2.63477134704589844 0 58
58.5676751259770469 16.9074699677024896 -1.38418781757354736 -0.0812000036239624023 53.5
58.5086392294426005 16.9074699677024896 -2.97114157676696777 0.0812000036239624023 51
41.6289747186118504 45.0010017624214811 2.40023517608642578 0 45
41.1020128917894638 45.616337601128869 1.67489826679229736 0 50
41.1659858513407784 45.5242299027924133 2.43664360046386719 -0.0812000036239624023 45
41.3284459103312827 45.4491703747285314 2.92971396446228027 0 48
46.8893243737659162 38.6565911264961031 9.92672348022460938 0 54
46.6554482898005816 38.695063052378373 10.8370571136474609 -0.0812000036239624023 48.5
47.1774128354869546 38.695063052378373 8.27433204650878906 0.0812000036239624023 47.5
47.1103743713963539 38.950196600388594 8.01359939575195312 0 54
46.9658917635737154 38.7884176983695781 9.50716686248779297 -0.0812000036239624023 49
47.3937090201584823 38.7421951549355725 7.3213043212890625 0.0812000036239624023 47.5
41.9027445768245954 45.3791782633490826 4.76369142532348633 0 48
41.4062318805269172 46.061917277089286 3.30525946617126465 0 48.5
38.8446682417456799 -48.3835322729980675 2.55648708343505859 0 49
38.6029719852945732 -48.7294334473948183 0.991859197616577148 0 52.5
38.527383016640016 -48.7294334473948183 2.6103980541229248 -0.0812000036239624023 46
38.6157074200507893 -48.7294334473948183 0.0169555675238370895 0.0812000036239624023 46
61.6612348260990757 7.82540566228351508 3.42318892478942871 0 48.5
52.782707230164938 33.2718339797562237 0.855074226856231689 0 49.5
55.3026324553608291 29.7262878448308143 2.84421300888061523 0 50
54.5267061261757959 31.2007049012046096 3.59309577941894531 0 50.5
53.2657198558462497 33.6947998259660011 2.42474627494812012 0 51.5
53.5087730977277474 33.2928267754106173 2.6181037425994873 -0.0812000036239624023 46
53.2118266501673745 33.6947998259660011 3.4084477424621582 0.0812000036239624023 45.5
52.6844571902263752 34.5476586414354898 4.32780790328979492 0 52
52.7665271841930306 34.3424875302711854 4.92035579681396484 0.0812000036239624023 46
53.2921206200463899 33.7749309607570254 4.07489538192749023 0 50.5
54.3761248744012633 32.3991171413597172 0.651646316051483154 0 53
54.2569454400948246 32.604775599776552 0.0517850704491138458 -0.0812000036239624023 47.5
52.8781403379357116 35.0130701194265015 1.97225809097290039 0 48.5
53.695503422108267 33.9351911925196674 0.788211524486541748 0 51
54.3955586241529758 33.1002902647046824 -0.00867889821529388428 0 47
54.5319763964963613 32.9719884201611748 -1.78173840045928955 0 47
54.895478554574666 32.7062169819678132 -0.00870956573635339737 0 52
54.8092403117863611 32.8499454745643504 -0.196038171648979187 -0.0812000036239624023 46
55.0042358518815462 32.4986091593283675 1.25894701480865479 0.0812000036239624023 46
38.8614266965866406 -50.7237593771509623 3.11296796798706055 0 50.5
39.0888412326706103 -50.7111921705980535 1.68536841869354248 0 51
39.1966675344437476 -50.6551665479348259 0.279473215341567993 0.0812000036239624023 45.5
56.9845716632391088 29.5224485804529522 -1.68056118488311768 0 46.5
56.3427950709878331 30.8420201910667089 -2.3526465892791748 0 51.5
56.4786875012995893 30.633194012689696 -1.74385356903076172 -0.0812000036239624023 46.5
56.3558655633995471 30.8420201910667089 -2.01542282104492188 0.0812000036239624023 45.5
56.4486003418394233 30.8780107417159009 -1.01340007781982422 0 52.5
56.4576986615375205 30.8780107417159009 -0.00877090170979499817 -0.0812000036239624023 47.5
57.2786100994224228 29.3682977498683861 -2.69169402122497559 0 50.5
57.1164911404343556 29.91831837045941 -1.68841409683227539 0 51
54.7367718571878612 34.1241581576924631 4.36464977264404297 0.0812000036239624023 47.5
56.7867061982892523 31.0579525121877893 -0.00882201362401247025 0 52
56.7856640489529383 31.0579525121877893 -0.344188600778579712 -0.0812000036239624023 46.5
57.2608726338159357 30.0226874284482008 3.02604222297668457 0.0812000036239624023 45.5
57.6213718610243291 29.644508372500237 -0.145792156457901001 0.0812000036239624023 45.5
57.7499154798134384 29.2005194016863925 -4.58722257614135742 0 51
57.7448619243567123 29.4371823924404374 -4.18165159225463867 0 52
57.8889629123765559 29.2992082814199044 -2.98790264129638672 -0.0812000036239624023 47.5
58.0185744296724621 29.5051673341684051 -1.1405864953994751 0 48
58.6312327565181235 28.1788812558978137 5.08841371536254883 0.0812000036239624023 50
58.7278969856811202 28.5133031599904356 2.31986618041992188 0 54.5
58.8568428375752859 28.2112727514820882 2.71149635314941406 -0.0812000036239624023 48.5
58.7278969856811202 28.5133031599904356 2.31986618041992188 0.0812000036239624023 49
59.1938723017379971 27.7778366830566696 1.27958250045776367 0 49
59.1212560100849842 28.308440648570464 0.335176646709442139 0 50
60.2161471205834857 26.5947963348662491 -1.71926450729370117 0 50
64.9347092894845304 11.294242557805374 1.42466831207275391 -0.0812000036239624023 50.5
64.9395657207439427 11.3354323556091874 0.683164536952972412 0.0812000036239624023 50.5
65.0134416255414749 11.3483276577604659 0.68394172191619873 0 62.5
65.0161412446741593 11.3483276577604659 0.341977953910827637 0.0812000036239624023 57
65.0827510118920856 11.3612242717430938 -1.0315558910369873 0 57.5
65.0826086307454972 11.3859943828006731 -0.720751047134399414 -0.0812000036239624023 52
65.1252725445975216 11.1548066795965983 -0.418941020965576172 0.0812000036239624023 52.5
65.025577739237292 12.3552435817589839 2.1848752498626709 0 50
65.202837225735081 11.9715640284090572 0.980834662914276123 0 54
65.1622161242361813 12.0875514999645794 1.86204826831817627 -0.0812000036239624023 48.5
65.2648185026519485 11.6650257107266118 -0.348051071166992188 0.0812000036239624023 48
65.4019244237605477 11.3215706913699847 -0.226260870695114136 0 51.5
60.6919419746342186 27.1334201918133395 2.41687250137329102 0 46
65.3701555291375485 10.8145196442824787 7.43941974639892578 0 56.5
65.2843079085899518 11.1227917758991595 7.73297023773193359 -0.0812000036239624023 51.5
65.3688068229815968 10.8811730781455456 7.35358715057373047 0.0812000036239624023 50.5
65.611725880322453 10.9434586741987161 5.55919599533081055 0 63.5
65.6062424665545336 11.0352102332049551 5.44127464294433594 -0.0812000036239624023 58
65.6342767775910687 11.0352102332049551 5.09195566177368164 0.0812000036239624023 57
65.8620411254289309 10.9557554456705244 2.78286361694335938 0 64
65.8256910373583395 11.1478151829040772 2.87845134735107422 -0.0812000036239624023 58.5
65.8583261317174902 10.8388495186587956 3.28349709510803223 0.0812000036239624023 57.5
65.0292339560485004 11.4612788680133271 -10.7446699142456055 0 59
64.8482774052950361 11.4612788680133271 -11.7877063751220703 -0.0812000036239624023 53
65.1592863635730737 11.411120098350251 -9.98317146301269531 0.0812000036239624023 53
64.1300383506207368 12.5872278945491587 -14.6475753784179688 0 52.5
63.8289720253184711 12.8550412540076504 -15.6927213668823242 -0.0812000036239624023 47
64.0642615003384179 12.3947370424383685 -15.0927934646606445 0.0812000036239624023 46
49.3698813499458709 45.1938397378820653 3.97923421859741211 0 52
49.3698813499458709 45.1938397378820653 3.97923421859741211 -0.0812000036239624023 47.5
49.3219172746260455 45.4033032146056641 1.26159095764160156 0.0812000036239624023 45
65.7234706466271206 12.1708583601284523 6.1693873405456543 0 60
65.7120203480726275 12.3470044838794486 5.93694639205932617 -0.0812000036239624023 55
65.7120203480726275 12.3470044838794486 5.93694639205932617 0.0812000036239624023 54
65.9422131164177472 12.8982269860469287 1.04912137985229492 0 57
65.9274597229686776 12.8982269860469287 1.74535214900970459 -0.0812000036239624023 51.5
65.9496171451041704 12.8982269860469287 -0.352775782346725464 0.0812000036239624023 50.5
65.841838194948096 12.9126217419367286 4.90331697463989258 0 55
65.7554928102645988 12.9126217419367286 5.95021343231201172 -0.0812000036239624023 49.5
65.841838194948096 12.9126217419367286 4.90331697463989258 0.0812000036239624023 49
65.2630376319006302 -15.443410130618755 -6.18549203872680664 0 54
65.2426627160837711 -15.620146704320657 -5.9522705078125 -0.0812000036239624023 48
65.1828364514789484 -15.5444024584484133 -6.75223302841186523 0.0812000036239624023 48
65.2279400826283791 -15.8144737446925845 -6.43037080764770508 0 54.5
65.2219449859510974 -15.8650261381226088 -6.36630392074584961 -0.0812000036239624023 48.5
65.2821942616308917 -15.6375403676874996 -6.3113856315612793 0.0812000036239624023 48.5
40.2875049231968276 -54.1343570104023541 1.62433350086212158 0 62.5
40.271889994519924 -54.1343570104023541 1.97395551204681396 -0.0812000036239624023 57
40.3000814620271086 -54.1343570104023541 1.27465987205505371 0.0812000036239624023 56.5
40.0621459576890331 -54.4056135429430512 1.19777309894561768 0 61
40.3322715497272171 -54.1945099671905126 1.62613844871520996 -0.0812000036239624023 55.5
40.3545182003708973 -54.1945099671905126 0.921380460262298584 0.0812000036239624023 55.5
62.453312988898702 26.1503213095639033 1.55588841438293457 0 51
49.991223123362218 45.3767222490764865 6.98901557922363281 0 47
62.5032091915881338 -16.8647429128225603 -20.8885135650634766 0 53.5
65.0662308174526203 -16.3387142232173979 11.7065439224243164 0 55
64.1478530462089793 -16.6535748618939827 15.6627712249755859 0.0812000036239624023 50
48.9193017721954888 47.3075349341087019 5.19246053695678711 0 46
65.1505808292499324 -17.2690124809813739 12.5014371871948242 0 48
65.9735291271845199 -18.0339610480041692 5.62675714492797852 0 46
65.823484422326942 -18.4399840122308518 6.85030031204223633 0 48
66.1515842904024822 -18.4601141786704943 3.63218045234680176 0 47.5
48.5543529503257574 47.7234295817679524 10.2602367401123047 0 48
48.2057248664710301 48.5075050197511715 8.59569740295410156 0 48
40.569215216740659 -56.1581420832092846 1.70070910453796387 0 59
40.5094256574092526 -56.1581420832092846 2.78207707405090332 -0.0812000036239624023 53
40.5324728229551781 -56.1581420832092846 2.42325735092163086 0.0812000036239624023 53
40.5522738877582682 -56.2709312355757376 1.40937244892120361 0 61.5
40.5763373486776473 -56.2189168175487097 2.42587995529174805 -0.0812000036239624023 55.5
40.5631629949656087 -56.2709312355757376 1.04996752738952637 0.0812000036239624023 55.5
40.9436028468446196 -56.0974504480469065 0.0236751493066549301 0 55.5
40.9028078555705008 -56.0974504480469065 1.82746040821075439 -0.0812000036239624023 50
40.9188054349376387 -56.0974504480469065 -1.42509794235229492 0.0812000036239624023 49.5
49.5150172035080729 48.7564265968164321 3.90318131446838379 0 46.5
49.412571926169143 48.9665803828388349 6.83242416381835938 0 49
49.0075293779629888 49.6224620236086764 5.68990182876586914 0 45.5
65.651648239121343 24.4220355432206482 0.654274463653564453 0 45
65.4267729470237924 24.9038473136373142 4.08058738708496094 0 45.5
49.0710971501816999 49.827078003211696 11.0421915054321289 0 48.5
49.4003376702079677 49.7204416125301947 10.5237827301025391 0 46.5
68.1648483699951697 20.2071617874611924 3.33244228363037109 0 60
68.1684604453203633 20.0025998503522082 4.34028339385986328 -0.0812000036239624023 54.5
68.1678202607725297 20.1093278175395049 3.82677125930786133 0.0812000036239624023 53
68.3186155863815685 20.0236765469642926 2.86036062240600586 0 66.5
68.3422273256632167 19.7565754814200822 3.94721364974975586 -0.0812000036239624023 61
68.3186155863815685 20.0236765469642926 2.86036062240600586 0.0812000036239624023 60
68.5201076325783589 19.7238966976306855 1.79415452480316162 0 62
68.5064376988128743 19.7773731459749165 1.72609484195709229 -0.0812000036239624023 56.5
68.496137126150586 19.7773731459749165 2.09552741050720215 0.0812000036239624023 55.5
68.5924320332439237 19.7000254522687506 2.22423934936523438 0 58
68.6284290542081266 19.4145178370184759 3.34297680854797363 -0.0812000036239624023 52.5
68.6244974885579637 19.7000254522687506 0.739900648593902588 0.0812000036239624023 52
68.6505115793292759 19.8189663595658629 1.72972500324249268 0 59
68.5927766756537665 20.0065275553977173 1.85638463497161865 -0.0812000036239624023 53.5
68.6695572862260804 19.8189663595658629 0.613983988761901855 0.0812000036239624023 53
68.5625815283522542 20.3672724776004017 -1.9363555908203125 0 51.5
68.8256387844585475 19.4756976240741189 3.72417783737182617 0 49.5
69.2953611945160901 20.2976864676395614 -1.61496365070343018 0 48.5
49.3945098171856642 53.1357739039554886 5.41612863540649414 0 49
49.7011424443232599 53.1905563957639629 2.01056575775146484 0 47
41.3587874113857765 -60.11195267741072 1.16414844989776611 0 55.5
41.2882198736708901 -60.11195267741072 2.68103909492492676 -0.0812000036239624023 49.5
40.9464194573398856 -60.4037582729321372 -0.358212798833847046 0.0812000036239624023 49
41.2973314246695224 -60.255884839450971 -0.249014794826507568 0 51.5
41.1188050783478332 -60.3654243968018847 -1.25000119209289551 0.0812000036239624023 45
48.2742742428784481 54.7072185062406007 4.89701366424560547 0 47.5
48.4505802142530655 54.7907730203329706 2.95859336853027344 0 47
49.3067316419449497 55.3070195914095137 0.889119863510131836 0 48
41.2211800661442069 -62.3608649184380397 1.79940056800842285 0 52
40.8656593914932174 -62.3608649184380397 5.69396638870239258 -0.0812000036239624023 46.5
41.2210588181634279 -62.4234172452694764 2.58163166046142578 0 51.5
48.2888513082359623 56.8983199919425218 8.84820175170898438 0 45
48.8519800331668392 56.9551082071465515 5.32928371429443359 0 45
48.7064965888016843 57.5786217279082919 4.05036687850952148 0 47
48.5163464316015975 59.2020362641719586 2.23934292793273926 0 46.5
42.4059302006638035 -63.8145545566329488 4.02070236206054688 0 46.5
41.8088292071431766 -64.4047610465136842 1.51310074329376221 0 48
73.0548040145383908 22.2408028303254781 11.6578235626220703 0 45
48.639890082741374 60.878803064303419 4.86199855804443359 0 47
47.3071156546430984 64.248136628264632 1.50149083137512207 0 48
47.2122970478987156 64.4282914969680434 0.0980238467454910278 0 52
47.5081576528821259 64.1987251601081965 1.23066484928131104 -0.0812000036239624023 46.5
47.8099153055755366 63.4186824175331481 10.4064140319824219 0 45
43.2891524716185074 -67.6619614319377689 -0.120482243597507477 0 48.5
43.3286898674356635 -67.7251352922588268 0.301473945379257202 0 50
57.5636499665523473 -56.6655202415449679 -0.21477140486240387 2.27360010147094727 47
57.101394847614678 -57.2232867476565588 1.2842637300491333 2.35480022430419922 45.5
57.2083612112867641 -57.0818450078141879 2.36436033248901367 2.27360010147094727 47
78.4716639760933532 20.642226382961411 6.16335678100585938 0 47
43.5928736287303735 -69.6830543017207589 0.879832208156585693 0 49
44.1606259881433871 -69.4176375971197359 0.454347133636474609 0 55.5
43.6217891117512195 -69.7466311402340438 1.31250846385955811 -0.0812000036239624023 49.5
44.2436444127105517 -69.3662323560081262 -0.0392647944390773773 0.0812000036239624023 49.5
43.6734138007060935 -69.8102144463809537 -0.830910325050354004 0 51
43.6615561589393693 -69.8102144463809537 1.3137049674987793 -0.0812000036239624023 46
43.6632132751067772 -69.8102144463809537 -1.25756657123565674 0.0812000036239624023 45
43.4880328278048935 -71.8522630430491063 6.31623172760009766 0 46.5
44.2903129494929999 -73.7745941206351716 -2.9813845157623291 0 48
44.7423870894229054 -75.6340299209221314 4.1489863395690918 0 47
44.9626501537821213 -75.6985064316785383 0.948451519012451172 0 46.5
86.3260767155159101 18.3552605172159637 1.8354572057723999 0 45
46.0664378488866788 -77.1225044890890956 1.73959290981292725 0 47.5
74.7784060899820133 -54.2558935771817588 -1.49922561645507812 0 47
75.1245250818851815 -54.0755010563105145 3.3966515064239502 0 45
76.0474350329400153 -52.8798280906625919 3.7151637077331543 0 46.5
47.5531270036628939 -80.6983197371197889 -1.21977818012237549 0 47
47.247282443005254 -80.9737967123500511 0.0319588929414749146 0 50
48.013849435539278 -87.0900214994020843 0.549192607402801514 0 48.5
