
X Y Z V_r Mag
7.18964463278840515 -2.81485174721380327 0.247491165995597839 0 58.5
7.17601428219109305 -2.84188050198814679 0.322752863168716431 -0.0812000036239624023 53
7.18143686079469301 -2.84188050198814679 0.162201911211013794 0.0812000036239624023 52
7.23915714815642897 -2.86947150329277978 0.448043733835220337 0 73
7.23367359069661475 -2.86947150329277978 0.52924579381942749 -0.0812000036239624023 67.5
7.25423680684891981 -2.84218033410385429 0.371573477983474731 0.0812000036239624023 67
7.87303489873151108 0.0629796234786243608 0.164277747273445129 0 81
7.87182714247670923 0.0541231139269428216 0.216877654194831848 -0.0812000036239624023 75.5
7.87176330722419948 0.0944694352179365482 0.205070257186889648 -0.162400007247924805 47
7.8742540058325643 0.0541231139269428216 0.0939545407891273499 0.0812000036239624023 74
7.94864861921651311 0.0546385708127291037 0.136037334799766541 0 78
7.94705020501299053 0.0635794278548120345 0.207023307681083679 -0.0812000036239624023 73
7.94924670586854809 0.0546385708127291037 0.0948493480682373047 0.0812000036239624023 71.5
7.99362294687221731 0.692935189167560806 -0.149902284145355225 0 72
7.99214596278158673 0.705971596489092357 -0.16685950756072998 -0.0812000036239624023 66
7.99161495797469712 0.692935189167560806 -0.233587190508842468 0.0812000036239624023 65.5
7.23239953823749637 -3.64584536867474274 -0.101055964827537537 0 67
7.22582984019357699 -3.66001578376675996 -0.0408651381731033325 -0.0812000036239624023 61.5
7.21945045930396478 -3.67114968133905917 -0.110442683100700378 0.0812000036239624023 60.5
7.26908324080187374 -3.7398742312691402 -0.0663236230611801147 0 71
7.26936106857938924 -3.7398742312691402 0.0189494770020246506 -0.0812000036239624023 65.5
7.27959195369806711 -3.71740025337022706 -0.138215124607086182 0.0812000036239624023 65
7.28453819294476812 -3.87109105694863276 -0.112487912178039551 0 69
7.28507280810907787 -3.87109105694863276 -0.0697437599301338196 -0.0812000036239624023 63.5
7.28375318426643314 -3.87109105694863276 -0.155230030417442322 0.0812000036239624023 62.5
7.3028418396444863 -3.99470767056840437 -0.128266230225563049 0 66.5
7.2934429155458087 -4.0134328627741942 -0.0607298165559768677 -0.0812000036239624023 61
7.29220241451458406 -4.0134328627741942 -0.147561132907867432 0.0812000036239624023 60
7.39687779022851455 -3.97296461118063382 -0.248509198427200317 0 61.5
7.39821155470635272 -3.97296461118063382 -0.205001085996627808 -0.0812000036239624023 56
7.38912358242939593 -3.98556053597169546 -0.275985062122344971 0.0812000036239624023 55
8.46520684096937437 0.203334209785546283 0.352933317422866821 0 55.5
8.46106336133046355 0.203334209785546283 0.441238999366760254 -0.0812000036239624023 50
8.46579749406608784 0.225573888980840437 0.324066877365112305 0.0812000036239624023 49
7.33332571534999378 -4.5126490724514019 -0.49895554780960083 0 65
7.33332571534999378 -4.5126490724514019 -0.49895554780960083 -0.0812000036239624023 59.5
7.33332571534999378 -4.5126490724514019 -0.49895554780960083 0.0812000036239624023 58.5
7.36007317039492204 -4.63886176169763864 0.0172012969851493835 0 57.5
7.34443172962621826 -4.66169187582832834 -0.134043991565704346 0.0812000036239624023 51.5
7.40550989420099359 -4.70187876903290203 -0.226712137460708618 0 67.5
7.42170619571840628 -4.67885184409127675 -0.165108323097229004 -0.0812000036239624023 62
7.40550989420099359 -4.70187876903290203 -0.226712137460708618 0.0812000036239624023 61
7.45104171055853381 -4.71220657341275384 -0.774333357810974121 0 58.5
7.44047520520885008 -4.74206566223747661 -0.688949167728424072 -0.0812000036239624023 53.5
7.42481121763057672 -4.73432441698662299 -0.883662819862365723 0.0812000036239624023 52
8.60786494437592964 2.33249519974186104 -1.21000969409942627 0 51
8.83786742197851538 -2.82628546617644405 -0.627861082553863525 0 51
9.42625054961483855 -0.453453298198407184 0.492644518613815308 0 52
9.5168636841210148 -0.38087677037961104 0.0993546843528747559 0 50
8.96894956491500928 3.31212832009805336 -0.864727973937988281 0 49.5
9.21034752510107424 2.78549866181871186 -1.00803279876708984 0 49.5
9.40301780037553137 2.18329348172558646 -1.37075924873352051 0 52
9.39549386168224565 2.18329348172558646 -1.42141556739807129 0.0812000036239624023 45.5
9.46902398385757138 -2.81069061722443925 -0.669041812419891357 0 49.5
9.54651447459209379 -2.80331482378098551 -0.711423516273498535 0 48
9.62559836333939955 -2.86081178971527939 -0.407569438219070435 0 48
9.72076240737663433 2.70629611199557463 -0.835681498050689697 0 49
9.86749812881347843 -2.84910630703711609 -0.3011799156665802 0 50
10.3991152604664254 -0.566676007846122265 0.466803103685379028 0 55
10.3957562214374999 -0.595335484105006696 0.504431426525115967 -0.0812000036239624023 50
10.3957562214374999 -0.595335484105006696 0.504431426525115967 0.0812000036239624023 49.5
10.4713125491055354 -0.570752803215522908 0.525220394134521484 0 66
10.4725520939920802 -0.560256199937996024 0.511636018753051758 -0.0812000036239624023 60.5
10.4750965668489862 -0.560256199937996024 0.456573694944381714 0.0812000036239624023 60
10.5460366476505136 -0.619758864480332683 0.477121502161026001 0 66.5
10.5391561049053522 -0.652795051286320538 0.575050950050354004 -0.0812000036239624023 61
5.3222260434710762 9.13384492811952953 -0.278263092041015625 -2.35480022430419922 47.5
10.544590406587087 -0.652795051286320538 0.464876443147659302 0.0812000036239624023 60.5
10.6226781345077175 -0.700011012614777495 0.302010923624038696 0 57.5
10.6210828262996362 -0.681379540796133165 0.38836902379989624 -0.0812000036239624023 51.5
10.6237915320457521 -0.715980845602186888 0.212002694606781006 0.0812000036239624023 50.5
6.00891469090999308 8.94760469473506248 -0.687984466552734375 -1.62400007247924805 47
10.5055382342942849 -2.66758988740969416 -0.88502126932144165 0 47
6.09413733829340565 8.98663878015298323 -0.606169760227203369 -1.54280006885528564 50
6.01042781512485647 9.02061216129676424 -0.876892447471618652 -1.62400007247924805 50
5.99285019813341968 9.02061216129676424 -0.989912271499633789 -1.70520007610321045 47
10.5901217245662558 -2.74345615314130598 -0.474648922681808472 0 54
10.5991877477986041 -2.69693370465910887 -0.535054445266723633 -0.0812000036239624023 48.5
10.5874535313447105 -2.72703646544170697 -0.609606087207794189 0.0812000036239624023 48.5
10.6523427917103426 -2.8214871074362069 -0.342696994543075562 0 54
10.6569691394071331 -2.77740137138251653 -0.515443623065948486 -0.0812000036239624023 49
10.6480244483801201 -2.8214871074362069 -0.457623064517974854 0.0812000036239624023 48
10.6183428459311955 -3.13612275202109148 0.790904641151428223 0 48.5
11.0950687424221783 0.297438128486378184 1.30061805248260498 0 49.5
6.76578233869421553 8.89242254554580391 0.172177538275718689 -0.730800032615661621 47.5
6.74162890756097788 8.91197246948387622 0.0883770063519477844 -0.812000036239624023 46.5
11.1792898562584586 0.26991265570783346 1.23008930683135986 0 51.5
6.71857301454370948 9.02239283506705902 0.140355870127677917 -0.812000036239624023 48.5
6.74990775911030561 8.99708852359444933 0.231614693999290466 -0.893200039863586426 50.5
10.981142420343426 -2.76948210151308905 0.0108093162998557091 0 45.5
6.81420693455807225 9.0315967153073764 0.502475261688232422 -0.893200039863586426 48
11.4654706199806764 -0.0375253573368462892 -1.39430332183837891 0 47
11.5653743242064486 0.0203371688502082849 -1.17572546005249023 0 48.5
11.6855184968818691 0.225152154984784525 -0.536644041538238525 0 45.5
11.4540698253244546 3.51936112747936214 -0.646821677684783936 0 45
11.8131120077419638 -2.74804835534478764 -0.721895933151245117 0 47
12.0618323758595238 -2.74326873405608751 -0.3568306565284729 0 53.5
12.0468318392747999 -2.81130922125928251 -0.333217233419418335 -0.0812000036239624023 47.5
8.51675115457515908 8.97361243727591607 -0.282610952854156494 0.324800014495849609 47
12.0545847603158212 -2.77110347882103092 -0.385503321886062622 0.0812000036239624023 47
12.1270281066478596 -2.81590144110003182 -0.0916700810194015503 0 59
12.1273442666396267 -2.81590144110003182 -0.0271620564162731171 -0.0812000036239624023 53.5
12.1323131327558382 -2.78789800135428578 -0.19267040491104126 0.0812000036239624023 52.5
12.202557382391138 -2.80469252388754064 0.327013134956359863 0 54.5
12.1928711248922372 -2.83286465861408976 0.429435819387435913 -0.0812000036239624023 49
12.1981879221925986 -2.83286465861408976 0.233960017561912537 0.0812000036239624023 48.5
8.85866764024664377 9.06444498835046453 -0.124433621764183044 0.730800032615661621 46
8.9167539855363227 9.00742593897415489 -0.115792721509933472 0.649600028991699219 51
8.9519071450515959 8.97099710187262467 -0.200473248958587646 0.568400025367736816 50.5
8.96680287583408919 9.06072485868837418 -0.24946102499961853 0.730800032615661621 49.5
8.97013103079801155 9.06072485868837418 -0.0504161268472671509 0.649600028991699219 53
9.02427177500966948 9.0017751805150894 -0.305079877376556396 0.568400025367736816 48.5
8.99942656267136698 9.12844655907609237 -0.403017938137054443 0.730800032615661621 49
8.97240735872982142 9.1621012953367309 -0.180114135146141052 0.649600028991699219 49
9.04503198990241231 9.18182914855679577 -0.539844393730163574 0.649600028991699219 45
12.73422658555811 2.6091557099770224 -1.15510785579681396 0 47
9.27078885008489273 9.18422809911911919 -0.0702859088778495789 0.812000036239624023 45
12.7361570636404533 3.04401517166365565 -0.888773202896118164 0 48.5
12.8240844391733599 2.98553404763863561 -0.93245619535446167 0 47
13.059735537559634 -2.71417801397723979 0.546854317188262939 0 47
13.1004283660279874 -2.93409118873825081 -0.0228812750428915024 0 51.5
13.0932869559449792 -2.95254459244100742 0.28096964955329895 -0.0812000036239624023 46.5
13.1023986850508631 -2.91396020288069879 -0.258091539144515991 0.0812000036239624023 45
13.0636550002999599 -3.19171737921614396 -1.18485450744628906 0 48.5
13.1831906178564982 -3.18400420367635295 -0.58843463659286499 0 51.5
13.1871123707435647 -3.20266379144430191 -0.35165095329284668 -0.0812000036239624023 46
13.1270639581649249 -3.63825405604647312 -0.875107407569885254 0 45
13.7126691657131037 0.156071374320541884 -0.560344815254211426 0 52.5
13.7189509281232862 0.132060393655843156 -0.385468810796737671 -0.0812000036239624023 48
13.7104833088773734 0.0445918212344405332 -0.629524707794189453 0.0812000036239624023 45.5
13.7955180481657997 0.094844309497102805 -0.338668882846832275 0 63
13.794903157986063 0.110364287414810539 -0.358420073986053467 -0.0812000036239624023 58.5
13.7928318940016261 0.110364287414810539 -0.430835098028182983 0.0812000036239624023 56
13.8664618042096812 0.2219281988358493 -0.433176636695861816 0 56.5
13.8685445251771409 0.2219281988358493 -0.360368043184280396 -0.0812000036239624023 51.5
13.8664618042096812 0.2219281988358493 -0.433176636695861816 0.0812000036239624023 49
13.9494617879182048 0.0749569978616692195 -0.0970075055956840515 0 60
13.9499196535571865 0.045322835916358134 0.0142660047858953476 -0.0812000036239624023 55.5
13.9495064864539859 0.0313773479420940901 -0.113176092505455017 0.0812000036239624023 53
14.0657844794371254 0.0757629849921714199 -0.978770792484283447 0 55.5
14.0760333077615627 -0.0458101769720106189 -0.820481300354003906 -0.0812000036239624023 50.5
14.0891036704259349 0.301290010085146776 -0.465182453393936157 0.0812000036239624023 49.5
14.1724254794340343 -0.226726633845350689 -0.146891579031944275 0 54.5
14.1724254794340343 -0.226726633845350689 -0.146891579031944275 -0.0812000036239624023 51
14.2497714570140914 -0.0765689772470148078 0.0262311901897192001 0 46.5
14.2697315255843211 -0.572814666509885662 1.11905908584594727 0 46
14.1578168713518568 3.00982609341316465 -0.150987371802330017 0 45
14.3196226884457438 3.13559797681875363 -1.09838902950286865 0 46
14.6698546629722539 -5.04963473924623596 -2.23655366897583008 0 49
15.8247828721795791 -0 0.0830741599202156067 0 58.5
15.8230547318441594 -0 0.248137667775154114 -0.0812000036239624023 54.5
15.8241395581455677 -0 0.165069594979286194 0.0812000036239624023 51
15.8991352858819734 -0 0.16585192084312439 0 59
15.8946090615206224 -0 0.414046615362167358 -0.0812000036239624023 54.5
15.8974041550196699 0.035763428168331772 0.285081028938293457 0.0812000036239624023 51.5
15.9545527597041019 0.0858378497451547789 0.803436994552612305 0 54
15.9487485166206593 -0 0.915453076362609863 -0.0812000036239624023 50
15.9569181448049857 0.12775866008581177 0.749044060707092285 0.0812000036239624023 47
15.2121827534537655 -5.0821932542709094 0.602785289287567139 0 47.5
15.4300469281452699 -4.92320707196944696 0.340151578187942505 0 60
15.4254340549279458 -4.92320707196944696 0.507971704006195068 -0.0812000036239624023 54.5
15.4316866271822448 -4.92320707196944696 0.255122184753417969 0.0812000036239624023 53
15.5255788671341008 -4.87075239628710577 0.328414082527160645 0 59
15.5235668180315347 -4.87075239628710577 0.412719935178756714 -0.0812000036239624023 53.5
15.5327669850149999 -4.85855009383294156 0.0576986744999885559 0.0812000036239624023 52
15.6651822962002782 -4.92590630987965117 0.343756169080734253 0 53
15.6630537209191569 -4.92590630987965117 0.429957181215286255 -0.0812000036239624023 47.5
15.6666407893138935 -4.91564400506740196 0.416523784399032593 0.0812000036239624023 46.5
15.6664277000196854 -5.1648911305759384 0.370068222284317017 -0.0812000036239624023 46.5
15.7617494424934961 -5.12623200178415583 -0.140121564269065857 0 52
15.7519254787286869 -5.14280164057780187 0.398864120244979858 -0.0812000036239624023 47
13.9779179942561971 -8.8999672370369769 0.372880280017852783 -4.38479995727539062 48
14.003536727504958 -8.83783109156080471 0.724119663238525391 -4.46600008010864258 54.5
14.0929672383144151 -8.12947903313244957 3.16709589958190918 -4.62840032577514648 48.5
15.7592646654975059 -5.12623200178415583 -0.312999308109283447 0.0812000036239624023 45
15.8037326581206159 -5.23681208688576838 -0.200916707515716553 0 49.5
13.8469326666382457 -9.24400321892469989 -0.182754695415496826 -4.30360031127929688 53
13.8957813960040184 -9.16910245010154235 0.239506989717483521 -4.38479995727539062 60.5
13.9283897903902183 -9.09212110436662968 0.745541691780090332 -4.46600008010864258 58.5
14.1514775017822085 -8.63647476069242259 1.53932785987854004 -4.54720020294189453 51.5
13.858336418218979 -9.36297033710789783 -0.0832385197281837463 -4.30360031127929688 63
13.9101790974212189 -9.28564223387731857 -0.0969216004014015198 -4.38479995727539062 69.5
13.9187477514071567 -9.27310254146154911 0.0604344569146633148 -4.46600008010864258 66
13.9126257568125578 -9.18532469455116463 1.33950865268707275 -4.54720020294189453 50
13.9207334197884851 -9.40495717732588687 0.00343592651188373566 -4.30360031127929688 66.5
13.9561612495154002 -9.33777891177355812 -0.521059989929199219 -4.38479995727539062 69.5
13.9945007379924373 -9.19082645587783986 1.38661289215087891 -4.54720020294189453 50
16.576145333724714 -3.14827808571715151 -0.292209446430206299 0 54.5
16.5818116622972695 -3.12297377424454226 -0.236992254853248596 -0.0812000036239624023 49
13.9803304597547307 -9.44694294977417215 0.266900777816772461 -4.30360031127929688 62
14.062259298725726 -9.17703029406633775 1.67350316047668457 -4.54720020294189453 50.5
16.5828311492613096 -3.12297377424454226 -0.149561434984207153 0.0812000036239624023 48
16.6555093527026408 -3.13685379887910498 -0.238045573234558105 0 60.5
16.6555093527026408 -3.13685379887910498 -0.238045573234558105 -0.0812000036239624023 55
13.9963902116303505 -9.4105613966373145 -1.68668889999389648 -4.38479995727539062 51.5
16.649817840191357 -3.16227057510229814 -0.293508172035217285 0.0812000036239624023 54
16.7335926497272105 -3.13158689278333435 -0.175264522433280945 0 60.5
16.7417282909378855 -3.07414610059233562 -0.338905185461044312 -0.0812000036239624023 55
16.7397003726253111 -3.08691072107922482 -0.32265770435333252 0.0812000036239624023 54
16.8323257769333914 -3.00862646940693645 -0.176036596298217773 0 57
16.8170385856143945 -3.08768838657174971 -0.251809000968933105 0.0812000036239624023 51
14.312229028053105 -9.45821805655276826 -0.826364099979400635 -4.30360031127929688 49.5
14.3519904767587807 -9.37880937307365414 -1.01928877830505371 -4.38479995727539062 57
14.3909945616327519 -9.34017812165138217 -0.80063241720199585 -4.46600008010864258 56
16.8892321166122024 -3.10123101695456027 -0.34189113974571228 0.0812000036239624023 46.5
16.980677199766621 -3.0350178619591941 -0.0882038325071334839 0 54
16.9809059410147078 -3.0350178619591941 0.00117548403795808554 -0.0812000036239624023 48.5
14.3226929565891723 -9.41976424485914698 -1.92120182514190674 -4.30360031127929688 51
14.3930586487881111 -9.41976424485914698 -1.29244470596313477 -4.38479995727539062 61
14.4503634061089627 -9.34216435634314557 -1.21385741233825684 -4.46600008010864258 60.5
14.4841173197129116 -9.26240891536836486 -1.40734386444091797 -4.54720020294189453 48.5
16.9887152386496787 -2.95526242098441427 -0.460957169532775879 0.0812000036239624023 48
17.0509572233317641 -3.04821372602770468 -0.359048306941986084 -0.0812000036239624023 50.5
14.3151578824072416 -9.69886185554269886 -1.07888674736022949 -4.30360031127929688 47.5
14.3754567662835822 -9.60577010112565688 -1.10953426361083984 -4.38479995727539062 58.5
14.4633987260229979 -9.46072015819678391 -1.20853102207183838 -4.46600008010864258 58.5
14.5181209735140833 -9.3026806681399492 -1.68521571159362793 -4.54720020294189453 46.5
17.0431175436723166 -3.04821372602770468 -0.629421710968017578 0.0812000036239624023 49.5
17.0669641541378141 -3.15490434320284718 -1.2350621223449707 0 50
14.3152640820900938 -9.74084869576068613 -1.71730279922485352 -4.30360031127929688 45.5
14.4815175114081232 -9.58212504513780061 -1.10841941833496094 -4.38479995727539062 58
14.5246640308652406 -9.5560334861312981 -0.690233051776885986 -4.46600008010864258 57
14.5807945146717906 -9.54263094331991191 -1.3093026876449585 -4.30360031127929688 52.5
14.5826886588105573 -9.5972226535219729 -0.783672690391540527 -4.38479995727539062 61.5
14.5977089989839968 -9.5972226535219729 -0.419330120086669922 -4.46600008010864258 59.5
14.625717837426329 -9.58358685665754884 -1.49858987331390381 -4.30360031127929688 52
14.64337366711767 -9.58358685665754884 -1.31492197513580322 -4.38479995727539062 62
14.6210482384734526 -9.63841286842332501 -1.15259993076324463 -4.46600008010864258 60.5
14.6988572114607425 -9.58489830713595303 -1.64741277694702148 -4.30360031127929688 47
14.6882419672326616 -9.58489830713595303 -1.73950910568237305 -4.38479995727539062 55
14.6530853282776317 -9.58489830713595303 -2.01430654525756836 -4.46600008010864258 53
17.5130199499710955 -2.96524382061394709 -0.672412574291229248 0 48
17.5972635148958183 -2.97775520593056786 -0.303007811307907104 0 56.5
17.5962271786717501 -2.99782996012785263 -0.0912717878818511963 -0.0812000036239624023 51.5
17.5991083164547994 -2.95098886700085528 -0.430760115385055542 0.0812000036239624023 50
17.6939674522669002 -2.86707239256499902 0.0953204631805419922 0 54.5
17.6939674522669002 -2.86707239256499902 0.0953204631805419922 -0.0812000036239624023 49.5
17.7006351273705533 -2.82675418704455428 -0.0513272881507873535 0.0812000036239624023 47
9.79950138991309849 -15.3336539440077093 -0.99973064661026001 0 45.5
17.6842349188775252 -4.68328477235567231 -0.474048823118209839 0 49.5
13.4709959350616213 12.4909579002569622 -0.385819494724273682 0 50.5
13.4723465404184637 12.6041905293183678 -0.181128233671188354 0 57
13.4627703779291501 12.6157180494659062 -0.00377279729582369328 -0.0812000036239624023 54
13.4684190307674463 12.6041905293183678 -0.372302889823913574 0.0812000036239624023 51
13.5254810360175863 12.6554275952718811 -0.277845263481140137 0.0812000036239624023 47
17.9871336618179924 -4.66011707210836423 0.840457141399383545 0 53.5
17.9823771063069664 -4.66011707210836423 0.936723828315734863 -0.0812000036239624023 48.5
17.9983473204657116 -4.66011707210836423 0.550270915031433105 0.0812000036239624023 47
18.1643622190833831 -4.6484957371904656 0.0997075960040092468 0 57
18.1603962199425304 -4.6484957371904656 0.392415702342987061 -0.0812000036239624023 52
18.1592020102667639 -4.66958266341764006 0.0294006504118442535 0.0812000036239624023 50.5
18.2136045779482281 -4.7423655529851807 0.393985390663146973 0 51
18.2213695143240102 -4.68826118407711601 0.61850285530090332 -0.0812000036239624023 46
18.6244052303619441 2.92146734308036304 -1.34410405158996582 0 47.5
10.7585951114129514 -15.5805490405204186 -1.2448960542678833 0 46.5
11.1325816975272911 -15.3874215233362861 -1.4816972017288208 0 45.5
15.3898717685320765 -11.4962275824172604 -1.58565056324005127 0 47.5
15.3384918950383558 -11.7174709333103113 -1.36163139343261719 0 49
15.348477430581779 -11.8502721758546947 -1.15149784088134766 0 51
15.2137847459004654 -12.1640636838996965 -0.909014880657196045 0 48
19.3270454422754305 -3.27803322631703553 -1.35735070705413818 0 46
15.3786994422569077 12.4427492200895298 -0.84478294849395752 0 45.5
19.1530545511995385 6.31525360424959903 -0.555619299411773682 -0.243600010871887207 46
15.9160523543237478 12.4471908133765599 -1.34507608413696289 0 45.5
19.2291956860976043 6.33873002388865192 -0.347890168428421021 -0.162400007247924805 54.5
19.2026133120953801 6.39692994027565387 -0.63358384370803833 -0.243600010871887207 59
19.175363123608804 6.43235597633730727 -0.996377527713775635 -0.324800014495849609 56
19.2954560735491718 6.36220704057303976 -0.559750258922576904 -0.162400007247924805 56.5
19.2665395748448063 6.36220704057303976 -1.19516456127166748 -0.243600010871887207 63
19.2391771532741842 6.39268467909075611 -1.44682741165161133 -0.324800014495849609 60.5
19.2197174874395138 6.45617975933599553 -1.42332828044891357 -0.406000018119812012 49
19.3797120047521751 6.36274147980620519 -0.31987348198890686 -0.162400007247924805 55.5
19.2046580298237082 6.29391374745253263 -2.77989602088928223 -0.243600010871887207 59.5
19.1865383662085769 6.44431508852166868 -2.55100202560424805 -0.324800014495849609 58.5
19.2621067460910851 6.52588869723713305 -1.59502017498016357 -0.406000018119812012 50.5
19.4817264040813143 6.14818867304680516 1.37394988536834717 -0.162400007247924805 53.5
18.788456481502628 6.07654935434297272 5.41249418258666992 -0.243600010871887207 51.5
19.3236898455783184 6.6598980923598976 -1.21095359325408936 -0.406000018119812012 50
19.5734238934368037 6.24517939496553964 0.425884783267974854 -0.243600010871887207 58
19.4850753554425609 6.52765050246809331 -0.155512064695358276 -0.324800014495849609 58
19.4009225727022354 6.68429357117405409 -1.10768222808837891 -0.406000018119812012 51
20.4076613295271869 -2.96903921278616822 -0.3205890953540802 0 54.5
19.4567554348087093 6.79631632301833921 -0.797087252140045166 -0.243600010871887207 64
19.4775286739275018 6.70868842958541389 -1.00499868392944336 -0.324800014495849609 61.5
19.465836326587695 6.53085535173624177 -1.95442342758178711 -0.406000018119812012 50.5
19.4898547652493015 6.95295026729851884 -0.540452122688293457 -0.162400007247924805 58
19.4898547652493015 6.95295026729851884 -0.540452122688293457 -0.243600010871887207 63.5
19.5301576206222158 6.84172375632611018 -0.503770112991333008 -0.324800014495849609 59
19.5031914565164541 7.14428861836810558 0.430547744035720825 -0.162400007247924805 52
19.5679896117187724 6.97814237142931226 -0.00141503149643540382 -0.243600010871887207 57
19.5667735062211392 6.97814237142931226 -0.218118607997894287 -0.324800014495849609 55
19.5525135129813066 6.78187424562508667 -2.53533267974853516 -0.324800014495849609 46
19.8327618073764569 6.62584997377220208 -0.784447729587554932 -0.243600010871887207 45
19.9772655473974083 6.62857709381874827 -1.06136786937713623 -0.243600010871887207 46.5
20.1149271701326988 6.51209314319633226 -0.55220109224319458 -0.243600010871887207 46
15.6839080479174253 -14.2585861484572121 -1.09927034378051758 0 47
20.4240712500455643 5.77133248866125204 -0.222843185067176819 -0.162400007247924805 48.5
19.7237031906236702 7.55365575721840443 -2.10201406478881836 -0.324800014495849609 46
15.5065969386938942 -14.4979467137364768 -1.74500155448913574 0 48.5
20.4590651969104087 5.90617656651023371 -0.483529329299926758 -0.162400007247924805 54.5
20.4522345694995309 5.9274696771601123 -0.511114835739135742 -0.243600010871887207 54.5
20.492737040527043 6.00710296408928723 -0.923628330230712891 -0.162400007247924805 55
20.5259316490254626 5.91094658049337252 -0.798404574394226074 -0.243600010871887207 56
20.5742846326526703 5.72664684526786694 -0.89159703254699707 -0.324800014495849609 46
20.602482104476131 5.91828504132359967 -0.783669054508209229 -0.162400007247924805 49.5
20.6097746518332912 5.91828504132359967 -0.560033738613128662 -0.243600010871887207 51
17.3186821083247295 12.8829312844556441 -0.808280646800994873 0 47.5
17.4537321697500332 12.8274496883104625 -0.79336625337600708 0 45.5
21.3381668941296887 -4.17464907494782445 -0.56341862678527832 0 47
20.7500598538141254 6.31089528126878196 1.63404154777526855 -0.162400007247924805 46
20.7509531694604448 6.41145648945437419 1.16347932815551758 -0.243600010871887207 49
20.7238364618853304 6.52288917960597647 1.01834368705749512 -0.324800014495849609 45.5
20.1978316712043018 7.1072313352790113 -3.82064914703369141 -1.94880008697509766 45
20.1525534571813481 6.95774845824637378 -4.30427932739257812 -2.03000020980834961 46.5
13.2689238554171869 17.2204274341597774 0.6745871901512146 0.0812000036239624023 45.5
21.4116144381879181 -4.13995419704964274 -0.856844246387481689 0 49.5
20.8690356237361776 6.332657210506766 0.843463897705078125 -0.162400007247924805 49
20.8471881246154496 6.40083827435804498 0.868741214275360107 -0.243600010871887207 51.5
20.3271716870208365 7.03083130434386039 -3.70191764831542969 -1.94880008697509766 48.5
20.3062931573921617 7.03083130434386039 -3.81477904319763184 -2.03000020980834961 49
21.304429266155168 -4.07177313319836376 -2.42334580421447754 0.162400007247924805 46.5
21.3812563261247242 -4.13995419704964274 -1.42593896389007568 0.0812000036239624023 50
21.4534057838395036 -4.08576562258351039 -1.63339722156524658 0 51
20.4093159517715463 6.88805898998171262 -3.95278286933898926 -1.94880008697509766 45
21.4563033709287012 -4.05292624718431327 -1.67657434940338135 0.0812000036239624023 50
21.5348994422256084 -4.00639421713743182 -1.75998163223266602 0.0812000036239624023 46
17.4062520830889298 13.8951044676796887 -0.352310985326766968 0 45.5
14.5346415455706524 -17.0374875036496363 -1.16141998767852783 0 46.5
18.0475432028566054 13.503946176685 -1.24910581111907959 0 48
16.6652808634155036 -15.4480012543271705 -0.230844393372535706 0 47.5
21.5128700380299591 7.32076235912783879 0.168875738978385925 -0.162400007247924805 47
21.5039719813564716 7.32076235912783879 0.641333878040313721 -0.243600010871887207 50.5
21.5826199235767646 7.3449235363782801 0.287563681602478027 -0.162400007247924805 46
21.6091200232481455 7.24235672206112735 0.658988237380981445 -0.243600010871887207 49
16.6254154900328679 15.7844926305266426 1.07140183448791504 0 52.5
16.6082806439033348 15.7844926305266426 1.31047356128692627 -0.0812000036239624023 47
16.6531552073585729 15.7844926305266426 0.474058568477630615 0.0812000036239624023 47.5
16.6990845768891987 15.8360764627944572 0.714132010936737061 -0.0812000036239624023 55
16.4213309977972948 16.1295502635221126 0.572907388210296631 -0.162400007247924805 45.5
16.7105819331873597 15.8360764627944572 0.35475507378578186 0.0812000036239624023 55
16.765012961990422 15.8876589832309225 0.355910599231719971 -0.0812000036239624023 53
16.4039405471774167 16.2571394247014069 0.47558218240737915 -0.162400007247924805 45.5
16.7687897493069933 15.8876589832309225 -0.00472366483882069588 0.0812000036239624023 53
22.8156568246162621 5.52364075324644599 -0.104029826819896698 -0.162400007247924805 48.5
22.5294853698085511 6.85671898490152731 -0.101150587201118469 -0.324800014495849609 45.5
22.5394348386314576 7.07044636397160708 -0.351115554571151733 -0.243600010871887207 47.5
21.8139822702413788 -9.11244835678241571 -4.55182790756225586 -2.35480022430419922 46
23.4367777186355255 -0.938527599851223249 5.74970912933349609 -2.27360010147094727 48.5
23.5677533643488637 -0.774949237035350902 5.55077362060546875 -2.27360010147094727 45.5
20.6356701109386194 12.8262500032888234 -0.382682532072067261 0 47
20.6711667254212408 12.8658375954943551 -1.14622735977172852 0 49
24.4946185172393527 -0.70486569787517972 -0.996262013912200928 -2.35480022430419922 47.5
24.5034327503705853 -0.686477897061044562 -0.765668928623199463 -2.43600010871887207 47.5
24.5622158878601802 -0.65476312745793197 -1.19533836841583252 -2.27360010147094727 47
24.5898624855731356 -0.507210873382904937 -0.491372615098953247 -2.35480022430419922 49.5
24.589945971774636 -0.590209016300107581 -0.382375359535217285 -2.43600010871887207 46
19.9170450387521143 -15.2710594133404651 -1.17123079299926758 0 47.5
19.4205552696918566 -16.0409096143610839 -0.755832970142364502 0 47.5
18.064069257567553 -17.6520357058498831 -0.959575414657592773 0 48.5
21.9185397682225371 12.7433361789035349 -1.90149366855621338 0 46.5
21.9105650979188162 12.8478433726856061 -2.26057147979736328 0 47.5
22.0335413984719288 12.8856305678890646 -1.60134172439575195 0 45.5
25.6547257349102011 2.77742954787054952 1.90700352191925049 0 54.5
25.7173799356665143 2.90545987264101013 1.891357421875 0 65.5
25.7270133059267927 2.90545987264101013 1.75546681880950928 -0.0812000036239624023 59.5
25.7070286433783757 2.90545987264101013 2.02719616889953613 0.0812000036239624023 59.5
25.7270723210290342 2.70572458063570753 2.84560680389404297 0 85.5
25.7116929516868495 2.70572458063570753 2.9813690185546875 -0.0812000036239624023 80
25.7809712300561209 2.67645592531633092 2.34068965911865234 -0.162400007247924805 49
25.7436037835507108 2.77401810971425311 2.62151885032653809 0.0812000036239624023 79
25.8429997532032587 2.71352193837610356 2.44666147232055664 0 95
25.8299024533991712 2.71352193837610356 2.5812678337097168 -0.0812000036239624023 89.5
25.8441160601694051 2.78201227576300036 2.35629439353942871 -0.162400007247924805 58
25.8441160601694051 2.78201227576300036 2.35629439353942871 0.162400007247924805 52.5
25.8560433354354444 2.78201227576300036 2.22158002853393555 0.0812000036239624023 88.5
25.962254746016999 2.79000664511700558 1.81875479221343994 0 92
25.9417457811044514 2.79000664511700558 2.09102392196655273 -0.0812000036239624023 86.5
25.963158354558761 2.72131949441658705 1.90775656700134277 -0.162400007247924805 55.5
25.9032703275640515 2.6918821441164078 2.62774968147277832 0.162400007247924805 50
25.963158354558761 2.72131949441658705 1.90775656700134277 0.0812000036239624023 86
26.0956214952236287 2.6241510100548755 -1.09315550327301025 0 70.5
26.0968655219533936 2.57822836737891548 -1.17003822326660156 -0.0812000036239624023 65
26.1076949757948249 2.57822836737891548 -0.896436631679534912 0.0812000036239624023 64
13.3662422779441616 22.7428416844428227 1.03286409378051758 0 67
13.3762245008660514 22.7428416844428227 0.894363462924957275 -0.0812000036239624023 61.5
13.5374321683290688 22.6603683682097099 0.45354655385017395 0.162400007247924805 47
13.3762245008660514 22.7428416844428227 0.894363462924957275 0.0812000036239624023 60
13.3426327541543674 22.8670005210508762 -0.00721908034756779671 0 60.5
13.4425706953359523 22.8074510405273081 0.207571178674697876 -0.0812000036239624023 55
13.3418530630880934 22.8670005210508762 -0.144396781921386719 0.0812000036239624023 54
21.739901494563405 -15.2281353006086899 0.618999063968658447 0 52.5
21.8832942015968293 -15.0323923849799481 0.2262592613697052 0.0812000036239624023 47.5
21.9615424121583587 -15.0482408115988857 -0.363029211759567261 0 62.5
21.9634085763143112 -15.0482408115988857 -0.223266705870628357 -0.0812000036239624023 55.5
21.8945938405145846 -15.1480522695577573 -0.232343867421150208 0.0812000036239624023 58.5
21.9243356665230884 -15.1907221851731684 -1.20646500587463379 0.0812000036239624023 59.5
25.525261278267493 -8.15975960092787389 -1.67386806011199951 0 57.5
25.525261278267493 -8.15975960092787389 -1.67386806011199951 -0.0812000036239624023 52
25.5157783639519913 -8.15975960092787389 -1.81269574165344238 0.0812000036239624023 51
25.4090793730228697 -7.83936974708785783 -4.22831439971923828 0 58
25.3965303210410234 -7.96722212922920647 -4.06144523620605469 -0.0812000036239624023 52.5
25.4036306351893693 -7.89656686541425135 -4.15397024154663086 0.0812000036239624023 52
25.2403553104990763 -7.62840697083266583 -5.80792236328125 0 53.5
25.2726744175552014 -7.51369408405322758 -5.81690883636474609 -0.0812000036239624023 48
25.272229796907304 -7.62840697083266583 -5.66762113571166992 0.0812000036239624023 47.5
25.6360165709816847 -8.5455475015437532 3.88050556182861328 0 50.5
25.520121732335376 -8.58648425604216925 4.50396299362182617 -0.0812000036239624023 45.5
26.0954555495186113 -8.06959235069867908 1.8164820671081543 0 55.5
26.111815162234894 -8.02854313144968224 1.76247513294219971 -0.0812000036239624023 50.5
26.1050426410243581 -8.06959235069867908 1.67306613922119141 0.0812000036239624023 49.5
26.0936589184259589 -8.54030868708646196 1.95186924934387207 0 53
26.0824793629696181 -8.54030868708646196 2.09597373008728027 -0.0812000036239624023 47.5
26.0720960744197612 -8.61597795455158355 1.90694165229797363 0.0812000036239624023 46.5
26.1936209678537431 -8.38768584352560076 2.30238485336303711 0 49
20.3642879731508977 18.7402895038530026 -0.0547170303761959076 0 47.5
21.1756778905859022 18.3948481399292021 -0.151074320077896118 0 45
24.9762302124686251 13.4087548297601948 -0.340168416500091553 0 60
25.0345002430008918 13.3024767201451866 -0.201010406017303467 -0.0812000036239624023 54
24.9956362843753688 13.3768713968756927 -0.00386410322971642017 0.0812000036239624023 54
25.0423055668277392 13.4442280865068664 -0.341068357229232788 0 72.5
25.0001451039438081 13.5259235279836574 -0.151155814528465271 -0.0812000036239624023 67
25.0398669297354317 13.4442280865068664 -0.488334715366363525 0.0812000036239624023 66.5
25.1099581359625006 13.4797013432535362 -0.194300755858421326 0 72.5
25.0661092158489218 13.5616123421689476 -0.151554644107818604 -0.0812000036239624023 67
25.1083809211868498 13.4797013432535362 -0.341968268156051636 0.0812000036239624023 66.5
25.0808620498292676 13.6472903231939249 -1.11016905307769775 0 59
25.0869748008886688 13.6472903231939249 -0.962207257747650146 -0.0812000036239624023 53.5
25.0808620498292676 13.6472903231939249 -1.11016905307769775 0.0812000036239624023 52.5
24.960765415151652 14.0886441978339221 -1.89629256725311279 0 53.5
24.9716058700683341 14.0886441978339221 -1.74775576591491699 -0.0812000036239624023 48
25.0204980531503196 13.9809602931371018 -1.90606105327606201 0.0812000036239624023 48
25.0647318861614963 14.201905172605791 -1.95726191997528076 0 55
25.0958115585965515 14.201905172605791 -1.50726795196533203 -0.0812000036239624023 49.5
17.0792660611507863 -23.444614507293732 -1.04855561256408691 0 49
18.0428584593076025 -22.8070199003858747 -1.05126512050628662 0 49.5
22.9781348883747469 18.3396661983353475 0.148326247930526733 0 47.5
22.7829579796297672 18.6995209135489766 0.200948819518089294 0 48
23.8943879696296122 18.1366321019084182 -0.347693651914596558 0 46.5
23.7546907516447412 18.441285954792086 -0.373166471719741821 0 45.5
28.6154187884887499 7.55389967490631609 -5.75491046905517578 0 50.5
28.6766009269404023 7.55389967490631609 -5.44184494018554688 -0.0812000036239624023 51.5
28.7241227600687452 7.73509700430959324 -5.35197973251342773 0 48
28.7746279782983372 7.80308125532403363 -4.96823740005493164 -0.0812000036239624023 48.5
23.9851719627813544 18.514884244785744 0.0247881133109331131 0 47.5
24.0403559379425822 18.5607136306486851 -0.44936332106590271 0 46
24.5540569312340793 18.6353887611431972 -0.0357260555028915405 0 50
24.5447563099416719 18.6353887611431972 -0.67664414644241333 0.0812000036239624023 45
24.8019627072501088 18.4297495054204141 0.130613863468170166 0 55.5
24.8006019593811011 18.4297495054204141 0.290716230869293213 -0.0812000036239624023 49.5
24.7998125537171461 18.4297495054204141 -0.351803898811340332 0.0812000036239624023 49.5
24.9677284101373012 18.3312681896299274 -0.166828051209449768 0 53.5
24.9661387766276484 18.3312681896299274 -0.327321320772171021 -0.0812000036239624023 47.5
24.8763160828180752 18.4551281098301274 -0.166828051209449768 0.0812000036239624023 48
25.4193206160279637 -17.8091750708148453 -0.891087889671325684 0 54
25.4752193836566683 -17.712175206594722 -1.18094122409820557 -0.0812000036239624023 48.5
25.3215470598455923 -17.9488548752918256 -0.872044205665588379 0.0812000036239624023 47.5
24.7532193616923237 18.8478706955397186 0.895362734794616699 0 60
24.6970357267931711 18.9178792949040826 0.967478930950164795 -0.0812000036239624023 54
24.7585234545641057 18.8478706955397186 0.7341461181640625 0.0812000036239624023 54
24.7750328612524093 18.9634638478479367 0.157407447695732117 0 64
24.827843315923964 18.893286555647844 0.24887123703956604 -0.0812000036239624023 58
24.7755340305468863 18.9634638478479367 -0.00638001458719372749 0.0812000036239624023 58
24.7123674164686555 19.1341090966641119 -1.14475345611572266 0 59.5
24.6762875678643603 19.1770983123633201 -1.20228111743927002 -0.0812000036239624023 54
24.6837334413332172 19.1770983123633201 -1.03820478916168213 0.0812000036239624023 53.5
24.7411870940411021 19.2230858537480813 1.08128452301025391 0 63.5
24.6998888599633268 19.2700956418558818 1.18380773067474365 -0.0812000036239624023 58
24.7478289072098967 19.2230858537480813 0.916792690753936768 0.0812000036239624023 57.5
24.9454785814101534 19.1002198252651354 -0.659830093383789062 0 62.5
24.8929721302078981 19.1709032045527117 -0.589142918586730957 -0.0812000036239624023 56.5
24.9276796480325942 19.1002198252651354 -1.15024375915527344 0.0812000036239624023 56
24.9342564719499933 18.9765477994030043 -3.22856450080871582 0 55.5
25.0369208231881757 18.8427160995109304 -3.21788501739501953 -0.0812000036239624023 49.5
24.8717363328560452 19.0198462905445602 -3.44851922988891602 0.0812000036239624023 49.5
25.2228025391079669 18.9743821844064939 -0.873879492282867432 0 54.5
25.2558952282715694 18.9388717997819036 -0.662979602813720703 -0.0812000036239624023 49
25.2228025391079669 18.9743821844064939 -0.873879492282867432 0.0812000036239624023 48.5
25.526306597530052 -18.9466695007339894 -0.819421648979187012 0 48
25.4854164375032681 -19.5104877575167315 -0.494576096534729004 0 46.5
24.9266534187105222 -20.5076173019181631 -1.73357200622558594 0 48
30.0388413366319895 12.4951577130638736 -1.0206458568572998 0 47.5
29.7678448415069674 13.4925590949475023 -1.05654585361480713 0 45.5
31.287690899532695 -8.23036845942391793 -5.69772529602050781 0 47
32.375734663037889 4.90303836667049175 4.09536838531494141 0 50.5
32.3538778218106202 4.92778036011037734 4.2359776496887207 -0.0812000036239624023 45.5
32.5300973393790755 4.76125935651392318 3.61646270751953125 0 52
32.6414209880112978 4.469660064585943 3.67183613777160645 0 45.5
32.2161993351647808 -8.12503690619890939 0.0317120999097824097 0 52
32.2081115295556231 -8.12503690619890939 0.722536981105804443 -0.0812000036239624023 46
31.9284149758208358 -8.93815841289680613 -3.09447693824768066 0 53.5
30.9867364749639265 -8.93815841289680613 -8.29588508605957031 -0.0812000036239624023 48
32.0822044939768176 -8.92151379760277052 -0.170271754264831543 0.0812000036239624023 47.5
32.355153219386537 -8.18674137860216433 -0.109218090772628784 0 66
32.4014276589837991 -8.29291658429556655 0.526780068874359131 0 66.5
32.4271793634740391 -8.20513873738518029 0.237172096967697144 -0.0812000036239624023 61.5
32.393879001427905 -8.29291658429556655 0.875620484352111816 0.0812000036239624023 62
32.4635889799409227 -8.3492141822023509 0.575952589511871338 0 50.5
32.3843338604624762 -8.39948541661601311 -2.15158367156982422 -0.0812000036239624023 46.5
25.5504763812292559 21.8203403797154607 -0.0778830274939537048 0 45.5
33.747764103946416 2.71712091717175852 -2.82956743240356445 0 49.5
33.8552286060259391 3.15711613375711186 -1.80522060394287109 0 52
33.8952545660764386 2.9954309409231894 -1.24168586730957031 -0.0812000036239624023 47
33.4063896249216938 0.980776368743915827 6.89687633514404297 0 58
33.2888245242585583 0.818735055647094923 7.4632105827331543 -0.0812000036239624023 53
33.4400760470273823 0.818735055647094923 6.75326728820800781 0.0812000036239624023 50.5
33.9273880210165615 3.18493206170281518 -4.32564210891723633 0 46.5
27.513681047630282 -20.7838368075359021 -1.13115882873535156 0 50.5
27.3717264865387833 -21.0925686168693503 -1.15010786056518555 0 52
27.3299565643886915 -21.1271324327101802 -1.46574831008911133 -0.0812000036239624023 46.5
27.2937446170065243 -21.2005805413719592 -1.00874614715576172 0.0812000036239624023 45.5
27.5925547922774967 -20.9478096683551662 -0.680305123329162598 0 52
27.6966639320405363 -20.7832754047343506 -1.25412118434906006 -0.0812000036239624023 47
27.6535602612387628 -20.8742022346300651 -0.413398891687393188 0.0812000036239624023 46
27.7540830260144809 -20.8673142949147277 -0.303028762340545654 0 50
27.7195271716665808 -21.0384937455759804 0.223019436001777649 0 46.5
26.7741190720514837 -22.9271119892659208 -0.237919986248016357 0 47
31.8052850712039543 16.2482368247394575 3.10505318641662598 0 48.5
35.3195693712397087 14.3491577304197389 -1.99012613296508789 0 50
34.4781931184740458 17.63207304387549 -1.96596431732177734 0 48
34.1144425530898658 18.5545842917315227 1.12023329734802246 0 65
34.107241235839588 18.5545842917315227 1.32143235206604004 -0.0812000036239624023 59.5
34.1204545742855103 18.5545842917315227 0.919004201889038086 0.0812000036239624023 59
34.0698771983906425 18.765510163911415 1.50167012214660645 0 70.5
34.1024620171874133 18.6779572393519508 1.81983304023742676 -0.0812000036239624023 65
34.1216918360385506 18.6779572393519508 1.41415667533874512 0.0812000036239624023 64.5
34.1977634174610117 18.6262225159714099 2.13934230804443359 0 61.5
34.1699376841178832 18.6262225159714099 2.54541730880737305 -0.0812000036239624023 55.5
34.1977634174610117 18.6262225159714099 2.13934230804443359 0.0812000036239624023 55.5
33.9600349807103399 19.1649704253537685 2.50511646270751953 0 63
33.9930041383888053 19.0184865749688967 3.10296964645385742 -0.0812000036239624023 57.5
33.974336991279749 19.1649704253537685 2.30303573608398438 0.0812000036239624023 57
34.1873072495554879 18.9962847536913877 1.75836408138275146 0 65.5
34.1477915506880905 19.0549907585959204 1.88634026050567627 -0.0812000036239624023 60
34.2327665510234738 18.9424709158622342 1.42233085632324219 0.0812000036239624023 60
34.353972309412562 18.910137994119669 0.901140213012695312 0 61.5
34.3062808841747398 18.9787595420506392 1.21925652027130127 -0.0812000036239624023 56
34.353972309412562 18.910137994119669 0.901140213012695312 0.0812000036239624023 55.5
34.3537320180159043 18.7891462530171935 3.35848808288574219 0 48
34.3936616085072089 19.1054580593609948 1.56463372707366943 0 49.5
30.3782760682271018 25.3358027468118472 1.84869349002838135 0 56
30.4087462544676121 25.207144373488191 2.8404545783996582 -0.0812000036239624023 50
30.4172748208332635 25.3358027468118472 1.02311241626739502 0.0812000036239624023 50
30.6080179356187898 25.1706035524899576 1.92244470119476318 0 68
30.5942453239500836 25.1706035524899576 2.13045120239257812 -0.0812000036239624023 62
30.5266092498189145 25.294547828403342 1.55492889881134033 0.0812000036239624023 62
30.5843131529775718 25.3423616594904253 1.55786812305450439 0 68
30.6371292122257906 25.2728216627768099 1.64722645282745361 -0.0812000036239624023 62.5
30.5941038418624416 25.3423616594904253 1.35204458236694336 0.0812000036239624023 62
30.7469923240276266 25.2657650554899362 1.5146867036819458 0 55.5
30.6949357044318667 25.3205067170243829 1.65033447742462158 -0.0812000036239624023 50.5
30.7220446051334299 25.3205067170243829 1.02892553806304932 0.0812000036239624023 49
30.3107191811952568 25.9116534267492824 1.36258494853973389 0 48.5
30.2177252614366409 26.0003221062950374 2.97879242897033691 0 51
30.2546446634369239 25.8504643419936251 3.79616546630859375 -0.0812000036239624023 45
30.3508435795756206 25.944006443536292 3.12051081657409668 0 52.5
30.2304711541338591 26.0491036918608003 3.4008181095123291 -0.0812000036239624023 46.5
30.1304176248686026 26.3134849020059001 3.12635421752929688 0 58.5
30.1304176248686026 26.3134849020059001 3.12635421752929688 -0.0812000036239624023 53
30.0842176894227755 26.3134849020059001 3.54345035552978516 0.0812000036239624023 52.5
30.3933877273893209 26.0411735169166114 3.76023364067077637 0 69.5
30.2981569411692817 26.1768046289838843 3.58283281326293945 -0.0812000036239624023 63.5
30.4186517990773844 26.0411735169166114 3.55007362365722656 0.0812000036239624023 63.5
30.4754035913465913 26.0897582891688558 3.55669689178466797 0 69
30.4500923847178413 26.0897582891688558 3.76724910736083984 -0.0812000036239624023 63
30.5213527674243039 26.0897582891688558 3.13804173469543457 0.0812000036239624023 63
30.762783181820609 26.0324585698528423 2.02109503746032715 0 54
29.4925631241851107 26.1414644172954347 -8.99962902069091797 0 45.5
25.7723505216729762 -31.4275249181839555 0.720524966716766357 0 45.5
24.1930061060225512 -32.848672559608481 -0.550745189189910889 0 46
32.2044910144822012 25.2528598431011098 1.43750607967376709 0 62
32.1202527078087385 25.3552017269637275 1.51841497421264648 -0.0812000036239624023 56
32.23039596156908 25.2170401837491944 1.48493492603302002 0.0812000036239624023 56
32.2110581839177215 25.3708814993582479 1.3478926420211792 0 65.5
32.1964537508679101 25.4016402968923281 1.09348142147064209 -0.0812000036239624023 60
32.2110581839177215 25.3708814993582479 1.3478926420211792 0.0812000036239624023 59.5
32.2944210781616974 25.4172638369115589 0.493155539035797119 0 56.5
32.2969712676373817 25.4172638369115589 0.280203461647033691 -0.0812000036239624023 51
32.4113961642373951 25.263188687364714 0.694881081581115723 0.0812000036239624023 50.5
32.0329041184517678 25.4636461744648663 4.56909084320068359 0 46.5
32.0451155883244212 25.9695248128031082 2.53970503807067871 0 55
31.9161975629028447 26.0418201692117854 3.30691885948181152 -0.0812000036239624023 49.5
32.1212571003053995 25.9695248128031082 1.25073873996734619 0.0812000036239624023 48
32.1479074379444114 26.0166569153603113 1.89889538288116455 0 66.5
32.1195249982868702 26.0166569153603113 2.33017539978027344 -0.0812000036239624023 61
32.1599967369496014 26.0166569153603113 1.68176472187042236 0.0812000036239624023 60.5
32.4254152167478438 25.680269354500151 3.04827213287353516 0 65.5
32.4042748292174565 25.680269354500151 3.26536822319030762 -0.0812000036239624023 59.5
32.4448543564199454 25.680269354500151 2.83391332626342773 0.0812000036239624023 59.5
32.2669205071668657 25.9188145224517328 3.66929268836975098 0.0812000036239624023 63
32.296096495521887 26.1320436167800771 2.59213161468505859 0 63
32.2583991197278408 26.1320436167800771 3.02533245086669922 -0.0812000036239624023 57.5
32.3126531721769936 26.1320436167800771 2.37683916091918945 0.0812000036239624023 57
32.1478348449079476 26.392772227499858 2.97123622894287109 0 58.5
32.1039057542175996 26.4553019938828768 2.88899064064025879 -0.0812000036239624023 52.5
32.1672731570046651 26.392772227499858 2.75284385681152344 0.0812000036239624023 52.5
32.3608520431953934 26.0591681515793852 4.34118270874023438 0 63
32.2538962953415407 26.2262141012689938 4.12584304809570312 -0.0812000036239624023 57.5
32.2639500723298482 26.2523150309080009 3.87352752685546875 0.0812000036239624023 57
32.3888950633116366 26.105953487822287 4.56742286682128906 0 61.5
32.2216238337572563 26.2732993435134539 4.78574323654174805 -0.0812000036239624023 56
32.3118033388259605 26.2732993435134539 4.13325023651123047 0.0812000036239624023 55.5
32.4156834834520282 26.5351807179267176 1.67738354206085205 0 57.5
32.3009302586442715 26.6556761091433643 1.95723426342010498 -0.0812000036239624023 52
32.3485823799078673 26.6556761091433643 0.866008996963500977 0.0812000036239624023 51.5
32.529486484395342 26.5354130855878978 1.30551362037658691 0 56
32.4843187507418847 26.582647800336769 1.46005451679229736 -0.0812000036239624023 50
32.5071603339292992 26.582647800336769 0.804575145244598389 0.0812000036239624023 50
32.4632196901405266 26.9202837503407757 2.09488749504089355 0 50
32.6648124409336518 26.7725257875725831 2.35203814506530762 0 48.5
31.3211039543715906 -29.3073046385109741 -0.693144142627716064 0 49.5
31.3806679032837721 -29.3585417044644856 0.424827843904495239 0 52
34.003431717935392 26.7623374713354032 0.519253194332122803 0 48
33.8626259166473957 27.041650694276111 -1.1377263069152832 0 52.5
33.5614976595107208 27.5496774292758424 -0.609860122203826904 0 49.5
36.1230568105747381 25.0049525299886604 -1.21637392044067383 0.162400007247924805 53.5
36.1300887487933551 25.0049525299886604 -0.985725760459899902 0.0812000036239624023 59.5
36.2979868358515034 24.8825831824478207 -1.23044753074645996 0.162400007247924805 55
36.3105802045010861 24.8825831824478207 -0.774342834949493408 0.0812000036239624023 60.5
36.1026977795749104 25.294191060805062 1.26861035823822021 0 46
35.9803313455844105 25.4925768730466693 -0.595290720462799072 0.162400007247924805 48
36.043811997313945 25.3933839669258639 0.910936117172241211 0.0812000036239624023 53
36.3444985111537449 25.0832847307174411 -1.15636742115020752 0 53.5
36.2666313853645121 25.1992066011719018 -1.07808601856231689 0.162400007247924805 54
36.3510569932780641 25.0832847307174411 -0.927541613578796387 0.0812000036239624023 59.5
36.1338159431109247 25.3802244070272209 -2.87301373481750488 0 51.5
36.4748822288772701 25.0097505431337908 -1.46892273426055908 0.162400007247924805 52.5
36.4834948737543172 25.0097505431337908 -1.23673593997955322 0.0812000036239624023 57.5
36.1010179367770689 25.6226401519618392 -2.21416020393371582 0 54
36.2362485800654426 25.5229411630436971 -0.468394428491592407 0.162400007247924805 53
36.2325512982186879 25.5229411630436971 -0.698041260242462158 0.0812000036239624023 59
36.4671143194053116 25.3275548217183228 -0.157406941056251526 0 49.5
36.3691465796534317 25.4662599412238997 -0.33902430534362793 0.162400007247924805 51
36.4219670564569498 25.3885850743007779 -0.469186991453170776 0.0812000036239624023 56.5
36.5516060393928015 25.3036473651396854 1.31576883792877197 0 51.5
36.3551669302022233 25.6093140914921307 -0.700403511524200439 0.162400007247924805 51.5
36.5277949259161687 25.3703382872529453 0.303212881088256836 0.0812000036239624023 57.5
36.7073774222319216 25.2238454900066742 1.01436388492584229 0 49.5
36.4203856834205624 25.6525005557163475 0.455585509538650513 0.162400007247924805 49
36.4918706853248977 25.552295475420582 0.355359405279159546 0.0812000036239624023 55
36.4658453314523712 25.6956848233857471 -1.16814696788787842 0.162400007247924805 45.5
36.5826171078483924 25.5507004906149078 -0.514151632785797119 0.0812000036239624023 52.5
36.8735441778930451 25.0239026407319116 -3.49800920486450195 0 45.5
36.7285956904433064 25.2026448024514238 -3.73189806938171387 0.162400007247924805 45.5
36.9499894069436223 25.0239026407319116 -2.56763386726379395 0.0812000036239624023 51
37.1443166800239624 24.6574497639612069 -4.13650226593017578 0 46
37.056286744085547 24.8868474132288284 -3.50387835502624512 0.162400007247924805 47.5
37.0996659438244336 24.8588720901474112 -3.23296499252319336 0.0812000036239624023 53
33.5003424047468101 -30.3813700640621072 0.0123331807553768158 0 48.5
38.9879682011377113 23.5846691365940266 -1.74986469745635986 0 55
39.0609988494523606 23.4878004786278254 -1.38634002208709717 -0.0812000036239624023 49.5
38.9423698249235954 23.6530470128054624 -1.8399498462677002 0.0812000036239624023 49
38.9810223307775274 23.6919504444449416 -2.31891751289367676 0 59
38.9662420794241626 23.6919504444449416 -2.55524206161499023 -0.0812000036239624023 53.5
38.9810223307775274 23.6919504444449416 -2.31891751289367676 0.0812000036239624023 52.5
38.7462243617622875 24.4340028881954225 -1.28075540065765381 0.0812000036239624023 51.5
39.0515987921613643 24.0438201697556977 -1.91771447658538818 0 61.5
38.9586143667187343 24.2273607817385681 -1.43925166130065918 -0.0812000036239624023 55.5
39.3179208958346393 23.8174129649368673 -2.72667121887207031 0 50.5
39.3642342149318978 23.6735532586978188 -3.25925946235656738 -0.0812000036239624023 45
39.1408515845029186 24.0130621654219709 -3.45965933799743652 0.0812000036239624023 45
39.1416821596079529 23.8562019588352285 -5.13088083267211914 -0.0812000036239624023 45.5
39.1022362547016442 24.3461215448465822 -2.40771341323852539 0.0812000036239624023 50.5
38.9995707278578649 24.385709137052114 -4.3371434211730957 0 52
39.0195637927641172 24.6339538086650975 -2.25434350967407227 0.162400007247924805 48
38.8817934648754502 24.7551895785226002 -3.13476157188415527 0.0812000036239624023 56
39.0636362352081008 24.7202044312444187 -2.07837152481079102 0 51
38.8542995435450749 24.9168095659022697 -3.29721593856811523 0.162400007247924805 48
38.7657303581278825 25.0613721649153973 -3.2437138557434082 0.0812000036239624023 55.5
35.3519785676102529 -29.9729584194062362 0.426593244075775146 0 65
35.3068538071741571 -30.0250853036138992 0.492949455976486206 -0.0812000036239624023 60
35.2060947786256406 -30.1467147000984497 0.17064252495765686 0.0812000036239624023 58.5
35.4112690379100172 -30.0214588430955409 0.186741068959236145 0 72
35.4112690379100172 -30.0214588430955409 0.186741068959236145 -0.0812000036239624023 66.5
35.4105108210615711 -30.0214588430955409 -0.297517985105514526 0.0812000036239624023 65.5
35.4677144844477823 -30.0699567999508268 -0.297998607158660889 0 66.5
35.4684739261523632 -30.0699567999508268 0.187042742967605591 -0.0812000036239624023 61
35.4677144844477823 -30.0699567999508268 -0.297998607158660889 0.0812000036239624023 60.5
35.4577801765861693 -30.2952036508543152 1.08125960826873779 0 52.5
35.4396050532751019 -30.2952036508543152 1.56766986846923828 -0.0812000036239624023 48
35.4037437526159806 -30.3768147440065093 0.216268882155418396 0.0812000036239624023 46.5
40.1199974105857109 25.2129360078330365 -2.92735648155212402 0.0812000036239624023 46.5
35.8836728444472755 -31.1827112122807151 1.00164389610290527 -0.0812000036239624023 55.5
35.7236125250520971 -31.3728496952824258 0.755309104919433594 0.0812000036239624023 54.5
35.9402693908686359 -31.2318932949042001 1.00322365760803223 0 61
35.7660077521817428 -31.4223316686536123 1.25317203998565674 -0.0812000036239624023 56
40.0760895284944283 25.8331157637723976 -1.359169602394104 0 54
40.0837941768818311 25.8331157637723976 -1.10884678363800049 0.162400007247924805 49
40.0760895284944283 25.8331157637723976 -1.359169602394104 0.0812000036239624023 56.5
47.7066786464903885 1.78501304812520178 -1.82681798934936523 -4.46600008010864258 47
47.7156178577220942 1.78501304812520178 -1.57617676258087158 -4.54720020294189453 49.5
47.7299489615230357 1.85665236778240073 -0.924973964691162109 -4.62840032577514648 46.5
39.9888235860448304 25.7244857002391143 -4.6471099853515625 0.0812000036239624023 49
47.777820610612622 2.03894654025448974 -1.65690171718597412 -4.46600008010864258 47
47.7857707142247747 2.03894654025448974 -1.40909218788146973 -4.54720020294189453 51
47.8090853227326562 1.85956707923503339 -0.675267219543457031 -4.62840032577514648 48.5
47.8703587829814765 2.07807453816276544 -0.957277774810791016 -4.54720020294189453 47
47.8727973273746983 2.04214241358358217 -0.91154170036315918 -4.62840032577514648 46
33.945345201112076 -34.3241573013113026 -1.56716394424438477 0 45.5
35.5187671834177223 -33.1648443503599708 0.685852885246276855 0 48
33.0195630010153991 35.5516695111003003 3.87854599952697754 0 59.5
32.9306570870434427 35.7037296886499149 3.17356443405151367 -0.0812000036239624023 56
32.9562031686581349 35.5516695111003003 4.38444280624389648 0.0812000036239624023 52.5
32.8990122378749348 35.7587436958105371 3.94083881378173828 0 61.5
32.8513427604445454 35.8683957207721349 3.28789258003234863 -0.0812000036239624023 57.5
32.9285685457076553 35.7587436958105371 3.68570423126220703 0.0812000036239624023 55
32.9018812273143411 35.9235756183497017 3.29295063018798828 0 49.5
33.1789350583624341 35.7649456988393268 1.97673249244689941 -0.0812000036239624023 46
36.5804928179579179 -32.5639606325162561 0.0834734737873077393 0 51
48.8167925720140019 -6.41599272026645373 1.94459819793701172 2.84200000762939453 45.5
48.8590541836492633 -6.30515983258430701 1.03126847743988037 2.76080012321472168 48
48.9273593578101114 -6.31475682463413257 1.28847086429595947 2.84200000762939453 51
48.9014855864547968 -6.51209297540395049 1.28847086429595947 2.76080012321472168 53.5
49.0040112198168245 -6.43552409861785701 0.148261874914169312 2.84200000762939453 48.5
49.0189779618059873 -6.21318353475006191 -1.16915631294250488 2.76080012321472168 50
28.0653717437415047 -40.7748083312237384 0.0168742965906858444 0 48.5
49.1533382774881957 -5.80818340761818774 -0.681677520275115967 2.84200000762939453 47.5
49.0870591204415021 -6.33395080873378458 -0.769413888454437256 2.76080012321472168 49.5
49.1387204517983633 -6.45505498026567626 1.18284451961517334 2.76080012321472168 50.5
49.1793401615968548 -6.07716788449196521 1.46327054500579834 2.67960023880004883 45
49.19130935649045 -6.55168006423233695 1.55345523357391357 2.84200000762939453 50.5
49.1937901353259619 -6.6199267315680892 1.12710165977478027 2.76080012321472168 54
49.19130935649045 -6.55168006423233695 1.55345523357391357 2.67960023880004883 47.5
49.1862319378763146 -6.75021582375452844 0.521281421184539795 2.51719999313354492 45.5
49.3100729901033077 -6.36274129675997013 0.779693245887756348 2.84200000762939453 51.5
49.2730774049839653 -6.56157696228371989 1.29826164245605469 2.76080012321472168 53
49.262644291556434 -6.76041262780746788 -0.254257142543792725 2.59840011596679688 47
49.2525209750834989 -6.76041262780746788 -1.03051519393920898 2.51719999313354492 46
36.5688720672042962 -33.7970402798105525 0.71975862979888916 0 51.5
49.4293888531213526 -5.97406714575918318 1.04225611686706543 2.84200000762939453 51.5
49.4918309933096339 -5.37666043118326531 1.30021989345550537 2.76080012321472168 51
49.3417612186106211 -6.71460255236891612 -0.587357997894287109 2.59840011596679688 47
36.5453896402799074 -33.9040311795667435 1.57069277763366699 0 53
49.5407031706477454 -5.76493177226088882 -0.0204014088958501816 2.76080012321472168 53.5
36.9410956935350967 -33.555541870127314 2.09373211860656738 0 48.5
49.5620444613673783 -6.19179641651158796 -0.517618000507354736 2.84200000762939453 50.5
49.6031279364095425 -5.86098471280683597 -0.425672620534896851 2.76080012321472168 52
36.7385675196161614 -35.2287020311688792 1.60375988483428955 0 57
36.7579196523449809 -35.2096113328138358 1.57946467399597168 -0.0812000036239624023 51.5
37.0183788996963017 -35.076651747649592 -0.518066644668579102 0 61.5
37.0183788996963017 -35.076651747649592 -0.518066644668579102 0.0812000036239624023 55
36.7868892009217419 -35.332466868791073 -2.64524054527282715 0 54.5
36.7930164811403202 -35.3643784176248843 -2.0713043212890625 -0.0812000036239624023 49.5
37.1770331275583885 -35.231400620790339 -0.785749256610870361 0 52.5
37.1515301458962384 -35.231400620790339 -1.58527636528015137 0.0812000036239624023 47
36.4142606356025595 -37.1842005468613976 0.734539985656738281 0 49
36.527061714376778 -37.1856724869394597 0.124378934502601624 0 48
36.2545178615781367 -38.7836387067789872 1.02445316314697266 0 47.5
36.6361059086481902 -38.7758781542021893 2.40565657615661621 0 48.5
42.1318793755574958 33.2961168779858525 2.83267569541931152 0 46.5
37.78576767264029 -38.7859248879903546 0.332256734371185303 0 53.5
37.5917730434270325 -38.9753885824885629 0.0147670917212963104 -0.0812000036239624023 48
37.9870436926648622 -38.5896946329743571 -0.206735566258430481 0.0812000036239624023 47.5
37.6438397392544815 -39.0293716627688383 0.0147875454276800156 0 59
37.6438397392544815 -39.0293716627688383 0.0147875454276800156 0.0812000036239624023 53
52.8473134031406744 12.7943762363418774 0.326228529214859009 0 64
52.854055959571518 12.7536081761092426 0.659849584102630615 0.0812000036239624023 57
52.9939085656829718 12.4854286145444604 0.749846935272216797 0 58
52.9759766697304997 12.5670771940401185 0.6459159255027771 -0.0812000036239624023 53.5
53.007681236382723 12.3153274072618384 1.82236671447753906 0.0812000036239624023 51.5
53.1440557602815247 13.1357501596790698 0.851020097732543945 0 54
53.1386780186268695 13.1357501596790698 1.138388991355896 -0.0812000036239624023 49
53.2122376095295522 12.8826133076435863 -0.242625489830970764 0.0812000036239624023 47
53.211386955204425 13.1537436045413187 -1.1436842679977417 0 54.5
53.1960265318693359 13.1537436045413187 -1.7153695821762085 0.0812000036239624023 47.5
42.0422909343790394 35.2962732731527709 2.9782264232635498 0 49
42.3012509626533131 35.4407317960810317 1.2643808126449585 0 46.5
54.4058857868090158 9.72525315657183675 0.862949132919311523 0 59
54.3853597552005112 9.72525315657183675 1.72568380832672119 -0.0812000036239624023 53
54.3938370122120745 10.2433544031025257 -0.0830213800072669983 0 68
54.3778659932672213 10.3263525481648006 -0.192452743649482727 -0.0812000036239624023 62
54.3926452247679677 10.2433544031025257 -0.369810909032821655 0.0812000036239624023 62
54.3178944381435542 10.6381580560460272 -2.88562297821044922 0 64.5
54.350535810081297 10.5134921413267399 -2.72334766387939453 -0.0812000036239624023 58.5
54.3178944381435542 10.6381580560460272 -2.88562297821044922 0.0812000036239624023 58.5
54.5307251771302646 10.271114452371652 1.0745398998260498 0 55.5
54.4118983934232574 10.8328702056748956 1.49821364879608154 -0.0812000036239624023 51.5
54.6334667564478238 9.76484074877736852 0.287572383880615234 0.0812000036239624023 48.5
51.8224099447795084 20.0005280625198161 1.7312619686126709 0 53.5
51.8900104048961808 19.854690878730608 1.34114980697631836 -0.0812000036239624023 47.5
51.8530252854712401 19.9380264123244402 1.52296042442321777 0.0812000036239624023 47.5
51.9230030885075067 19.9649336039016347 1.52501571178436279 0 49.5
52.0216876161368589 19.9082803323838355 1.63719964027404785 0 51
52.9629054980395395 17.6507893735927546 2.32305479049682617 0 55
52.8973292933568615 17.5739860970462694 3.87864136695861816 -0.0812000036239624023 49.5
53.0410342322784061 17.4902007044500998 1.66064834594726562 0.0812000036239624023 48.5
52.9941052793206069 17.7164296684746638 2.85582113265991211 0 62.5
53.0252647427858292 17.5975743786703767 3.00818872451782227 -0.0812000036239624023 57.5
53.0180115737769455 17.7723615695590347 1.90687930583953857 0.0812000036239624023 56.5
53.1362212182314124 17.6981733167843949 1.4551093578338623 0 59
53.1274816357441821 17.6981733167843949 1.74528038501739502 -0.0812000036239624023 54
53.8805667631432286 -15.8713242442380373 0.785092711448669434 0 56
53.9023873853568602 -15.7870889983597245 0.965074896812438965 -0.0812000036239624023 50
53.9263860930696879 -15.7239125639509965 -0.578295707702636719 0.0812000036239624023 49.5
54.767369239235947 11.4361437661007148 -5.81488466262817383 0 54.5
52.0526447351401984 -14.2504888980623807 -16.3830928802490234 0 47
55.3997252106568681 10.966720341278231 -0.165564060211181641 0 47
50.6687271581597258 -18.85742058607525 -17.8194808959960938 0 57.5
50.8898552638656554 -19.1206135554018388 -16.8843364715576172 -0.0812000036239624023 51.5
50.5589338782190225 -18.8147406451033739 -18.1729412078857422 0.0812000036239624023 51.5
37.8247686340302351 -42.5438605671087871 2.88224387168884277 0 61.5
38.0838793207977488 -42.3301797003729305 2.60277342796325684 -0.0812000036239624023 56
38.0719794583616178 -42.3942839603936861 1.49985957145690918 0.0812000036239624023 55.5
37.8958846375922036 -42.5998370494849397 2.59064698219299316 0 66
38.1123521199000805 -42.3858750351731146 2.90547013282775879 -0.0812000036239624023 60.5
38.1090923019262604 -42.4500636394666628 1.80132913589477539 0.0812000036239624023 60
37.9456826265907523 -42.6558163790880798 2.59405136108398438 0 61.5
37.8473783613720443 -42.6986650143257336 3.24388313293457031 -0.0812000036239624023 56
38.2345923790835798 -42.4415732028997894 1.71801817417144775 0.0812000036239624023 55.5
41.8184946431273517 39.050580339052857 0.983113706111907959 0 49.5
41.7437283185004659 39.1805231892761867 2.37449264526367188 0 52.5
41.9195497357367657 38.9513973226722356 2.97154545783996582 -0.0812000036239624023 46.5
41.7927485293508241 39.101761172631079 2.77646064758300781 0.0812000036239624023 46.5
41.7417902401231657 39.2533157817242042 2.94808554649353027 0 52.5
40.7381718869329816 40.1810000005432144 7.80714511871337891 0 45
56.9920901714806334 -10.7430303481751288 2.50838208198547363 0 59
56.9920901714806334 -10.7430303481751288 2.50838208198547363 -0.0812000036239624023 53.5
56.9920901714806334 -10.7430303481751288 2.50838208198547363 0.0812000036239624023 53
57.07817246325029 -10.756910372809692 2.21070098876953125 0 68
57.0516846945786185 -10.756910372809692 2.81247735023498535 -0.0812000036239624023 62.5
57.0891683689107907 -10.756910372809692 1.90575873851776123 0.0812000036239624023 62
57.1393542995041486 -10.7707896914768746 2.51486372947692871 0 65.5
57.141642992483284 -10.7053358716096945 2.73287582397460938 -0.0812000036239624023 60
57.1628288097600077 -10.7707896914768746 1.9082176685333252 0.0812000036239624023 59.5
57.2535469181352283 -10.7846697161114378 1.30304098129272461 0 53
57.2765566562449067 -10.5662091546777148 1.93052709102630615 -0.0812000036239624023 47.5
57.2683001361700903 -10.7846697161114378 0.0913772210478782654 0.0812000036239624023 46.5
57.2666010053683365 -11.0683311994952245 1.65865683555603027 0 50.5
57.2618269469899843 -11.1995762334813342 0.612623751163482666 -0.0812000036239624023 45.5
37.1747250548940968 -45.3437715920536704 1.34340453147888184 0 45
37.5822322630725623 -45.086211766680357 1.85340440273284912 0 53
37.5021781801883165 -45.086211766680357 3.07343029975891113 -0.0812000036239624023 47.5
37.7704886812865794 -44.9541232556451646 1.06892478466033936 0.0812000036239624023 47.5
37.3867056125319905 -45.3348319085453042 2.10417342185974121 0 51
36.9950983748492916 -45.4597414940307658 4.71330022811889648 -0.0812000036239624023 46
41.4764700477810848 41.7761822215788925 4.28997611999511719 0 45.5
38.7212896418499213 -46.4105820258575577 0.960219383239746094 0 53
38.8698441950084757 -46.274613523828684 1.41347301006317139 -0.0812000036239624023 47
38.2257814380343177 -46.8260413376124731 0.560487687587738037 0.0812000036239624023 46.5
38.7601530278769033 -46.468163978156511 1.27908921241760254 0 56
38.7693314322301532 -46.468163978156511 0.961410760879516602 -0.0812000036239624023 50.5
38.2967593349501314 -46.7933806205817646 2.64830660820007324 0.0812000036239624023 49.5
60.2143118081946156 7.53056356711799335 2.84433960914611816 0 50
60.3483993741287392 7.53986018029682281 0.949595332145690918 0 53.5
60.3249895196240615 7.78308147643542991 -2.65874518845521379e-06 -0.0812000036239624023 49
60.3370086115734026 7.64626949735746475 0.812763333320617676 0.0812000036239624023 47
60.4475867061258256 7.37412640230684868 -0.722427487373352051 0 49.5
60.5426899162343304 7.15462564203363538 1.15975677967071533 0 46
46.8786210015981055 38.4103708008496341 10.8866367340087891 0 53.5
46.2871545298294578 38.6258135857902971 12.5310182571411133 -0.0812000036239624023 48
46.7997424794561638 38.695063052378373 10.1959323883056641 0.0812000036239624023 48
47.0780762601415361 38.7036763687405596 9.295318603515625 0 54
46.8596522124749129 38.4571561370925394 11.2224197387695312 -0.0812000036239624023 48
47.0780762601415361 38.7036763687405596 9.295318603515625 0.0812000036239624023 48
41.9110192333090339 45.5804506336744097 1.92141056060791016 0 46.5
41.34506169323884 46.2324308527406345 0.498980462551116943 0 46.5
38.881865045961213 -48.3835322729980675 1.90914058685302734 0 49.5
38.6141858341474418 -48.7294334473948183 0.343348920345306396 0 53
38.9643569476652374 -48.4419670829889455 0.940997958183288574 -0.0812000036239624023 48.5
38.6141858341474418 -48.7294334473948183 0.343348920345306396 0.0812000036239624023 45.5
61.8028626518642028 7.41313279936002889 0.717221915721893311 0 49
52.4896884099334713 34.0569811658368451 -2.61648964881896973 0 50
52.2098892072283363 34.7010585882413878 -1.11991071701049805 0 50
53.3991750631253979 33.4115895520272161 6.25172615051269531 0 55
53.3176345374919691 33.4115895520272161 6.91272211074829102 -0.0812000036239624023 49.5
53.4720454305205806 33.4115895520272161 5.59434080123901367 0.0812000036239624023 49
53.30135067506788 33.8550620955480497 5.40296554565429688 0 52
53.3632332490830734 33.9580131615696033 3.95089197158813477 -0.0812000036239624023 46
53.4226580065980201 33.4511771442327444 6.59011363983154297 0.0812000036239624023 45.5
53.8814953752944135 33.2366422276210258 -5.24744415283203125 0 48
54.4364116809426477 32.8069847730830162 2.31060647964477539 0 51
54.4596757805113256 32.6639310604096877 3.48877382278442383 0.0812000036239624023 45.5
52.4904669936561206 36.0947280820851049 2.44635868072509766 0 51
52.4252126129245966 36.1982883259754473 2.31171202659606934 0.0812000036239624023 46
38.7687314382006889 -50.7601126353440861 1.89915752410888672 0 50
38.8614266965866406 -50.7237593771509623 3.11296796798706055 0 50.5
38.9909447498949362 -50.7832251140222013 1.78140127658843994 0 51
56.3368525287730151 30.8780107417159009 -3.69197845458984375 0 50.5
56.4081268075874362 30.7404273343028507 -5.77922868728637695 0 49.5
56.9775712657112976 30.364641717509496 -1.21502792835235596 0 54.5
56.9901482665103956 30.364641717509496 -0.206915408372879028 -0.0812000036239624023 49
56.9094097467843696 30.4695421539505311 -1.69037747383117676 0.0812000036239624023 47.5
56.770863023931156 31.0579525121877893 1.34138166904449463 0 52
56.5510612424047068 31.4057368762565652 2.23241305351257324 -0.0812000036239624023 46.5
56.777871507656144 31.0579525121877893 1.00165605545043945 0.0812000036239624023 46
57.1171011878466643 30.5757070785470901 1.34293591976165771 0 51.5
57.0695354078511485 30.5757070785470901 2.68970489501953125 -0.0812000036239624023 46
57.4072173759486972 30.0574747551818824 -0.00883223582059144974 0.0812000036239624023 45.5
58.2019198886984412 28.7391957131600755 -2.25786805152893066 0 48.5
57.4491206763141022 30.1966311399043583 5.07671642303466797 0 48.5
58.6864720624197034 28.1464930551457648 3.3843686580657959 0 54.5
58.9281761475100865 27.9179656887135756 2.37055134773254395 0 55.5
58.9516135785108588 27.9179656887135756 1.69025802612304688 -0.0812000036239624023 49.5
58.9304444224968051 27.8771976313410406 2.7617194652557373 0.0812000036239624023 49.5
58.9182463155038789 28.2112727514820882 -0.347379207611083984 0 53
58.9034045146222383 28.2112727514820882 -1.36717438697814941 0.0812000036239624023 47.5
59.1555386449573248 27.7206301938594351 3.05759978294372559 0 46.5
40.3333199729197602 -51.7367734983726208 1.78047490119934082 0 50
64.8523960233764996 11.3354323556091874 3.43229269981384277 0.0812000036239624023 49
65.0200351653164716 11.3070910020273239 0.737935423851013184 0 61.5
65.0025561510619241 11.3483276577604659 1.37230443954467773 -0.0812000036239624023 56
65.0151792560014883 11.3070910020273239 1.08437693119049072 0.0812000036239624023 55.5
65.1283215717475059 11.0970097537955787 -1.0315558910369873 0 57
65.0907118199946666 11.3199407533137943 -0.982008934020996094 -0.0812000036239624023 50.5
65.1219062813266873 11.0970097537955787 -1.37836647033691406 0.0812000036239624023 51
65.1888740646230787 12.0212729447899971 1.2610393762588501 0.0812000036239624023 47.5
64.2693847803770666 -14.6307657897032719 -8.99791812896728516 0 51
64.316897791650689 -14.6307657897032719 -8.65177440643310547 0.0812000036239624023 45.5
64.135187281300631 -14.4558483828694158 -10.642704963684082 0.0812000036239624023 47.5
65.8019874188449592 10.66454941809058 1.38633942604064941 0 56.5
65.8083555993282232 10.66454941809058 1.04092514514923096 -0.0812000036239624023 50.5
65.7919443309675955 10.8145196442824787 0.150004833936691284 0.0812000036239624023 50
65.6844653925365378 11.0352102332049551 4.39744710922241211 0 63.5
65.6604568165803784 11.0352102332049551 4.74249553680419922 -0.0812000036239624023 58
65.7358808807565964 10.9434586741987161 3.82058835029602051 0.0812000036239624023 57.5
65.8630185818809224 11.1478151829040772 1.83580696582794189 0 64
65.8611849061583001 11.2229689931259013 1.3894582986831665 -0.0812000036239624023 58.5
65.8717572203756845 11.1478151829040772 1.48966526985168457 0.0812000036239624023 58
65.0855849186544759 11.4612788680133271 -10.397883415222168 0 58
65.1250431193572723 11.5030778427325604 -10.1004095077514648 -0.0812000036239624023 52.5
65.8969086805749811 11.78378781617368 -2.09552001953125 0 51
65.8849648403244572 11.78378781617368 -2.44234681129455566 -0.0812000036239624023 45.5
65.3824401348697108 10.1883035078354816 10.8183917999267578 0 49.5
65.8641048172393653 12.1708583601284523 4.42215204238891602 0 60.5
65.8134890178503156 12.1708583601284523 5.12056207656860352 -0.0812000036239624023 54.5
65.8441790034800221 12.120530896199595 4.83761119842529297 0.0812000036239624023 54.5
65.8458090953971436 12.6295139238376191 4.54594898223876953 0 57.5
65.820568170119941 12.6295139238376191 4.89785051345825195 -0.0812000036239624023 52
65.9431924871970807 12.6295139238376191 2.79848027229309082 0.0812000036239624023 51
65.1601639286612624 12.1055828830656846 11.5556850433349609 0 58.5
64.8247537486377183 12.1055828830656846 13.3090877532958984 -0.0812000036239624023 53
65.5953552961923521 12.1055828830656846 8.75386428833007812 0.0812000036239624023 52
66.0777771821772859 10.3096334659444011 7.96630144119262695 -0.0812000036239624023 45
65.2931970725288551 -15.8144737446925845 -5.72992610931396484 0.0812000036239624023 48.5
40.2875049231968276 -54.1343570104023541 1.62433350086212158 0 62.5
40.1046606140927011 -54.2524437972745304 2.13034987449645996 -0.0812000036239624023 57
40.2875049231968276 -54.1343570104023541 1.62433350086212158 0.0812000036239624023 56
39.9067355761894262 -54.5069432593042649 1.68139922618865967 0 61
39.9067355761894262 -54.5069432593042649 1.68139922618865967 -0.0812000036239624023 55.5
40.1664936228639107 -54.3127279696119274 1.77812290191650391 0.0812000036239624023 55
64.9540526355699797 -17.1606346704132378 -7.93766021728515625 0 58.5
65.0999234574988321 -16.9492968050140611 -7.15849685668945312 -0.0812000036239624023 52.5
64.864019787493163 -17.1606346704132378 -8.64257717132568359 0.0812000036239624023 52
62.4427679892041709 25.8456573719767491 4.42482328414916992 0 53
62.2927788198498362 25.8456573719767491 6.18775224685668945 -0.0812000036239624023 47
62.4370160865608881 25.9979893407703244 3.52139568328857422 0.0812000036239624023 47.5
65.6838486394166381 -16.2667367828437044 -4.22675085067749023 0 56.5
65.6346390729655838 -16.2667367828437044 -4.9323577880859375 -0.0812000036239624023 51.5
65.7054779139167948 -16.2667367828437044 -3.87607789039611816 0.0812000036239624023 50
65.8774976513119412 -16.2847302277059534 -1.40666103363037109 0 59.5
65.8925123698500386 -16.2847302277059534 0.00925351493060588837 -0.0812000036239624023 53.5
65.8585769423132206 -16.2847302277059534 -2.11442708969116211 0.0812000036239624023 53
65.0569046011255665 -16.3207189478928001 11.3417015075683594 0.0812000036239624023 48.5
65.5131501869437471 -16.3387142232173979 8.87042236328125 0 57.5
65.605293032409179 -16.3387142232173979 8.16103935241699219 0.0812000036239624023 51
66.046174331618559 -17.0996227767960995 -1.88890814781188965 0 46.5
65.9939314687717768 -18.6803562433027643 3.94155478477478027 0 49
49.2530448475678 48.0337989160426702 4.18901252746582031 0 49
40.8289196593467167 -55.9762884234178557 1.46453332901000977 0 59.5
40.4768607818277317 -56.2101002717211173 2.13049030303955078 -0.0812000036239624023 54
40.5930640722896925 -56.1581420832092846 0.977975428104400635 0.0812000036239624023 53
40.6369941702861865 -56.2189168175487097 0.979033768177032471 0 61.5
40.6265908910832181 -56.2189168175487097 1.34317469596862793 -0.0812000036239624023 56
40.6440670202984151 -56.2189168175487097 0.619596242904663086 0.0812000036239624023 55
40.6926017118924364 -56.2796977344653797 -0.104170456528663635 0 55
41.0425166853768957 -56.0193444681532782 -0.804910838603973389 -0.0812000036239624023 50
40.7782437195640242 -56.2102701967821474 -0.918540835380554199 0.0812000036239624023 48.5
49.2929583850591015 48.5042081930869173 7.85536909103393555 0 45
65.0538571434941701 25.3644530490699296 0.41416129469871521 0 52.5
65.102491244060019 25.242298820419439 -0.152336597442626953 0.0812000036239624023 46.5
65.2865461373418867 24.972431914829869 0.233512923121452332 0 51
65.6379615912646983 23.9756112375918846 4.88167905807495117 0 49
65.5998188529279957 23.9311776965318472 6.44035243988037109 0 49
52.1060550207408966 46.6972927124848098 7.31064558029174805 0 45.5
68.1648483699951697 20.2071617874611924 3.33244228363037109 0 62
68.1820755233626983 20.2071617874611924 2.95916628837585449 -0.0812000036239624023 56.5
68.2054075788816192 20.1093278175395049 3.0852200984954834 0.0812000036239624023 55.5
68.3021751815586811 20.0236765469642926 3.22919964790344238 0 67.5
68.217649639798708 20.228454030548189 3.70467948913574219 -0.0812000036239624023 62
68.3332409653087609 20.0236765469642926 2.48658895492553711 0.0812000036239624023 61.5
68.4176189402997039 20.0447553876960711 2.11983442306518555 0 60.5
68.3905343078802588 20.0447553876960711 2.86337161064147949 -0.0812000036239624023 54.5
68.4078921907495214 20.1517082843845365 1.23506581783294678 0.0812000036239624023 54.5
68.4634688662411577 19.7981686950110287 4.32971429824829102 0 58.5
68.4452804236793355 19.9855330675190181 3.7124788761138916 -0.0812000036239624023 53
68.4815813824168771 19.9855330675190181 2.9685206413269043 0.0812000036239624023 53
68.6311492555565934 19.944007156787098 0.823509037494659424 0 58
68.6870359793228999 19.7653774464710459 0.311871170997619629 -0.0812000036239624023 52
68.6137888919135719 20.0065275553977173 -0.750422537326812744 0.0812000036239624023 52
67.3181057182942624 22.9125854400871987 8.56892490386962891 0 46.5
48.6472177610435708 53.5401742891566386 2.24474716186523438 0 47.5
49.430599371225135 52.7177698543693651 6.94361972808837891 0 46
41.6517354865202023 -59.9204552553497933 0.154235273599624634 0 55
41.3464178059737861 -60.11195267741072 1.5421980619430542 -0.0812000036239624023 50
41.3587874113857765 -60.11195267741072 1.16414844989776611 0.0812000036239624023 49.5
41.2747008554292663 -60.255884839450971 -1.38942348957061768 0 51.5
72.1495351156537055 17.8682192722284547 -4.65807676315307617 0 47.5
41.5114601407277348 -62.1926755914179807 0.412929892539978027 0 51.5
41.0601326019796744 -62.4356157304469548 2.6758430004119873 -0.0812000036239624023 46.5
41.0742261384571776 -62.4982430375922391 3.0660712718963623 0 51.5
41.7410864774071158 -64.0638301603698039 6.34303903579711914 0 47
42.2681704141948558 -64.0496759386726637 3.04654836654663086 0 48.5
48.1489265834922193 59.8978298607952553 8.54912757873535156 0 45.5
74.5781979488163671 19.8079904840441721 6.04117298126220703 0 49
43.7534498801585983 -67.3608401082531287 -0.509291529655456543 0 48.5
43.084730408549575 -67.8356495317210459 -2.48816418647766113 0 50
43.6415228162682709 -69.7466311402340438 0.0280471239238977432 0 55.5
43.5902836096182398 -69.7466311402340438 -2.11445188522338867 0.0812000036239624023 48.5
43.6632132751067772 -69.8102144463809537 -1.25756657123565674 0 51.5
44.557014070142408 -71.3361167794024027 2.65583610534667969 0 48
44.9169022635020028 -73.4518235469704308 -0.716129779815673828 0 47.5
45.620964744848294 -77.403194926158136 0.704448401927947998 0 45.5
90.4944084324117313 12.1798656344123089 2.69008803367614746 0 54.5
90.5073844185095453 12.1798656344123089 2.2107081413269043 -0.0812000036239624023 49
90.4262571621288629 12.6800841985966866 5.87856006622314453 0 47
47.5381881783988334 -80.6983197371197889 -1.70508909225463867 0 47
47.5560544085414065 -80.7629274500783083 -2.19849872589111328 0 50
48.8035857875831383 -86.5805051064974833 3.51141738891601562 0 49.5
