
X Y Z V_r Mag
9.96183823437913674 -5.98846251180309963 -1.33794939517974854 -4.62840032577514648 47.5
11.3162520491180469 -2.96791477025397787 -0.154743373394012451 4.30360031127929688 49.5
11.3250201416203318 -2.93136409574346102 -0.20259857177734375 4.22240018844604492 59
11.3301661492439791 -2.91381977197841247 -0.164314642548561096 4.14120006561279297 60.5
11.334093406384488 -2.90066152915462627 -0.120446100831031799 4.06000041961669922 53.5
9.95930368811165323 -6.05333517250748621 -1.67929732799530029 -4.62840032577514648 45
11.3847947448205264 -2.98693981531118036 -0.33952978253364563 4.30360031127929688 58.5
11.3911555823442736 -2.96634023037799999 -0.305023223161697388 4.22240018844604492 73
11.4003532721084042 -2.93249805513063189 -0.28817024827003479 4.14120006561279297 74
11.408341371687051 -2.90895567234985419 -0.195869341492652893 4.06000041961669922 63.5
11.4494566525063224 -3.03261873597756093 -0.368340998888015747 4.30360031127929688 58
11.4597354520028425 -2.98523406822791149 -0.430513560771942139 4.22240018844604492 73
11.4741131381689581 -2.93784940047826204 -0.369148612022399902 4.14120006561279297 74
11.3624987373032429 -3.33025368028004598 -0.474915385246276855 3.97880029678344727 49
11.61817802189071 -2.63159220343920452 -0.54615175724029541 4.22240018844604492 54
11.6439593843084275 -2.56751606258536214 0.178043186664581299 4.14120006561279297 57.5
11.5533863847122955 -2.95554358000077677 -1.33567512035369873 4.30360031127929688 47
11.5236078016533448 -3.26294410455692052 -0.748097479343414307 4.22240018844604492 58.5
11.5512242655161863 -3.19846497013782738 -0.58227461576461792 4.14120006561279297 61
11.3770430069530342 -3.79077329794112838 0.439234316349029541 4.06000041961669922 54.5
11.3794705895534722 -3.79977038646472254 0.263414144515991211 3.97880029678344727 45.5
11.5521086254526608 -3.49759964060311157 -0.348180234432220459 4.14120006561279297 53.5
11.4807314690886368 -3.73449487079063935 -0.228022128343582153 4.06000041961669922 55
11.8742879374856471 -2.5658573041617081 -0.20045192539691925 4.22240018844604492 46
11.5100127233915455 -3.88674242523903679 -0.188027739524841309 4.14120006561279297 55
11.5432230867064423 -3.789573864608061 -0.125078648328781128 4.06000041961669922 55
11.5131827892145697 -4.10627133030087066 -0.189188405871391296 4.14120006561279297 52.5
11.4742727799884445 -4.2177883716371678 -0.0441736765205860138 4.06000041961669922 59.5
11.4792365584025617 -4.20403969530803501 -0.0616760887205600739 3.97880029678344727 57
11.5643546074903671 -4.18833221202550376 -0.116560272872447968 3.97880029678344727 57.5
11.7239961099711696 -3.95871925545861547 0.130768939852714539 4.14120006561279297 47
11.6560227350579879 -4.15665521823154638 0.00168710504658520222 4.06000041961669922 51.5
11.6609528756489471 -4.05768723684508092 -0.835460424423217773 3.97880029678344727 48.5
11.7469680813794479 -4.11494989597214644 -0.280081629753112793 3.97880029678344727 45
12.3766185451370863 -2.63554717117161807 0.727208197116851807 4.22240018844604492 48.5
12.0769603305097188 -3.58111307332874373 -1.40651381015777588 4.14120006561279297 49.5
12.0324348457155494 -3.53538745585185543 -2.29871225357055664 4.06000041961669922 50
12.0534425752895018 -3.89753898027967915 -2.00109100341796875 4.06000041961669922 46
12.3219620983264431 -4.06148269027105524 0.155685961246490479 4.06000041961669922 45.5
12.3321944728113646 -4.26433886349369651 0.186831921339035034 4.14120006561279297 54.5
12.3274248308503456 -4.26433886349369651 0.390524476766586304 4.06000041961669922 59.5
12.3250988221723485 -4.26433886349369651 0.458106309175491333 3.97880029678344727 53
12.4041956932132624 -4.28884680705843735 -0.0859024077653884888 4.14120006561279297 57.5
12.403921698002037 -4.28884680705843735 0.119009211659431458 4.06000041961669922 62.5
12.4144125193621662 -4.25112463628889881 0.275585770606994629 3.97880029678344727 56
12.4654137902317839 -4.31335443899173043 -0.498444914817810059 4.14120006561279297 50
12.4797122921542627 -4.29356084309578367 -0.24926641583442688 4.06000041961669922 54
12.4938774105974844 -4.25232418497922815 0.246568650007247925 3.97880029678344727 47
7.98908878068642458 10.5634820908797522 -0.901638209819793701 1.54280006885528564 57.5
8.01576501937362451 10.5452348699313099 -0.878161013126373291 1.46160006523132324 59.5
8.0230802711099507 10.5452348699313099 -0.808613121509552002 1.38040006160736084 56
8.02052765280762436 10.5634820908797522 -0.556441903114318848 1.29920005798339844 48.5
13.069267282453314 -2.72251906503433005 -0.0682620927691459656 4.22240018844604492 46
8.11300031578331016 10.5847937914478099 0.603231370449066162 1.78640007972717285 47.5
8.21063033779847906 10.5247382238367582 0.194767743349075317 1.70520007610321045 54
8.1094911097767941 10.5847937914478099 -0.648689746856689453 1.62400007247924805 62.5
8.12498387224749408 10.5697798995450469 -0.697775781154632568 1.54280006885528564 67
8.17410997640119419 10.5347474851052674 -0.652326643466949463 1.46160006523132324 64.5
8.13062219108207529 10.5697798995450469 -0.628689169883728027 1.38040006160736084 57.5
8.04541971217776997 10.64651756927028 -0.381306469440460205 1.29920005798339844 47
8.30278197998856271 10.5217952748806809 0.765670239925384521 1.86760008335113525 45.5
8.25812856515010196 10.583865814608135 0.125390931963920593 1.78640007972717285 51.5
8.24373252386498834 10.583865814608135 -0.50328361988067627 1.70520007610321045 59
8.24373252386498834 10.583865814608135 -0.50328361988067627 1.62400007247924805 65
8.24373252386498834 10.583865814608135 -0.50328361988067627 1.54280006885528564 66
8.25900361126275762 10.5754779038341553 -0.42278754711151123 1.46160006523132324 61
8.33321521302745793 10.5217952748806809 -0.282799661159515381 1.38040006160736084 49
8.36547739975623017 10.5805768511858638 -0.565873146057128906 1.70520007610321045 56
8.30514376494349449 10.6345593861408947 -0.425149500370025635 1.62400007247924805 59
8.37976996087372328 10.5805768511858638 -0.284379571676254272 1.54280006885528564 57
13.2805619338548517 -2.72599614028124604 -0.690126538276672363 4.22240018844604492 45
13.4150047676698456 -4.03789349413079979 0.658566713333129883 4.14120006561279297 46.5
13.5481392133504848 -3.89915083227151937 0.233583301305770874 4.14120006561279297 47
13.8988530769223626 -4.02817470554754742 0.348329305648803711 4.14120006561279297 45
15.1407505346416489 -2.64364467516175461 -0.399326741695404053 4.30360031127929688 46
15.1421166954168243 -2.63403840817352108 -0.410853177309036255 4.22240018844604492 46.5
14.8927249380851432 6.73402101407434373 -0.426878839731216431 2.92320013046264648 46.5
14.8342469362241776 6.83617545906940371 -0.730994164943695068 2.84200000762939453 46.5
14.8298343591583759 6.83617545906940371 -0.815615713596343994 2.76080012321472168 48
14.8277586839793489 6.79939985887118148 -1.10826778411865234 2.67960023880004883 49.5
14.8394986956604651 6.79939985887118148 -0.938055038452148438 2.59840011596679688 48
14.9787549448088626 6.71770473009837499 -0.53852999210357666 2.92320013046264648 51.5
14.9551503374983685 6.76491133223472119 -0.600082278251647949 2.84200000762939453 53
14.8978618126906195 6.8675343803572142 -0.819357097148895264 2.76080012321472168 53
14.8716003526626821 6.89626883383151235 -1.02842772006988525 2.67960023880004883 53
14.9215546651037165 6.83059008303311632 -0.686240971088409424 2.59840011596679688 50
14.7791850426883489 7.00504926484135382 -1.51183438301086426 2.35480022430419922 47.5
15.0711943441430734 6.68652372712884979 -0.632050395011901855 2.92320013046264648 52.5
15.0197161169954256 6.79580086482167456 -0.689374446868896484 2.84200000762939453 57
14.9855163151709689 6.86177951399470043 -0.774783790111541748 2.76080012321472168 58
14.9756405361250273 6.86177951399470043 -0.946661055088043213 2.67960023880004883 58
14.9703405955331625 6.89889250415452793 -0.737700521945953369 2.59840011596679688 55.5
14.9304626362893433 7.02054063856729371 -0.208104759454727173 2.51719999313354492 51
14.8776038109154953 7.05971546151377805 -1.03312361240386963 2.35480022430419922 50.5
15.1247263022374643 6.76041262780746877 -0.519729793071746826 2.92320013046264648 53
15.1121697330348148 6.77905347145031989 -0.630405843257904053 2.84200000762939453 57
15.0686168057962959 6.85568805087093125 -0.816682338714599609 2.76080012321472168 59
15.0437123219260194 6.89296973815663439 -0.950964093208312988 2.67960023880004883 60
15.0536329913333589 6.89296973815663439 -0.778305590152740479 2.59840011596679688 59
15.0226618411963742 6.98203154667248072 -0.549096047878265381 2.51719999313354492 55
14.9949227992072629 7.05245251154547503 -0.38191714882850647 2.43600010871887207 51
15.2548225650021561 6.65784611761400758 0.43130725622177124 3.16680002212524414 49.5
15.2877995513110232 6.58086477187909669 0.444924443960189819 3.00440025329589844 46.5
15.2858182328412546 6.58086477187909669 -0.508466124534606934 2.84200000762939453 54.5
15.1950275879717811 6.7473109248194465 -0.898598790168762207 2.76080012321472168 51
15.1318859767142726 6.88670957790698957 -0.906532466411590576 2.67960023880004883 54
15.142112998439659 6.85758150114242859 -0.955267131328582764 2.59840011596679688 54
15.1363572251947733 6.85758150114242859 -1.04251575469970703 2.51719999313354492 50
14.8371398861060602 7.45678765172768898 -1.21579205989837646 2.19239997863769531 50
14.8561882062448163 7.45678765172768898 -0.955267131328582764 2.11120009422302246 51
15.3918906560550663 6.53526969735187446 -0.324953705072402954 3.24800014495849609 50
15.3934758805353678 6.53526969735187446 -0.238306641578674316 3.16680002212524414 49.5
15.3174768595861153 6.68783595507706963 -0.611042618751525879 2.92320013046264648 58.5
15.3174768595861153 6.68783595507706963 -0.611042618751525879 2.84200000762939453 58
15.2822394866364437 6.79442334061111097 0.120866864919662476 2.76080012321472168 49.5
14.9773346229413189 7.35661955058477712 -1.13368678092956543 2.43600010871887207 47
14.966163873389414 7.37542908920843132 -1.15871334075927734 2.27360010147094727 52
14.9726885139376371 7.37542908920843132 -1.07110881805419922 2.19239997863769531 56.5
14.97955262849751 7.40050847403997025 -0.755735099315643311 2.11120009422302246 54.5
14.9375912997305242 7.49037626968631809 -0.698775053024291992 2.03000020980834961 50
14.8947518444506297 7.58024406533266593 -0.641808867454528809 1.94880008697509766 46.5
15.497057932840633 6.4869012673966493 0.0366529487073421478 3.32920026779174805 45.5
15.5000927311508914 6.4785039842026082 -0.127133950591087341 3.24800014495849609 49.5
15.3781837409644577 6.71782655523277494 -0.788870871067047119 3.00440025329589844 54
15.3433053648976117 6.79550142477765462 -0.802600085735321045 2.92320013046264648 60.5
15.3823986628640235 6.71782655523277494 -0.701908588409423828 2.84200000762939453 60
15.0836188080640845 7.32243094520372573 -1.05190777778625488 2.67960023880004883 49
15.1611525362844439 7.16498188531545743 -1.02104270458221436 2.59840011596679688 56
15.1983178952877847 7.07681041177802683 -1.08162808418273926 2.51719999313354492 53
15.2579812875414973 6.9865396174420864 -0.788870871067047119 2.43600010871887207 47.5
15.1097504989370854 7.25525267965139697 -1.13877058029174805 2.35480022430419922 54.5
15.1219142340522783 7.25525267965139697 -0.963873147964477539 2.27360010147094727 59.5
15.0508214728157288 7.38960921075605359 -1.05190777778625488 2.19239997863769531 59.5
15.0063873494722433 7.4861779674875244 -1.00274920463562012 2.11120009422302246 56.5
14.9785703454095511 7.56175351623389336 -0.838063895702362061 2.03000020980834961 54.5
14.957543968038868 7.61423653619664886 -0.731661856174468994 1.94880008697509766 53
14.966371018245253 7.59114400741303719 -0.788870871067047119 1.86760008335113525 51
14.9615374447538372 7.56175351623389336 -1.10105729103088379 1.78640007972717285 48
15.5332612769282754 6.59388183123746341 -0.0644259005784988403 3.24800014495849609 50
15.5416692317808458 6.54538190091496297 -0.616522848606109619 3.16680002212524414 51.5
15.4013310041350593 6.81529455662279648 -1.05660367012023926 3.00440025329589844 54
15.4468352947187562 6.747816392695837 -0.792392551898956299 2.92320013046264648 57.5
15.4548529811633575 6.747816392695837 -0.616522848606109619 2.84200000762939453 56.5
15.5213069547909992 6.61286006484192068 -0.353173583745956421 2.76080012321472168 50
15.2716927237022233 7.15268537625758771 -0.616522848606109619 2.67960023880004883 56
15.2970170255521207 7.07255505659432515 -0.863637864589691162 2.59840011596679688 60
15.2597076245033421 7.10840283118052074 -1.17369699478149414 2.51719999313354492 58.5
15.1947348288127007 7.28764170411150403 -0.880870819091796875 2.43600010871887207 56.5
15.1568620196618919 7.35511986803846263 -0.968176066875457764 2.35480022430419922 60
15.1894217450427682 7.28764170411150403 -0.968176066875457764 2.27360010147094727 59.5
15.1508538523672769 7.3656633311520503 -0.981958985328674316 2.19239997863769531 56
15.0983265209182242 7.46688057704248731 -1.02560091018676758 2.11120009422302246 52.5
15.0446205040629071 7.55755435981933754 -1.14385426044464111 2.03000020980834961 52
15.0569461264447337 7.55755435981933754 -0.968176066875457764 1.94880008697509766 51
15.0963465247947255 7.51959789261042388 -0.567082583904266357 1.86760008335113525 49
15.0446205040629071 7.55755435981933754 -1.14385426044464111 1.78640007972717285 46.5
15.5867508994072246 6.65707730579137547 -0.197602614760398865 3.24800014495849609 49
15.591337250105985 6.59777149460392387 -0.82592618465423584 3.16680002212524414 50.5
15.5335953916594125 6.7778069928515432 -0.266932874917984009 2.92320013046264648 53
15.4947436806357022 6.856175386206389 -0.456406652927398682 2.84200000762939453 54.5
15.4325074556116206 6.95784249109916253 -0.853626906871795654 2.76080012321472168 53.5
15.3256181598918833 7.22895477081322468 -0.412507414817810059 2.67960023880004883 54
15.2814528084888135 7.32003155227966662 -0.443699538707733154 2.59840011596679688 53
15.2569309728642395 7.32003155227966662 -0.972479104995727539 2.51719999313354492 54.5
15.1965090905662272 7.4555876921366977 -0.884785830974578857 2.43600010871887207 57
15.2344780987495838 7.3878096222081826 -0.795914292335510254 2.19239997863769531 53
15.2242265361207174 7.3878096222081826 -0.972479104995727539 2.11120009422302246 49
15.1947698165489058 7.37933736346711733 -1.40244829654693604 2.03000020980834961 47
15.1087181702487854 7.4555876921366977 -1.85563182830810547 1.94880008697509766 48
15.0889949374440242 7.59114383199372789 -1.41396403312683105 1.86760008335113525 49
15.0764505806105209 7.70763738968336387 -0.771672904491424561 1.78640007972717285 48.5
15.4047740459084768 7.19711851785735135 -0.863199055194854736 2.67960023880004883 53
15.3841986204982444 7.273706240778683 -0.519918084144592285 2.59840011596679688 54
15.2769427626152972 7.48857735230797417 -0.622003078460693359 2.51719999313354492 53
15.2473012949783957 7.50772428303830708 -1.00227463245391846 2.43600010871887207 53
15.2959908697153146 7.43113656011697543 -0.813349246978759766 2.35480022430419922 53
15.2664819445280617 7.50772428303830708 -0.647520959377288818 2.27360010147094727 54
15.1880630122595477 7.66302716562878494 -0.671877384185791016 2.19239997863769531 53.5
15.1917071303531284 7.66302716562878494 -0.583723664283752441 2.11120009422302246 52
15.1682165667955324 7.66302716562878494 -1.02660608291625977 2.03000020980834961 52
15.1126922362847687 7.6928112800981916 -1.50926387310028076 1.94880008697509766 53
15.0902079206647013 7.74174232529793116 -1.48382711410522461 1.86760008335113525 53.5
15.0581069395255138 7.81833004821926281 -1.40633988380432129 1.78640007972717285 50
15.3795667675725696 7.38481042490793538 -1.15910577774047852 2.59840011596679688 52
15.2905598387536461 7.5215661735173418 -1.42647695541381836 2.51719999313354492 52.5
15.1502388404887451 7.72669979643145144 -1.78279900550842285 2.43600010871887207 47.5
15.1779290690187594 7.85277150218074738 -0.611927390098571777 2.27360010147094727 49
15.174100688831297 7.85277150218074738 -0.700464546680450439 2.19239997863769531 51.5
15.1863668153388023 7.85277150218074738 -0.343895465135574341 2.11120009422302246 48.5
15.1937490649616826 7.79507767073615465 -0.892615735530853271 2.03000020980834961 51
15.1254372982197243 7.79507767073615465 -1.69349551200866699 1.94880008697509766 54
15.144266209574015 7.79507767073615465 -1.51591253280639648 1.86760008335113525 54.5
15.1325315685234152 7.85277150218074738 -1.32305443286895752 1.78640007972717285 48
15.6420278500337187 7.05020338456452045 -0.776068806648254395 2.76080012321472168 49
15.5610131137713061 7.18112040327332846 -1.12563443183898926 2.67960023880004883 50
15.3982329954914441 7.55455583368861827 -0.896530807018280029 2.59840011596679688 48.5
15.3928020487104362 7.55455583368861827 -0.98538815975189209 2.51719999313354492 50.5
15.4184654199084772 7.5094860403626349 -0.926932990550994873 2.43600010871887207 48.5
15.2603889916494957 7.82926695491365887 -0.896530807018280029 2.19239997863769531 50
15.2339361718364685 7.91726036093105456 -0.474169999361038208 2.11120009422302246 47
15.1013324333904038 8.07607772788928102 -1.30667364597320557 2.03000020980834961 48.5
15.1300258114030335 7.96662251552617917 -1.61118125915527344 1.86760008335113525 51
15.6356174295347667 7.13487863855463988 -1.4776606559753418 2.67960023880004883 48.5
15.2972502133398702 7.8181887679872144 -1.55966329574584961 2.27360010147094727 47.5
15.2141130491694945 8.00141072698333033 -1.43898987770080566 2.19239997863769531 46.5
15.2286548678790261 8.07038840566422166 -0.720709681510925293 2.11120009422302246 47
15.2499322007281481 8.00141072698333033 -0.989691078662872314 2.03000020980834961 49
15.1960947805619782 8.00141072698333033 -1.618216872215271 1.94880008697509766 49.5
15.9542298596178522 6.70693616706948159 -0.797004044055938721 3.00440025329589844 47
15.5005368865505488 7.59239029629201845 -1.4982069730758667 2.27360010147094727 50
15.4622309526436794 7.72012084305028079 -1.21442127227783203 2.19239997863769531 52
15.3872882421062425 7.8781603331071155 -1.14960861206054688 2.11120009422302246 50.5
15.3398101550181281 7.94310806874691 -1.32397520542144775 2.03000020980834961 48
15.5474334932983247 7.72310146592454405 -1.17944097518920898 2.19239997863769531 52
15.4734472359291395 7.83181629511830124 -1.41248869895935059 1.94880008697509766 46
16.3509486888943769 6.37516864812436967 -0.0789697766304016113 3.5728001594543457 46
16.4584958301575455 6.272470215699264 -0.643923819065093994 3.49160003662109375 45
16.5411785250508885 6.29916184983784255 -0.00120558636263012886 3.5728001594543457 47
16.5100740884041528 6.35003289005774008 -0.620132923126220703 3.49160003662109375 50
16.5246932700411797 6.29916184983784255 -0.738304972648620605 3.4104001522064209 51
16.5132616146515119 6.35003289005774008 -0.52846992015838623 3.32920026779174805 48.5
16.5356328151680927 6.45690171275261715 -0.912117421627044678 3.5728001594543457 49.5
16.5302290778915655 6.45690171275261715 -1.00529348850250244 3.49160003662109375 52
16.5762675961632304 6.37694008163493731 -0.716006278991699219 3.4104001522064209 53
16.5746585115670442 6.39693048941435816 -0.557357311248779297 3.32920026779174805 52.5
16.5775328484897528 6.39693048941435816 -0.46408390998840332 3.24800014495849609 49
16.6102394383881666 6.48414560572296761 -0.823587357997894287 3.5728001594543457 51
16.6323425041272195 6.47076243625811109 -0.341943889856338501 3.49160003662109375 52.5
16.6581208442999333 6.40384658893382852 -0.346811592578887939 3.4104001522064209 54
16.6205728776015604 6.47076243625811109 -0.712946474552154541 3.32920026779174805 53
16.6162936999139852 6.47076243625811109 -0.806569278240203857 3.24800014495849609 49.5
16.742008957319495 6.40387497683072926 -0.0342177674174308777 3.73520016670227051 48.5
16.7053002702353339 6.49795078971176832 0.123427756130695343 3.49160003662109375 50.5
16.7297890745626034 6.43075378051102575 -0.255404889583587646 3.4104001522064209 51
16.7231763040556771 6.43075378051102575 -0.535187780857086182 3.32920026779174805 50
17.1467628905374809 -9.22295293340551936 -1.08427226543426514 -4.14120006561279297 45
17.9146647777553163 -8.24731256219192055 -0.349626809358596802 -3.49160003662109375 45
17.8878585846792717 -8.2818201461341463 -0.71527022123336792 -3.5728001594543457 47
13.6504195735567979 15.5613648839538286 -0.00423289462924003601 2.51719999313354492 45
13.6437655953814954 15.5613648839538286 0.426171064376831055 2.43600010871887207 45.5
13.8182919264757746 15.5061177025845556 0.464533299207687378 2.67960023880004883 48
13.7789488988923576 15.5346740887771588 0.644347131252288818 2.59840011596679688 49.5
13.8833093116737238 15.4516009653077635 0.320088446140289307 2.51719999313354492 47
13.8752981879776183 15.5620956085742019 0.140727803111076355 2.76080012321472168 47.5
13.9305190469490814 15.5073820629890591 0.429259240627288818 2.67960023880004883 52
13.8473116469258617 15.5777280501699558 0.555736422538757324 2.59840011596679688 51.5
13.8863070788539247 15.5073820629890591 1.18914151191711426 2.51719999313354492 47
13.9077815919804291 15.6337636121483818 0.121261321008205414 2.76080012321472168 47
13.9236616876044224 15.6180749381773367 0.251077383756637573 2.67960023880004883 48.5
13.9911917348043815 15.5396315683221005 0.788723349571228027 2.59840011596679688 49
14.0973725841832991 15.5638385097529497 0.176098346710205078 2.84200000762939453 46.5
14.128507648234411 15.5349728507397504 -0.22334212064743042 2.76080012321472168 47
14.7996924417246536 14.9768446295380304 0.904922962188720703 3.32920026779174805 47.5
14.8739102367842744 14.9162736032536305 0.653651773929595947 3.24800014495849609 46.5
14.626991922134021 15.169091799918947 0.324710667133331299 3.00440025329589844 45
14.3127267376610323 15.4693134084590085 0.0431057065725326538 2.84200000762939453 45
14.8794683719462615 15.0301435492522479 0.136984124779701233 3.4104001522064209 47
14.9110105635220567 14.9984288099185008 0.177356213331222534 3.32920026779174805 52
14.950134235974911 14.953499595862354 0.457060843706130981 3.24800014495849609 48
14.4904052299346002 15.392220156645875 0.655977964401245117 3.00440025329589844 46.5
14.6564801039602504 15.2230748801992171 0.876448869705200195 2.92320013046264648 45.5
14.9070055690170911 15.1073115144368089 -0.225735068321228027 3.4104001522064209 45.5
14.9285519561951947 15.0834411135186333 0.358852803707122803 3.32920026779174805 46
14.7282463020050383 15.2770565876327282 0.436979740858078003 3.00440025329589844 46
15.1868175759152262 14.9211472879028229 0.640311241149902344 3.5728001594543457 47.5
15.0836561079069202 15.0382593964771605 0.155381456017494202 3.49160003662109375 48.5
15.0167621349199329 15.1048003672580329 0.178614050149917603 3.4104001522064209 45.5
15.2907588695974095 14.9282785532659101 0.479406535625457764 3.5728001594543457 50.5
15.1837754840131751 15.0431320114499201 0.218588992953300476 3.49160003662109375 48.5
15.1367667598054254 15.0912102032478774 0.155928567051887512 3.4104001522064209 45.5
15.3744116181890078 14.9484944182344712 0.522023320198059082 3.5728001594543457 48
15.2973213549682381 15.0101432207482581 0.888880729675292969 3.49160003662109375 45.5
15.8414221146259209 14.6832487298216421 0.107501551508903503 3.97880029678344727 46.5
16.0105921949655325 14.6096418113907589 0.158117055892944336 3.97880029678344727 49
15.9441098391411291 14.6773542780731407 0.407829761505126953 3.89760017395019531 47
10.8730508136616155 18.8348425061122562 -0.296559035778045654 -0.324800014495849609 45
15.9869895728781568 14.7281401934519938 0.748691201210021973 3.97880029678344727 46
16.0971487780826727 14.6112717623173864 0.6745871901512146 3.89760017395019531 46
16.1213918533225566 14.7107463365518925 0.159211277961730957 3.89760017395019531 47
15.8332032175279878 15.0107430174975196 0.563874483108520508 3.65400028228759766 47
16.532882680747548 14.3617535079157843 -0.117951072752475739 4.14120006561279297 46.5
15.719715395004128 15.2374701852277212 0.565812170505523682 3.65400028228759766 48
16.7340587278674739 14.3581731609864018 0.129284262657165527 4.38479995727539062 47.5
16.5632803788853877 14.5482928977179427 0.455468058586120605 4.30360031127929688 47
16.233926220227282 15.0152504089939907 0.719386398792266846 3.89760017395019531 45.5
17.0601375186131072 14.2034042373710623 -0.234593495726585388 4.62840032577514648 47
16.3049174516438313 15.0661500806957527 0.0287579521536827087 3.89760017395019531 45.5
17.3271045583095109 13.998093022428117 -0.022778879851102829 4.70960044860839844 48.5
17.2172113395080757 14.1316997961558055 -0.19590228796005249 4.62840032577514648 50.5
17.4680218921916826 13.9418886141220657 -0.120374716818332672 4.79080009460449219 46
17.3814841610738249 14.0452239263661589 -0.371777445077896118 4.70960044860839844 52.5
17.3835978305279397 14.0452239263661589 -0.25446009635925293 4.62840032577514648 50
17.517171507263992 13.9886739503649657 -0.588546991348266602 4.79080009460449219 47.5
17.5234655957107677 13.9886739503649657 -0.354683458805084229 4.70960044860839844 49.5
17.5663782750628954 14.0354580968073428 -0.823563575744628906 4.79080009460449219 49
17.7351174945349115 13.9609420573248482 -0.433997511863708496 4.95320034027099609 46
17.8286079604235503 13.8424616438256312 -0.397065073251724243 4.87200021743774414 45.5
17.7805694849957803 13.9017018505752414 -0.474006801843643188 4.79080009460449219 48.5
16.7790552917591036 15.044191552174869 1.32900798320770264 4.30360031127929688 53
16.7662592849226009 14.9849513454252588 1.99360477924346924 4.22240018844604492 55.5
16.7567519953045476 14.908785365318618 2.56320762634277344 4.14120006561279297 54
16.5500903467664564 14.9257111386756485 3.59837913513183594 4.06000041961669922 47.5
17.826712056617076 13.9478873748150285 -0.829054057598114014 4.95320034027099609 45
17.934862229974506 13.8176919975338794 -0.659283459186553955 4.87200021743774414 45.5
16.7939717058464737 15.1649311189648781 1.00495052337646484 4.38479995727539062 51
16.8516142214153781 15.0602087502822162 1.49524974822998047 4.30360031127929688 59.5
16.8031543490153439 15.0602087502822162 1.96638607978820801 4.22240018844604492 61
16.7303178364978109 14.8535943472056129 3.5340886116027832 4.14120006561279297 55
17.8263421339658414 14.0707437895571914 -0.813219308853149414 4.79080009460449219 46
16.8561718765512474 15.1753894674861023 1.41516375541687012 4.38479995727539062 53.5
16.9148744267475095 15.1441527002438967 0.983511567115783691 4.30360031127929688 58.5
16.840576658914955 15.047602692404352 2.52789545059204102 4.22240018844604492 49.5
17.0610733987614047 15.0078468068233626 0.331542849540710449 4.06000041961669922 58.5
17.0610733987614047 15.0078468068233626 0.331542849540710449 3.97880029678344727 49
18.2168939441146023 13.7012169458662321 -0.511366307735443115 5.1156001091003418 45
16.9212893920913885 15.2254737697461309 1.30190837383270264 4.38479995727539062 52.5
16.9270865400680925 15.2653608642028011 -0.531569123268127441 4.30360031127929688 54.5
17.1192690169934174 15.0573781573930212 0.214509055018424988 4.22240018844604492 62
17.186803140017151 14.9519622649003914 0.944824278354644775 4.14120006561279297 64.5
17.1070609490260566 15.0431327665156367 0.944824278354644775 4.06000041961669922 60.5
17.1798121468596214 14.9519622649003914 1.06439924240112305 3.97880029678344727 48
18.3369775791472982 13.6605325484881792 -0.640888810157775879 5.19680023193359375 46
18.2841677579031909 13.7205599984815354 -0.837289631366729736 5.1156001091003418 46
17.0545853120946198 15.2098124483167201 1.03362667560577393 4.38479995727539062 48
17.0985347365040496 15.1840863983195664 0.591002404689788818 4.30360031127929688 57
17.2285792477303268 15.0011455983398125 1.18628442287445068 4.22240018844604492 61
17.210521903593218 15.0011455983398125 1.42450475692749023 4.14120006561279297 61
17.2199047760190602 15.0011455983398125 1.30619096755981445 4.06000041961669922 56
18.392559684509294 13.7053216354082164 -0.761848092079162598 5.19680023193359375 49.5
18.4143251427856853 13.6881147030348238 -0.500652492046356201 5.1156001091003418 50.5
17.3256070547930712 15.0503301825951716 0.115785285830497742 4.30360031127929688 45
17.1260735864790519 15.0503301825951716 2.62443971633911133 4.22240018844604492 48.5
17.2207621600533578 15.0503301825951716 1.90668559074401855 4.14120006561279297 51
17.2565765705808012 15.0503301825951716 1.54940009117126465 4.06000041961669922 47
18.4529113794405255 13.7184615869556623 -1.20189929008483887 5.19680023193359375 49.5
18.5501721327957796 13.6263913749626724 -0.602724611759185791 5.1156001091003418 51
18.5595966766816645 13.6263913749626724 0.116163671016693115 5.03439998626708984 45
18.7138352752200525 13.5062420753156776 -0.991874814033508301 5.19680023193359375 48.5
18.5887044940000301 13.6707763344080035 -1.08627080917358398 5.1156001091003418 46.5
18.8198435670000883 13.6346190591467842 -0.687837898731231689 -5.03439998626708984 45
10.8278084360913596 20.7110742046393312 1.17049121856689453 -0.974400043487548828 48
10.8293295132684992 20.6935298808742871 1.43649816513061523 -1.05560004711151123 48.5
10.691616487108357 20.8654576090504342 1.18223607540130615 -0.893200039863586426 49.5
10.848692166818342 20.777454835498979 1.2957082986831665 -0.974400043487548828 52
10.8936759410332247 20.7598542807886872 1.19662117958068848 -1.05560004711151123 49.5
11.0035288172340291 20.7172968470844445 2.07810759544372559 -0.893200039863586426 46
10.8435151014217208 20.8261803674455415 1.81409704685211182 -0.974400043487548828 46.5
19.329981683987171 13.4338721742813192 -0.696713268756866455 -4.87200021743774414 45
19.5545829578901937 13.3624763054011275 -0.867486953735351562 -4.79080009460449219 45
19.6151127290590601 13.4196176206051838 -0.641801595687866211 -4.79080009460449219 48.5
19.6999575696423932 13.3096938101198177 0.119947507977485657 -4.87200021743774414 46.5
19.7306195748007234 13.3516795825681047 -1.12153935432434082 -4.70960044860839844 46.5
19.7526050130310011 13.3516795825681047 -0.624320566654205322 -4.79080009460449219 49
19.6578894419050698 13.5036741492446595 -0.201622873544692993 -4.87200021743774414 47
19.7343447232019038 13.4893354686631337 -0.999593019485473633 -4.79080009460449219 46
19.8673483183454351 13.435652195234379 -0.878467798233032227 -4.70960044860839844 48
20.0100971801636263 13.3663281773470679 -0.73685532808303833 -4.70960044860839844 49.5
20.2144087662061267 13.18767077604452 -0.828013241291046143 -4.54720020294189453 47.5
20.0532033637916705 13.3898616094529821 -1.34282958507537842 -4.70960044860839844 47.5
20.3281720816006555 13.1317569932005949 -1.08307850360870361 -4.54720020294189453 47.5
20.3528039651192323 13.0772683749715473 -1.26453900337219238 -4.62840032577514648 46
20.366842336624817 13.1602669304578033 -1.57772278785705566 -4.46600008010864258 45.5
20.3667652290091681 13.3105374745052849 -1.47146952152252197 -4.46600008010864258 48
20.5102147546712068 13.1247382099870187 -1.10140764713287354 -4.54720020294189453 47.5
20.6591714969179705 13.141148315168568 -1.4087522029876709 -4.30360031127929688 45.5
20.6554606069812579 13.1687300163897714 -1.18835353851318359 -4.38479995727539062 46.5
20.7307375268625442 13.1813346973690706 -1.28411388397216797 -4.30360031127929688 48
20.7450262526828659 13.1813346973690706 -1.02779471874237061 -4.38479995727539062 48.5
20.8791294257882285 13.1105205167696948 -1.01580142974853516 -4.38479995727539062 46
16.9511633314126406 18.5425322564121693 0.313461452722549438 2.92320013046264648 45.5
17.1592636871156294 18.4057944043856594 1.35146307945251465 3.00440025329589844 46.5
17.1478423574487415 18.4593270827217673 0.494768142700195312 2.92320013046264648 46.5
17.3575633011765547 18.3531901031836959 0.837307155132293701 3.00440025329589844 46.5
17.1685185182789439 18.5395329385111474 0.594439029693603516 2.92320013046264648 45.5
21.7836041937005547 12.8387892845655873 -1.80625438690185547 -4.06000041961669922 46.5
21.9852343415045333 12.724273596736138 -1.08304595947265625 -4.06000041961669922 47.5
17.3891854855666246 18.5866742045821276 1.54979789257049561 3.08560013771057129 45
17.7049556607938214 18.4080436684129474 1.32630491256713867 3.08560013771057129 45
17.9104445979692706 18.359459933422702 0.262306809425354004 3.32920026779174805 45.5
14.4925555470868019 -21.5250475832489165 0.201685622334480286 0 45.5
14.3906231459852343 -21.5834161967617923 0.684596538543701172 -0.0812000036239624023 46.5
22.8008669925882543 12.6283136362887909 -1.36241352558135986 -3.81640005111694336 48.5
22.7380322723056558 12.664189527300973 -1.95197570323944092 -3.89760017395019531 49
22.6450502348519187 12.8011702020747684 -2.13114619255065918 -3.97880029678344727 46.5
22.8347080182567446 12.7005812461774124 -1.54985058307647705 -3.81640005111694336 49
22.7781970459315417 12.7005812461774124 -2.23151969909667969 -3.89760017395019531 48.5
22.9037985316986017 12.7008908886655991 -1.77932906150817871 -3.73520016670227051 47
18.8348369693524873 18.2411297086439532 1.25406348705291748 3.65400028228759766 45.5
23.0762207392979768 12.6319126532190751 -0.963569402694702148 -3.73520016670227051 47
23.0815739981784454 12.6319126532190751 -0.82545316219329834 -3.81640005111694336 47.5
16.9749462396727111 -20.1630763526710979 -1.50387763977050781 1.62400007247924805 46.5
15.6457965915199111 -21.3551053766469039 -0.306839644908905029 0.649600028991699219 45.5
15.601899940817944 -21.3551053766469039 1.2107231616973877 0.568400025367736816 47
14.5457918014179803 -22.1421732018000839 1.74548399448394775 -0.324800014495849609 47
15.6765128151092092 -21.4156020403984932 -0.722138106822967529 0.730800032615661621 48
15.8524169822769387 -21.2928480085635208 -0.466980189085006714 0.649600028991699219 50.5
15.6475202628239369 -21.5060421415377441 -1.23934149742126465 0.730800032615661621 49
15.7931900659241595 -21.3796142947898389 -1.54206657409667969 0.649600028991699219 49.5
14.7993092181956989 -22.2072143343976727 0.842671692371368408 -0.162400007247924805 47.5
14.5702489076775628 -22.4536133694177096 0.66621476411819458 -0.0812000036239624023 45.5
14.9040960911726437 -22.3319736446447088 -0.270916104316711426 -0.0812000036239624023 46
16.5315112854516961 -21.2470471900685958 0.477248102426528931 0.893200039863586426 45
21.9350461228625768 -15.6346916863505392 -1.84669804573059082 4.95320034027099609 45.5
20.0956955148555707 18.0301666749799949 0.27611243724822998 4.06000041961669922 47
20.2351726496157838 17.8513495279414549 0.931249916553497314 3.97880029678344727 45
15.9172255059953756 -21.7785789459198824 -1.15565550327301025 0.568400025367736816 48
15.3828791663972861 -22.1699523243438499 -0.927569091320037842 0.0812000036239624023 47.5
22.2203352075526439 -15.1570955598566641 -3.09431791305541992 -5.1156001091003418 46
22.2393036180437988 -15.1570955598566641 -2.95490884780883789 5.19680023193359375 48.5
21.8619904459245831 -15.8777342550016325 -1.7339475154876709 4.95320034027099609 47.5
15.4796434512278367 -22.2112348996560272 0.311948329210281372 0.243600010871887207 48
15.4827565145221158 -22.2112348996560272 0.0313806831836700439 0.162400007247924805 47.5
21.8810378047967653 -16.0676013943646332 -0.418309688568115234 4.95320034027099609 49
21.8560969560482086 -16.0676013943646332 -1.12508606910705566 4.87200021743774414 51.5
15.8992721395916021 -22.0013503045723482 0.525653243064880371 0.324800014495849609 46
15.4699852942766611 -22.2931184042166386 0.90497279167175293 0.162400007247924805 46
22.021008710938176 -16.0031215811490846 -0.419465214014053345 4.95320034027099609 48.5
22.0203032396843312 -15.9861114604208225 -0.866658926010131836 4.87200021743774414 51
21.9383314002716716 -16.1119863538099644 -0.560506641864776611 4.79080009460449219 50
22.0851754375873099 -16.0472077633779726 0.148897260427474976 5.03439998626708984 48
22.0055268542940645 -16.1563724420404071 -0.135869160294532776 4.87200021743774414 49.5
22.0019272021928423 -16.1563724420404071 -0.420620769262313843 4.79080009460449219 52
15.3607519076787185 -22.6591690254463956 0.00933199748396873474 -0.0812000036239624023 47
22.3807813400787268 -15.7629001916148823 0.149306327104568481 5.1156001091003418 45.5
22.1510222201487394 -16.0741901042531126 -0.58598637580871582 5.03439998626708984 51.5
22.2166088058469597 -15.951042446506122 -1.17357122898101807 4.95320034027099609 49
22.0551254863164523 -16.2007585302708534 -0.705398380756378174 4.87200021743774414 47
15.4580084147221957 -22.6835164479504066 0.102928601205348969 0 51
15.667558413916332 -22.5394505639622125 0.058016553521156311 -0.0812000036239624023 51.5
22.2206790131698284 -16.0702063448733803 -1.22165572643280029 5.03439998626708984 48.5
22.2207152234184164 -16.0256145236389393 -1.70940494537353516 4.95320034027099609 47.5
15.3694737362302281 -22.8314817015223248 -0.358413606882095337 0 50
15.4994979971014999 -22.7454938975846837 -0.18390326201915741 -0.0812000036239624023 51
15.4110556753674892 -22.8039656042622774 0.322763264179229736 -0.162400007247924805 45.5
22.296824860130684 -16.3783006256224049 -0.713128745555877686 5.1156001091003418 46
23.2124529538397262 -15.0911175208377522 -1.87156879901885986 -4.95320034027099609 46.5
22.5475026157780221 -16.1695498620557103 -0.46727868914604187 5.1156001091003418 47.5
22.5723011240504121 -16.1279383247739894 -0.665889084339141846 5.03439998626708984 49.5
23.3207025340789542 -15.0693177010292061 -1.81416308879852295 -4.95320034027099609 46
22.6429780486311039 -16.1715266791617083 -0.089158669114112854 5.1156001091003418 46
22.628528689265103 -16.1715266791617083 -0.813707470893859863 5.03439998626708984 50.5
22.600564659795058 -16.2132506783339139 -0.758713722229003906 4.95320034027099609 48
23.4043470249161558 -15.10993622011509 -1.52855241298675537 -4.95320034027099609 46
23.1487897320530109 -15.4899507674137844 -1.61401283740997314 -5.1156001091003418 47.5
22.7811911826800753 -16.0652021463521741 -1.1561657190322876 5.03439998626708984 47
23.3281765426473982 -15.2764004836689598 -2.24242401123046875 -4.87200021743774414 47
23.3281765426473982 -15.2764004836689598 -2.24242401123046875 -4.95320034027099609 47.5
23.1515000855807394 -15.6609323036240138 -1.15927362442016602 -5.1156001091003418 47.5
23.0677026680859392 -15.7727961057927537 -1.30408680438995361 5.19680023193359375 49
23.0162233348600473 -15.8112492877882609 -1.69069826602935791 5.1156001091003418 49
23.5220820490415683 -15.061482937743099 -2.58185410499572754 -4.87200021743774414 46.5
23.4565872378610649 -15.1911722253150092 -2.41232943534851074 -4.95320034027099609 45.5
22.9566137913348598 -16.0008539936693595 -1.94140827655792236 5.19680023193359375 47
22.9811356087695025 -15.9587926031054987 -1.99672865867614746 5.1156001091003418 49.5
23.6022579047699068 -15.2317907444008931 -1.39343500137329102 -4.87200021743774414 46
22.3846034219827636 17.8718175951084355 0.591798603534698486 4.70960044860839844 46
23.4939851501345878 17.6673587235165641 -0.507089376449584961 5.1156001091003418 46
23.4336325904785667 17.751856384286139 -0.310677856206893921 5.03439998626708984 47
23.4828047777223432 17.7971410388553615 -0.77156597375869751 5.1156001091003418 48
23.6135478307659561 17.6313977965646984 -0.556600570678710938 5.03439998626708984 46.5
18.9176634885530639 23.2387313765461556 1.44343173503875732 1.94880008697509766 46.5
22.4555045032325857 20.405398052835853 1.41803193092346191 4.06000041961669922 45
22.4075711535580737 20.4737196981020446 1.16975367069244385 3.97880029678344727 46
25.2779552875774911 17.3679334740657332 -0.579261183738708496 -4.95320034027099609 45
25.0883265324520188 17.7754364350265632 -0.41508367657661438 -4.95320034027099609 45.5
23.5284317562267908 20.2186516980427378 1.31208229064941406 4.38479995727539062 47
23.4273221056813057 20.36221149708852 0.802213132381439209 4.30360031127929688 48.5
20.0740520209886881 23.6252869294535053 1.72649598121643066 2.43600010871887207 45.5
20.1247166827012265 23.5903669783342629 1.61023533344268799 2.35480022430419922 48
23.495518139203881 20.4113960813438773 0.318296283483505249 4.30360031127929688 48.5
23.3718685060047449 20.5553026467039643 -0.0318290740251541138 4.22240018844604492 45
25.9491687429302331 17.7179670747525257 -0.494888812303543091 -4.70960044860839844 45
31.9224235325766728 -2.56117132174737616 0.00218231161125004292 3.89760017395019531 49
31.9902223941079313 -2.56716944177851758 -0.667438030242919922 4.14120006561279297 47
31.9954085162605288 -2.56716944177851758 0.337021827697753906 4.06000041961669922 62
31.9901763170728266 -2.56716944177851758 0.669627368450164795 3.97880029678344727 64
31.9617639066547454 -2.56716944177851758 1.50512146949768066 3.89760017395019531 54
22.3965120374592708 22.8999536611149317 2.09725832939147949 3.49160003662109375 46
22.3961411670455171 22.9561104926538384 1.3564523458480835 3.4104001522064209 45.5
32.0448019161565654 -2.72192881147677967 -0.975997686386108398 4.14120006561279297 48
31.9643379877637202 -3.01543073649569404 -2.1021575927734375 4.06000041961669922 51.5
31.9960237199090116 -2.44450918371917592 2.34725284576416016 3.89760017395019531 52.5
22.7058757523902841 22.7162448816008933 1.90949845314025879 3.49160003662109375 47.5
32.130998166332212 -2.57916537676374213 -1.00464498996734619 4.06000041961669922 65
32.1427921646184984 -2.57916537676374213 -0.501284778118133545 3.97880029678344727 67
32.1563653479183813 -2.45020710792555496 -0.164902806282043457 3.89760017395019531 58.5
32.2099427250733541 -2.70230371774340172 -0.350399434566497803 4.14120006561279297 48
32.229784099420776 -2.455905321955139 0.339384108781814575 4.06000041961669922 63.5
32.2205207159927198 -2.455905321955139 0.843967974185943604 3.97880029678344727 65.5
32.1857934267934738 -2.58516349679488311 1.5156712532043457 3.89760017395019531 56.5
32.258599494005793 -2.85027777850862707 -1.00931775569915771 4.14120006561279297 46
32.2791801181362032 -2.41706794569552619 -1.40444064140319824 4.06000041961669922 55
26.2926830931431503 19.0444853829229359 -0.792548835277557373 -5.03439998626708984 45.5
32.3928450557558065 -2.20758577632859065 -0.675235211849212646 4.14120006561279297 45
32.3233561862172323 -3.11659168422859878 -0.336529433727264404 4.06000041961669922 61
32.3170818890037665 -3.18963680182770704 -0.241329669952392578 3.97880029678344727 64
32.3118988184154645 -3.24644967107145721 -0.166053310036659241 3.89760017395019531 57
26.4353512881613675 18.9664454479221511 -0.974065840244293213 -5.03439998626708984 45
32.4097673518652343 -3.01803614032988099 0.033287346363067627 4.06000041961669922 55.5
32.4058029041836733 -3.0505756135409845 0.246323063969612122 3.97880029678344727 59.5
32.4190243321035254 -2.81059699860909395 0.781070947647094727 3.89760017395019531 52
25.3777282073097403 20.5022560526490345 0.137905418872833252 4.79080009460449219 45
32.5000421868788223 -2.72738303822274863 0.836233437061309814 4.06000041961669922 54
32.5288816799206515 -2.4950051111992857 0.193512514233589172 3.97880029678344727 56
32.5133778170493741 -2.6091556718423905 0.680579185485839844 3.89760017395019531 46
25.4211226437419349 20.5493881552062376 -0.882730245590209961 4.79080009460449219 45
25.4356349194726015 20.5493881552062376 -0.202871218323707581 4.70960044860839844 45.5
32.5369945046885718 -3.06463334985179481 -1.11447548866271973 3.97880029678344727 52
32.5862704882093794 -3.40749748547607423 -0.851247727870941162 4.06000041961669922 46
32.5889940118194303 -3.27643988988084089 -1.19295763969421387 3.97880029678344727 47
32.7141168129892179 -2.9760683955522893 -0.228437036275863647 4.06000041961669922 54.5
32.6902583279335062 -3.22646863297117159 -0.24411638081073761 3.97880029678344727 55.5
32.6633804194767876 -3.4686590265402546 -0.44119107723236084 3.89760017395019531 45.5
32.7726002791725719 -3.1597777823603459 -0.16835428774356842 4.06000041961669922 60
32.7730320587577495 -3.1597777823603459 0.00224364129826426506 3.97880029678344727 62
32.7501852036203189 -3.3860639516700064 0.125703141093254089 3.89760017395019531 53
32.8458549262523078 -3.16697516030524628 0.346471011638641357 4.06000041961669922 54.5
32.8472263694263731 -3.16697516030524628 0.173235192894935608 3.97880029678344727 56.5
32.8335733082576766 -3.27419046521141377 0.485948294401168823 3.89760017395019531 47
32.8411336446106006 -3.49241680230404983 1.79405951499938965 4.06000041961669922 45
32.8597103951004854 -3.38495782377161758 1.65444421768188477 3.97880029678344727 48
32.8260085424468144 -3.28907330053868252 3.2492680549621582 3.97880029678344727 45.5
29.1449157354696951 17.1690323387670674 -2.23792243003845215 -4.06000041961669922 46
28.1108929071466775 20.2290547272747716 -1.08885550498962402 -4.95320034027099609 45
28.1641996941700405 20.2728410035021014 -1.27103316783905029 -4.95320034027099609 45.5
28.5601853801779306 20.1246880488870268 0.902974188327789307 -4.95320034027099609 45.5
29.0169991766830897 19.6076557766359336 -0.551582515239715576 -4.70960044860839844 46.5
28.5562716658097315 20.2466552729280842 1.16746485233306885 -4.95320034027099609 46
28.790308262986823 20.070706387215079 0.543192386627197266 -4.87200021743774414 45
28.1734738375528586 20.9347643326436987 -0.0335006043314933777 -5.1156001091003418 46
28.1278805680868373 20.9610808182912685 1.2106248140335083 5.19680023193359375 47
27.9580674172622956 21.193543108178158 1.09103643894195557 5.1156001091003418 47
27.9297184975151715 21.3794834105352152 0.359713137149810791 5.1156001091003418 45
27.7304315652196358 21.5684878896990782 1.76188397407531738 4.95320034027099609 46.5
27.7632547817324422 21.6673321566184569 1.51357221603393555 4.95320034027099609 47
27.0868593767319474 22.4594325665213468 3.11956095695495605 4.70960044860839844 46.5
27.0646533637962072 22.5212313196525002 2.85559225082397461 4.62840032577514648 46
35.159995464523071 -3.39010302890888227 0.370881468057632446 4.06000041961669922 47.5
35.1218644466475354 -3.63288384478126369 1.05470168590545654 3.97880029678344727 50
27.4341712447033359 22.2240092230233977 2.57289552688598633 4.79080009460449219 45.5
27.466230996310081 22.2240092230233977 2.20447945594787598 4.70960044860839844 48.5
27.3074699761962201 22.4053755403291213 2.33694648742675781 4.62840032577514648 48
35.2248199806950879 -3.45923073495308442 0.637122154235839844 3.97880029678344727 47.5
29.2410210742113428 20.0856546620479008 0.070139765739440918 -4.87200021743774414 45.5
27.6877489422364675 22.1292403603935384 1.47007203102111816 4.70960044860839844 46
28.0590649408076089 21.6873712842506201 2.47984409332275391 4.95320034027099609 46.5
27.9357022673307824 21.9850062445219798 0.242365777492523193 4.87200021743774414 46
27.7829889513716886 22.1760256966364402 0.363548040390014648 4.79080009460449219 47
29.1620243479045094 20.3976180387261863 1.62916004657745361 -4.95320034027099609 45
28.2598597978470529 21.6529930467839762 1.29183900356292725 5.03439998626708984 49
28.085189447100305 21.84441547709066 1.784423828125 4.95320034027099609 51.5
28.085189447100305 21.84441547709066 1.784423828125 4.87200021743774414 48
27.5523137974404086 22.5077164565254471 1.84749209880828857 4.62840032577514648 46
28.2492400759150186 21.814566227716071 0.771492719650268555 5.03439998626708984 47
28.1069967125349649 21.9439368658763527 1.71768367290496826 4.95320034027099609 51.5
27.9890578172035305 22.0777685605249125 1.91700327396392822 4.87200021743774414 49
27.8280379436657448 22.2695939895211943 2.03851437568664551 4.70960044860839844 47.5
27.6524485094645343 22.4971078704237542 1.92672646045684814 4.62840032577514648 47
27.2727991351971362 22.9209082368108739 2.30574846267700195 4.54720020294189453 47
27.7554592626267755 22.4817851821449572 2.01357555389404297 4.70960044860839844 45.5
27.4321136020300393 22.8885941802708643 1.8552711009979248 4.54720020294189453 46.5
29.1351546420211314 20.8893102602040521 0.0464402101933956146 -4.95320034027099609 45
28.4807658714234435 21.6916823701008603 2.98708987236022949 4.95320034027099609 46.5
28.4007848690528171 21.7545307875639011 3.27743959426879883 4.87200021743774414 45.5
23.5016400562951127 27.0068628184037216 2.98464846611022949 2.59840011596679688 49
23.4512192544253963 27.0068628184037216 3.35791945457458496 2.51719999313354492 49
29.4182160584288361 20.7292919583616104 0.930102169513702393 -4.87200021743774414 47.5
28.7614285145054112 21.633499354982856 0.878577113151550293 5.1156001091003418 45.5
28.5526396464486396 21.7999454926693517 2.34716629981994629 5.03439998626708984 45.5
29.5389604290603884 20.6913359287476055 0.85090184211730957 -4.87200021743774414 46.5
28.9512627483133862 21.5162846161029009 0.528770208358764648 5.19680023193359375 45.5
29.4048261054931359 20.9602181151906706 1.68763303756713867 -5.03439998626708984 45
27.8523467577683981 22.9818551018231219 2.88649868965148926 4.79080009460449219 45
30.4090317973010329 20.0182412249855624 -1.77858912944793701 -4.54720020294189453 48
30.3341448669314566 20.2095418237226205 -0.129222586750984192 -4.62840032577514648 46
29.9401997290317468 20.7378958583297504 1.45833337306976318 -4.87200021743774414 45.5
30.5457251747486573 20.1555038982143095 -0.523991584777832031 -4.62840032577514648 48
30.5501815791388474 20.1555038982143095 0.0474117621779441833 -4.70960044860839844 48.5
29.2521180669866219 23.3269219753166617 7.58281517028808594 4.87200021743774414 45
29.8250206663487631 27.0658872169795046 3.47659397125244141 4.06000041961669922 45
35.0449485007291486 20.8828438311588265 0.631403148174285889 -4.14120006561279297 47
35.876680532967292 19.8859659681797467 -2.57341718673706055 -3.89760017395019531 45
35.5223324920263863 20.6409342009592933 1.15149998664855957 -4.06000041961669922 45
35.8704162238306097 19.9222545943681517 -3.43480658531188965 -3.89760017395019531 45.5
35.6471588393280427 20.606567575011475 0.174046158790588379 -4.06000041961669922 49.5
34.8665760754580845 21.8980153805864752 0.423878937959671021 -4.38479995727539062 46
37.3557595834454048 17.4843420308518809 0.638367056846618652 -3.24800014495849609 48.5
37.3797225170997933 17.4379507931520976 0.48651769757270813 -3.32920026779174805 46.5
35.2148348636057023 21.4430609812334403 -1.29344511032104492 -4.30360031127929688 45
35.2378995144099605 21.4430609812334403 -0.219355404376983643 -4.38479995727539062 45
37.4069974456799557 17.5161320670169296 1.28734862804412842 -3.24800014495849609 49.5
37.3675784593425604 17.5161320670169296 2.14590001106262207 -3.32920026779174805 50
37.2723064349608677 17.6555588258050946 2.61000466346740723 -3.4104001522064209 46
37.4353968947184654 17.5479221031819783 2.14979457855224609 -3.24800014495849609 47.5
37.4158281409446332 17.3823756682463006 3.44513773918151855 -3.32920026779174805 49.5
35.9468467322716236 20.8253936397343544 -0.727977991104125977 -4.14120006561279297 46
35.8269590165778808 21.0434605888415192 0.0679850354790687561 -4.22240018844604492 46.5
36.558082561193153 19.8799105699310239 -0.967625737190246582 -3.73520016670227051 46
36.6683015481490315 19.6406442470066835 -1.52359259128570557 -3.81640005111694336 45.5
35.9248054797266008 21.01902632472299 -0.499453634023666382 -4.22240018844604492 46
36.7602014217419324 19.6760331551904173 -0.656702101230621338 -3.73520016670227051 45.5
36.3217906655434248 20.4837093043044298 -0.187637582421302795 -3.89760017395019531 46
36.2298140189386544 21.0133484421725676 1.88299906253814697 -4.14120006561279297 47
35.9531578288738203 21.5915129418727467 2.27531599998474121 -4.14120006561279297 47.5
36.0282206949298427 21.4970435123750043 1.96073532104492188 -4.22240018844604492 46
34.6715388769759585 24.0868473775589251 -0.811762809753417969 -4.70960044860839844 47.5
34.8455104710810417 23.8335793218912784 0.837667226791381836 -4.79080009460449219 46
36.5283030146879426 21.2013032446107843 2.34051871299743652 -3.97880029678344727 45
36.3352263098169814 21.5554511671709754 2.09860849380493164 -4.06000041961669922 46
34.8018628574884801 24.0186292554254308 -1.10728561878204346 -4.70960044860839844 47
34.9152195768241072 23.8759129284235669 0.397970765829086304 -4.79080009460449219 46
36.4682803874424621 21.397747519763044 2.80028724670410156 -3.97880029678344727 46
36.4398293781564249 21.5936684943315278 1.22187602519989014 -4.06000041961669922 48.5
36.5383219451595238 21.4612894574609285 0.0693349167704582214 -4.14120006561279297 45.5
36.5899773763165399 21.4356200245221729 1.92103171348571777 -4.06000041961669922 48
36.5764747155942089 21.49927442697064 1.39471149444580078 -4.14120006561279297 46.5
35.6179525159530996 23.0853299546450081 0.656937777996063232 -4.46600008010864258 45.5
35.830313360201913 22.8976192300601618 0.51314842700958252 -4.46600008010864258 47.5
34.9920727170560255 29.8274571483383184 3.65967941284179688 4.38479995727539062 46.5
54.0060787919716674 3.94490478187340843 -0.0627596452832221985 3.32920026779174805 48
54.0300810501197262 4.58730635689140609 0.240300655364990234 3.65400028228759766 49.5
54.0498348890230744 4.11976700884782154 1.41205513477325439 3.4104001522064209 54
54.099523464117226 4.34259497144990014 1.6952444314956665 3.65400028228759766 50
54.1142226724516675 4.34259497144990014 1.13273417949676514 3.5728001594543457 55
54.1142226724516675 4.34259497144990014 1.13273417949676514 3.49160003662109375 57
54.1400956785740917 4.12546522287740558 0.566399931907653809 3.24800014495849609 53
54.1727122788301472 4.59999612958228887 -0.893377065658569336 3.73520016670227051 46
54.1912615011467764 4.13116343690698962 1.69758594036102295 3.5728001594543457 57
54.182340210980577 4.34859309148104156 1.41596126556396484 3.49160003662109375 59.5
54.1978688034411391 4.34859309148104156 0.567182302474975586 3.4104001522064209 57.5
54.2001058548833115 4.34859309148104156 -0.281741499900817871 3.32920026779174805 55
54.1993518528707341 4.13116343690698962 1.41596126556396484 3.24800014495849609 55
54.200750397341892 4.09719005337979425 1.46043169498443604 3.16680002212524414 50
54.2110082071765049 4.54510425859166212 2.30460739135742188 3.73520016670227051 47.5
54.2489673727648949 4.35459090643512514 1.69992733001708984 3.49160003662109375 61
54.2878324703542035 4.10284111965684417 0.894610941410064697 3.24800014495849609 56
54.289651663445774 4.13686136111336911 -0.567962825298309326 3.16680002212524414 51
54.3473778738063302 4.36058902646626656 0.568746864795684814 3.73520016670227051 48
54.3694709922785435 4.10849247337368517 -0.237910479307174683 3.65400028228759766 45.5
54.2901900784968063 4.36058902646626656 2.55659627914428711 3.5728001594543457 55.5
54.3206778274075504 4.10849247337368517 2.31521081924438477 3.32920026779174805 52
54.3447179466575747 4.10849247337368517 -1.65767955780029297 3.24800014495849609 56
54.3590844312473465 4.10849247337368517 -1.08910942077636719 3.16680002212524414 50
54.4131955012448074 4.36658714649740709 1.1389923095703125 3.5728001594543457 56.5
54.4251152192718237 4.36658714649740709 -2.38664188145776279e-06 3.49160003662109375 61.5
54.4132738752648351 4.36658714649740709 -1.13526833057403564 3.4104001522064209 56
54.144553765295214 4.14825778917253718 -5.68504047393798828 3.32920026779174805 50.5
54.2883127992916599 4.07320707259211279 -4.16510343551635742 3.24800014495849609 53.5
54.4879396588545362 4.37258526652854851 1.1405569314956665 3.73520016670227051 47.5
54.499140140204517 4.37258526652854851 0.28329765796661377 3.65400028228759766 50
54.4968907464418137 4.37258526652854851 -0.570309817790985107 3.49160003662109375 60
54.2481602249101158 3.87383725956513647 -5.6112823486328125 3.32920026779174805 49.5
54.4183360371515121 3.62104717384395469 -3.85855722427368164 3.24800014495849609 47.5
53.8711052728611293 4.37258526652854851 8.25470829010009766 3.16680002212524414 45
54.5298469268759973 4.5975125558876746 1.70929336547851562 3.73520016670227051 47.5
54.5887712401159746 4.15965421723170525 0.571093857288360596 3.65400028228759766 51
54.5716471827595626 4.37858338655968993 0.571093857288360596 3.49160003662109375 56.5
54.6475460506178194 3.20868063796327307 0.955518066883087158 3.32920026779174805 47
54.6562171812519466 4.1310976008012581 1.18852996826171875 3.5728001594543457 53.5
54.5051961811303229 4.63806480222628803 3.66778159141540527 3.49160003662109375 54
54.4175210593408423 4.67917025099048001 4.75597143173217773 3.4104001522064209 49
54.572134527163243 4.1367489545180991 4.3335270881652832 3.5728001594543457 50.5
54.4956788817466489 4.82963725369940544 4.57228279113769531 3.49160003662109375 53.5
54.6694705836455412 4.17674856949725282 4.0068354606628418 3.5728001594543457 49.5
54.7201518488139058 4.6164063136548581 2.57769632339477539 3.49160003662109375 53.5
54.5738343179157468 5.0972819713272397 4.238555908203125 3.4104001522064209 48.5
54.8706691257602373 4.40257556160719687 -0.574221432209014893 3.5728001594543457 50
54.8669425005504436 4.40257556160719687 -0.859434723854064941 3.49160003662109375 53
54.9235612754159845 4.62900236572025481 -0.86060565710067749 3.5728001594543457 50.5
55.0044139983224838 4.41457149659242098 1.43744480609893799 3.5728001594543457 48
55.0397132786160981 4.19384292176280038 -0.286016166210174561 3.49160003662109375 47.5
50.9799830119534931 -28.6922794907558227 0.211385101079940796 -4.14120006561279297 46.5
51.1686883305940938 -28.5094777706398368 -0.075876384973526001 -4.14120006561279297 50.5
51.1659465280378498 -28.5094777706398368 0.53511500358581543 -4.22240018844604492 49.5
51.1936550374911192 -28.6119418612215171 0.623764514923095703 -4.14120006561279297 49
51.0831197345115697 -28.8098215820854975 0.575783491134643555 -4.22240018844604492 48.5
58.9984741248344378 10.2213959808819297 -2.38938760757446289 -1.70520007610321045 47
59.0352394804089329 10.2663251939847076 0.670011818408966064 -1.78640007972717285 51
59.0810108747363429 9.99674991536804214 0.710863471031188965 -1.86760008335113525 49.5
59.0989193313054599 9.90689148916248641 -0.420801073312759399 -1.94880008697509766 47
59.1206451117698393 10.2341888462608495 0.106355860829353333 -1.70520007610321045 51
59.1549553163747035 10.0092616188705001 0.711753129959106445 -1.78640007972717285 56
59.1591737940891491 10.0092616188705001 0.0859067142009735107 -1.86760008335113525 56
59.1591737940891491 10.0092616188705001 0.0859067142009735107 -1.94880008697509766 52
59.2243305211641342 10.0217726860012846 1.02388441562652588 -1.70520007610321045 51
59.2184379850223124 10.0893351984911792 0.622542440891265869 -1.78640007972717285 57.5
59.1942848912259691 10.2469810609676042 -0.204785257577896118 -1.86760008335113525 57.5
59.2208717386103487 10.0893351984911792 -0.315372079610824585 -1.94880008697509766 53
59.3070694624280321 10.0342843895037426 0.086121484637260437 -1.70520007610321045 49.5
59.3070694624280321 10.0342843895037426 0.086121484637260437 -1.78640007972717285 55
59.3070694624280321 10.0342843895037426 0.086121484637260437 -1.86760008335113525 55.5
59.3067022074906944 10.0342843895037426 -0.225548252463340759 -1.94880008697509766 50.5
59.4272596910830018 9.76834556458580394 -0.176557689905166626 -1.78640007972717285 49.5
59.4177859033815139 9.76834556458580394 1.07570564746856689 -1.86760008335113525 49.5
57.9844714251791373 10.3691166689538701 13.9125194549560547 -1.94880008697509766 50.5
58.5643328433205568 10.0060841378745238 11.5487184524536133 -2.03000020980834961 50.5
59.1422056789473629 10.0060841378745238 8.08416366577148438 -2.11120009422302246 48
58.6646213979085829 10.3819657667080811 11.0922174453735352 -1.94880008697509766 54
58.8304858537371018 10.2759500696009223 10.2829389572143555 -2.03000020980834961 55
59.0328373946979426 10.1093539741468188 9.23500919342041016 -2.11120009422302246 52
59.3711366431776213 10.1218656776492768 7.3533625602722168 -1.86760008335113525 46.5
59.202372364858725 10.1901029743525307 8.52624607086181641 -1.94880008697509766 53.5
59.1118384456229293 10.3493233333267884 8.95197296142578125 -2.03000020980834961 55
59.0551489060788768 10.1218656776492768 9.56519603729248047 -2.11120009422302246 51.5
59.2777199497003195 10.4076639622165015 8.27016162872314453 -1.94880008697509766 49.5
59.2332275070720939 10.4456204318088304 8.53678512573242188 -2.03000020980834961 51
59.3625123376378312 10.3621161987057064 7.69945859909057617 -2.11120009422302246 47.5
64.0112035285528407 16.9481171168401872 -1.03841280937194824 -2.19239997863769531 49.5
64.1307295209277726 16.6110628906298707 -2.6480870246887207 -2.11120009422302246 46
64.0798521584112137 16.8181833755504435 -2.57130789756774902 -2.19239997863769531 48.5
71.2903376139147724 5.06415228746004686 0.84787595272064209 3.65400028228759766 46
71.2775717567456013 5.06415228746004686 1.59332334995269775 3.5728001594543457 48
71.3878112734366681 4.57771883605417251 1.49258065223693848 3.65400028228759766 49.5
71.3710624122095112 4.81018112069754888 1.56086015701293945 3.5728001594543457 51
71.2463511156783937 5.06946597664593046 4.20246410369873047 3.49160003662109375 47.5
71.4626700233813068 4.19765725445347559 2.36791157722473145 3.65400028228759766 52.5
71.4465453101348089 4.42141297164182667 2.44599342346191406 3.5728001594543457 54
71.3883430071448402 5.27168469695756325 2.46063661575317383 3.49160003662109375 48.5
71.6086618000288837 3.440486871077999 1.11937499046325684 3.73520016670227051 48
71.5612477531799556 4.09453776063188979 1.76449573040008545 3.65400028228759766 55.5
71.5213630128166926 4.42604300602221734 2.44855499267578125 3.5728001594543457 56
71.4551041703078624 4.87402306736049873 3.36190676689147949 3.49160003662109375 49
71.5997179195966709 4.09882057537253974 2.88632726669311523 3.81640005111694336 48
71.6677445354152951 3.77593755411781018 1.06183123588562012 3.73520016670227051 53.5
71.6360995642154847 4.09882057537253974 1.76634132862091064 3.65400028228759766 58
71.6079341980663884 4.43067256943990095 2.07940435409545898 3.5728001594543457 58
71.5801122164951948 4.59211408006726529 2.61738824844360352 3.49160003662109375 48.5
71.6515358998205727 5.09072181450628669 1.60168278217315674 3.89760017395019531 46
71.7065519005809762 4.43530260382029162 0.960083067417144775 3.81640005111694336 52
71.7211511655748808 4.2108439700237188 0.876810550689697266 3.73520016670227051 56.5
71.7192635421304203 4.10310382580136324 1.39109349250793457 3.65400028228759766 60
71.6962358133669255 4.30960576889421088 1.87102198600769043 3.5728001594543457 59.5
71.6584319050248837 4.2108439700237188 3.12426877021789551 3.49160003662109375 50
71.7619612117416779 4.60171107211709085 1.50040340423583984 3.89760017395019531 47.5
71.7674347726319439 4.43993216723797524 1.71120572090148926 3.81640005111694336 54
71.7798253501729562 4.31410413010977312 1.50040340423583984 3.73520016670227051 58
71.7756536637789111 4.10738664054201319 2.14256882667541504 3.65400028228759766 60.5
71.7493531228305699 4.10738664054201319 2.89235925674438477 3.5728001594543457 59.5
71.7152202331833735 4.10738664054201319 3.64183473587036133 3.49160003662109375 52.5
71.8502818085034107 4.44456173065565796 1.33510255813598633 3.89760017395019531 48.5
71.8223905614102733 4.31860249132533536 2.62559318542480469 3.81640005111694336 54
71.823497820070699 4.21963451756579744 2.75313448905944824 3.73520016670227051 57
71.8081723023927481 4.11166945528266403 3.26809597015380859 3.65400028228759766 59.5
71.7892856387116325 4.03069565857031353 3.74857878684997559 3.5728001594543457 59
71.8843908055066549 3.84175679957483007 1.36945450305938721 3.49160003662109375 54
71.9103124697890763 4.77342436329778597 -0.963087260723114014 3.89760017395019531 47
71.931101147506169 4.44919176503604952 0.963089525699615479 3.81640005111694336 52.5
71.8983185300482859 4.22403023846539938 2.75600242614746094 3.73520016670227051 54
71.8227289022560456 4.11595270571148664 4.40007162094116211 3.65400028228759766 57.5
71.9132350429958223 4.11595270571148664 2.52029275894165039 3.5728001594543457 57.5
71.9580469304028298 4.0348945561460523 -0.751807570457458496 3.49160003662109375 53.5
71.9627794761276363 3.7106619578843163 1.54774558544158936 3.4104001522064209 46
71.9880636635148647 4.12023552045213748 2.52291512489318848 3.89760017395019531 45.5
72.0074738297897028 4.2284255122364387 1.63295423984527588 3.81640005111694336 49
71.8475190491647311 4.12023552045213748 5.15560150146484375 3.73520016670227051 47.5
71.9720220638614165 4.32759967137204704 2.63106322288513184 3.65400028228759766 55.5
72.0200985924670078 4.32759967137204704 -3.15377678816730622e-06 3.5728001594543457 55
72.0149818488083895 4.2284255122364387 1.25918948650360107 3.49160003662109375 49.5
71.9113082319596941 3.75058638185577431 4.50775003433227539 3.4104001522064209 47.5
72.0949681276304375 4.33209849020319648 -3.15705528919352219e-06 3.65400028228759766 52.5
72.0694879059984572 4.23282123313604064 -2.12688994407653809 3.5728001594543457 49.5
72.1714960543345683 4.12880158562161093 -1.23223817348480225 3.65400028228759766 48
75.8425633581737344 8.05394076432584605 -0.956811010837554932 -4.95320034027099609 45
75.9093236752150204 8.13818586705321678 0.931725621223449707 -4.95320034027099609 45.5
76.1658778277968338 7.04262141432528832 3.59048819541931152 -4.95320034027099609 45.5
96.0906210883010914 1.53790235603924241 3.00835275650024414 -3.08560013771057129 66
96.0540077520125806 1.53790235603924241 4.01062583923339844 -3.16680002212524414 59.5
96.1800634937957426 1.53910204106088222 2.50576329231262207 -3.00440025329589844 72
96.1655793445174254 1.53910204106088222 3.01069951057434082 -3.08560013771057129 76
96.1289374469415492 1.53910204106088222 4.01375436782836914 -3.16680002212524414 68.5
96.2550254141516035 1.54030160405169902 2.50771617889404297 -3.08560013771057129 74.5
96.2473092754618591 1.87724257993800836 2.57334661483764648 -3.16680002212524414 67
96.2743780157266826 2.76988512880365567 3.42253494262695312 -2.92320013046264648 52
96.3205529298884073 0.216773618775938259 3.23210716247558594 -3.00440025329589844 59
96.343769142385014 2.05934937837141341 1.33377945423126221 -3.16680002212524414 53
96.3439198593531785 -0 4.52239751815795898 -3.00440025329589844 51
96.3390534436967982 0.313361110575531565 4.61435651779174805 -3.08560013771057129 54.5
96.2856795192747654 0.313361110575531565 5.61900997161865234 -3.16680002212524414 47
96.4861055150297062 0.663394709593933429 2.65830039978027344 -3.00440025329589844 51
96.4820324592360805 1.02524636937244251 2.69118547439575195 -3.08560013771057129 54.5
96.5039966785109158 -0 2.01357579231262207 -3.16680002212524414 47
96.5851410397441157 0.772550050038305902 -1.50810897350311279 -3.08560013771057129 48
96.6135966273824494 0.664425636474285763 -3.3804936408996582 -3.08560013771057129 45.5
96.7658877444074079 2.57713178171887147 2.19141793251037598 -3.08560013771057129 49
96.9228148681877002 1.553497407104798 6.06812524795532227 -3.00440025329589844 47
97.0479727977561595 1.553497407104798 3.54181623458862305 -3.08560013771057129 50.5
97.1686199469087768 1.9433712126195184 1.52410626411437988 -3.00440025329589844 52.5
97.179865746452279 1.8947869323040305 0.569906115531921387 -3.08560013771057129 55.5
97.2050314662827759 2.24875670797648297 -2.92423510551452637 -3.00440025329589844 46
97.1228460555042403 2.24875670797648297 -4.95189571380615234 -3.08560013771057129 50
