
X Y Z V_r Mag
9.34709181824193003 2.17129744997373253 -0.278122752904891968 -4.30360031127929688 46
9.35567996678231317 2.14970443665907673 -0.100136704742908478 -4.38479995727539062 51.5
9.3560803928369829 2.14970443665907673 -0.0503965355455875397 -4.46600008010864258 48.5
9.40940924167882642 2.2051864406064805 -0.453646063804626465 -4.30360031127929688 55.5
9.41657359033589003 2.18826066748779047 -0.381156563758850098 -4.38479995727539062 63
9.42594507143168769 2.1664989591923316 -0.251943141222000122 -4.46600008010864258 60.5
9.44396567671087617 2.25030304729194075 -0.900083839893341064 -4.30360031127929688 55.5
9.4794419692350349 2.18329348172558646 -0.660231471061706543 -4.38479995727539062 63.5
9.49775242841314338 2.16136307844932496 -0.428609192371368408 -4.46600008010864258 61.5
9.49729633590716915 2.20522388500184796 -0.0292482618242502213 -4.54720020294189453 45
9.48362542256417385 2.56717883004828495 0.032822098582983017 -4.14120006561279297 46.5
9.48343127796164609 2.56717883004828495 -0.0689924135804176331 -4.22240018844604492 50.5
9.45980659682796166 2.20008821781278163 -1.48401832580566406 -4.38479995727539062 55.5
9.51711134805193559 2.14729592240767575 -1.15946054458618164 -4.46600008010864258 54
9.51382316639523928 2.08836498800197612 -1.28706836700439453 -4.54720020294189453 45
9.52012085478876102 2.6919290418487587 -0.361693412065505981 -4.14120006561279297 54.5
9.54217935627955782 2.61275465826497211 -0.36101880669593811 -4.22240018844604492 57.5
9.55629124918351103 2.57316746647307859 0.257127761840820312 -4.30360031127929688 51.5
9.57038692885253539 2.80331482378098551 -0.223042741417884827 -4.06000041961669922 52
9.57675147869219856 2.66620293822477938 -0.823301076889038086 -4.22240018844604492 56.5
9.59905596675038275 2.5851822785779297 -0.821945309638977051 -4.30360031127929688 47
7.33943644646984783 6.72346827900161781 -0.654431521892547607 4.14120006561279297 45
9.5879428887813809 2.89346372410184527 -0.837685167789459229 -4.06000041961669922 51
9.60971221925215069 2.62596903085805522 -1.32673192024230957 -4.22240018844604492 52
9.66321921166142417 2.50289635509330655 -1.16627991199493408 -4.30360031127929688 53.5
9.72012223138730569 2.83408288493225191 -0.0531525947153568268 -4.06000041961669922 48
9.71547338944151839 2.75310908821990141 -0.738645672798156738 -4.14120006561279297 50.5
9.67863832867793228 2.69870481855379163 -1.24762928485870361 -4.22240018844604492 51.5
9.72201600375031383 2.52157463824552597 -1.28050327301025391 -4.30360031127929688 51.5
9.73029628733680951 2.46970079972667644 -1.31815528869628906 -4.38479995727539062 47
8.55614942023020753 5.2228098879465783 -1.42484784126281738 4.95320034027099609 45
8.60548387316517349 5.18232298959040261 -1.2668074369430542 4.87200021743774414 45
9.70199805971285123 3.05901032682990603 -0.744117140769958496 -3.97880029678344727 56
9.71532438101449891 3.00675223374656175 -0.782257139682769775 -4.06000041961669922 54.5
9.74507571364556924 3.1777999594037234 -0.714651107788085938 -3.89760017395019531 46
9.72426315691724064 3.12258969748276982 -1.12417769432067871 -3.97880029678344727 51
9.44934035100424374 3.07508319303915867 -2.61332511901855469 -4.06000041961669922 45.5
10.0569263444693409 1.86302534993729418 -0.981329083442687988 -4.46600008010864258 47
9.81256192409804484 3.14538226377790142 -0.970930159091949463 -3.97880029678344727 51
8.91675834888986785 4.9896730154832003 -1.64836132526397705 5.03439998626708984 47.5
8.92785624162519298 5.00001966766668104 -1.55424833297729492 4.95320034027099609 47
9.8431335649092162 3.21637485832661163 -1.20344424247741699 -3.97880029678344727 51
9.01693281668465474 4.9685110205174956 -1.63995468616485596 5.03439998626708984 47.5
8.98460712944353723 5.0583975596930868 -1.53950750827789307 4.95320034027099609 46.5
9.89370549222436324 3.38253040618303036 -0.960767030715942383 -3.81640005111694336 46.5
9.9187170701030194 3.35891304880859431 -0.766002893447875977 -3.89760017395019531 48.5
9.35053356172277539 4.97726461440925405 -1.1031184196472168 5.03439998626708984 45
10.7204355245181233 1.69595118669755385 -0.679443538188934326 -4.62840032577514648 47
10.7409405069568979 1.66469567604527535 -0.355819791555404663 -4.70960044860839844 53.5
10.7395488036051852 1.69595118669755385 -0.226859375834465027 -4.79080009460449219 50
9.72670066723241789 4.6529942814522629 -1.41653168201446533 5.19680023193359375 47
10.4458110812519056 3.28393753991976745 -0.0574835501611232758 -3.97880029678344727 48
10.465510554950443 3.19636587218857393 0.398562878370285034 -4.06000041961669922 48
10.7860394692334776 1.69259614036698003 -0.836053729057312012 -4.70960044860839844 54.5
10.7965791942276912 1.72680382307447777 -0.595442414283752441 -4.79080009460449219 52
10.5018008904375399 3.30643020402680543 -0.574751555919647217 -3.97880029678344727 50
10.5812233916016663 3.27205376913655632 -0.735790550708770752 -3.97880029678344727 49
3.23440563308894635 10.5762653623002301 -0.944055438041687012 1.70520007610321045 47
8.88046332278630146 6.09271588457161695 3.25248885154724121 -4.38479995727539062 45.5
10.720922138590419 3.32139728781360288 1.51188504695892334 -4.06000041961669922 46.5
10.7991284761999147 3.26054510060611014 1.00165247917175293 -4.14120006561279297 45
9.05479948703511184 6.15880741225598527 2.8871002197265625 -4.38479995727539062 47.5
10.5150679307716377 3.21525975198658065 2.7112889289855957 -4.54720020294189453 45.5
10.4822062675395085 3.18271090766629383 2.87216591835021973 -4.62840032577514648 45
11.1595617245031828 1.50998334303243009 -1.19990944862365723 -4.79080009460449219 45.5
8.96082766759473159 6.69390917328191115 2.20344424247741699 -4.70960044860839844 47
11.2442994499618205 1.43308632226465282 -1.21326518058776855 -4.79080009460449219 51
11.2269962629847821 1.51998320661668407 -1.26657521724700928 -4.87200021743774414 45.5
11.3259132109125034 1.38945978915155477 -1.21191191673278809 -4.79080009460449219 48
11.3393758735548218 1.47792176588194613 -1.62382256984710693 -4.79080009460449219 49
11.3127974414604751 1.5039008594228398 -1.77803504467010498 -4.87200021743774414 45
10.6819052874424134 4.4887036962245439 -0.942898392677307129 -5.03439998626708984 48
11.6190165570761739 1.12283672096308118 0.792276740074157715 -4.87200021743774414 47
11.6295147679187227 1.20324820488621853 0.44339829683303833 -4.95320034027099609 50.5
10.8131422107756467 4.37877080635993288 -0.890135705471038818 -5.03439998626708984 48
11.7078499720423554 1.25510328200021526 -0.0401389375329017639 -4.87200021743774414 57.5
11.7069644239791231 1.26393167554300678 0.00963300466537475586 -4.95320034027099609 58
9.70955964276477523 6.53742541843722869 -1.27951323986053467 4.79080009460449219 45
11.7817429295139302 1.23200136149088402 -0.308581531047821045 -4.87200021743774414 55.5
11.7814214779351278 1.27198217490465071 -0.0517054423689842224 -4.95320034027099609 55.5
10.9572397641275749 4.41417795505327604 -0.9361838698387146 -5.03439998626708984 46.5
9.81992631880438793 6.47096868956149507 -1.45537710189819336 4.79080009460449219 45.5
9.89932632424926418 5.91288667228015985 3.04084515571594238 -4.62840032577514648 48
9.8722468248153632 6.03954881117729059 2.87545132637023926 -4.70960044860839844 46.5
11.6977906848626318 1.4111652415950886 -1.83737027645111084 -4.87200021743774414 45.5
10.540601759695539 -6.73094705549603756 -1.53299629688262939 5.1156001091003418 46
10.4999258883073328 -7.02759783563008966 -1.00997531414031982 5.03439998626708984 46.5
7.52027526059833473 -11.073719803808574 -1.02411198616027832 3.4104001522064209 46.5
7.50473384912129227 -11.1558282393004013 -1.21510696411132812 3.4104001522064209 45.5
11.6850643659342293 -6.79378627369408239 -1.25872218608856201 5.19680023193359375 46.5
11.8122650847237374 -6.76821007707098143 -0.99209064245223999 5.19680023193359375 46
7.71165453623195685 -11.3417582239752033 -0.520139813423156738 3.49160003662109375 46.5
7.62909529059500713 -11.3846349751621663 -0.750080108642578125 3.4104001522064209 49
12.9423505541327568 5.13193957452916738 -0.872509777545928955 -5.03439998626708984 47
7.7930931387617175 -11.5067707647646174 -1.21013736724853516 3.49160003662109375 47.5
7.72958694573121186 -11.5712686466455885 -0.980692386627197266 3.4104001522064209 49
7.73746434467650435 -11.6650256497112004 -0.871475458145141602 3.4104001522064209 46.5
8.61755397878913598 -11.6088124203880358 -0.706312179565429688 3.65400028228759766 47
8.57010615175379087 -11.6232827381448303 -0.989050626754760742 3.5728001594543457 46
8.64051209375060303 -11.6689615529876072 -0.937757194042205811 3.65400028228759766 47.5
8.02239212880858865 -12.2225455563168737 -0.375859737396240234 3.4104001522064209 46
8.93953083819895156 -11.6000592991273752 -1.27020728588104248 3.73520016670227051 47
8.55139903990713002 -11.9325392251989584 -0.760331094264984131 3.5728001594543457 48.5
8.27039973320695587 -12.1254143204338565 -0.815372884273529053 3.4104001522064209 46.5
9.38726076161491285 -11.3435296498588443 -1.22650229930877686 3.89760017395019531 49
9.1982635564545987 -11.5115409125764803 -1.0849071741104126 3.81640005111694336 50.5
9.02749150071770323 -11.6481654558853283 -1.06079518795013428 3.73520016670227051 50.5
8.52440366015238382 -12.0525002529750243 -0.610259056091308594 3.5728001594543457 47
9.38173345187484919 -11.4604916557539713 -1.07829749584197998 3.89760017395019531 50
9.2435036372871533 -11.5792532273161886 -1.00053191184997559 3.81640005111694336 51
9.08211763384036885 -11.7072930466567051 -0.988409936428070068 3.73520016670227051 48.5
9.62640427425261791 -11.356115907639813 -1.06141543388366699 3.97880029678344727 45.5
9.36691656115096905 -11.5388880145454955 -1.36768853664398193 3.89760017395019531 47
9.13605535164923488 -11.7664206374280802 -0.916227459907531738 3.81640005111694336 45.5
8.03660314591048852 -12.5721099250123132 -0.332708150148391724 3.32920026779174805 45.5
9.29858806272344651 -11.8149772471352641 -1.09463536739349365 3.81640005111694336 46
9.14089828689601269 -11.9524921289976493 -0.915177464485168457 3.73520016670227051 45.5
6.63099430815199042 13.5367389186725138 -0.205546110868453979 2.43600010871887207 50
8.8739363431269318 -12.2202022290482617 -1.20101082324981689 3.73520016670227051 45
8.76281396586207428 -12.3584012627772353 -0.0743668824434280396 3.5728001594543457 45.5
8.74602187576341272 -12.3584012627772353 -0.547308087348937988 3.49160003662109375 47
6.87753744484560325 13.488604319437469 -0.528726875782012939 2.51719999313354492 53
6.73197171328452626 13.5700092297161792 -0.24065004289150238 2.43600010871887207 54
6.66398424401801215 13.6040857037863372 -0.206568717956542969 2.35480022430419922 47
8.9908699038355735 -12.2369404075432548 -1.10552716255187988 3.73520016670227051 48.5
8.99105881972003473 -12.2578680108521745 -0.840346992015838623 3.65400028228759766 51.5
8.99744119516664753 -12.2806981235528152 -0.176454529166221619 3.5728001594543457 47.5
8.06982749137945987 -12.9066237134287061 -0.312413454055786133 3.32920026779174805 46.5
7.52559538651960747 13.2319528194128324 0.285432487726211548 2.76080012321472168 48.5
6.7884210453625613 13.5553794160052377 -1.40344810485839844 2.59840011596679688 47
6.92825119690928304 13.5325493033045969 -0.818581700325012207 2.51719999313354492 56
6.87924654983030415 13.5763070193141573 -0.400619864463806152 2.43600010871887207 54.5
6.43276166361090596 13.798900618145403 0.10276167094707489 2.27360010147094727 47.5
10.0517254531338835 -11.5018781119493614 -0.871565401554107666 4.06000041961669922 45.5
9.20869948816431361 -12.1748603419038464 -1.03085100650787354 3.73520016670227051 47.5
9.11485411096670184 -12.2704544086587433 -0.667377173900604248 3.65400028228759766 49.5
8.11225953145717504 12.9702029773046004 0.234689861536026001 3.00440025329589844 46.5
8.11522421983422859 12.9702029773046004 -0.0834474265575408936 2.92320013046264648 49
7.70692667246615759 13.2149237881971384 -0.243032708764076233 2.84200000762939453 46
7.56701728717413147 13.2971346856063519 0.12830023467540741 2.76080012321472168 45.5
6.91714268071949068 13.5992119365518302 -1.1421809196472168 2.51719999313354492 50.5
6.96238042549975145 13.5992119365518302 -0.822614133358001709 2.43600010871887207 48
9.85694891578614651 -11.7695983139832183 -0.841300547122955322 3.97880029678344727 47
9.80362347304802384 -11.8387634362984961 -0.351122677326202393 3.89760017395019531 46.5
8.65436880058191171 -12.7052487186371224 -0.263090610504150391 3.4104001522064209 47
8.21437358602064549 12.9723029409100032 0.796291708946228027 3.00440025329589844 48.5
8.04045804513593865 13.104869425347621 0.0639415308833122253 2.92320013046264648 53
7.92468711113894297 13.1740345476628988 -0.186577662825584412 2.84200000762939453 45.5
9.75810063506058789 -11.9679464890112239 -0.500246644020080566 3.89760017395019531 46.5
8.69024323749616556 -12.7672253801953897 -0.424439728260040283 3.49160003662109375 48
8.62925953606703722 -12.8154910137210045 0.0400267653167247772 3.4104001522064209 51
8.52422384002629308 -12.8849935259978885 0.130611538887023926 3.32920026779174805 47.5
7.9094466065742175 13.1958242059028432 -1.41894364356994629 3.08560013771057129 46.5
9.62595822106341359 -12.1676629677724097 -0.560855329036712646 3.81640005111694336 48.5
8.61773173393831371 -12.9126219249829646 -0.156647026538848877 3.4104001522064209 51
8.49271865888633926 -12.9960418082122722 -0.0476289950311183929 3.32920026779174805 50
8.9743485739886335 12.6643022725794463 0.319628298282623291 3.24800014495849609 54
7.10527778456090342 13.7992006839549024 -0.350316733121871948 2.51719999313354492 46.5
10.183560107163947 -11.7274052743270136 -1.4570765495300293 3.97880029678344727 46.5
8.60726957722062203 -13.0100902262065308 -0.11167261004447937 3.4104001522064209 50
8.4675570887190883 -13.0997612106844308 -0.238227531313896179 3.32920026779174805 50.5
9.02021902176720225 12.7254823189505881 0.240355223417282104 3.24800014495849609 54.5
9.02341856732565795 12.7254823189505881 -0.00425373576581478119 3.16680002212524414 51
10.2437670678525361 -11.7837868856886541 -1.38319849967956543 3.97880029678344727 48
9.40711134705334118 12.535943495413461 -0.248989388346672058 3.49160003662109375 45
9.47765885376741224 12.4850162249633438 0.0630515068769454956 3.4104001522064209 56
9.52098578063584178 12.4517176250536536 0.105798959732055664 3.32920026779174805 55.5
10.219024226489605 -11.9247980830307831 -1.19719076156616211 3.97880029678344727 45
9.49808421277205639 -12.5604986575181474 -0.287758111953735352 3.73520016670227051 46.5
9.24776580474276066 -12.7474694147203138 -0.208308398723602295 3.65400028228759766 48
9.40602479704629779 -12.6313507339315994 -0.19542384147644043 3.5728001594543457 46.5
9.52979299620132103 12.5329450722462497 -0.413360774517059326 3.49160003662109375 52
9.53875347499872817 12.5329450722462497 -0.00322068063542246819 3.4104001522064209 60
9.5383659511106913 12.5329450722462497 -0.0859017670154571533 3.32920026779174805 57.5
9.59781968983721434 12.4561886561316761 -0.887551486492156982 3.24800014495849609 45
9.65428644300517291 12.5293460820102052 0.490820378065109253 3.4104001522064209 53
9.54043388125503533 12.6203104001561126 0.372185856103897095 3.32920026779174805 51.5
9.26729066931008205 12.823991373395863 -0.305309683084487915 3.24800014495849609 47.5
9.92472030354044499 12.3880541460860343 0.919814229011535645 3.49160003662109375 51
9.70493373147907867 12.5251472873979743 1.32097172737121582 3.4104001522064209 50.5
9.47789759837732149 12.7516489991307402 0.612315535545349121 3.32920026779174805 50
9.29929662068853702 12.8966895689245309 0.0921412184834480286 3.24800014495849609 46
10.0849762546669055 12.3746239667491746 0.602143645286560059 3.5728001594543457 50.5
9.91631682977140549 12.5203486884095536 0.328892886638641357 3.49160003662109375 54.5
9.80568636855148057 12.5842280184524604 0.828454375267028809 3.4104001522064209 51
9.80107779207476426 12.7074887368036613 0.247288554906845093 3.49160003662109375 53
9.77560634383292815 12.7074887368036613 0.748189747333526611 3.4104001522064209 52.5
10.0135909795728377 12.6379103461423377 0.163800984621047974 3.65400028228759766 49
10.0952564573849806 12.5633563469702594 0.513310849666595459 3.5728001594543457 55.5
10.2129781522321288 12.4444729428850565 0.919659793376922607 3.49160003662109375 48.5
9.78556989077557304 12.7850033715358951 0.89551246166229248 3.4104001522064209 47
10.0489600431880071 12.6966919224475205 0.502451181411743164 3.5728001594543457 51.5
9.97108845993979998 12.6966919224475205 1.34589576721191406 3.49160003662109375 46.5
10.2060223099462295 -12.6680236644978628 0.483705639839172363 3.81640005111694336 47
10.1771693965631425 12.6903945523304955 0.504777371883392334 3.5728001594543457 50.5
10.1987105306216179 12.6680236644978628 0.618996322154998779 3.49160003662109375 49.5
14.5986959644089858 -7.32243061724588795 -0.763287663459777832 -5.03439998626708984 46.5
10.2241226201619231 -12.7488747353834668 -0.505988657474517822 3.81640005111694336 49.5
10.1582572946160408 -12.8730351564854892 -0.935651123523712158 3.73520016670227051 46
9.30650240136155027 -13.5298226644694424 -0.337037205696105957 3.49160003662109375 45
10.0274622492277157 -13.0369687100325997 -1.31812334060668945 3.73520016670227051 47.5
9.89252105576126972 -13.1957298346051921 -0.51063072681427002 3.65400028228759766 47
9.69050648986190311 -13.3544909591777863 0.0404968410730361938 3.5728001594543457 45
9.41263972102768598 -13.5483032411235502 -0.309335172176361084 3.49160003662109375 45
9.58574261704900721 -13.5208252556149375 0.17741142213344574 3.5728001594543457 47.5
10.7130770463073155 -12.7456141614073175 0.0431356392800807953 3.97880029678344727 45
10.9564709459108958 -12.6337401088877765 -0.264529794454574585 4.06000041961669922 45.5
10.9213444139804672 -12.6629993911912386 -0.313553392887115479 3.97880029678344727 48.5
10.7570811846245 -12.803025956500667 -0.305571675300598145 3.89760017395019531 46.5
10.4284662659307994 -13.1669400482562402 -0.344732105731964111 3.81640005111694336 46.5
10.2955716430445747 -13.2740054089802637 -0.205015704035758972 3.73520016670227051 47
11.5417382756667699 -12.3800880853803967 -0.90786510705947876 4.22240018844604492 47
11.4577844158071951 -12.4711648668468396 -0.70124894380569458 4.14120006561279297 49
10.3960188040160002 -13.3755784874554671 0.564983010292053223 3.73520016670227051 46.5
8.73767193124809083 14.5235695468696981 0.146759495139122009 2.92320013046264648 45
8.7245712624932743 14.5235695468696981 0.5003013014793396 2.84200000762939453 46.5
11.53869401879024 -12.4348677909773038 -1.44335222244262695 4.22240018844604492 46.5
11.5182301936231415 -12.4880537096726734 -1.10885524749755859 4.14120006561279297 49
11.5182301936231415 -12.4880537096726734 -1.10885524749755859 4.06000041961669922 46
10.3641040161387359 -13.4985861648846868 0.473510682582855225 3.81640005111694336 51
10.4530730881079545 -13.4347630624502425 0.30176970362663269 3.73520016670227051 50.5
15.5925398898098315 -6.94676466764343115 -1.01250982284545898 -4.95320034027099609 45
13.3602882746941241 10.6669483915336851 -0.359048336744308472 4.54720020294189453 51.5
13.3575752138217698 10.6669483915336851 -0.448791682720184326 4.46600008010864258 56
13.3543049789266171 10.6669483915336851 -0.53735727071762085 4.38479995727539062 51
10.5013287868497134 -13.4939461323187526 0.213340923190116882 3.81640005111694336 47
10.3818934321916423 -13.5836920923436768 0.331074416637420654 3.73520016670227051 47
15.6330348609536216 -7.08668845535222047 -0.606420695781707764 -4.95320034027099609 45
13.3538403948486906 10.7824115080828449 -0.628653585910797119 4.54720020294189453 58.5
13.4128770865056897 10.7137337277765869 -0.53971409797668457 4.46600008010864258 63.5
13.3870246523937713 10.8402733151937429 -0.915713608264923096 4.54720020294189453 55
13.4630104551540253 10.7605178742189622 -0.72188490629196167 4.46600008010864258 58.5
13.6303191849115208 10.6839025127462541 -0.473587572574615479 4.46600008010864258 49
13.2521125950824636 11.1536911338741032 -0.363772660493850708 4.38479995727539062 46.5
13.3150827149646034 11.0844135491916536 -0.00354274851270020008 4.30360031127929688 45.5
10.4988938153938403 -13.7364460878166117 1.11307168006896973 3.81640005111694336 48
10.5063930689462133 -13.7624251820725281 0.605814337730407715 3.73520016670227051 48.5
15.4775591957946688 -7.93183393797655878 -0.539669275283813477 -5.03439998626708984 45.5
13.711114543588625 10.6953648960818786 -0.611993670463562012 4.54720020294189453 53
13.3094816289307527 11.2019760001247892 -0.365347445011138916 4.38479995727539062 57.5
13.3399341931752087 11.1715358479505369 -0.0545677505433559418 4.30360031127929688 55.5
11.8923734498967271 -12.6826719737437674 -0.693789660930633545 4.22240018844604492 45.5
10.6720197587515795 -13.7306829271715909 0.579982578754425049 3.81640005111694336 49.5
10.4264247574616284 -13.9154981368009789 0.639261126518249512 3.73520016670227051 48
13.3935393814730457 11.2196882807271656 -0.327614098787307739 4.46600008010864258 50.5
13.4104401051901476 11.1803822493816813 -0.731300771236419678 4.38479995727539062 55
13.3715537736687544 11.2502596384403173 -0.0941184908151626587 4.30360031127929688 53.5
13.3706907238011379 11.2502596384403173 0.178706094622612 4.22240018844604492 47
12.022498877051305 -12.6718277721019348 -0.509843528270721436 4.14120006561279297 45
10.8393682144110208 -13.695968255492561 0.551523923873901367 3.81640005111694336 48.5
10.6647538314735773 -13.8357230336098311 0.459825336933135986 3.73520016670227051 47.5
16.5854669443868445 5.70848434505253977 -0.581395804882049561 -2.35480022430419922 47
16.5390125579175375 5.73480083070011215 -1.25525641441345215 -2.43600010871887207 45
14.0426928774858251 10.4673821663218494 -1.1131976842880249 4.62840032577514648 51.5
14.1398756131844578 10.3160623738483075 -1.28270411491394043 4.54720020294189453 49
13.5448489984671401 11.1581899145706203 -0.185455664992332458 4.46600008010864258 51.5
13.8794666268007223 10.7371261442094639 -0.277578353881835938 4.38479995727539062 47
13.2480753401708071 11.5090763898715824 0.179473087191581726 4.30360031127929688 51.5
11.968677819751699 -12.8183215508383004 -0.666292726993560791 4.14120006561279297 48.5
10.6837016764743353 -13.9148417861538096 0.488112300634384155 3.73520016670227051 46
16.6709083233422497 5.67781889609294321 -0.695555806159973145 -2.43600010871887207 48.5
15.525791629074142 -8.28767746547623929 -0.951219379901885986 -5.1156001091003418 45
14.1829398829605342 10.4306246283538329 -0.828810453414916992 4.62840032577514648 51.5
14.1642107693319463 10.4306246283538329 -1.10356390476226807 4.54720020294189453 49
13.1140394824053654 11.769691303615474 -0.370071738958358765 4.38479995727539062 46
13.3029894602111884 11.5582597233110036 -0.278764575719833374 4.30360031127929688 50.5
10.6153596378717907 -14.0381759672988444 0.940421342849731445 3.73520016670227051 45
15.611434919953739 -8.29197955584342417 -0.903449535369873047 -5.1156001091003418 45.5
14.2813530635884742 10.3799039892166398 -1.26117169857025146 4.70960044860839844 48.5
14.115671421443766 10.6364709746735198 -0.950446546077728271 4.54720020294189453 50.5
13.7565184337340174 11.1230635332986338 -0.570685446262359619 4.46600008010864258 47.5
13.528550649084794 11.395113009257221 -0.647870004177093506 4.38479995727539062 49
13.4256414153898138 11.5256082863430454 -0.45006263256072998 4.30360031127929688 48.5
11.9784736794970019 -13.0229862962939649 -0.456093162298202515 4.14120006561279297 49.5
14.3645625462580071 10.4372140172771068 -0.821337759494781494 4.70960044860839844 48
14.3036469821884982 10.5193968048147219 -0.835864245891571045 4.62840032577514648 55
14.186738762443456 10.6815412234700169 -0.769280850887298584 4.54720020294189453 55
14.0246531661676492 10.8992145526237003 -0.683310866355895996 4.46600008010864258 49
13.2735110090418047 11.7987829026975923 -0.74385535717010498 4.30360031127929688 45
14.302073278556577 10.6463113092933348 -0.853978335857391357 4.70960044860839844 47
14.302073278556577 10.6463113092933348 -0.853978335857391357 4.62840032577514648 55.5
14.3011973328135564 10.6596944787581904 -0.684979915618896484 4.54720020294189453 55
12.6473554951599976 -12.5623350710119546 -0.924474716186523438 4.30360031127929688 47.5
14.4670957836179497 10.5252915411429147 -1.1077113151550293 4.70960044860839844 48.5
14.4294752572214495 10.6081678524904977 -0.750132620334625244 4.54720020294189453 46
12.5931014131396193 -12.7383130441540242 -0.674424886703491211 4.30360031127929688 47
14.3410681397098685 10.816749677491428 -1.15398764610290527 4.62840032577514648 47
14.2278516384951921 10.9809465430470254 -0.993513703346252441 4.54720020294189453 47.5
14.7749213712172622 10.2836070127654224 -1.62934815883636475 4.79080009460449219 45
14.8896110110720432 10.2022958218013216 -0.95827782154083252 4.70960044860839844 45.5
14.319568259746509 10.9453897614454743 -1.36162924766540527 4.62840032577514648 45
14.3717522563664293 10.9273206078978937 -0.867204904556274414 4.54720020294189453 46.5
13.7189327110907957 11.7562430268930438 -0.535970509052276611 4.38479995727539062 47
13.6426408307910787 11.853364727211277 -0.285881966352462769 4.22240018844604492 45
14.8465157064190798 10.3784423874373708 -1.1364361047744751 4.70960044860839844 45.5
13.7491500400172058 11.8186327099947839 -0.838665544986724854 4.38479995727539062 46.5
13.7944268763090854 11.7573962710828948 -0.948661506175994873 4.30360031127929688 48.5
14.6202692273016144 10.8699733068095661 -0.491980373859405518 4.62840032577514648 48
14.6182593744433831 10.8836376352907838 0.0596410185098648071 4.54720020294189453 45.5
13.0550975766586781 -12.7009933232928862 -0.632316768169403076 4.38479995727539062 48
12.9837199306116418 -12.7852566822604032 -0.332977235317230225 4.30360031127929688 47.5
11.1778995035246158 -14.3680413980015818 0.874402165412902832 3.81640005111694336 46
15.1784053884463024 10.1600753142462175 -1.13088524341583252 4.79080009460449219 46.5
14.9560452434489832 10.4390600516619365 -1.49425196647644043 4.70960044860839844 47
14.6894255175702853 10.9032723606405497 -0.479038447141647339 4.54720020294189453 48
14.7227221779946387 10.9594378782953097 -0.879095315933227539 4.54720020294189453 45
15.2801984795292025 10.4447209273580981 -0.773979604244232178 4.70960044860839844 46.5
13.3749421172558005 -12.808209417347598 -0.486191004514694214 4.46600008010864258 46
13.2815209709988675 -12.8591366913728375 -1.19142758846282959 4.38479995727539062 46.5
13.2671738377925887 -12.9902216039968312 -1.09372997283935547 4.38479995727539062 48.5
16.9528386346988995 -7.80829244910555875 -0.622480630874633789 -4.95320034027099609 45.5
15.5438275086962925 10.2562598068795374 -1.39794206619262695 4.79080009460449219 46.5
15.9310593516979004 9.74684590056065581 -1.66218471527099609 4.95320034027099609 48.5
15.7720070223575242 10.0678357775743113 -1.20207047462463379 4.79080009460449219 48.5
16.0294727742823184 9.76466240597295965 -1.44500446319580078 4.95320034027099609 50.5
16.0409858595150574 9.73643403958614329 -1.50641798973083496 4.87200021743774414 51
16.1691880004549837 9.67367036156601934 -1.47902405261993408 5.03439998626708984 46
16.163895901855021 9.7161816082721213 -1.23868954181671143 4.95320034027099609 52.5
16.0726588421936256 9.85552402803100591 -1.32225430011749268 4.87200021743774414 49.5
16.2010318035924747 9.8140149868686688 -1.12353062629699707 4.95320034027099609 51
16.1566094845899038 9.91360151246627019 -0.857403457164764404 4.87200021743774414 49.5
16.2491445282316498 9.90279602986988827 -0.895820736885070801 4.87200021743774414 49.5
16.4223554596604764 9.78883231367076156 -0.500634431838989258 4.95320034027099609 52.5
16.3441446189222148 9.92027415382015043 -0.471958249807357788 4.87200021743774414 51
16.4944163530716423 9.8272202818700638 -0.00261695869266986847 4.95320034027099609 51.5
16.4050197175060042 9.95917758545962961 -0.574564158916473389 4.87200021743774414 51
16.617617276003422 9.55730799225469951 -2.00955867767333984 5.03439998626708984 51
16.7141258567624256 9.55730799225469951 -0.906401336193084717 4.95320034027099609 50.5
16.6428620057878724 9.59449539070889657 -2.32019495964050293 5.03439998626708984 47.5
16.8047228325733613 9.84675107104140146 -0.944868206977844238 4.95320034027099609 46
14.2503041547893403 -13.3727387005447866 -1.13107967376708984 4.46600008010864258 48
13.7990367882281877 -13.8815240763840624 -0.265570849180221558 4.30360031127929688 47
13.7482952526880968 -13.9328918306755281 -0.198846161365509033 4.22240018844604492 46.5
13.7890126062589395 -13.9862750989526852 -0.608114838600158691 4.30360031127929688 47
13.6413365992392794 -14.143424257367883 0.00535869551822543144 4.22240018844604492 46
14.3172477555926445 -13.5664101441435552 0.211127609014511108 4.46600008010864258 45.5
15.8692092890229954 -12.0636627183920186 -1.90708041191101074 4.87200021743774414 45
14.6475201474064107 -13.7313942531812412 -0.953410863876342773 4.46600008010864258 47
14.2062432888537682 -14.5352937697403242 -0.116397760808467865 4.30360031127929688 45.5
14.2105947488581741 -14.7372312762170612 -0.314069598913192749 4.30360031127929688 47.5
15.5136960458945214 -13.6860341756980901 -0.712546885013580322 4.54720020294189453 45.5
19.1821433729890884 -7.9750198530620704 -0.212452515959739685 -4.79080009460449219 45.5
19.1933775273130216 -7.92829122111053586 -0.597627043724060059 -4.87200021743774414 49
19.3028972280726236 -7.86051271573218902 0.577051758766174316 -4.79080009460449219 47
19.3028972280726236 -7.86051271573218902 0.577051758766174316 -4.87200021743774414 48.5
19.6258434644654081 -8.0788045774182784 0.244546741247177124 -4.87200021743774414 46.5
19.679593385829115 -8.06210401981049962 1.18580985069274902 -4.79080009460449219 48.5
19.7442586190463274 -7.96228276387290723 1.91230940818786621 -4.70960044860839844 58
19.7563030823082464 -7.97830882780555939 1.71047520637512207 -4.79080009460449219 65.5
19.7742931329573217 -7.97830882780555939 1.48813748359680176 -4.87200021743774414 63.5
19.8157412861919191 -7.96228276387290723 0.910525977611541748 -4.95320034027099609 49.5
19.756047238583001 -8.00630317863840091 2.38752007484436035 -4.70960044860839844 60.5
19.7514649836677947 -7.99022088233045658 2.47760510444641113 -4.79080009460449219 70
19.7651782724568896 -7.99022088233045658 2.36572098731994629 -4.87200021743774414 69
19.8669904980777474 -7.99022088233045658 1.24963986873626709 -4.95320034027099609 56.5
16.2410568177578192 -13.9299489853979814 -1.51232326030731201 4.62840032577514648 46
19.6254417559786134 -8.11499017288742586 3.50922131538391113 -4.70960044860839844 53
19.6487053682622914 -7.9186380739080473 3.81434941291809082 -4.87200021743774414 64
19.9061756701492207 -7.85985667302217283 -2.9200742244720459 -4.87200021743774414 54.5
19.90657326228283 8.29171692978163222 -1.23926544189453125 -5.03439998626708984 48.5
19.9700967353424517 8.40717986328455957 -0.565908193588256836 -4.95320034027099609 48
19.9986925713325121 8.32050790593111067 -0.791889369487762451 -5.03439998626708984 55.5
20.0213181314488367 8.27175492991979588 -0.728386104106903076 -5.1156001091003418 51.5
20.1361602547890364 8.19981527286301315 -0.600477218627929688 -5.1156001091003418 48
20.1806641200776227 8.22809078557231466 -1.17046284675598145 -4.95320034027099609 50.5
20.1322337370797939 8.37808912604512734 -0.911854445934295654 -5.03439998626708984 56.5
20.0306683737993474 8.60990474313947551 -0.986183464527130127 -5.1156001091003418 54.5
20.1015772123859335 8.6559120323051868 -0.782204210758209229 -5.03439998626708984 58
20.0647745103288706 8.75716677311937985 -0.571782708168029785 -5.1156001091003418 58
20.0520554309906807 8.75716677311937985 -0.91498798131942749 5.19680023193359375 49
20.3719375134388869 8.16107170207844312 -1.13212811946868896 -4.87200021743774414 45.5
20.4078873056043193 8.08418408173584524 -1.03187119960784912 -4.95320034027099609 55.5
20.2984290817257822 8.38624259022461693 -0.738467574119567871 -5.03439998626708984 59.5
20.1904501606265292 8.6690791936277396 -0.305620044469833374 -5.1156001091003418 56
22.0325673996826374 0.352685888429525862 -0.80258476734161377 -4.46600008010864258 45.5
22.0468767494342792 0.352685888429525862 0.115752615034580231 -4.54720020294189453 45.5
20.457263722029996 8.11177543387909594 -1.37912833690643311 -4.87200021743774414 46.5
20.4423921209196457 8.19994690598647757 -1.03539299964904785 -4.95320034027099609 60.5
20.4415720654728084 8.21372369850325512 -0.937776625156402588 -5.03439998626708984 63.5
20.3677077002092481 8.41486486924821975 -0.740987956523895264 -5.1156001091003418 58
20.390063392360279 8.3928220012213739 0.0917015150189399719 5.19680023193359375 47.5
22.1173860649862917 0.353885481928048362 -0.460033178329467773 -4.46600008010864258 47
22.1173088485771245 0.456180504047874802 -0.363512009382247925 -4.54720020294189453 46
20.3376625052379225 8.58172293675517395 -1.49972009658813477 -4.95320034027099609 53
20.3792623467913039 8.54301671216929215 -1.10370016098022461 -5.03439998626708984 63.5
20.3411560484572433 8.64531173428911792 -1.00576496124267578 -5.1156001091003418 62
20.3706746663086768 8.61213497035836362 -0.618367969989776611 5.19680023193359375 52
14.1760272158854139 16.9865031325463214 -0.120671525597572327 3.5728001594543457 46.5
20.6038478371486669 8.16695743648836192 -1.27368950843811035 -4.87200021743774414 48
20.8344565228799539 7.63432977758694697 -0.694595634937286377 -4.95320034027099609 52
20.2217917858649123 9.05467020132405409 -1.39002096652984619 -5.03439998626708984 56.5
20.3916128495396798 8.69958509538977687 -1.15732276439666748 -5.1156001091003418 56.5
14.4052342359989414 16.8915094533891406 0.0787041783332824707 3.5728001594543457 45.5
20.83709858172395 7.74919287620597963 -1.39320111274719238 -4.95320034027099609 49.5
20.0634814041987397 9.61968770839362897 -1.04595828056335449 -5.1156001091003418 50
20.2561187210489564 9.26340297845312577 -0.233867242932319641 5.19680023193359375 49
20.8313684106659736 8.01826166088630643 -1.13318634033203125 -4.95320034027099609 52
20.529393662311282 8.758365924256168 -1.16514253616333008 -5.03439998626708984 54.5
20.2521767698151471 9.41468479932000868 -0.857663869857788086 -5.1156001091003418 57.5
20.2607018811590009 9.41468479932000868 -0.624656498432159424 5.19680023193359375 53.5
20.8545920769328923 8.14604871268248232 -1.26828169822692871 -4.95320034027099609 56
20.7027576237857502 8.53555706186131502 -1.19195473194122314 -5.03439998626708984 57.5
20.3666800313497838 9.32578263357664383 -1.05300164222717285 -5.1156001091003418 60
20.3515086790598296 9.37622256368613272 -0.884983837604522705 5.19680023193359375 56.5
20.9083112175921677 8.15642306467109357 -1.60165393352508545 -4.95320034027099609 49
20.7015426188904392 8.63720498265067071 -1.75921332836151123 -5.03439998626708984 52
20.4551349939298426 9.30636344159300855 -1.10861849784851074 -5.1156001091003418 55.5
20.4141008120906768 9.40758068748344733 -1.00595533847808838 5.19680023193359375 52.5
14.9897991565807978 16.7711353260127787 0.533775627613067627 3.73520016670227051 45
21.2192498548668524 7.67301725518763256 -0.706328690052032471 -4.95320034027099609 48
17.2644057756916744 -14.4941039180713442 -1.22144460678100586 4.70960044860839844 48
17.3402013725891777 -14.4433265980002492 -0.581712067127227783 4.62840032577514648 47
21.3011978534501623 7.69850926531998248 -0.120446063578128815 -4.87200021743774414 55.5
21.2897464162991135 7.69850926531998248 -0.7086753249168396 -4.95320034027099609 56
20.5574715754088402 9.41935251286209585 -1.2995074987411499 -5.1156001091003418 48.5
21.0894795952579237 -8.46516392263773731 0.0216902159154415131 -4.54720020294189453 46
21.0868609815242962 -8.46516392263773731 -0.333091527223587036 -4.62840032577514648 46
21.3717305401653093 7.72400062716358526 -0.12084488570690155 -4.87200021743774414 56
21.3330287239754277 7.73819915772822409 -1.20325839519500732 -4.95320034027099609 56.5
20.6454977399343811 9.39942723379098055 -1.35639727115631104 -5.1156001091003418 50
20.5678080282512141 9.5243743027598029 -1.6362149715423584 5.19680023193359375 48.5
15.7756447259785535 16.3567072104640623 0.113100588321685791 3.97880029678344727 47
21.1332358740148507 -8.49310204109528755 -1.04576778411865234 -4.54720020294189453 50
21.1043795739686146 -8.49310204109528755 -1.5206611156463623 -4.62840032577514648 51.5
21.0570836374042294 -8.4788566502179048 -2.13266921043395996 -4.70960044860839844 49.5
15.8276415714359509 16.4106902907443342 -0.1227983757853508 3.97880029678344727 47
16.0363248795406292 16.2027075839345507 0.385481476783752441 3.89760017395019531 47.5
22.7229890630623039 2.43825784973015613 0.993120074272155762 -4.87200021743774414 45
16.1189004206568747 16.2217037482047353 0.550468564033508301 3.97880029678344727 46
16.2444654404232267 16.2031946516125593 0.525680065155029297 3.97880029678344727 49.5
16.3419566633430442 16.2043573107664187 0.714132010936737061 3.97880029678344727 47.5
16.4104297385940612 16.2571394247014069 0.114966936409473419 4.06000041961669922 45
16.3171004930972749 16.349509535069032 0.236229509115219116 3.97880029678344727 47.5
17.2481919699423969 15.8132838202300601 -0.00478501105681061745 4.14120006561279297 47.5
20.5768247214406941 10.9476580293900412 -2.07440662384033203 2.59840011596679688 45.5
20.6090720426551393 10.979822622959297 -1.50655341148376465 2.51719999313354492 47.5
20.6132946622188271 11.0675442417845371 -0.402006447315216064 2.43600010871887207 45.5
17.3890679128155128 15.7700970204210797 -0.00480034761130809784 4.22240018844604492 45
17.2713780941737305 15.8962343291781689 -0.291274577379226685 4.14120006561279297 45
20.7181047929335165 10.982746139221824 -1.10230612754821777 2.67960023880004883 45.5
20.6565495263104211 10.9974132681470671 -1.85459208488464355 2.59840011596679688 48
20.5870146233615401 11.1030165964088159 -1.9933626651763916 2.51719999313354492 49
20.6640148467241929 11.1030165964088159 -0.892837226390838623 2.43600010871887207 45.5
20.6946013518964449 10.9974132681470671 -1.36601412296295166 2.11120009422302246 47.5
20.6660610022200331 10.982746139221824 -1.83544588088989258 2.03000020980834961 47.5
17.442962644362936 15.8204812286826648 0.240831390023231506 4.22240018844604492 46
20.8339444927628428 10.9236656102808887 -1.10582780838012695 2.51719999313354492 48.5
20.7186686460706895 11.1738034273266518 -0.696713268756866455 2.43600010871887207 46.5
20.5672014607800051 11.4621976163911814 -0.459163665771484375 2.35480022430419922 47
20.6249627054014191 11.3533140960300809 -0.561895132064819336 2.27360010147094727 48
20.9002936188124977 10.9584538217380398 -1.10934960842132568 2.51719999313354492 49.5
20.7455822074047731 11.2831924856365262 -0.671563327312469482 2.43600010871887207 46
20.6158141732356164 11.4987008716782508 -0.953263401985168457 2.35480022430419922 47
20.7039601397630477 11.3363315397290041 -0.987058877944946289 2.27360010147094727 47
21.0041532005106575 10.8658966233414755 -1.56456518173217773 -0.730800032615661621 47.5
20.9830019587163044 10.9932429179186588 -0.743143022060394287 2.76080012321472168 47.5
21.0851875085885681 10.803704246920061 -0.620394051074981689 2.67960023880004883 53
21.1745380310186384 10.8111553069254498 -0.0923900902271270752 2.84200000762939453 46.5
21.1666110994706393 10.8111553069254498 -0.586708903312683105 2.76080012321472168 53
21.1519134621310876 10.8378935310975653 -0.622357308864593506 2.67960023880004883 54.5
21.2239247307114951 10.7767128059299697 -1.49333333969116211 2.84200000762939453 49
21.2528221285272387 10.8094959477621675 -0.543042480945587158 2.76080012321472168 52.5
21.2981831797704046 10.7149331382288739 -1.99581646919250488 2.84200000762939453 48.5
21.3376573207447997 10.768746976534711 -1.06966578960418701 2.76080012321472168 50.5
20.9068751410479727 11.010909248910977 -3.75075078010559082 2.59840011596679688 45.5
21.4453476269777497 10.7485217561875022 -0.752549886703491211 2.76080012321472168 48.5
21.5076278302414927 10.7821112283618934 -0.879572570323944092 2.76080012321472168 47.5
22.22048368085742 -9.82920721132715869 -0.356177091598510742 -4.87200021743774414 45
22.1585076403436361 -9.93852184203700695 -0.846400976181030273 -4.95320034027099609 46
21.5369681385219067 12.0462589843838348 -1.89980673789978027 2.19239997863769531 45
24.7565892421077685 -10.1912839104822446 -0.386977821588516235 -4.79080009460449219 45
24.6606226634643875 -10.4221435919737981 -0.365074425935745239 -4.87200021743774414 48
24.7150657941124727 -10.451336824379247 -0.926075339317321777 -4.79080009460449219 46.5
24.7133523748604418 -10.4915987960943529 -0.314847230911254883 -4.87200021743774414 51.5
24.6838148134084818 -10.5654124109053775 0.0622377321124076843 -4.95320034027099609 47
24.7478064527071346 -10.5949250358711016 -0.499271899461746216 -4.87200021743774414 46.5
22.4519410455842419 -16.1258479343913166 -1.33156490325927734 4.95320034027099609 45.5
22.5086271204399289 -16.3558076755056234 -0.282651066780090332 4.95320034027099609 50
22.4218210981425834 -16.4670716732981823 -0.572859466075897217 4.87200021743774414 46.5
21.7669647264971609 -17.2285346581909806 -1.89933907985687256 4.79080009460449219 47.5
22.6693806899658803 -16.2569526059983076 -0.469804525375366211 4.95320034027099609 48
22.6696849846665138 -16.2151161420755159 -1.25118565559387207 4.87200021743774414 46.5
22.4326948985514889 -16.6851852422315652 -0.989657104015350342 4.87200021743774414 48
22.0028534100832509 -17.2724702036174662 -0.369995355606079102 4.79080009460449219 47.5
28.1533377890576801 -1.61040391355452717 0.190336897969245911 -4.46600008010864258 56
28.1571076102363342 -1.48354496193972851 0.46524733304977417 -4.54720020294189453 53.5
28.2179295820531735 -1.69595127822067093 0.58983534574508667 -4.38479995727539062 47
28.2340551314408721 -1.48749060027271351 0.318066120147705078 -4.46600008010864258 55.5
28.2212416214258504 -1.65708572809478083 0.539723873138427734 -4.54720020294189453 53
28.290870095657457 -1.72170537576313198 0.620383322238922119 -4.46600008010864258 46.5
28.3111671268336451 -1.36035980307210425 0.591399848461151123 -4.54720020294189453 48
25.2176964553621161 12.8100548122623152 -1.92167532444000244 5.19680023193359375 48
22.6633514339136575 -16.9301028616707967 -1.86189210414886475 4.87200021743774414 46.5
28.4070759006339664 -0.859578123364507674 0.52902531623840332 -4.38479995727539062 57
28.4009915453202737 -0.845370220498978586 0.80607140064239502 -4.46600008010864258 62.5
28.3964314570213148 -0.845370220498978586 0.95328289270401001 -4.54720020294189453 59.5
25.3902707455557746 12.6663454046191504 -1.69661569595336914 5.19680023193359375 48.5
22.7441356884928645 -17.0494834386348622 0.00775170093402266502 4.95320034027099609 47
22.7046419988587012 -17.0814512200823039 -0.83899998664855957 4.87200021743774414 50.5
22.3238248479919541 -17.5787278203758177 -0.784761667251586914 4.79080009460449219 47.5
21.9962449641683122 -17.9907570034761619 -0.691771268844604492 4.70960044860839844 47.5
28.4826714110539925 -0.797741902480526233 -0.592585146427154541 -4.30360031127929688 47
28.4756956285893885 -0.911705031406315758 0.744101762771606445 -4.38479995727539062 65
28.4714550576998136 -0.911705031406315758 0.891711533069610596 -4.46600008010864258 72
28.4664493851231128 -0.911705031406315758 1.03929734230041504 -4.54720020294189453 68
28.4515653284090781 -0.861846162501282875 1.41977548599243164 -4.62840032577514648 50
25.5241161258204485 12.5679963118472209 -1.67781651020050049 5.19680023193359375 49.5
23.0515583301350624 -16.734773213196398 -0.907246291637420654 4.95320034027099609 51.5
22.965747584611627 -16.8665430810168431 -0.586756348609924316 4.87200021743774414 51
21.9957344216483079 -18.0809626736322855 -1.23150455951690674 4.70960044860839844 48
19.0712475020747121 -21.1223536768392925 1.54396462440490723 4.06000041961669922 45.5
28.5541546812645173 -0.914104218403360647 0.596093475818634033 -4.38479995727539062 65.5
28.5463787911534048 -0.914104218403360647 0.894058048725128174 -4.46600008010864258 73
28.5413599459560174 -0.914104218403360647 1.04203236103057861 -4.54720020294189453 69
28.521500978953739 -0.914104218403360647 1.48966312408447266 -4.62840032577514648 52.5
25.5928680433425235 12.6439181147121111 -1.29118859767913818 5.19680023193359375 50
23.3441984424058084 -16.3003349883255524 -2.4244840145111084 5.03439998626708984 46.5
23.2095098015494301 -16.6074168741954331 -1.42934882640838623 4.95320034027099609 53
23.0985731358732629 -16.7788114151460626 -1.20749509334564209 4.87200021743774414 50.5
28.6278386476661382 -1.07044740804034899 0.351579338312149048 -4.38479995727539062 59
28.6255673196706191 -0.916503466415817147 0.748018026351928711 -4.46600008010864258 65.5
28.6038103620281561 -0.916503466415817147 1.34335601329803467 -4.54720020294189453 62
28.6064909512571433 -1.03106639971779424 1.19505393505096436 -4.62840032577514648 49.5
25.6763277637031528 12.6341434882086681 -1.38822948932647705 5.19680023193359375 49
23.2174450291513317 -16.5901447787925633 -2.5573277473449707 4.95320034027099609 51
23.1867646530289839 -16.6939674370974842 -2.12320780754089355 4.87200021743774414 48.5
28.6663558395237068 -1.74447925608848031 -0.567892491817474365 -4.46600008010864258 51
25.8277006870953088 12.5379959701997166 -0.924197137355804443 5.19680023193359375 48.5
23.0838364285232345 -16.6945946914969596 -3.68139743804931641 4.95320034027099609 47.5
23.1991032603660621 -16.7699734247847339 -2.38647150993347168 4.87200021743774414 46.5
28.7947699848033487 0.460650950712659268 -0.298446416854858398 -4.46600008010864258 47
23.0584633421688494 -17.0440851763683945 -2.69194269180297852 4.95320034027099609 46
23.2138526010169706 -16.9549675828441586 -2.7224724292755127 4.95320034027099609 46.5
23.4482661474996945 -16.7855685978811131 -2.55461549758911133 4.95320034027099609 49.5
23.2268966276067026 -17.132856224044172 -2.25368118286132812 4.87200021743774414 47
28.5665227407719264 -4.69561811207967317 0.0868423134088516235 2.92320013046264648 48.5
28.5546739880693146 -4.74626422422845273 0.453939050436019897 2.84200000762939453 55
28.502310432391365 -4.93799593450597385 1.15629231929779053 2.76080012321472168 52.5
28.4364381820375378 -4.8620267662828045 2.41500163078308105 2.67960023880004883 45
28.6513163156477617 -4.64249792223638202 0.00197787978686392307 2.92320013046264648 55.5
28.632287695154119 -4.70778304926783164 0.692527711391448975 2.84200000762939453 64
28.6066604241048843 -4.75856037029229206 1.21069598197937012 2.76080012321472168 62.5
28.5396973665193627 -4.97255050889537475 1.79168379306793213 2.67960023880004883 51.5
26.0511033963872904 -10.938060564470776 -6.96482753753662109 -5.1156001091003418 46.5
26.4549931609284457 -10.8398798346700076 -5.42590141296386719 5.19680023193359375 52.5
26.7491324233543146 -10.7053358716096945 -4.08529901504516602 5.1156001091003418 52
26.8256302059212324 -10.8216982180402361 -3.17591285705566406 5.03439998626708984 46
28.7502071015355618 -4.49813195420556866 -0.0495974011719226837 2.92320013046264648 58.5
28.7350357382578068 -4.58904003735442867 0.220215067267417908 2.84200000762939453 66
28.7066722914490384 -4.74903826369642079 0.428518027067184448 2.76080012321472168 62
28.6134422289617447 -5.11994324294376746 1.36643791198730469 2.67960023880004883 51
26.1250206579988493 -10.8678179531275578 -7.11016988754272461 -5.1156001091003418 48.5
26.5231768256919409 -10.8678179531275578 -5.43988609313964844 5.19680023193359375 53.5
26.7899432379500375 -10.8678179531275578 -3.92048048973083496 5.1156001091003418 54
26.8326386280223907 -10.8678179531275578 -3.61673283576965332 5.03439998626708984 48.5
23.5910863036546594 -17.1311226305757778 -1.07981216907501221 4.95320034027099609 47.5
28.8256640287373109 -4.46597685091622232 -0.562869548797607422 2.92320013046264648 57.5
28.8256640287373109 -4.46597685091622232 -0.562869548797607422 2.84200000762939453 64.5
28.8048989679309173 -4.60086758029083498 -0.539004743099212646 2.76080012321472168 60.5
28.8823984098139981 -4.52131843695094826 -0.963012814521789551 2.84200000762939453 59.5
28.875713990799948 -4.61269512322724129 -0.691913485527038574 2.76080012321472168 57.5
26.4670225849738436 12.3967980682008694 -2.40244936943054199 5.19680023193359375 48
29.0283381559824001 -3.86964787467340221 1.52876186370849609 3.00440025329589844 47.5
29.0879311611221176 -3.55084165772587745 1.11333608627319336 2.92320013046264648 51.5
28.9563311480891876 -4.40832044813646018 -1.43291974067687988 2.84200000762939453 47.5
28.902087686221595 -4.9250063859479658 -0.607739746570587158 2.76080012321472168 45
24.3307999485610651 -16.4586747933778774 -1.21832513809204102 5.03439998626708984 47.5
29.1325189154006985 -3.76198280991494283 1.22633802890777588 3.00440025329589844 48
29.1473531850538556 -3.82811141399547905 -0.370804876089096069 2.92320013046264648 50.5
29.0485753654106951 -4.46735458677399411 -0.763590633869171143 2.84200000762939453 45
28.946296869801774 -5.03679534413416619 1.05008339881896973 2.76080012321472168 48.5
29.1430702202158578 -4.00730328027206717 1.84352958202362061 3.00440025329589844 46
29.036647717363099 -4.2430270026410124 2.76504087448120117 2.92320013046264648 45.5
29.0375723894758515 -5.02754501615015847 0.56463932991027832 2.76080012321472168 48.5
28.9214607412646494 -4.3904481620059137 4.18038558959960938 3.08560013771057129 47.5
29.0930214081570035 -4.3719853858830966 2.77207684516906738 2.92320013046264648 53.5
29.1930335621759482 -4.2538236186970666 1.69538486003875732 2.84200000762939453 52
29.2683967650623522 -0.662644984393063075 -4.53460216522216797 3.24800014495849609 46
28.9729305088372762 -4.2646202347531208 4.47471332550048828 3.08560013771057129 54
28.9295264289537464 -4.10543736140730164 4.88555383682250977 3.00440025329589844 53
29.1591009389278035 -4.12764892512997417 3.21715068817138672 2.92320013046264648 56
29.2903862778486115 -4.2646202347531208 1.23572325706481934 2.84200000762939453 53
28.8889485911008173 -4.63170129092647542 5.10549640655517578 3.24800014495849609 46.5
29.0217449826033551 -4.27541657623982285 4.64210367202758789 3.16680002212524414 52
29.0802493565835718 -4.0378934331153884 4.48604154586791992 3.08560013771057129 53
29.2007051022812512 -3.80037028999095394 3.86859798431396484 3.00440025329589844 54
29.2821859968030154 -3.95995615177768334 2.99371576309204102 2.92320013046264648 57
29.2556978911432779 -4.1158307144530939 3.04206132888793945 2.84200000762939453 52.5
29.2919108610596624 -4.01460419660351686 3.52386641502380371 2.92320013046264648 55.5
27.8895158366715599 -4.04809023716832872 -9.60929489135742188 2.84200000762939453 49
22.4171201059585137 -19.6946270298368233 0.785452723503112793 4.62840032577514648 45.5
29.4982942431484823 -4.2970095337825791 -1.55206477642059326 2.84200000762939453 57
29.5288143410889852 -4.2970095337825791 0.779348611831665039 2.76080012321472168 52
29.5971390511792585 -4.18814486789867146 1.40517711639404297 2.92320013046264648 58.5
29.603008095728061 -4.3078061498386333 0.781306803226470947 2.84200000762939453 61
29.5931265238684311 -4.3078061498386333 1.09330141544342041 2.76080012321472168 54
29.6067533086503794 -4.3186027658946875 2.18858075141906738 2.92320013046264648 54
29.6611506372415654 -4.3186027658946875 1.2513653039932251 2.84200000762939453 56.5
29.6463130571009579 -4.3186027658946875 1.56395077705383301 2.76080012321472168 47
24.9031351644605792 -16.8365520842609619 -0.93279033899307251 5.03439998626708984 50
24.6963663351077543 -17.1559955947882337 -0.516681313514709473 4.95320034027099609 50
29.7552269857549589 -4.32939910738138956 -0.623282968997955322 2.84200000762939453 49
24.9705984329563719 -16.8785389244789492 -0.77895963191986084 5.03439998626708984 48
24.6887105321843343 -17.2628270874916403 -1.21860003471374512 4.95320034027099609 48.5
29.84885407029779 -4.20079707607009567 -0.649498522281646729 2.84200000762939453 45.5
24.2714852330811368 -18.0718900818736969 -1.54658305644989014 4.87200021743774414 45.5
24.9371860490261987 -17.4650362159899082 -0.55840831995010376 4.95320034027099609 46.5
21.1257239168631159 -21.7267702587517775 3.66428613662719727 4.38479995727539062 46.5
21.173533271418016 -21.8068724665175395 2.81381082534790039 4.30360031127929688 47.5
25.1912584857429493 -18.9743821844064939 1.53426170349121094 4.87200021743774414 51
26.1740484686449477 -17.4295543508266988 3.58502697944641113 5.03439998626708984 47.5
25.2690245106121552 -19.0194524332029928 1.20807552337646484 4.87200021743774414 52.5
24.702798657610014 -19.4070395279116426 3.85502219200134277 4.79080009460449219 46
25.3425521386898112 -19.0645215358154481 0.880194365978240967 4.87200021743774414 49.5
24.9607078373676536 -19.5005991754369283 1.77914392948150635 4.79080009460449219 45.5
24.9281177242608116 -19.7096226349917316 1.1661379337310791 4.79080009460449219 45.5
24.5287759818037365 -19.963940346410979 3.31969451904296875 4.70960044860839844 45.5
24.442897468823471 -20.5691442738156951 0.507510483264923096 4.70960044860839844 46.5
26.8999436403343992 -17.3439320444580147 -1.08710527420043945 5.1156001091003418 46
24.8149446590564153 -20.2332534418042727 -0.659328818321228027 4.79080009460449219 48
24.8905147241441469 -20.1492150078094383 -0.268548965454101562 4.70960044860839844 52
24.7166303914632728 -20.3613120078916445 -0.325315386056900024 4.62840032577514648 47.5
27.6644464946041992 -16.257402730513018 -0.886221647262573242 5.19680023193359375 45.5
24.9722158616022227 -20.1522801179613609 -0.827152013778686523 4.70960044860839844 54
25.1453906374801051 -20.0707069821153397 -0.32683911919593811 4.79080009460449219 52
25.1387899759386322 -20.0707069821153397 -0.662417054176330566 4.70960044860839844 50.5
26.5766116514211213 -18.2032656356903502 1.54509949684143066 5.03439998626708984 47.5
26.2507390990290403 -18.6747693061299707 1.48799502849578857 4.95320034027099609 47.5
25.4725763125074565 -19.7749445371557577 0.402353495359420776 4.87200021743774414 48
25.3237291661454016 -19.9683819404130354 -0.186889171600341797 4.79080009460449219 48
26.6923006852495064 -18.2254026524039254 0.511263251304626465 5.03439998626708984 49
26.8465455112375366 -18.1381313177821717 0.176713228225708008 5.03439998626708984 47.5
26.641250471303664 -18.4336856897013917 -0.450607031583786011 4.95320034027099609 49.5
27.2764909308652292 -17.5551765963189048 1.56030309200286865 5.03439998626708984 46
27.5309036106277709 -17.3557415239725081 0.574732661247253418 5.1156001091003418 45
27.2225175517224933 -17.8316313196849023 0.685667872428894043 5.03439998626708984 47
26.6231906984144793 -19.0484024097947398 1.60149967670440674 4.95320034027099609 48
26.9060578284986391 -18.8415916352896673 0.425513744354248047 5.03439998626708984 46
26.810351166651003 -18.9729491368864558 0.595703065395355225 4.95320034027099609 49.5
26.5880798077625329 -19.2890281251037337 -0.360570073127746582 4.87200021743774414 48
26.6774865013146112 -19.3771045290030628 1.35627126693725586 4.95320034027099609 49.5
26.7949907519097223 -19.1791685814839852 1.78550136089324951 4.87200021743774414 48
32.7044251231828227 -4.469660064585943 3.06028628349304199 3.24800014495849609 51.5
32.6701590469982222 -4.469660064585943 3.40667486190795898 3.16680002212524414 49
26.484207660480358 -20.0614094689591909 -0.165357246994972229 4.87200021743774414 47.5
32.9160425106451839 -4.32615659492042148 1.31119799613952637 3.32920026779174805 45.5
32.8344614990145729 -4.42995113894442305 2.48484373092651367 3.24800014495849609 51
28.8216404852189143 16.0175740337840544 -4.08058261871337891 3.16680002212524414 45.5
26.5566858797443324 -20.0609225831357101 -1.09181427955627441 4.79080009460449219 46
28.8432880007890624 16.1119876046258987 -4.16638898849487305 3.24800014495849609 48.5
28.8678163263882439 16.1119876046258987 -3.99289369583129883 3.16680002212524414 47
26.6328081283487776 -20.1061029985945154 -0.573374509811401367 4.79080009460449219 48.5
26.8867564659746527 -20.020519105240858 -0.454828232526779175 4.87200021743774414 46.5
26.7262938496747395 -20.4677784401443112 0.883805751800537109 4.87200021743774414 48.5
26.8062972140518845 -20.333122003038099 1.41154026985168457 4.79080009460449219 47.5
27.4609234062896412 -19.6150587765177136 -0.457880735397338867 4.95320034027099609 49.5
27.4622238984609517 -19.5686675388179303 -1.39858746528625488 4.87200021743774414 49
28.2125272062015107 -19.3295703425107597 0.247153759002685547 5.03439998626708984 46.5
27.8379937120780667 -19.8039418454996365 1.57796692848205566 4.95320034027099609 48.5
27.4541198035078651 -20.2398507941921189 2.50195527076721191 4.87200021743774414 46
27.8908714003020854 -19.9201827998621965 0.247695773839950562 5.03439998626708984 47
27.8753555044845598 -19.9201827998621965 0.962619960308074951 4.95320034027099609 49.5
28.25971849527971 -19.7879715715805453 -0.272840648889541626 4.95320034027099609 46.5
29.5437246769413484 -18.3684575405772961 -0.899097740650177002 5.19680023193359375 45
29.6422765199624969 -18.207559593370533 -0.927559018135070801 5.1156001091003418 45
23.3163353580457944 25.9550826984669314 2.04564285278320312 3.81640005111694336 45
28.68750839689665 -20.0890937532944065 0.453687012195587158 4.95320034027099609 46
28.1079066494206948 -20.8681479337053837 1.1030278205871582 4.87200021743774414 47
27.7642827187725381 -21.20953122624503 2.45989465713500977 4.79080009460449219 48
23.5793132320115681 26.5045529076107691 0.0217690803110599518 3.81640005111694336 46
23.2048727622362385 26.8325905251326304 0.147533386945724487 3.73520016670227051 46
29.0017331867610899 -20.5501391972436238 -0.627702236175537109 4.95320034027099609 47.5
27.9157524412080598 -22.01166012156121 -0.0193899013102054596 4.79080009460449219 46
27.5057406817071914 -22.5003145339470301 0.986317217350006104 4.70960044860839844 48
27.3212691595674748 22.7446417401399366 0.179353684186935425 4.38479995727539062 48
26.8225874929297383 23.3132577836434365 0.918475985527038574 4.30360031127929688 48.5
26.6429777270088977 23.5042772357578933 1.22614574432373047 4.22240018844604492 46
23.7520376772626776 26.4406460229126807 0.731902539730072021 3.81640005111694336 50.5
23.4367145768286669 26.7249540446644289 0.54773259162902832 3.73520016670227051 49
26.6991842488114735 23.5538622965736053 1.22873246669769287 4.22240018844604492 46
23.6719643220931069 26.61662118148055 0.57803046703338623 3.81640005111694336 49.5
23.4745332052048958 26.7813335052328121 0.920413613319396973 3.73520016670227051 51
23.2492098657025359 26.9727559355394959 1.04180991649627686 3.65400028228759766 49
26.4951303308214676 -23.7908142520265464 2.54857659339904785 4.62840032577514648 46
23.7510083519448436 26.6458904045292648 0.61331862211227417 3.81640005111694336 45
23.3501389153945667 27.0027749235921029 0.333441823720932007 3.73520016670227051 49
23.3164521565218408 27.0295412625218141 0.486767023801803589 3.65400028228759766 47.5
27.6408238882980584 22.6024867530174802 2.22783207893371582 4.46600008010864258 47.5
27.491790389227674 22.8081264663558514 1.959999680519104 4.38479995727539062 47.5
27.0335509309065074 23.5099936190329935 1.29999804496765137 4.30360031127929688 48.5
26.6310462880403378 23.9669332815980383 1.26336205005645752 4.22240018844604492 46
27.968754252406864 22.6973586930815188 1.99608051776885986 4.46600008010864258 50.5
27.8577552887194599 22.8325961828118977 2.0059046745300293 4.38479995727539062 51.5
26.8848462521245111 24.0407177577365943 0.809103727340698242 4.22240018844604492 45.5
27.6605560498360035 23.2459660389593061 1.15816259384155273 4.38479995727539062 51.5
27.043644281151245 23.9371111621541743 1.57438063621520996 4.22240018844604492 48
28.9995784245227988 21.6329102878890467 1.81447744369506836 4.62840032577514648 46
27.171182101358756 23.9234004753073108 1.28397846221923828 4.30360031127929688 49.5
29.0707675624010697 21.6776993748090838 1.63036060333251953 4.62840032577514648 47.5
29.1438859295049006 21.6278030171771753 0.749818146228790283 4.54720020294189453 46
27.3632006630651468 23.8050986229332686 1.50425982475280762 4.30360031127929688 48
28.9209245204184455 22.0270282582179924 1.23724830150604248 4.62840032577514648 45.5
28.7879474935869446 22.1906628057408639 1.40329468250274658 4.54720020294189453 51
28.2066801695175258 22.8588372081259372 2.23549342155456543 4.46600008010864258 51
27.7256344495488669 23.41792191216242 2.45574831962585449 4.38479995727539062 52
27.3675512237465917 23.8542807055567536 2.26519608497619629 4.30360031127929688 49.5
26.8493380684208702 24.4360924300825246 2.26519608497619629 4.22240018844604492 46.5
31.1452112496853992 -18.8522185279215577 1.78107285499572754 5.19680023193359375 46
30.944044573372679 -19.2393745015560889 0.956636011600494385 5.1156001091003418 45.5
28.6851628829635956 22.4049439330384459 1.94487142562866211 4.54720020294189453 47.5
28.2298429223273679 22.9332979676455722 2.39634251594543457 4.46600008010864258 53.5
27.8457570879776846 23.40243991216742 2.35418844223022461 4.38479995727539062 55
27.9453859494536907 23.3684389015292346 2.65466117858886719 4.46600008010864258 52
27.8226025966562887 23.5144916446637922 2.65466117858886719 4.38479995727539062 56.5
27.9840476733165211 23.2862842335160494 2.95259761810302734 4.30360031127929688 49.5
29.6095501646904005 -21.4635306998683326 1.46682846546173096 4.95320034027099609 48.5
29.7150584593583567 21.2714428478771858 2.02512955665588379 4.70960044860839844 46
29.5631737091908491 21.4909718215813541 1.92795789241790771 4.62840032577514648 45
28.0200940330999231 23.4164238617783624 2.47093868255615234 4.46600008010864258 51.5
27.8633949411198465 23.4987472269174305 3.31665611267089844 4.38479995727539062 54
28.0873313080873928 23.1237185635061344 3.99444866180419922 4.30360031127929688 45
29.6930486048238542 -21.5075137894091846 0.897550582885742188 4.95320034027099609 50.5
29.0043751882632392 22.3736804431910592 1.79456067085266113 4.54720020294189453 47
28.2557522888409096 23.2123497428846228 2.80270195007324219 4.46600008010864258 50.5
27.9527703318712639 23.4644088220274938 3.62214970588684082 4.38479995727539062 51
31.2129876504804926 -19.3977228568696347 0.200438603758811951 5.19680023193359375 47.5
31.2044614423014259 -19.3977228568696347 -0.756606757640838623 5.1156001091003418 49.5
29.8673802548181726 -21.3081046533795231 2.11347699165344238 4.95320034027099609 49.5
28.497470686729045 23.0944953236736268 2.25853991508483887 4.46600008010864258 45.5
31.5504438257926871 -18.967943577435566 0.931339919567108154 5.19680023193359375 47
31.3820389768377446 -19.2670499172058989 0.170720294117927551 5.1156001091003418 49
30.8739971262918935 -20.0263198566228979 1.35040962696075439 5.03439998626708984 48.5
30.2294809204957922 21.2907116001667944 0.186542972922325134 4.70960044860839844 46
30.4736380606678523 20.9774071462143361 2.00210857391357422 4.70960044860839844 45.5
25.1948458324115556 27.0609015161383368 2.3727717399597168 3.81640005111694336 45.5
30.5292077153985844 20.9827568116122478 2.4407191276550293 4.70960044860839844 45.5
25.165835604109656 27.2316565297731401 1.83933520317077637 3.89760017395019531 47.5
25.0106933562641096 27.3986649854923598 1.42969894409179688 3.81640005111694336 47.5
27.4582926908501896 24.9903135956653983 2.31657171249389648 4.30360031127929688 46.5
25.4354469298898138 27.1146761911302612 1.29319119453430176 3.89760017395019531 45.5
31.3905851267575002 -20.0707527598812092 1.10530126094818115 5.1156001091003418 45
30.5311797459372016 21.5066417247330612 0.578012406826019287 4.70960044860839844 45
30.4839807521924797 22.1515549305246395 1.79199039936065674 4.70960044860839844 50.5
26.1886126910874957 27.1532148116241601 0.187754452228546143 3.97880029678344727 47.5
25.9822689336502499 27.3276365039904974 1.13921034336090088 3.89760017395019531 45
30.5651963580787864 22.1955942524407845 1.40161383152008057 4.70960044860839844 56
30.5368805294311478 22.1672534213033821 2.22531580924987793 4.54720020294189453 50.5
32.9716321526754541 -18.5764105102392207 1.51792681217193604 -5.1156001091003418 45
30.5202005367696074 22.4147465417816392 0.782351553440093994 4.54720020294189453 45.5
30.4440744946764745 22.5035187182425283 3.55678820610046387 4.70960044860839844 46
30.2931800180934836 22.6793274582288014 3.72452139854431152 4.62840032577514648 49.5
25.4138872427978981 28.2372515640184147 2.89864850044250488 3.89760017395019531 48.5
25.2168102645880516 28.2372515640184147 4.28723478317260742 3.81640005111694336 49.5
33.0259391407752076 -19.1338004177904146 -0.718291759490966797 -5.1156001091003418 45.5
32.8344862095029271 -19.4534126411741006 0.890029788017272949 5.19680023193359375 48
25.6822807482631497 28.0877130042258685 2.97182440757751465 3.97880029678344727 46.5
25.4992494706682287 28.1735789746871603 3.65632104873657227 3.89760017395019531 59.5
25.4698547046273553 28.1735789746871603 3.85575270652770996 3.81640005111694336 61.5
25.4067582390391387 28.1735789746871603 4.25170516967773438 3.73520016670227051 53.5
32.8593238815641229 -19.5776646273415231 0.206011638045310974 5.19680023193359375 49
25.9215103808133875 27.8800092215046647 3.72060704231262207 3.97880029678344727 48
25.5772115141318679 28.2289275608103125 3.46357989311218262 3.89760017395019531 60
25.5198916718131663 28.2289275608103125 3.8633277416229248 3.81640005111694336 62
25.168400577662613 28.5109300542217241 4.09156656265258789 3.73520016670227051 55
25.7336255168811583 28.1980756060899367 3.3844916820526123 3.89760017395019531 52
25.3466128187622353 28.4614747498288914 4.03723382949829102 3.81640005111694336 53
33.7062847020667604 -18.7051547045992947 -0.325893610715866089 -5.1156001091003418 46.5
33.1263328928860048 -19.5240772644195069 2.74941253662109375 5.19680023193359375 45
33.3409413253300357 -20.0788040323033528 0.615651190280914307 5.19680023193359375 47
33.122073711745422 -20.585338541984104 0.414779454469680786 5.19680023193359375 46.5
33.2894612511742096 -20.4442627187149597 -0.836435317993164062 5.19680023193359375 46
33.753971478633666 -20.2420433830057007 1.14879035949707031 5.19680023193359375 48
33.3917326545485764 -20.7832744895031816 1.85428106784820557 5.1156001091003418 47.5
33.4433728738003921 -20.8228620817087133 2.06196784973144531 5.19680023193359375 46
33.3134687650808203 -21.0052593111176193 2.30097413063049316 5.1156001091003418 48
34.5354771014898887 -19.1782414971138735 1.31207311153411865 -5.1156001091003418 46
34.5991311364018514 -19.2146332159903146 -1.36313319206237793 -5.1156001091003418 47.5
33.9398616882133339 -20.3973005707731296 -0.44276002049446106 5.19680023193359375 48.5
33.4967610230154023 -21.1148184220012034 -0.539942026138305664 5.1156001091003418 50
33.3152784713966952 -21.406773961466417 0.0485977418720722198 5.03439998626708984 48
33.4658095151424817 -21.303542143992388 -0.551784992218017578 5.1156001091003418 51.5
33.294529656287871 -21.5762195510018309 0.216391906142234802 5.03439998626708984 49
33.2138082870849232 -21.7759532566064351 -1.64722526073455811 5.1156001091003418 46
28.1640778060981596 27.9749472493630087 2.06141233444213867 4.06000041961669922 46.5
35.7166411395555414 17.5621203231877061 1.38715851306915283 5.19680023193359375 47
33.4883186768951333 -21.8292809999057269 0.125365972518920898 5.1156001091003418 46
33.2676807491404105 -22.1639633401788778 0.144446477293968201 5.03439998626708984 49
33.8694600548538389 -21.354759933366001 0.914633095264434814 5.19680023193359375 46.5
34.0064973059219398 -21.1395608058443862 -0.824547052383422852 5.1156001091003418 48
35.1372946887582316 -19.5057632650824075 -0.967379570007324219 -5.1156001091003418 47.5
35.1549206258830225 -19.6478426622135807 -0.411866426467895508 -5.1156001091003418 47.5
33.9693686819926839 -21.6257120695521934 0.697403073310852051 5.1156001091003418 47.5
33.9088922127370154 -21.6861050285548984 1.40557718276977539 5.03439998626708984 47.5
35.1600857826055702 -19.7903156859718017 -0.484155088663101196 -5.1156001091003418 47.5
27.3508547499455865 29.3300041644071214 4.45020246505737305 3.97880029678344727 45
27.3639430903742813 29.2291617914849731 4.99933338165283203 3.89760017395019531 45
27.2916979544514788 29.5815295898902555 3.77853560447692871 3.97880029678344727 46
27.3647563379327359 29.4653453035911639 4.14058351516723633 3.89760017395019531 47
28.1201709743530692 28.8800548978737766 4.63994073867797852 3.97880029678344727 48.5
27.7965103356913126 29.3921485679378982 3.12832021713256836 3.89760017395019531 45
36.91441613899228 16.9963630800458247 0.93387758731842041 -5.1156001091003418 49
36.6145939809849494 17.5551197862039352 1.90048062801361084 5.19680023193359375 48
31.8650732933281873 -25.1694498092131056 1.8811037540435791 4.79080009460449219 51.5
31.6982087838851214 -25.1389721706953893 3.95957422256469727 4.70960044860839844 47
37.0340096656906042 16.9361203886546114 0.419246375560760498 -5.1156001091003418 50
36.850658542076097 17.3279717317815383 0.544180691242218018 5.19680023193359375 48.5
31.9460914782066467 -25.2158883791417061 1.46012997627258301 4.79080009460449219 51
35.0990973438951457 20.9212298468649607 1.05883979797363281 4.95320034027099609 47
34.405064564898602 22.0653596041153897 0.420790523290634155 4.87200021743774414 46.5
27.7845821194895883 29.7933431876863573 3.33757209777832031 3.89760017395019531 45
36.8341954290733824 17.8740100166063165 0.815165281295776367 5.19680023193359375 46
34.8343003607451394 21.6541934639905556 0.847418427467346191 4.95320034027099609 45.5
34.8386155522287666 21.6541934639905556 -0.646072030067443848 4.87200021743774414 45.5
28.9326911508037874 28.9645343445896373 2.6468815803527832 4.06000041961669922 47
35.3024259229895847 21.0363937514628709 -0.647253155708312988 4.95320034027099609 46.5
35.0233025329358725 21.431853301966445 -1.80395269393920898 4.87200021743774414 46
29.0861051988932857 28.9250414082614462 2.55943822860717773 4.06000041961669922 45.5
35.2447328149872305 21.2781143583008756 2.57158637046813965 4.95320034027099609 45.5
29.8338828775024467 28.3708191444011675 2.56877899169921875 4.14120006561279297 45
36.9390121151043616 18.5076112406216602 0.856432497501373291 5.19680023193359375 46
36.7900882335875039 18.7296612638768885 1.85605084896087646 5.1156001091003418 45
37.7706761171509697 16.932296298264923 0.79590374231338501 -5.1156001091003418 49
37.7031477683089022 17.2480194574725516 1.07438242435455322 -5.1156001091003418 50
34.9420702030794317 22.1560346095838803 2.88750910758972168 4.87200021743774414 45
34.84555263067449 22.4618138006869152 1.19592475891113281 4.79080009460449219 45
36.2474534280903598 -20.1608086519791811 2.46305084228515625 -5.1156001091003418 48.5
36.256448798495299 -20.4468677264256549 0.190134763717651367 -5.1156001091003418 51.5
30.0813579966377702 28.1866131288477817 5.76778793334960938 4.22240018844604492 45
30.1170790592668567 28.249030430480218 5.25302982330322266 4.14120006561279297 46
29.7839388295898821 28.8211890287775532 3.8596189022064209 4.06000041961669922 45.5
36.3310455733430189 -20.4524444211129222 0.801671147346496582 -5.1156001091003418 47.5
36.3217763978073052 -20.4837093043044298 0.190477341413497925 5.19680023193359375 47.5
30.4213821071795572 28.1488165000896799 4.59061527252197266 4.22240018844604492 45
30.2439316030071197 28.2999301021819818 4.8278956413269043 4.14120006561279297 47
22.1333590662946662 36.1822232584176504 1.72152590751647949 2.92320013046264648 45.5
30.1908690320998474 29.9279163387558178 1.09868323802947998 4.06000041961669922 45
30.3066043279237256 29.8422945758056457 2.38901591300964355 4.06000041961669922 45
38.5298173189753825 -23.9898372420139587 2.37557506561279297 5.1156001091003418 47
38.5789332299073493 24.2798442114102819 -1.23096334934234619 4.95320034027099609 45.5
38.7297018248198199 24.0690124264250223 0.230057045817375183 4.87200021743774414 48.5
38.5646860690193378 24.4738818370946518 -0.00622549979016184807 4.87200021743774414 48
37.3297973225239375 -26.6764808228849617 1.28911030292510986 4.95320034027099609 45.5
42.84735202629588 18.7439344241551034 3.16781306266784668 -5.1156001091003418 45.5
42.450379725454809 19.202205188927902 5.79165363311767578 -5.1156001091003418 47.5
43.1667404561401753 17.7568422124016401 6.30374813079833984 -5.03439998626708984 48
43.4002164557192742 17.3547850787956932 6.38071250915527344 -5.03439998626708984 47
45.0364131670284635 16.0723997073433083 1.73840451240539551 -4.87200021743774414 46.5
44.7060359099873992 16.8377520743596563 2.73555207252502441 -4.95320034027099609 48.5
44.0462019152867725 18.5239190079425526 2.53359508514404297 -5.03439998626708984 47.5
43.7034041992281033 19.3251472671627909 2.4847264289855957 -5.1156001091003418 48
43.616380462976764 19.4213133350485556 4.15089750289916992 -5.1156001091003418 48.5
43.3479565038041983 20.086057639763446 3.78295612335205078 5.19680023193359375 46
46.0799097940953999 -13.5828016679872174 -1.83173775672912598 4.22240018844604492 45.5
46.1151118546123513 -13.5828016679872174 -0.331032723188400269 4.14120006561279297 52.5
46.0721305589788699 -13.6488834098482776 1.50745296478271484 4.06000041961669922 50.5
45.8671286669832625 -13.9710168930001775 4.40907382965087891 4.06000041961669922 53
45.9808966186832606 -13.1129572425453205 6.28158712387084961 4.22240018844604492 46.5
45.7182749499960224 -13.8843076685773994 6.53576326370239258 4.14120006561279297 55
45.8215176116346541 -14.0771452750854209 5.27952051162719727 4.06000041961669922 56
46.0672481816574333 -13.8843076685773994 3.26888298988342285 3.97880029678344727 45.5
45.2426770492119914 16.2235510508044243 4.77355194091796875 -4.95320034027099609 47.5
46.3522365192197512 -13.5739458010636724 0.329290211200714111 4.14120006561279297 56.5
46.1559327607372154 -13.9059009006895078 3.02423620223999023 4.06000041961669922 58
46.112640030589894 -14.2378560003153414 1.94889581203460693 3.97880029678344727 48
45.3862773681365539 16.2487431549352195 4.02556896209716797 -4.95320034027099609 48
44.875554793412654 17.1796607315200482 5.58432960510253906 -5.03439998626708984 46.5
46.3628743108814874 -13.3471818772682163 3.53237080574035645 4.30360031127929688 50.5
46.552336147455506 -13.1537444587570818 0.00659504719078540802 4.22240018844604492 61
46.4384671528437565 -13.540619295779349 0.51118767261505127 4.14120006561279297 65
46.389059812172917 -13.6675626016772807 1.18058812618255615 4.06000041961669922 60
46.3070990830809777 -13.79167470286351 3.58396768569946289 4.30360031127929688 51.5
46.6216954291579739 -13.1741370296009652 0.511980175971984863 4.22240018844604492 58
46.5125675834464687 -13.5616116481186424 0.257644414901733398 4.06000041961669922 54.5
47.4506368903846862 -9.00453952067769592 -4.69372272491455078 4.30360031127929688 49
47.4370213893873824 -9.47144156989802077 -3.83361387252807617 4.22240018844604492 50.5
46.5171846866650469 -13.7766422834880302 1.01557183265686035 4.06000041961669922 49
47.3379037535632676 -9.88082800916236437 -4.84276485443115234 4.30360031127929688 49
47.2133996823148152 -11.1440192973650518 -2.94380736351013184 4.22240018844604492 52
46.8507658543251253 -12.9051994588014907 -0.649407446384429932 4.14120006561279297 50.5
46.7462122418367443 -12.7183132502499099 -4.72144603729248047 4.22240018844604492 45.5
46.7047884373429198 -13.6245919084456233 -1.51299560070037842 4.14120006561279297 48.5
47.4230826816262336 7.91929367401798867 8.49804019927978516 4.95320034027099609 45
47.4230826816262336 7.91929367401798867 8.49804019927978516 4.87200021743774414 46
46.3403287783879634 -14.4902330321977839 5.14663600921630859 4.14120006561279297 46.5
47.7755995167516474 7.71147978994002958 7.01678800582885742 4.95320034027099609 45
47.7105387991600338 8.08422168152984 7.0398869514465332 4.87200021743774414 46
46.8536630272705139 -13.8831078310172309 1.78987979888916016 4.14120006561279297 48
47.0712528294039245 -13.5127278850960142 -0.504175007343292236 4.14120006561279297 45.5
46.2392553088198497 17.7379292648108411 3.52418732643127441 -4.95320034027099609 46
46.7181475495498546 20.3934021788660402 1.58874261379241943 -5.03439998626708984 47.5
46.6541389721304114 20.3934021788660402 2.91563534736633301 -5.1156001091003418 48
50.3974919345663963 14.917773440245206 5.03915977478027344 -4.79080009460449219 47
50.0371511347870666 19.0576339967520916 0.832367599010467529 -4.95320034027099609 47.5
49.9426412128623483 19.2717647158167189 1.39082753658294678 -5.03439998626708984 45.5
50.1945517233808118 18.8698950058244783 0.274200588464736938 -4.87200021743774414 48
50.1072318872904532 19.0843256308906675 0.833533406257629395 -4.95320034027099609 54.5
50.0410107979437768 19.2384476426569897 1.19175481796264648 -5.03439998626708984 51
50.1810838113118791 19.1110159074363395 -0.563801109790802002 -4.95320034027099609 50.5
50.1169169389631932 19.265353465677574 0.9115714430809021 -5.03439998626708984 47.5
51.1114845840390828 19.5599529721471157 1.60855412483215332 -4.95320034027099609 48
51.9187212995328906 -18.2611387969113039 3.12143707275390625 -4.70960044860839844 47
52.1337512983520242 -18.0376632243580985 1.9377371072769165 -4.62840032577514648 47.5
52.1195108991723899 -18.0997431360289305 1.73086643218994141 -4.70960044860839844 53.5
52.1337512983520242 -18.0376632243580985 1.9377371072769165 -4.79080009460449219 49
52.2144380364978318 -18.0621711679228376 1.65411806106567383 -4.70960044860839844 49
60.8012168029325366 -15.0971152747764243 5.90297555923461914 -0.162400007247924805 46.5
60.7508222641226538 -15.9620541707271588 3.75583481788635254 -0.243600010871887207 47.5
60.9798832609541748 -15.6897986991122966 2.06989002227783203 -0.243600010871887207 54.5
61.2007609650440116 -15.1331030797320985 1.97779703140258789 -0.0812000036239624023 52.5
61.2104469424995443 -15.1331030797320985 1.65111398696899414 -0.162400007247924805 56.5
61.0712560619840019 -15.7084762697427465 1.41466987133026123 -0.243600010871887207 55.5
60.9745218275342964 -16.1419766183809053 0.00859912298619747162 -0.324800014495849609 49
61.5144946098091623 -14.1410242771704873 1.9801487922668457 -0.0812000036239624023 46
61.1052221359709975 -15.9086523118167982 0.994504094123840332 -0.243600010871887207 55.5
60.9188363682744054 -16.1611706024805564 3.95404791831970215 -0.324800014495849609 48
61.0968244439218182 -15.9275463899148928 3.30033159255981445 -0.0812000036239624023 48.5
61.3053163697844496 -15.4614128398132173 0.0603460483253002167 -0.162400007247924805 58.5
61.4368590013837945 -15.1870861600123686 1.32479548454284668 -0.162400007247924805 60.5
61.4502204653740378 -15.1870861600123686 0.336612850427627563 -0.243600010871887207 58.5
61.0276410037995518 -15.7645118317211743 -5.83072805404663086 -0.324800014495849609 48
61.5408964326442884 -14.9120659475829207 2.59602212905883789 -0.0812000036239624023 51.5
61.5096522253262918 -15.2050805201057919 1.32636511325836182 -0.162400007247924805 56.5
61.3964721073884547 -15.7119165374426526 0.00864002294838428497 -0.243600010871887207 56.5
61.2264633400889835 -16.3613001846555051 -0.138264685869216919 -0.324800014495849609 48.5
61.3895604566190869 -15.9842276632164459 -1.31495606899261475 -0.243600010871887207 52
61.5677673211451975 -15.6459092024459121 0.203552946448326111 -0.162400007247924805 50.5
61.5579644949068836 -15.6459092024459121 -1.11732256412506104 -0.243600010871887207 47.5
61.6135892997994361 -15.767698107993386 -0.325203686952590942 -0.243600010871887207 47
63.5234877928071739 -2.71007311231136327 1.54348206520080566 -4.46600008010864258 49.5
61.8143324105379008 -15.2770570452483128 -0.325587183237075806 -0.162400007247924805 47.5
63.5315380845615181 -3.05541140904966291 2.9856264591217041 -4.38479995727539062 47
63.6023131815275704 -2.76100978890685678 1.27621912956237793 -4.46600008010864258 55
63.5461718906921647 -3.05541140904966291 2.65602302551269531 -4.54720020294189453 52
61.6880006899149933 -15.2950514053417361 -4.97143697738647461 -0.162400007247924805 47
63.669636713374345 -2.76426189461124094 1.61229932308197021 -4.46600008010864258 53.5
63.6955443275365596 -2.54917523422362269 0.664972305297851562 -4.54720020294189453 52
63.7596255285693161 -2.44849206719407553 1.53154683113098145 -4.46600008010864258 48
63.6870970459636325 -2.55217414170066448 3.32730507850646973 -4.54720020294189453 45.5
62.0254503513137081 -15.3310392102974102 1.00631535053253174 -0.0812000036239624023 45
62.0254503513137081 -15.3310392102974102 1.00631535053253174 -0.243600010871887207 47.5
62.1027920379701257 -15.3490335703908336 0.671681344509124756 -0.0812000036239624023 48.5
62.0344600186125916 -15.6048507965640155 1.00749647617340088 -0.243600010871887207 53.5
62.2198556257838575 -15.1109107983095203 -1.65917086601257324 -0.0812000036239624023 46.5
62.1472125840086704 -15.3670279304842587 -1.99527168273925781 -0.162400007247924805 52.5
62.1783743978639123 -15.3670279304842587 -0.327504664659500122 -0.243600010871887207 50.5
61.5249536403574524 -20.9716904845564258 3.58877801895141602 -4.70960044860839844 47.5
61.5801029001744809 -21.1994564301343829 2.50104212760925293 -4.70960044860839844 51.5
61.615446699968949 -21.1098697913593263 2.38559150695800781 -4.79080009460449219 49
70.1115841945371869 3.09109978087321879 3.65876936912536621 -4.46600008010864258 47
70.1377261258521827 4.26782526563745623 1.03005754947662354 -4.54720020294189453 45.5
70.2238412475580702 4.12293491757443142 0.858505547046661377 -4.38479995727539062 46.5
70.2290407521043392 3.75371686525433246 1.70729506015777588 -4.46600008010864258 57.5
70.2157897718335136 3.93832589141438172 1.83196103572845459 -4.54720020294189453 58
70.2493340438061153 3.70097142920860422 0.676263749599456787 -4.62840032577514648 46.5
70.2742824917986297 4.22413324487382891 1.83391392230987549 -4.46600008010864258 57.5
70.2887136631673428 4.02172686022362491 1.73311865329742432 -4.54720020294189453 59
70.2810062204340653 3.88092241872783017 2.28024435043334961 -4.62840032577514648 49
70.3894408195192796 3.94672283235009846 -3.08165294882201124e-06 -4.46600008010864258 48.5
70.3829385964806704 3.88505528809462852 1.18233609199523926 -4.54720020294189453 52
75.596339737868476 0.727414665859944964 -0.159780889749526978 -4.46600008010864258 47
75.6560964160617715 1.21040835818656922 -1.18142998218536377 -4.38479995727539062 46.5
75.6693884994949855 0.860524692148263992 -0.33019489049911499 -4.46600008010864258 54
75.6679419362648957 0.80378680035826866 -0.650060296058654785 -4.54720020294189453 51.5
75.7235377041500755 0.8045833851568579 -1.83317923545837402 -4.46600008010864258 50
75.7353148236608718 0.908705940883039354 -1.18260085582733154 -4.54720020294189453 47.5
78.9171506248213888 -24.8094734342740431 0.0112780416384339333 2.76080012321472168 48.5
78.9280270075970947 -24.7577870312859716 -0.919291853904724121 2.67960023880004883 45
78.9850925727574236 -24.4077525008291758 4.63216543197631836 2.84200000762939453 55.5
79.1047808140260003 -23.6524468914351402 6.23187732696533203 2.76080012321472168 49
78.8079563960993283 -25.1630581102232114 3.45940923690795898 2.67960023880004883 56
78.9129076076272753 -24.831965240351856 3.45940923690795898 2.59840011596679688 56
78.4564829619666 -25.1630581102232114 8.20008659362792969 2.51719999313354492 49
78.9616101638633552 -24.7405407849668677 4.60815954208374023 2.84200000762939453 68
78.9371334368367599 -24.8026769275829402 4.69277238845825195 2.76080012321472168 76.5
78.9371334368367599 -24.8026769275829402 4.69277238845825195 2.67960023880004883 77.5
78.917128309529275 -24.854457046429669 4.75482273101806641 2.59840011596679688 71.5
78.7796100449276793 -24.8026769275829402 6.84584236145019531 2.51719999313354492 56
79.2200818778300828 -24.3275851362308195 3.61258292198181152 2.92320013046264648 54
79.0787718314612675 -24.7629317811910639 3.74816799163818359 2.84200000762939453 73.5
79.033221631967578 -24.8251241590425273 4.26219940185546875 2.76080012321472168 85
78.8829818758662071 -25.2086438224598837 4.76477289199829102 2.67960023880004883 86
79.0132383840076784 -24.8769511405854118 4.32997226715087891 2.59840011596679688 78
78.9885508842159538 -24.8769511405854118 4.75912618637084961 2.51719999313354492 57
79.1997245130011436 -24.4740774629910618 4.64475297927856445 2.92320013046264648 59
79.2107860333616998 -24.5674503740410515 3.90422892570495605 2.84200000762939453 73
79.1916459549793643 -24.8475691071910134 2.10544204711914062 2.76080012321472168 83.5
79.0017905084443157 -25.2314355192854016 3.90422892570495605 2.67960023880004883 85.5
78.9543017382225401 -25.2314355192854016 4.76908063888549805 2.59840011596679688 77.5
77.3265995116801435 -28.3334911197238632 10.5338239669799805 2.51719999313354492 50.5
79.2609624591876667 -24.9634736025536697 -0.368258953094482422 3.00440025329589844 45
79.2348773679696023 -24.3715775978342215 5.78546142578125 2.92320013046264648 58
79.2823448583122001 -24.5896445469413862 3.90775609016418457 2.84200000762939453 63
79.3749829859608269 -24.4961872830383136 -2.27158021926879883 2.67960023880004883 71
78.7135775770514243 -26.0122717863547983 5.75719738006591797 2.59840011596679688 68
78.5471013425627262 -26.3964849824007608 6.26010704040527344 2.51719999313354492 59
78.6452153339366902 -25.254229534696556 9.09752559661865234 2.43600010871887207 50
79.2222995803439431 -24.5182948540956325 6.38449430465698242 2.92320013046264648 51.5
79.1981768006115487 -25.2770212315220739 2.60805821418762207 2.84200000762939453 62.5
79.0327326291679242 -25.7239422483623095 3.19177865982055664 2.67960023880004883 81.5
78.8921929557953803 -26.0357476089485189 4.03022909164428711 2.59840011596679688 76.5
78.6514897545989697 -26.4203075536715133 5.8302760124206543 2.51719999313354492 58.5
79.2742193878529378 -24.9669206529745971 4.77633762359619141 2.92320013046264648 52
79.3017192105254054 -25.2998129283475919 1.31104457378387451 2.84200000762939453 67.5
79.1947449512501009 -25.6327052037205902 1.31104457378387451 2.76080012321472168 78
79.1568518460754831 -25.6847196217476181 2.24732041358947754 2.67960023880004883 80
78.9398249658434423 -26.059223431542236 4.47032260894775391 2.59840011596679688 74.5
78.4872804575875449 -26.6313820298395711 7.81530952453613281 2.51719999313354492 55
79.3410063399086738 -25.3226069437587462 2.6127617359161377 2.92320013046264648 51
79.3829001901275291 -25.3226069437587462 -0.420381218194961548 2.84200000762939453 62
79.3262725322026654 -25.3226069437587462 -3.02721881866455078 2.76080012321472168 64.5
78.6338259664990602 -26.207648716052951 8.54032421112060547 2.59840011596679688 65
78.8205976674040016 -26.0827016423172928 7.0754847526550293 2.51719999313354492 55
79.5709955541676521 -24.89726864817262 2.0353703498840332 2.84200000762939453 54.5
79.4361652312786504 -25.3453986405842642 1.75115072727203369 2.76080012321472168 61
79.5493317928273882 -24.9597984145556424 2.11495184898376465 2.67960023880004883 61.5
79.2622652753693586 -24.4815576330679505 9.28563690185546875 2.84200000762939453 50
79.3266395692456001 -23.7618186144562387 10.5231723785400391 2.76080012321472168 50.5
79.6208733266791882 -24.9822456460152296 2.11685371398925781 2.67960023880004883 51.5
79.4478204842622659 -24.9420483630301106 6.82212018966674805 2.76080012321472168 51
79.521796554536607 -25.3909843528209365 3.49074459075927734 2.67960023880004883 51
79.0575087201128497 -26.7513432101541611 5.23606109619140625 2.67960023880004883 45
80.0802228234772997 -26.03181042744691 5.3519139289855957 2.76080012321472168 52
80.0802228234772997 -26.03181042744691 5.3519139289855957 2.67960023880004883 55
80.1008958071170838 -26.4113750995360483 2.32944011688232422 2.59840011596679688 49.5
80.7610137689526795 -24.6514240849847361 1.32994258403778076 2.84200000762939453 46.5
80.5380355410322295 -25.2740413885010433 2.5789794921875 2.76080012321472168 57.5
80.4122169877188639 -25.6644963076553374 2.64803767204284668 2.67960023880004883 58.5
80.2978558648935206 -26.054951226809635 2.27971434593200684 2.59840011596679688 50.5
80.8425698125550838 -24.6733161095671392 -0.426435291767120361 2.76080012321472168 54
80.6454047873226614 -25.2964863366495258 -0.939294576644897461 2.67960023880004883 53.5
82.2139289861745937 -26.3026893232118404 6.3199310302734375 2.67960023880004883 46.5
82.5583377966504912 -25.9790931118789743 3.61921882629394531 2.76080012321472168 51.5
82.3777929825352686 -26.3254810200373583 4.97587013244628906 2.67960023880004883 53.5
82.7194910380517996 -25.8824132646737297 2.11590671539306641 2.76080012321472168 49
82.4987109044333238 -26.3482750354485162 4.07704496383666992 2.67960023880004883 50.5
