
X Y Z V_r Mag
7.80552165884119731 -3.20780896583551955 0.780654609203338623 -2.11120009422302246 47.5
7.8123822088799546 -3.19510057772392297 0.763968467712402344 -2.19239997863769531 53
7.83377511325534659 -3.19510057772392297 0.498929917812347412 -2.27360010147094727 53.5
7.8211849521210608 -3.20780896583551955 0.603866398334503174 -2.35480022430419922 53
7.87701976376248947 -3.22337573089514517 0.815419971942901611 -2.11120009422302246 52
7.87678828558689581 -3.2479490294733977 0.713818728923797607 -2.19239997863769531 65
7.86884188693319953 -3.26290668947755158 0.732986867427825928 -2.27360010147094727 68.5
7.87459689297427978 -3.23619658232727669 0.787563025951385498 -2.35480022430419922 64
7.84478231327178221 -3.22337573089514517 1.08247077465057373 -2.43600010871887207 49
7.95559163298819882 -3.29152860455375684 0.514804542064666748 -2.11120009422302246 51.5
7.93909705395700094 -3.26458419881903428 0.838960409164428711 -2.19239997863769531 67
7.91688014560005815 -3.27643973734231198 0.98923027515411377 -2.27360010147094727 71.5
7.91113171488865419 -3.27643973734231198 1.0341956615447998 -2.35480022430419922 67
7.96014569818028583 -3.27643973734231198 0.54004216194152832 -2.43600010871887207 52
8.05444688434753076 -3.27992639677566888 0.240784198045730591 -2.11120009422302246 50.5
8.0157847808080902 -3.27014206214823044 0.862193644046783447 -2.19239997863769531 61
7.91549459846833159 -3.27992639677566888 1.5089869499206543 -2.27360010147094727 64
7.94718967508913643 -3.29297217627891969 1.29943239688873291 -2.35480022430419922 62
8.02060125190374151 -3.33971955283223476 0.45413815975189209 -2.43600010871887207 50
7.90655200574581496 -3.32135979277067683 1.85893595218658447 -2.35480022430419922 47.5
8.14816344935462489 5.76432226285914595 -1.17580735683441162 -3.24800014495849609 45.5
11.1148956552114111 6.55187686682049364 -1.37209129333496094 -2.84200000762939453 46
11.1494607974478015 6.54082722044864884 -1.79153656959533691 -2.84200000762939453 46.5
8.00670573394836538 -10.7063293119082434 -1.22385132312774658 5.19680023193359375 49.5
7.972227656631798 -10.7365257906945715 -1.18374145030975342 5.1156001091003418 52
7.94683818711402079 -10.7667222694809013 -1.0752105712890625 5.03439998626708984 47
8.09913166455730504 -10.7239679596601629 -1.28475570678710938 5.19680023193359375 51
8.03634971660530795 -10.7965069910059839 -1.05002164840698242 5.1156001091003418 52
7.94990065558058401 -10.8690460223518066 -0.955483198165893555 5.03439998626708984 45.5
8.1441267228642964 -10.7835454037136795 -1.29189324378967285 5.19680023193359375 46.5
12.6441184800728923 5.23782392499928484 -1.03300261497497559 -2.27360010147094727 45.5
8.98902703197704867 -10.429425160699596 -0.929787218570709229 -4.79080009460449219 47.5
7.64178446336231953 12.4656075418118117 -0.320038557052612305 4.62840032577514648 48
7.49833069066975177 12.5533291606370518 -0.282158255577087402 4.54720020294189453 46
10.2419812154072556 -10.4758730297582616 -1.20329773426055908 -4.38479995727539062 48
7.55807460962027111 12.595662171673224 -0.56109619140625 4.62840032577514648 46
10.3302986236314549 -10.5163972795566387 -0.995478689670562744 -4.38479995727539062 48
13.9424135886138245 5.31158122925902276 -0.389673799276351929 -2.11120009422302246 54
13.969560066369052 5.2519005412898192 -0.156698912382125854 -2.19239997863769531 58
13.9804331981381988 5.21833015430714298 -0.268616676330566406 -2.27360010147094727 54
13.9998234896336236 5.38138391531408367 -0.213727936148643494 -2.03000020980834961 46.5
14.0144323346812261 5.33827286339760043 -0.313932090997695923 -2.11120009422302246 63
14.0386724924305408 5.27829226942684038 -0.235201075673103333 -2.19239997863769531 67
14.0371329532050364 5.27829226942684038 -0.313932090997695923 -2.27360010147094727 61.5
10.9524907431221461 -10.1798314329748489 -1.18911969661712646 -4.06000041961669922 46
14.0952607841416668 5.33859144106845385 -0.280564397573471069 -2.03000020980834961 48.5
14.0934636066595491 5.33859144106845385 -0.359684467315673828 -2.11120009422302246 63.5
14.1073184350174134 5.30468366197909802 -0.315501749515533447 -2.19239997863769531 67.5
14.1209405986466816 5.27077588288974308 -0.271316349506378174 -2.27360010147094727 61.5
14.1653862777968218 5.36515152860151456 -0.281960219144821167 -2.11120009422302246 56.5
14.1702427248809943 5.33107505453135566 -0.553500533103942871 -2.19239997863769531 59
14.1957292206312733 5.27049465618440838 -0.475047141313552856 -2.27360010147094727 55.5
14.0583178695477375 5.84450885136394227 0.07784995436668396 -2.35480022430419922 46.5
14.0527158905381064 6.03580937490427782 0.424490898847579956 -2.19239997863769531 60
14.0795056397831591 5.97845293485133844 0.340025126934051514 -2.27360010147094727 66.5
14.0795056397831591 5.97845293485133844 0.340025126934051514 -2.35480022430419922 66
14.0773683766373043 5.97845293485133844 0.419276535511016846 -2.43600010871887207 57.5
11.2788666510498352 -10.278274057486664 -1.11097311973571777 -3.97880029678344727 48
11.2532519410345042 -10.3279829721992105 -0.887186825275421143 -4.06000041961669922 46.5
14.121602452631091 6.06539697637039144 0.426571756601333618 -2.19239997863769531 66
14.1371852169951637 6.02505065501981196 0.478959143161773682 -2.27360010147094727 75
14.121602452631091 6.06539697637039144 0.426571756601333618 -2.35480022430419922 73.5
14.1603127803047144 5.96357054629512096 0.558578252792358398 -2.43600010871887207 62
11.3551981987507631 -10.3286582657482491 -0.876884520053863525 -3.97880029678344727 47
14.2086625188286071 6.05444106945300842 0.400222033262252808 -2.19239997863769531 66
14.2061469164458014 6.05444106945300842 0.481295526027679443 -2.27360010147094727 74.5
14.2127743054369855 6.03706544138378742 0.503404140472412109 -2.35480022430419922 73
14.2182499925307315 6.01389793729149247 0.613932490348815918 -2.43600010871887207 61.5
12.044394476674519 -9.56624856477667684 -1.45669949054718018 -3.5728001594543457 45.5
14.2742755257560585 6.09741146487702235 0.303754121065139771 -2.19239997863769531 59.5
14.2670610272477045 6.09741146487702235 0.546046555042266846 -2.27360010147094727 64
14.2710773320152153 6.0663715083265819 0.749088823795318604 -2.35480022430419922 63
14.251607012379587 5.99459160880368991 1.40791440010070801 -2.43600010871887207 54
14.40110174535873 5.98846226774145318 -0.326489388942718506 -2.19239997863769531 50.5
14.1371698160133459 6.60291648797480946 -1.49918997287750244 -2.43600010871887207 49.5
14.0485128063549478 6.84188291085612921 -1.23836982250213623 -2.51719999313354492 47.5
9.97195028437475983 -12.0697630966777734 -0.765934109687805176 -4.95320034027099609 45.5
14.2015900958156553 6.71717046664203021 -1.12115788459777832 -2.43600010871887207 52
14.1589331567894892 6.80179933569143191 -1.15007352828979492 -2.51719999313354492 54
14.1082241991494275 6.87461952533859133 -1.32670068740844727 -2.59840011596679688 49.5
9.88164607988107058 -12.259377332760975 -0.351099073886871338 -4.95320034027099609 45.5
14.3270472134973907 6.66610253195334579 -0.854073584079742432 -2.43600010871887207 51.5
14.2387756002303227 6.83418877200556629 -0.990859568119049072 -2.51719999313354492 53.5
14.1754060442247543 6.90735572355770966 -1.33301830291748047 -2.59840011596679688 49
14.6826239737607942 6.24220828263020877 -0.809962034225463867 -2.35480022430419922 49
13.9033186739563046 -7.79327826523451783 -1.07850337028503418 -2.76080012321472168 46
13.8553305776069191 -7.8351990755751757 -1.35650551319122314 -2.84200000762939453 45.5
12.6635648418990652 -9.59986556801045054 -1.63625979423522949 -3.4104001522064209 47.5
12.6840169300059245 -9.59986556801045054 -1.4693293571472168 -3.49160003662109375 47
12.3008318878048755 -10.3166615070549685 -1.50720751285552979 -3.73520016670227051 47
12.6996450734399353 -10.022157749019982 -1.7751164436340332 -3.5728001594543457 45.5
12.7617475146940933 -10.443183064418017 -0.5724678635597229 -3.65400028228759766 48
12.6957244946174956 -10.4906525612269697 -1.8696054220199585 -3.65400028228759766 47.5
12.7645440595712696 -10.4757047506832901 -2.13273906707763672 -3.65400028228759766 45
13.1164104096686938 -10.2804578321950331 -1.41337323188781738 -3.5728001594543457 46
16.5308391024317665 -3.63248093523137383 -0.91594386100769043 -1.86760008335113525 45
13.477671669132917 -10.7605178742189622 -0.355141967535018921 -3.49160003662109375 47.5
13.482076133075946 -10.7605178742189622 -0.0858513861894607544 -3.5728001594543457 47
13.5815035264311703 -10.7380256257794144 -0.627060592174530029 -3.49160003662109375 50.5
13.6854465491076027 -10.5994704564145206 -0.717941641807556152 -3.5728001594543457 49
13.8720168108521538 -10.6213631369125974 -0.359774261713027954 -3.32920026779174805 46.5
13.6148804543964825 -10.9008726931471411 -1.08703839778900146 -3.5728001594543457 46.5
13.9870607963968361 -10.596771554089079 -0.2703990638256073 -3.32920026779174805 49
14.0637968761534591 -10.4673821663218494 -0.803770601749420166 -3.4104001522064209 47
14.6935621095226097 -10.1982660963659697 -1.18332624435424805 -3.16680002212524414 46
14.6735861687866294 -10.3061649037774412 -1.57124710083007812 -3.16680002212524414 45.5
14.7464077861597911 -10.173457848054424 -1.74476754665374756 -3.24800014495849609 45
14.683274608049544 -10.7857099478420491 -0.469621360301971436 -3.32920026779174805 49
14.5863367311071492 -10.9155210684136286 -0.490738093852996826 -3.4104001522064209 47.5
15.1887499393943948 -10.2131949890336333 -1.62270081043243408 -3.08560013771057129 50
15.1390842517694093 -10.2866712119763211 -1.62270081043243408 -3.16680002212524414 50.5
15.2105564299785545 -10.2433544031025257 -2.02859807014465332 -3.08560013771057129 49.5
15.235008758677818 -10.2433544031025257 -1.83595335483551025 -3.16680002212524414 49.5
15.4582417406150618 -10.4966032775268587 -1.55774903297424316 -3.16680002212524414 48
15.3180575159123507 -10.7543323758589917 -1.1242445707321167 -3.24800014495849609 47.5
15.6746495809845836 -10.3668675555583789 -1.10183703899383545 -3.08560013771057129 49.5
15.6043094504378441 -10.451552654718828 -1.28499758243560791 -3.16680002212524414 48.5
15.6926909411148063 -10.3207860058699978 -2.10496926307678223 -3.00440025329589844 46
15.7044999442742768 -10.4081702352103154 -1.49957549571990967 -3.08560013771057129 51
15.6580149716608403 -10.4931927286225157 -1.38908529281616211 -3.16680002212524414 49
18.7381723578842632 2.41841759039150483 -0.492168039083480835 5.03439998626708984 52
18.7483689358296033 2.37590634368540465 0.252547949552536011 4.95320034027099609 50.5
18.7423112848507465 2.41841759039150483 0.295065402984619141 4.87200021743774414 46.5
15.8012486461100252 -10.31906093811366 -1.97184717655181885 -3.00440025329589844 48
15.7615049011575366 -10.4210185714635895 -1.74010848999023438 -3.08560013771057129 49.5
18.7605472483059046 2.42801433837968483 -1.48231327533721924 5.1156001091003418 53.5
18.8062908725879794 2.42801433837968483 -0.691952645778656006 5.03439998626708984 67.5
18.8179754125837313 2.42801433837968483 -0.197926446795463562 4.95320034027099609 70.5
18.8179754125837313 2.42801433837968483 0.197927042841911316 4.87200021743774414 65
18.8119219730186451 2.47069427792151508 0.240614846348762512 4.79080009460449219 48
15.8984187645674471 -10.1575073700612517 -2.63967204093933105 -3.00440025329589844 45
15.7978965845992807 -10.4907745441434113 -1.80905389785766602 -3.08560013771057129 47.5
18.8161838426310055 2.48045996709721672 -1.64349663257598877 5.1156001091003418 59
18.8618358715011425 2.43761133042951039 -1.09166646003723145 5.03439998626708984 75.5
18.8687278281256461 2.48045996709721672 -0.84911346435546875 4.95320034027099609 78
18.8923555171711293 2.43761133042951039 -0.198708772659301758 4.87200021743774414 70.5
18.8370294580100612 2.30668494061151952 1.65772998332977295 4.79080009460449219 45.5
18.3657499338850165 -5.2003171666375918 -1.19228029251098633 -2.03000020980834961 45.5
16.2284847971106245 -9.94178281857186796 -1.88755249977111816 -3.00440025329589844 46
18.8987342817255062 2.49022540792112634 -1.54992008209228516 5.1156001091003418 58.5
18.9066756350435945 2.49022540792112634 -1.44983053207397461 5.03439998626708984 74
18.9002952501032553 2.54997169889812048 -1.42902648448944092 4.95320034027099609 75.5
18.9655678898081561 2.40419074891425444 -0.541039347648620605 4.87200021743774414 67.5
18.9726493451586897 2.40419074891425444 0.155161365866661072 4.79080009460449219 52.5
18.8319764616138308 3.64202157907196256 0.855800032615661621 5.1156001091003418 47
18.8687355031019024 2.85267698123620761 -2.11496520042419434 4.95320034027099609 57.5
19.0629147725357129 2.23847571361932873 0.484277784824371338 4.87200021743774414 59
19.0558962649790047 2.32484776687795236 -0.328542411327362061 4.79080009460449219 49.5
18.9809466109926355 3.30218479268679266 -0.587315976619720459 5.1156001091003418 54.5
19.1409344464672806 2.24721984797722651 -0.316686749458312988 4.95320034027099609 62
19.1331548984832942 2.33392929548760186 -0.0289112385362386703 4.87200021743774414 57
10.615042175409064 -16.0749681301179095 0.664808928966522217 4.70960044860839844 46
19.1283314389865957 2.90881500882631139 -0.261198997497558594 5.03439998626708984 58
19.2068465800039476 2.3430105931443852 0.172817125916481018 4.95320034027099609 59.5
19.1965203767499908 2.37202620420499688 0.538175106048583984 4.87200021743774414 57.5
19.1002934456096725 3.32788266142908373 -1.19776511192321777 5.1156001091003418 51.5
19.2290670942504818 2.69191967288464884 -0.572029590606689453 4.87200021743774414 52
16.6275158470564399 -10.1367197365830819 -1.01125812530517578 -2.92320013046264648 48
19.0828031689713384 3.63801023238426424 -1.69158971309661865 5.1156001091003418 53
19.1144232674232981 3.63801023238426424 -1.28597354888916016 5.03439998626708984 54.5
19.3749975764642421 2.18329348172558646 -0.304431915283203125 4.95320034027099609 49.5
19.3373037327092945 2.49519255054352751 -0.304431915283203125 4.87200021743774414 54
16.772928626567559 -9.98491300084576849 -1.4666438102722168 -2.84200000762939453 48
16.7092300159736133 -10.0974328435794565 -1.42272341251373291 -2.92320013046264648 49.5
19.1651501753607505 3.62264971931714497 -1.65953707695007324 5.1156001091003418 51
19.2362770199414328 3.28753627465377596 -1.52918493747711182 5.03439998626708984 50.5
19.3842325583402726 2.71270664329690314 -0.270907104015350342 4.95320034027099609 49
17.5084927102129306 6.83598839106114298 -5.73101091384887695 4.95320034027099609 49.5
17.5398633692561248 6.95876117107301795 -5.4819178581237793 4.87200021743774414 53
11.0211159365910305 -16.2379278843704533 0.993615686893463135 4.79080009460449219 52
17.1574216756840663 7.64874419473974942 -5.76559829711914062 4.70960044860839844 47.5
17.2548167452565409 6.94095402723623689 6.57039546966552734 4.95320034027099609 45
17.4252910799462697 7.16525332286070338 -5.83900833129882812 4.79080009460449219 51.5
17.0389533946532303 7.76174155957631751 -6.20524692535400391 4.70960044860839844 51.5
16.8092883631821266 8.09695808930079508 6.40021228790283203 4.62840032577514648 49
19.4917440238277244 3.404498494102842 -0.722037613391876221 5.1156001091003418 45.5
19.5499600523291157 3.06058476541076718 -0.686961472034454346 5.03439998626708984 52.5
19.6304658294460914 2.53358027468118463 -0.515604615211486816 4.95320034027099609 51.5
19.6001974446909344 2.48904468391530465 1.29498326778411865 4.87200021743774414 49
19.5379620972275028 2.39749930289655078 2.13543510437011719 4.79080009460449219 48
17.1290178998312577 7.60074082404355345 -6.39261579513549805 4.70960044860839844 46
17.0789104074269602 8.42464925321233871 5.41997766494750977 4.62840032577514648 46.5
19.596351882974723 3.28576484471832941 -0.449825644493103027 5.1156001091003418 49
19.6301987578636847 3.07217771195508194 -0.482337474822998047 5.03439998626708984 54.5
19.7018494466278433 2.54317702266936418 -0.620496213436126709 4.95320034027099609 49.5
19.4932869281977759 2.47860416857815036 2.9805903434753418 4.79080009460449219 47
19.5272673480170909 2.54317702266936418 2.6895601749420166 4.70960044860839844 47.5
19.7816534649324147 2.55277401471919019 0.414810240268707275 5.03439998626708984 47
17.1949530543729452 -10.2044423492227043 -1.09710609912872314 -2.84200000762939453 46.5
17.1285898641384904 -10.3570835908368739 -0.585606217384338379 -2.92320013046264648 45.5
19.7544027914079905 3.13790355711752555 -0.95803457498550415 5.1156001091003418 48.5
19.8095686820639294 2.88266738261514321 -0.521463751792907715 5.03439998626708984 49.5
17.2472376336355282 -10.1798684668270649 -1.70677697658538818 -2.84200000762939453 45
17.1324892138571805 -10.4486190037011095 -1.14636611938476562 -2.92320013046264648 46.5
19.8367899380807309 3.21495969344649479 -0.419298738241195679 5.1156001091003418 46
19.9055687616726686 2.78546117190012721 0.139774888753890991 5.03439998626708984 46
18.5628470233475831 -7.88335250318902059 -0.55149376392364502 -2.35480022430419922 47.5
17.3595992232680523 -10.1119689447685204 -1.85015499591827393 -2.84200000762939453 47.5
17.1630351717300798 -10.4876067839035265 -1.57194209098815918 -2.92320013046264648 48.5
18.5960566120999289 -8.003753718786351 -0.434849828481674194 -2.35480022430419922 45.5
20.0009365186569852 3.57604291941191255 -0.529275894165039062 5.1156001091003418 47
19.9799347386015071 3.57604291941191255 -1.05819189548492432 5.03439998626708984 46.5
20.0852366776916682 3.49491929840316784 -0.727238476276397705 5.03439998626708984 45.5
19.8878648273798646 3.37255888532997172 3.04282093048095703 4.87200021743774414 48
18.2006030767024249 6.98219107098926095 -6.01224517822265625 4.79080009460449219 47
20.0214730639262655 3.35681379069388619 2.66421937942504883 4.87200021743774414 46
17.9147757457213075 7.25092247166651926 6.76095914840698242 4.79080009460449219 48.5
19.7260995094790417 3.04211249781633386 4.56642055511474609 4.70960044860839844 53
19.6859286318575712 2.94744625524341197 4.79608154296875 4.62840032577514648 55.5
19.5908578898262675 3.0190855739472453 5.12923288345336914 4.54720020294189453 50.5
17.2233764824206688 -11.1293616356005973 -1.33984017372131348 -3.00440025329589844 49.5
19.7836368967825855 2.95824287129946617 4.70734167098999023 4.70960044860839844 53
19.7580389927392837 2.95824287129946617 4.81365013122558594 4.62840032577514648 58
19.7455608819250621 3.04041628439111822 4.81365013122558594 4.54720020294189453 53
17.3745478260015993 -11.0746193553317411 -0.93196028470993042 -2.92320013046264648 51.5
17.3684927264834563 -11.0746193553317411 -1.03870522975921631 -3.00440025329589844 56
17.3032759825200451 -11.2163703594144142 -0.424626260995864868 -3.08560013771057129 53
12.946747320266228 -15.9766268056089054 1.58737695217132568 -4.87200021743774414 49.5
13.0407945320629892 -15.9173491129925146 1.40225410461425781 -4.95320034027099609 49
19.4066249281501975 2.85821570050335128 6.37213754653930664 4.46600008010864258 49
19.4200481059585748 2.78089697100371147 6.36545133590698242 4.38479995727539062 47
17.4141381153481234 -11.1459310646537642 -1.0030139684677124 -2.92320013046264648 52.5
17.417419101032003 -11.1148911081033255 -1.25807046890258789 -3.00440025329589844 55.5
17.3980466898789388 -11.1743843581583349 -0.96495431661605835 -3.08560013771057129 52.5
13.0185731575553678 -16.0347242213480357 1.37637579441070557 -4.79080009460449219 50
13.0395574455425081 -16.0347242213480357 1.16085982322692871 -4.87200021743774414 58
13.0294439250349754 -16.0347242213480357 1.26933956146240234 -4.95320034027099609 55.5
19.3682940719854351 2.86860931786981332 6.71790838241577148 4.46600008010864258 45
19.4093787647471032 2.75996946994327352 6.64444303512573242 4.38479995727539062 45
17.4316983545783479 -11.2148716683685379 -1.40114748477935791 -2.92320013046264648 49.5
17.4439164880025999 -11.1551628608749098 -1.6949317455291748 -3.00440025329589844 51
17.4649804948406917 -11.1136262991402095 -1.74998140335083008 -3.08560013771057129 46
13.1014843637440812 -15.9967683380756771 2.01375341415405273 -4.79080009460449219 51
13.1042685417531413 -16.0928216370871695 0.948642432689666748 -4.87200021743774414 54.5
13.1826277202034543 -16.0331128295935379 0.870816588401794434 -4.95320034027099609 52.5
15.8277611332478898 -13.3396834950443495 2.50146698951721191 -3.73520016670227051 49
15.8102107943530612 -13.3396834950443495 2.61009597778320312 -3.81640005111694336 47
17.412393583307658 -11.6017744015892905 -0.251076698303222656 -3.08560013771057129 48
17.4009117535413047 -11.6174630755603374 0.313842087984085083 -3.16680002212524414 47.5
15.9946068110255908 -13.3406024333803401 2.01409149169921875 -3.65400028228759766 46
15.7838565086067657 -13.5314813000280783 2.3716132640838623 -3.73520016670227051 50.5
15.7838565086067657 -13.5314813000280783 2.3716132640838623 -3.81640005111694336 46.5
13.3502075971889802 -16.1122681682653166 -0.149791628122329712 -4.87200021743774414 49
17.5670633893422696 -11.504277192169436 0.223342776298522949 -3.00440025329589844 45
17.4448523645176401 -11.6591020905129579 0.861651003360748291 -3.08560013771057129 48.5
15.9009093912923216 -13.6744499197981142 1.08189785480499268 -3.73520016670227051 47
13.3977235437237479 -16.1700173490301253 0.177530243992805481 -4.87200021743774414 49
17.390718716703077 -11.8956228576794949 0.461184442043304443 -3.08560013771057129 46.5
17.3251396728806455 -11.9904296814289868 0.474114745855331421 -3.16680002212524414 47.5
17.3712887709455686 -12.0648154215467756 -0.0331632643938064575 -3.16680002212524414 48
16.2312084281544209 -13.5316221157326364 -0.875009775161743164 -3.65400028228759766 54.5
16.362787185660185 -13.3862628937862915 -0.62426912784576416 -3.73520016670227051 50.5
16.2461145692389586 -13.6273466575098876 -0.927268147468566895 -3.5728001594543457 48.5
16.3107462482787469 -13.5318650538371852 -1.16140508651733398 -3.65400028228759766 56.5
16.3798956056228775 -13.409860782477617 -1.54120290279388428 -3.73520016670227051 51
16.3990072543849124 -13.4812006802047453 -1.73776388168334961 -3.65400028228759766 50
21.1911706206476893 1.9589661797888831 -0.887017548084259033 4.95320034027099609 47
18.7036846592751331 -10.3047591086956292 -0.935274899005889893 -2.76080012321472168 45
17.9981538021288721 -11.5093849143000195 -0.700826644897460938 -3.00440025329589844 45
19.155572407449224 -9.81222543940779879 -0.33164331316947937 -2.59840011596679688 49.5
19.1195960063415527 -9.88484881848236263 -0.237731605768203735 -2.67960023880004883 46.5
19.1431420253203051 -9.94358241188656855 -1.10692489147186279 -2.59840011596679688 47.5
19.1104772457045371 -10.1541615036900179 -1.21996426582336426 -2.67960023880004883 46.5
21.3399450946812728 3.20686242207761563 -2.03185319900512695 5.03439998626708984 46.5
19.0347016851402167 -10.5072873201486274 -0.582689404487609863 -2.67960023880004883 46
18.884874154760535 -10.7845101102818806 0.344005435705184937 -2.76080012321472168 46.5
19.1318771502663623 -10.472611407556407 -0.791420638561248779 -2.67960023880004883 47.5
18.9518258259513566 -10.821698454474955 -0.223190188407897949 -2.76080012321472168 48.5
19.1294971030135734 -10.626274556257048 -0.868741631507873535 -2.67960023880004883 48
19.0952331262719071 -10.6591139316562469 -1.16852295398712158 -2.76080012321472168 50
17.7182185507709029 -12.7608339572048965 1.68401694297790527 -3.16680002212524414 45.5
17.8131966273621707 -12.6978918210231004 1.0313335657119751 -3.24800014495849609 46
19.1827732125089518 -10.6324594988047547 -1.36845803260803223 -2.76080012321472168 47.5
19.4006715046210836 -10.7718395808030944 -0.649211347103118896 -2.67960023880004883 47
19.50893363792445 -10.5637819015447292 -0.805018961429595947 -2.76080012321472168 45
18.2124949102466545 -12.694292537150389 0.00454033166170120239 -3.16680002212524414 48
19.5345742519868146 -10.6885418982151439 -0.575500071048736572 -2.59840011596679688 46.5
19.5308344365854261 -10.6885418982151439 -0.690869688987731934 -2.67960023880004883 51.5
19.5557553975096816 -10.6384393580672612 -0.756136476993560791 -2.76080012321472168 45
18.3144197339230104 -12.6731591829618644 0.385714560747146606 -3.16680002212524414 54.5
18.3116250855905278 -12.6731591829618644 0.501110613346099854 -3.24800014495849609 50.5
19.5980450813687597 -10.6742584701872048 -1.22448539733886719 -2.67960023880004883 50.5
19.6081309890128175 -10.6351586223110619 -1.39181053638458252 -2.76080012321472168 46.5
18.5163449873149695 -12.5119513203659558 -0.344354361295700073 -3.08560013771057129 48.5
18.4336179697383251 -12.6320437102712528 0.394632041454315186 -3.16680002212524414 54.5
18.3732794439003086 -12.7158290985772755 0.502797842025756836 -3.24800014495849609 51
18.507463002492873 -12.6576202391423394 0.373025745153427124 -3.16680002212524414 49.5
22.3035816092668071 1.99798167600364995 -1.19958674907684326 4.95320034027099609 46.5
22.2966792157617739 1.91391512582116818 -1.44072842597961426 4.87200021743774414 46
20.5328454853513946 -9.98456584889500043 -1.40582501888275146 -2.51719999313354492 47.5
20.515519390179378 -10.0617439988864597 -1.06790244579315186 -2.59840011596679688 48
20.5886966223792989 -10.0947336590577361 -0.951039552688598633 -2.51719999313354492 45
20.5570623085211786 -10.1549579223646145 -0.993248641490936279 -2.59840011596679688 47
15.0610908044034986 17.4156560372992075 0.0957563444972038269 -4.62840032577514648 48.5
14.9373534330220057 17.5192350257913247 0.320223808288574219 -4.70960044860839844 45.5
19.8741184328536704 -11.6646129998612214 1.60194742679595947 -2.84200000762939453 47.5
15.0193324971996205 17.5503209698481122 -0.125989258289337158 -4.62840032577514648 48.5
21.0108785324848206 -9.9158224693944117 -0.88427966833114624 -2.51719999313354492 45
20.7918149212680561 -10.72835398232694 -0.403601765632629395 -2.59840011596679688 45
13.7296383732848764 -19.0408667707502275 -0.134437263011932373 5.1156001091003418 45.5
13.5510961772714609 -19.1494035247970267 0.862451314926147461 5.03439998626708984 45
20.3832459056760698 -11.7859053796268736 -0.467188417911529541 -2.84200000762939453 46
19.1360180350869236 -13.722266363345847 0.338762104511260986 -3.24800014495849609 46.5
13.7532499223022544 -19.1164148179915543 -0.115600012242794037 5.1156001091003418 46.5
13.6016012348305715 -19.2105843491146651 0.743255436420440674 5.03439998626708984 48.5
20.3836179338454215 -11.9297176437616983 -0.574954986572265625 -2.84200000762939453 49
20.4431408825825685 -11.8411525536075644 -0.0757007524371147156 -2.92320013046264648 48
19.5724626436566247 -13.2257201296838414 0.373661071062088013 -3.08560013771057129 46.5
19.4286490558378482 -13.4412285157255642 0.0402666814625263214 -3.16680002212524414 48.5
19.2226463844027471 -13.7305411435623999 -0.320516526699066162 -3.24800014495849609 51.5
19.0985551872977339 -13.8870061361680328 -0.732740521430969238 -3.32920026779174805 47
20.3918590943922382 -12.0771671926918902 -0.0646316111087799072 -2.84200000762939453 48
20.4241120978461836 -11.9675901485208254 1.1499931812286377 -2.92320013046264648 46.5
19.6773781434375756 -13.1729376344025297 -0.982119262218475342 -3.08560013771057129 51
19.5513893562444103 -13.3950532644790119 -0.0759410783648490906 -3.16680002212524414 51.5
19.1691899455724943 -13.9162846097251549 -0.754446923732757568 -3.24800014495849609 50.5
19.7173516348260307 -13.1819445168530418 -1.64713966846466064 -3.08560013771057129 48
19.5467426600439182 -13.5265705172936457 -0.4554462730884552 -3.16680002212524414 50
19.257622374355261 -13.9424984488598884 -0.0372792705893516541 -3.24800014495849609 48
18.6968403580091334 -14.6600249702349341 2.08190321922302246 -3.4104001522064209 48.5
18.7808450316736959 -14.6600249702349341 1.08905518054962158 -3.49160003662109375 46.5
18.9570813678584784 -14.5955088116164511 0.076662801206111908 -3.4104001522064209 51
18.9211204361746503 -14.6373640191876575 0.380037218332290649 -3.49160003662109375 47
19.139952033134108 -14.45832125741628 -0.786893069744110107 -3.32920026779174805 45.5
19.0382952740550451 -14.5872795262544663 -0.86865532398223877 -3.4104001522064209 49
17.0755071900557915 17.3889836251603356 -0.43703383207321167 -4.14120006561279297 47
17.1208141051026175 17.3493870605908711 -0.131281167268753052 -4.22240018844604492 50.5
17.1982196709444608 17.375271618616857 -0.351707667112350464 -4.22240018844604492 48
21.1638483336463814 -13.1825343061214468 1.43630170822143555 -2.92320013046264648 45
18.932211251498817 -16.0786971461026731 2.60721302032470703 -3.65400028228759766 45.5
18.7594003089526424 -16.24410299795505 2.8221747875213623 -3.73520016670227051 45.5
22.0925986645988885 -11.7196080462443675 1.43890976905822754 -2.59840011596679688 48.5
19.0075627089796129 -16.2271496024922008 1.70139741897583008 -3.65400028228759766 46
19.0457695675617629 -16.1989774677656513 1.53437983989715576 -3.73520016670227051 48
22.2550376070143194 -11.6542295522861448 0.397385627031326294 -2.59840011596679688 50.5
19.1442210597724021 -16.247477891454956 0.885410666465759277 -3.73520016670227051 47.5
22.3851693669759371 -11.5725054638352951 -0.146034330129623413 -2.59840011596679688 47.5
18.6474357169147069 17.1659015872343765 0.476977348327636719 -3.89760017395019531 45
23.0912300908864516 -10.5733789088484063 1.19560396671295166 -2.43600010871887207 47.5
18.8220696599328221 17.0800736219858891 0.656884670257568359 -3.89760017395019531 47
23.2971288063435864 -10.9066460707751531 1.98215627670288086 -2.43600010871887207 46.5
19.7143672884048229 16.9628117939853951 -0.952588558197021484 -3.65400028228759766 47.5
24.0736263546421618 -10.0778639297862505 -0.32740435004234314 -2.27360010147094727 46
19.801248582567851 16.9953880058628322 -0.52667236328125 -3.65400028228759766 47
24.1369111691010048 -10.1068236030616045 0.626311838626861572 -2.27360010147094727 45.5
24.0934253782265415 -10.2278438209623417 -0.169529154896736145 -2.35480022430419922 45
19.9620811369517099 16.926476422603173 -0.374739885330200195 -3.65400028228759766 45.5
23.9720553561512055 -10.6984385817592216 2.80071759223937988 -2.35480022430419922 45
23.968837408209648 -11.1522943802752472 1.43065643310546875 -2.35480022430419922 47
23.9626327198631799 -11.1919940339576254 1.20711636543273926 -2.43600010871887207 49.5
24.1170911961948988 -11.1009456897247656 -0.193678870797157288 -2.43600010871887207 51.5
24.003121902474593 -11.3431360768586291 -0.293229907751083374 -2.51719999313354492 48.5
24.2130493122019956 -11.0724177362372522 0.143400266766548157 -2.43600010871887207 51
24.1473901045533594 -11.2154808259782985 -0.085313551127910614 -2.51719999313354492 50.5
24.1502801692262601 -11.3171380742603525 1.25556051731109619 -2.43600010871887207 51
24.2067994991133801 -11.2103726207295953 1.11735320091247559 -2.51719999313354492 50
24.1717383435674833 -11.3489281104254012 1.95694684982299805 -2.43600010871887207 46.5
24.0281838598371564 -11.2418627508930875 3.62872076034545898 -2.51719999313354492 45.5
24.1734576879257013 -11.4042034883033914 2.55159211158752441 -2.43600010871887207 45.5
23.8172765199313936 -12.2396394013918126 1.96242833137512207 -2.59840011596679688 48.5
24.1259387558020926 -11.4831626381162497 3.3214116096496582 -2.43600010871887207 45
23.7947313158197389 -12.119060012450845 3.44888949394226074 -2.51719999313354492 46.5
23.6903173247002741 -12.3814938494778204 3.22848916053771973 -2.59840011596679688 45.5
25.2101188546085311 -9.81489603105896968 1.08324766159057617 -2.19239997863769531 45.5
24.1622618339340534 -12.2136417346166422 0.260267794132232666 -2.59840011596679688 46
24.2546334400779422 -12.1592659200597204 0.993767678737640381 -2.59840011596679688 46
24.2219128620861106 -12.1928545380183504 2.41534233093261719 -2.59840011596679688 45.5
24.5751706967084225 -11.9692681793534028 1.47929072380065918 -2.51719999313354492 48
24.3670566686683401 -12.1710935073276385 2.73893356323242188 -2.59840011596679688 47
25.5105502343467876 -9.84793221262144414 2.39429140090942383 -2.19239997863769531 45
24.8753501273515845 -11.6041639412394098 0.250770926475524902 -2.43600010871887207 48.5
24.68238234940846 -12.0020601922544188 0.482810884714126587 -2.51719999313354492 45
21.689991090001751 16.7939659049092995 -1.00474762916564941 -3.4104001522064209 48.5
21.6583238854168023 16.8316974459538251 -1.05523943901062012 -3.49160003662109375 48.5
24.8932173271505945 -11.7390549935666897 0.384684950113296509 -2.43600010871887207 49
24.8681503191528996 -11.7768896272992514 -0.711139798164367676 -2.51719999313354492 48.5
21.7825740528581946 16.7916983529424506 -1.088126540184021 -3.4104001522064209 50.5
21.7428155293585057 16.8192144502024945 -1.4105604887008667 -3.49160003662109375 47.5
24.8523768361288404 -11.9193430407995375 -1.43131923675537109 -2.51719999313354492 45.5
24.4879777950724815 -12.4228801021296125 -2.78765535354614258 -2.59840011596679688 47
21.9023293413349016 16.7132917753803731 -1.64737355709075928 -3.4104001522064209 45
25.8324590469352451 -9.92865310307472981 0.107546441256999969 -2.19239997863769531 46.5
25.6635957012087559 -10.3574768525631544 0.0905659943819046021 -2.27360010147094727 45.5
26.0034311201763551 -9.57412120290281266 1.49010765552520752 -2.11120009422302246 47.5
25.8893759672485402 -9.95556029465192793 0.830425620079040527 -2.19239997863769531 47.5
26.0125049165301938 -9.79123180574486263 1.30846333503723145 -2.19239997863769531 49
25.9589830545567679 -10.0137598013299751 0.294031977653503418 -2.27360010147094727 45
24.7169577721068308 -12.7779747464887699 -0.161246240139007568 -2.59840011596679688 48
26.0663769806288279 -9.8176235338818838 1.60261797904968262 -2.19239997863769531 50
24.7696868442603986 -12.7914988443936917 1.1181560754776001 -2.59840011596679688 50
24.3952197501159667 -13.3249137594092915 2.39374399185180664 -2.67960023880004883 47
26.0516518352466306 -9.95587839301812316 2.18918776512145996 -2.19239997863769531 48.5
25.0843899671149693 -12.2106331554818475 2.06747841835021973 -2.43600010871887207 51
24.9166331097423779 -12.5287458428992089 2.18918776512145996 -2.51719999313354492 49.5
24.7683485079133838 -12.8468585303165739 2.02182650566101074 -2.59840011596679688 53
24.4551749732316104 -13.199928655911668 3.21044182777404785 -2.67960023880004883 49.5
25.0262191664180129 -12.4501716069033002 2.34182643890380859 -2.43600010871887207 50.5
24.6104231794768857 -13.3089249975821602 2.00054526329040527 -2.59840011596679688 50.5
24.5526167266705038 -13.2668636070182977 2.82169270515441895 -2.67960023880004883 52.5
24.5010979846296344 -13.2353175640954017 3.36528301239013672 -2.76080012321472168 46
26.2963720197160065 -9.83353726415175267 1.6787104606628418 -2.11120009422302246 46.5
26.2340431335461908 -9.89679804712342204 2.20092606544494629 -2.19239997863769531 46.5
24.8208396375569187 -13.2250181290218176 -0.201332837343215942 -2.59840011596679688 45.5
24.5479480531141441 -13.558894483594516 2.13783812522888184 -2.67960023880004883 49
24.5154783950160073 -13.5448365318230355 2.55820918083190918 -2.76080012321472168 45.5
26.3880247636651895 -9.83156875014689469 1.50083386898040771 -2.11120009422302246 45.5
25.3372902096820631 -12.3793193617441002 0.119201004505157471 -2.59840011596679688 46
25.0227805440979125 -12.5500394588329662 3.97902059555053711 -2.51719999313354492 47.5
25.1677009248840626 -12.3415787808850084 3.70782923698425293 -2.59840011596679688 47.5
26.637037482756881 -9.96465108544871647 1.85041654109954834 -2.19239997863769531 48.5
26.7207677128420862 -10.0551464024369679 1.19387221336364746 -2.19239997863769531 47
26.5292187367817149 -10.5121985116386476 1.49160885810852051 -2.27360010147094727 46
26.8658994850125268 -9.92759418894945789 0.699200987815856934 -2.11120009422302246 46
26.7366565980361131 -10.2354820721985202 1.09942245483398438 -2.19239997863769531 49.5
26.8170952944867693 -10.1079291875414832 1.94904935359954834 -2.11120009422302246 49
26.7653477532813291 -10.262276117606925 1.85134625434875488 -2.19239997863769531 52
26.8932501690791099 -10.1847046134127019 1.57001781463623047 -2.11120009422302246 46.5
26.8425464369862006 -10.2278906400420126 2.07557868957519531 -2.19239997863769531 49.5
26.9795953947361653 -10.225660380885369 1.14149594306945801 -2.19239997863769531 45.5
27.1053047007698922 -10.0930466353638586 1.23912036418914795 -2.19239997863769531 45
27.3159696167788475 -10.2006556970315021 0.982411980628967285 -2.19239997863769531 47
27.2017883504024063 -10.5469967589392901 0.0656376630067825317 -2.27360010147094727 46
27.2573733651111532 -10.6033506755009714 0.408793270587921143 -2.19239997863769531 45.5
24.4018402899711333 -16.3411128305680329 -1.37051486968994141 -3.08560013771057129 49.5
24.3570721069026703 -16.4586747933778774 -0.452976226806640625 -3.16680002212524414 51
24.3003563307456112 -16.5006605658261627 -2.44878149032592773 -3.08560013771057129 50
24.2081500854634193 -16.8137311345974183 -0.198941618204116821 -3.24800014495849609 46.5
20.6863232601922427 -22.0306742315126272 0.525437593460083008 -4.38479995727539062 48
20.6159946510990757 -22.0306742315126272 1.78348422050476074 -4.46600008010864258 50
20.6206515097933654 -22.0853414723589481 2.26196694374084473 -4.46600008010864258 46.5
17.1622544314127978 -25.0209047552630111 1.43251442909240723 4.95320034027099609 46.5
20.1986417970052941 -23.4830667454570907 0.105589397251605988 -4.70960044860839844 46.5
23.9215615905362036 -19.7414123660797252 1.46223306655883789 -3.5728001594543457 45
23.5939621620095004 -20.0789718935657575 2.06456375122070312 -3.65400028228759766 46
20.0844427299289592 -23.6718468642791677 0.601161479949951172 -4.70960044860839844 51
20.0787047198766473 -23.6252869294535053 1.67153799533843994 -4.79080009460449219 51.5
24.0393297438470626 -19.6996419878061637 1.67345631122589111 -3.5728001594543457 45.5
23.8936583491078522 -19.8435485531662472 2.02296757698059082 -3.65400028228759766 46.5
19.948745615128356 -23.7951450506215387 2.14576840400695801 -4.70960044860839844 46.5
19.8681646174401934 -23.7951450506215387 2.79515647888183594 -4.79080009460449219 46.5
29.4634517081153504 -11.5168736713427133 0.994583249092102051 -2.19239997863769531 47.5
29.4959858565979332 -11.671023373142166 0.49961426854133606 -2.19239997863769531 52
29.4885267590556275 -11.671023373142166 0.830465137958526611 -2.27360010147094727 51
29.5694638577633739 -11.6986147252854149 0.171272426843643188 -2.19239997863769531 48
29.6276968641791747 -11.5515872983711638 -0.0216812919825315475 -2.27360010147094727 48
28.6093889137256134 16.1364480867807565 -0.49045756459236145 -2.67960023880004883 46
28.5967596377941398 16.1486039007348445 -2.3459932804107666 -2.67960023880004883 46.5
27.960857146011918 -17.2018631615216222 2.51836585998535156 -2.84200000762939453 48
27.9747083752325238 -17.1154629877852109 2.92103385925292969 -2.92320013046264648 52.5
28.0193312620675954 -17.0784343418981734 2.70185136795043945 -3.00440025329589844 47
28.1479981645852106 -17.1544487849867515 1.55406403541564941 -2.84200000762939453 49.5
28.1269122171073427 -17.1544487849867515 1.89781606197357178 -2.92320013046264648 52.5
28.0810903232047089 -17.1833144439999472 2.27727627754211426 -3.00440025329589844 46.5
31.590537247571195 -11.4920853042833286 1.99393486976623535 -2.11120009422302246 45
31.6825846766789248 -11.4923747938100984 1.78931653499603271 -2.11120009422302246 46.5
27.7702618219256081 -22.1760256966364402 -0.916051566600799561 -3.49160003662109375 49
27.9053845234396896 -22.01166012156121 -0.760979592800140381 -3.5728001594543457 46.5
27.942008787291357 -22.0803547516547098 -0.917984068393707275 -3.49160003662109375 49.5
24.7977997875959062 26.540138216777315 4.50004386901855469 -4.38479995727539062 45
24.6983804671835436 26.7320110661887469 4.52166986465454102 -4.38479995727539062 48.5
34.9695956510052923 -11.0214334414032002 2.49356174468994141 -2.03000020980834961 47.5
34.7865130156311864 -11.558728321671607 2.61853551864624023 -2.11120009422302246 45.5
35.1037480754407127 -10.8552593156648474 2.44354152679443359 -2.03000020980834961 45.5
24.8806699578632688 27.9044987384151213 3.76456594467163086 -4.54720020294189453 45
35.7930529537274325 -11.8653891807045166 1.11607372760772705 -2.03000020980834961 49
35.653284167304939 -12.1529492681192863 2.07967209815979004 -2.11120009422302246 47.5
24.5195377246885506 28.5627306499359008 2.47759842872619629 -4.62840032577514648 48
35.91080040088044 -11.7283806190275541 1.30374991893768311 -2.03000020980834961 45.5
35.7426697088900909 -12.243239051356996 1.18526732921600342 -2.11120009422302246 47.5
35.0197304416863631 14.8011952718170345 -0.666218101978302002 -2.27360010147094727 48.5
35.0099405771557173 14.8011952718170345 -1.06275451183319092 -2.35480022430419922 48
35.1438059660823896 14.7113652559124777 -0.314300328493118286 -2.19239997863769531 47
35.108182559019987 14.7780186907289082 -0.797387540340423584 -2.27360010147094727 56
35.0724476842369057 14.8303892466561056 -1.26217544078826904 -2.35480022430419922 55.5
36.3469884315499883 -11.3963224128898801 2.52013945579528809 -1.94880008697509766 45.5
36.325125423986151 -11.6014466756585115 1.79516947269439697 -2.03000020980834961 48
35.1535589649391582 14.8595832214951749 -0.866607129573822021 -2.19239997863769531 46
35.1480482509694596 14.8595832214951749 -1.06694686412811279 -2.27360010147094727 55
35.1587123171937321 14.8071095728799431 -1.39471173286437988 -2.35480022430419922 55
36.5021085902012885 -11.3183373626818184 1.59809660911560059 -2.03000020980834961 46
35.1555776892370417 14.9461321508049174 -1.93934571743011475 -2.35480022430419922 48
36.6511017842853022 -11.0556228171038224 3.00499773025512695 -1.94880008697509766 47
36.7058541918614338 -11.0772160492159308 3.20957469940185547 -1.94880008697509766 51
36.4592886664592299 -10.990675298831432 5.50011110305786133 -2.03000020980834961 48.5
25.808833486457516 28.5707629546686661 1.92830932140350342 -4.46600008010864258 49
26.0283695350117021 28.4188036165270006 2.60502243041992188 -4.46600008010864258 47
25.8590431776623753 28.6263458304384599 1.93206071853637695 -4.54720020294189453 47
26.6730633261544057 27.8549866181871195 3.2151951789855957 -4.30360031127929688 45
25.5946227239890938 28.7399627555357746 4.0767369270324707 -4.54720020294189453 45
26.6953993150320841 28.0640195301255417 1.80754256248474121 -4.30360031127929688 45.5
33.3704719798236837 -20.1710975912102768 -0.733814716339111328 -2.84200000762939453 49
33.3068007794678849 -20.2734394731661638 -0.80292963981628418 -2.92320013046264648 46.5
33.6195012865053258 -19.9120380623166042 -0.309021681547164917 -2.84200000762939453 49
33.873953809363627 -19.6224821393397271 0.485769093036651611 -2.84200000762939453 47.5
33.9245429713303324 -19.6600734822223941 1.0989680290222168 -2.84200000762939453 46
38.4678673781663463 -10.7098348887409323 1.87709128856658936 -1.94880008697509766 45.5
38.5267424714792028 -10.8900767787683179 1.04838871955871582 -1.94880008697509766 45
38.1588262809585288 -11.9560631546312113 2.22692966461181641 -2.03000020980834961 45
37.665153180390341 -13.4524477855373341 2.09060144424438477 -2.11120009422302246 45.5
28.3329154446391733 28.0959977187524572 3.44434356689453125 -4.14120006561279297 47
38.5151491483513908 -11.1661834749937388 1.38394069671630859 -1.94880008697509766 46
37.7234234487739641 -13.4776386083444848 2.3048403263092041 -2.11120009422302246 46.5
28.6001614852132029 27.970149332984505 3.96756291389465332 -4.06000041961669922 46.5
28.5166011349492656 28.2538393200991393 3.25573897361755371 -4.06000041961669922 50
28.4085931093365645 28.2538393200991393 4.09244108200073242 -4.14120006561279297 49
28.6212714138363253 28.5027764427472157 2.94356679916381836 -4.14120006561279297 45.5
24.5959878284882407 32.1111712587413152 2.03964066505432129 -4.95320034027099609 48.5
24.5573612480671244 32.1111712587413152 2.46144342422485352 -5.03439998626708984 51
24.7130969830107006 32.1250048863989193 1.89145159721374512 -4.95320034027099609 49
24.4436819363721405 32.2872523858251768 2.52398324012756348 -5.03439998626708984 52.5
24.6232251649002336 32.1706369956125542 2.25335931777954102 -5.1156001091003418 47
29.644648142031226 27.63305892272842 3.16725993156433105 -3.89760017395019531 47
29.4637491149667667 27.7702082960581329 3.6229393482208252 -3.97880029678344727 50
24.6547976070468522 32.1843862747072151 2.95446896553039551 -5.03439998626708984 47.5
29.6414564636569722 27.8468902544224868 2.11197519302368164 -3.89760017395019531 47.5
25.594853064832801 31.7576255430391434 -0.9985007643699646 -4.79080009460449219 49.5
25.942142427631687 31.4874129641691667 -0.433921843767166138 -4.87200021743774414 50.5
25.9934642805023479 31.5452918784760747 -0.00835843291133642197 -4.87200021743774414 47.5
39.452437780956302 -10.9710499500727003 -0.209388226270675659 -1.94880008697509766 45
30.0574597198397342 27.6732453964520353 2.76461577415466309 -3.81640005111694336 45
29.8653582257501533 28.0263910198002755 2.37329435348510742 -3.89760017395019531 46.5
30.9764750247726504 26.7628534762873578 3.66304564476013184 -3.65400028228759766 46
30.6316602192366858 27.096682966972196 4.08427143096923828 -3.73520016670227051 48
30.2972021403992926 27.5178217090669115 3.74955487251281738 -3.81640005111694336 46
30.4649492828623494 27.7110326526709052 2.35542631149291992 -3.89760017395019531 45
30.5571429624955861 27.6684656884070499 2.91079211235046387 -3.81640005111694336 48
30.5203406632048058 27.7614168609324885 2.35970878601074219 -3.89760017395019531 47
30.7414226772342332 27.6462546342584012 2.14698028564453125 -3.81640005111694336 45
27.36419832736064 31.2918738850614986 2.15864872932434082 -4.46600008010864258 48
27.2166287341194675 31.4583200227479907 1.50657546520233154 -4.54720020294189453 49
39.750675801056417 -12.6954921764104682 1.96445846557617188 -2.03000020980834961 46.5
30.3362520142110199 28.4656738642953471 3.81680822372436523 -3.89760017395019531 48.5
30.2720438759367454 28.5805179547069557 3.45080018043518066 -3.97880029678344727 48.5
29.7128502513272004 29.1756191504761979 3.32873654365539551 -4.06000041961669922 47.5
29.7394016305850286 29.1129769193425929 3.62674498558044434 -4.14120006561279297 46
30.5631461937165838 28.4487954674986483 2.82537674903869629 -3.89760017395019531 48.5
29.8530693804540022 28.9769808245238956 4.53338718414306641 -4.06000041961669922 48
29.7230768242031758 29.0083581724659894 5.14554166793823242 -4.14120006561279297 45.5
41.7060581956418659 -3.88728609925007396 1.7887653112411499 -1.54280006885528564 49
41.7263115077326248 -4.0234982806254127 0.657388448715209961 -1.62400007247924805 55.5
41.7166904128289247 -3.92919753967325525 1.40888667106628418 -1.70520007610321045 53
39.1963184312231192 -14.2760843941461602 4.1890110969543457 -2.11120009422302246 45.5
39.2406766642290421 -14.2760843941461602 3.75081062316894531 -2.19239997863769531 45.5
41.893677331006252 1.43546683449396251 0.751699507236480713 3.73520016670227051 59.5
41.8917106813804381 1.56644008581640426 0.580220043659210205 3.65400028228759766 63
41.8836189140674264 1.50881185523452999 1.09175503253936768 3.5728001594543457 58.5
41.7969597750086024 -4.03069565857031353 0.876147925853729248 -1.54280006885528564 50.5
41.7694179402169325 -4.03069565857031353 1.75191140174865723 -1.62400007247924805 57
41.7854834907321262 -4.03069565857031353 1.31410109996795654 -1.70520007610321045 55
39.1943522206014379 -14.4905608246258293 4.22214508056640625 -2.11120009422302246 50.5
39.1842598279470948 -14.6427615721499667 3.76607251167297363 -2.19239997863769531 51
41.9751940533306822 1.4380346490211795 -0.123128645122051239 3.81640005111694336 51.5
41.9686182426763068 1.4380346490211795 0.753044188022613525 3.73520016670227051 68.5
41.9641498611481722 1.4380346490211795 0.970618247985839844 3.65400028228759766 72
41.9524464049239185 1.56924218999026532 1.23682200908660889 3.5728001594543457 65.5
41.856632697724713 -4.11150083442605219 1.19315576553344727 -1.62400007247924805 51.5
41.8001991816285994 -4.17459291884179695 2.37103176116943359 -1.70520007610321045 48
39.1378754601529906 -14.7109710162712197 4.70316982269287109 -2.11120009422302246 46
39.1369603522450618 -14.9002472695184558 4.07268476486206055 -2.19239997863769531 48
30.9703402422076124 28.2652538182537789 3.4955902099609375 -3.81640005111694336 45.5
42.0435629661933348 1.44060259415951197 0.754388868808746338 3.81640005111694336 55.5
42.0390866053313061 1.44060259415951197 0.972351491451263428 3.73520016670227051 68.5
42.0332218342527426 1.57204443669231408 1.02110075950622559 3.65400028228759766 70.5
42.0197410182967275 1.51421002597788101 1.53433108329772949 3.5728001594543457 64
30.7990699448069272 28.6053255435277087 3.12653970718383789 -3.89760017395019531 47
42.1135189228272608 1.51690917999189456 0.879277050495147705 3.81640005111694336 56
42.1241014454102682 1.44317053929784422 0.316102325916290283 3.73520016670227051 64
42.119187984258005 1.17981825110480676 -1.09761273860931396 3.65400028228759766 57.5
42.0887010787323987 1.82766488005967842 1.35038864612579346 3.5728001594543457 53.5
42.1833220221159308 1.51960833400590811 1.09956717491149902 3.81640005111694336 51
42.1921622756285402 1.64096594401332441 0.282119959592819214 3.73520016670227051 63
42.1921622756285402 1.64096594401332441 0.282119959592819214 3.65400028228759766 64
42.1869178805425236 1.64096594401332441 0.72253793478012085 3.5728001594543457 54.5
42.2568530049251621 1.27916115312785084 1.41860580444335938 3.81640005111694336 46.5
42.2627552431675539 1.58045117679846037 0.807438373565673828 3.73520016670227051 53.5
42.2461146343953899 2.02974331735989555 0.660384416580200195 3.65400028228759766 52
42.315401889549797 1.26024843100806838 -1.85991466045379639 3.73520016670227051 51
42.3392882194853826 1.26024843100806838 -1.19877350330352783 3.65400028228759766 49
42.4202947589371462 1.58605552767436997 -0.0752454176545143127 3.73520016670227051 54
42.4182827719315156 1.45344218924005819 0.761112511157989502 3.65400028228759766 58
42.4171980232693429 1.58605552767436997 -0.518030762672424316 3.5728001594543457 52
42.4928286966338646 1.6526246415754724 0.0637810006737709045 3.73520016670227051 54
42.4919281917093841 1.6526246415754724 0.284124374389648438 3.65400028228759766 60.5
42.4919281917093841 1.6526246415754724 0.284124374389648438 3.5728001594543457 56.5
42.5549815368767455 1.65553935302810507 -1.0454561710357666 3.73520016670227051 51
42.5712569499610254 1.45857807951672269 -0.566329121589660645 3.65400028228759766 56
42.5736224365543308 1.45857807951672269 -0.345613002777099609 3.5728001594543457 53
42.6712012244416456 1.85368139487681893 1.81522715091705322 3.73520016670227051 49
42.7176569453057269 1.66136862768498772 0.0641184598207473755 3.65400028228759766 49.5
42.7783275416329829 1.88369046744836766 0.66858065128326416 3.65400028228759766 58
42.7873917196190519 1.74990563311254599 0.397070050239562988 3.5728001594543457 48.5
42.8532465643005338 1.8869894334654953 0.669751584529876709 3.81640005111694336 46.5
42.8491365614188311 1.8869894334654953 0.894922554492950439 3.73520016670227051 55.5
42.8569346082914748 1.86018560628558771 0.482583075761795044 3.65400028228759766 54.5
29.9357982978277946 31.9253461172533406 1.74941647052764893 -4.30360031127929688 46
30.2339230159958134 31.7552239440266071 1.59100174903869629 -4.30360031127929688 48.5
30.1053799620402458 31.7826369481219402 2.92328810691833496 -4.38479995727539062 48.5
42.0060752143078915 -13.1874927864621405 3.60702776908874512 -1.94880008697509766 46
41.8964922261116968 -13.6622204464185 3.07548427581787109 -2.03000020980834961 47.5
42.2274935330244929 -13.1656458198544239 1.25181794166564941 -2.03000020980834961 45.5
44.2699053981610504 1.65611098258464962 -1.46235549449920654 3.65400028228759766 45.5
44.3614644633365529 1.52020810978112175 -1.05331587791442871 3.65400028228759766 45.5
31.6040667801729782 31.2273947506424037 4.17413997650146484 -4.14120006561279297 45.5
34.4539227666526884 28.9400541787676815 2.67507791519165039 -3.65400028228759766 45
45.0560821814217149 1.95774778496331492 2.15391397476196289 3.73520016670227051 45
45.1863680882832526 1.80841488476560164 0.47173917293548584 3.73520016670227051 49.5
45.1770316735408173 1.92709211157834415 0.789284050464630127 3.65400028228759766 48.5
45.2613047805898887 1.81141394478117213 0.472521513700485229 3.73520016670227051 47
45.2672758855830892 1.69253990465490789 -0.315013617277145386 3.65400028228759766 46.5
29.9128052451970099 34.2801086073326076 3.07544398307800293 -4.54720020294189453 48
28.0667676038284526 35.7388366331765468 3.78844714164733887 -4.87200021743774414 49
27.8330178894399971 35.9211776364070374 3.78844714164733887 -4.95320034027099609 45.5
28.2001214558686613 35.7976182094817332 3.08050227165222168 -4.87200021743774414 49
27.8787963427697498 35.9802591187137821 3.7946782112121582 -4.95320034027099609 45
36.1144087918005852 28.4787373468482379 3.49665141105651855 -3.49160003662109375 47
35.9293782392371313 28.8194744346979519 3.59969019889831543 -3.49160003662109375 46
35.8780178714270619 28.8194744346979519 4.07993507385253906 -3.5728001594543457 45
29.655853335255145 35.3662060070031359 2.04983282089233398 -4.70960044860839844 46
29.7929270435380289 35.3426642067288626 2.15716385841369629 -4.70960044860839844 46
34.0427690148830564 31.3861761690362115 2.07858419418334961 -3.89760017395019531 45
32.0440953104995927 35.5189051465226626 2.89639878273010254 -4.38479995727539062 46.5
36.7654191840056797 30.3801689146705911 5.4174952507019043 -3.5728001594543457 46
32.3698163401531289 35.3165714846160768 2.98912477493286133 -4.38479995727539062 48.5
32.1075340994001763 35.6464647304812132 1.56070268154144287 -4.46600008010864258 47.5
36.9957191607661144 30.211370892661531 5.45852518081665039 -3.49160003662109375 48.5
36.9282182025595205 30.3735715317750419 4.99586725234985352 -3.5728001594543457 51.5
36.7850535728052677 30.4276384114795455 5.67664718627929688 -3.65400028228759766 47.5
39.575950006969407 30.7201478007057212 0.163951441645622253 -3.4104001522064209 45
39.2973065738016203 31.0206505711222427 1.85769450664520264 -3.49160003662109375 46.5
39.5615005657877958 30.841374668986699 1.10824143886566162 -3.4104001522064209 45
39.5714216577356837 30.7661365116319878 2.25353550910949707 -3.49160003662109375 45.5
48.1632467661805421 14.7813171829232317 -1.40519213676452637 -2.03000020980834961 47.5
48.3675185381849744 14.4185660263209172 -0.64349442720413208 -1.94880008697509766 52
48.3370853996987364 14.5320980422761998 -0.264975547790527344 -2.03000020980834961 51
48.4347467609874727 14.3515566733551374 -1.84682846069335938 -1.94880008697509766 50.5
48.4390104754695301 14.43999056130715 0.672018945217132568 -2.03000020980834961 48
43.348596808697657 26.3373560939793556 -2.31160426139831543 -2.84200000762939453 47
43.3921029001286769 26.3373560939793556 -1.25300300121307373 -2.92320013046264648 47.5
51.6019843732527761 -4.14465884088458747 -2.42646574974060059 -1.54280006885528564 46.5
51.6722072622334494 -3.97628207547365209 0.0529989711940288544 -1.70520007610321045 48.5
51.6989387802214182 -4.35818980896151587 1.35504841804504395 -1.62400007247924805 53.5
51.6903828077489749 -4.42952922547725514 1.44700872898101807 -1.70520007610321045 50
51.7679445949333825 -4.63077355111737266 -0.191349908709526062 -1.62400007247924805 47.5
45.8643829172833435 25.8230506061900442 -1.28491747379302979 -2.76080012321472168 46.5
46.6210350833564817 26.9499363408470991 -0.0513962246477603912 -2.84200000762939453 46.5
46.6330948699240295 27.2158569226336731 -5.75688982009887695 -2.76080012321472168 46
46.6936186313036785 27.4194160619203906 -4.04624462127685547 -2.84200000762939453 46.5
47.2055001004869297 29.7676554363003341 -4.93236064910888672 -2.92320013046264648 45.5
47.167594506384269 30.0826941227146136 -3.00840473175048828 -3.00440025329589844 47
47.540772840949117 29.9105318906228561 -0.930610716342926025 -2.92320013046264648 46.5
47.3070739645032532 30.2474728741360899 -1.66190528869628906 -3.00440025329589844 48.5
47.7434016098605483 29.6903941413702661 -1.76378893852233887 -2.92320013046264648 50
47.5891454479458318 29.9504662491426892 -1.51845800876617432 -3.00440025329589844 49.5
56.6167150382911686 -4.23546388401887342 -0.0967660695314407349 -1.62400007247924805 52.5
56.5739326444505721 -4.54053079693815498 -1.47458696365356445 -1.70520007610321045 48.5
56.6856882312644785 -4.31920247112083189 0.00387398642487823963 -1.62400007247924805 51.5
56.7232816933267543 -3.76509425936519904 0.465101152658462524 -1.70520007610321045 46.5
56.8099887541044026 -2.12408147839659334 -0.189915359020233154 -3.65400028228759766 53.5
56.8147676750499357 -1.94648269257748008 0.465101152658462524 -3.73520016670227051 56
56.7988259548449292 -2.36561582711058715 -0.468975663185119629 -3.81640005111694336 46
50.2590487579099801 26.4046568146025393 -4.15669441223144531 -2.59840011596679688 47
56.8755624770175459 -2.36873672393929047 0.124194592237472534 -3.5728001594543457 50.5
56.8706624389079138 -2.12688372509864188 1.28837037086486816 -3.65400028228759766 64
56.8647481749274561 -2.21224360704240031 1.40089142322540283 -3.73520016670227051 65
56.8687105353057447 -2.04863716665019702 1.48624527454376221 -3.81640005111694336 54
50.2282675168835695 26.7029856464240467 -3.61551380157470703 -2.59840011596679688 47
50.1454161135407546 26.9594026865070724 -2.76192259788513184 -2.67960023880004883 49.5
56.918338585811 -2.12968597180069086 2.18344879150390625 -3.5728001594543457 50.5
56.8548224855116615 -2.32912144742082239 3.33236169815063477 -3.65400028228759766 60
56.8375892045847735 -2.47157535857805888 3.51855206489562988 -3.73520016670227051 60
56.9314295001129409 -2.42883918523088793 1.38330936431884766 -3.81640005111694336 50
50.1544789969554898 26.9948741390089566 -3.65521907806396484 -2.67960023880004883 49.5
57.0412810409809268 -1.95418639738136179 0.171209841966629028 -3.5728001594543457 50.5
56.943492977896895 -1.64037544305734739 -3.50764870643615723 -3.65400028228759766 59
56.9771626816603529 -2.13248807597455148 -2.5712127685546875 -3.73520016670227051 58.5
57.0061862674613167 -2.73871378319139724 -0.591452360153198242 -3.81640005111694336 49
57.012075500617911 -3.96349875948332198 -0.190917551517486572 -3.5728001594543457 45.5
57.0810966030754443 -2.74231265521008183 -0.592229604721069336 -3.73520016670227051 63
57.0719445210907281 -2.97083870981092213 0.300011873245239258 -3.81640005111694336 53.5
50.7157247375901505 26.2363265453186081 -3.77773189544677734 -2.59840011596679688 46.5
57.0107251081531388 -4.31193919510142276 -2.42595648765563965 -3.65400028228759766 52
57.1395461647881149 -3.01049154417528841 -0.842676699161529541 -3.73520016670227051 58.5
50.8593779282354106 26.313673742797878 -2.05049371719360352 -2.59840011596679688 48
50.6386158459760978 26.807726392662655 -0.605504810810089111 -2.67960023880004883 48
57.2511346393412381 -1.83300693283163429 1.49603605270385742 -3.65400028228759766 55.5
57.2596727866933861 -2.14089481608069798 -0.191418647766113281 -3.73520016670227051 55
50.6305742687439846 26.8786631718144413 -2.44404196739196777 -2.67960023880004883 47
57.9135768050991331 -2.47038505086247984 -1.00784754753112793 -3.65400028228759766 48
57.929937100920597 -2.25304912263410939 -0.383396267890930176 -3.73520016670227051 47.5
58.0059070134322354 -1.9875694229574512 1.08038413524627686 -3.65400028228759766 49
58.0171323448392471 -1.85699916889455285 0.605515956878662109 -3.73520016670227051 48.5
51.2219472836978156 27.7299272646538491 -1.8272852897644043 -2.67960023880004883 46
49.7083386023774025 32.9437397589997829 -2.80737519264221191 -3.08560013771057129 46
49.7319851653598022 33.4551309495738991 -5.05038547515869141 -3.08560013771057129 47
49.8861265797288809 33.7570778489578984 2.81505584716796875 -3.16680002212524414 45.5
50.0267060812550284 33.7990646891758857 0.304598569869995117 -3.08560013771057129 52.5
49.8480786204478079 34.0404865798128569 1.24711489677429199 -3.16680002212524414 51
50.1887366361298035 33.5993276124697928 -2.52561736106872559 -3.00440025329589844 45
50.0537444590588834 33.8410493938544761 -1.8996049165725708 -3.08560013771057129 51
49.8632140451779549 34.1658630375901282 -0.745933711528778076 -3.16680002212524414 47.5
49.787295109413904 34.0948052105354122 -4.69525289535522461 -3.08560013771057129 46
61.4995377471949141 -4.73586139115143467 2.31398224830627441 -1.62400007247924805 46
61.5001705603622 -4.94240087302286391 3.54147100448608398 -1.62400007247924805 49.5
61.5968871432207905 -4.72617083482811395 1.65143120288848877 -1.70520007610321045 47
59.0036269524062646 20.7598830721976633 0.31983676552772522 -2.11120009422302246 50
58.9944320503614676 20.7208019670165697 1.67573642730712891 -2.19239997863769531 48.5
59.3720191522398295 25.2032816660631944 0.0879516154527664185 -2.27360010147094727 49
59.5391021338181048 24.9340268156004115 1.82240426540374756 -2.19239997863769531 53.5
59.5045241862988163 25.0469965163830643 1.33827304840087891 -2.27360010147094727 57.5
59.5111046031079809 25.0469965163830643 1.00373744964599609 -2.35480022430419922 53
59.5423860858262088 25.0760859189103726 2.34875321388244629 -2.19239997863769531 56
59.4837827244660176 25.2618945452425017 1.77164900302886963 -2.27360010147094727 56.5
59.6774057425897482 24.9919461621511161 1.82663750648498535 -2.19239997863769531 58.5
59.6774057425897482 24.9919461621511161 1.82663750648498535 -2.27360010147094727 61.5
59.7972815170680292 24.7007778573493546 1.86633467674255371 -2.35480022430419922 55.5
59.8760998711922738 24.7293986805833725 1.53285646438598633 -2.19239997863769531 57.5
59.8760998711922738 24.7293986805833725 1.53285646438598633 -2.27360010147094727 63
59.8760998711922738 24.7293986805833725 1.53285646438598633 -2.35480022430419922 58.5
59.9453980895796548 24.7580195038173905 1.53463053703308105 -2.19239997863769531 50.5
59.9453980895796548 24.7580195038173905 1.53463053703308105 -2.27360010147094727 54.5
59.9654706887160103 24.6445249808791296 2.35692763328552246 -2.35480022430419922 52
66.4827430253395306 -4.97401250203130996 0.927293002605438232 -1.62400007247924805 50.5
66.5094321807557805 -4.62408197425021239 0.818204224109649658 -1.70520007610321045 49
66.5946979801542369 -4.53753164539946763 -0.345861941576004028 -1.62400007247924805 48.5
66.4914870986554547 -5.33827252399937358 2.43869233131408691 -1.70520007610321045 47.5
71.4994271441257183 -4.97257868085492127 1.9990469217300415 -1.62400007247924805 49.5
71.4771215227481775 -5.44743754587349827 1.49570977687835693 -1.70520007610321045 47
71.5801122164951948 -4.59211408006726529 2.61738824844360352 -1.54280006885528564 46.5
71.5618847614793907 -5.35447676914093318 1.37006819248199463 -1.62400007247924805 53
71.5457094366215784 -4.75355559069463052 3.20411038398742676 -1.70520007610321045 50.5
71.6500892541353096 -4.7585230364873583 2.45857381820678711 -1.62400007247924805 49.5
71.5997682181908743 -5.4139422471733516 2.56627511978149414 -1.70520007610321045 47.5
76.5217641657898184 -5.52241337509323582 0.805545151233673096 -1.54280006885528564 45.5
76.5507147149256753 -5.15808749270861355 0.329547196626663208 -1.62400007247924805 50.5
76.4750074348026061 -6.13601486121470696 0.805545151233673096 -1.70520007610321045 45
76.3401254388361252 -4.9136101409350319 6.80309534072875977 -1.54280006885528564 46
76.5325254077208967 -5.78692756832778166 2.74307489395141602 -1.62400007247924805 46.5
78.5135544797848723 -0 3.68543767929077148 3.32920026779174805 51.5
78.5871709840667165 0.176792803217098532 1.40926849842071533 3.24800014495849609 50.5
78.5636540543631554 0.255611043657207493 4.17645263671875 3.4104001522064209 49.5
78.6506955879020495 0.422741341433074014 1.90933096408843994 3.32920026779174805 55
78.6616266501808497 0.540715669274862032 1.34625625610351562 3.24800014495849609 51
78.7345148443013301 0.423144319625301468 1.50320959091186523 3.4104001522064209 51
78.7425352904060532 0.541231106497478631 0.939545392990112305 3.32920026779174805 54
78.7329758556266484 -0 -1.63740622997283936 3.24800014495849609 46
78.8219214908324375 -0.423547338812258589 0.553521811962127686 3.32920026779174805 48
78.8245597684621657 -0.137899133566781851 -0.225711211562156677 3.24800014495849609 51
78.460976416448645 1.6267861001334929 8.15099525451660156 3.4104001522064209 46
78.7622384015820813 -0.542262033377830965 -4.6287994384765625 3.32920026779174805 51
78.8723117969408918 -0.838041324311193492 1.91479134559631348 3.24800014495849609 55
78.8950769181043512 -0.315497910328919828 0.823000967502593994 3.16680002212524414 47
78.79794244073085 1.89478698950597879 4.93415927886962891 3.4104001522064209 49.5
78.7836017734424132 1.26319132633731912 5.34786796569824219 3.32920026779174805 51.5
78.9700768142693477 -0.31579783158432978 0.823783338069915771 3.24800014495849609 57
78.9709521142287656 -0.424353336191443165 -0.678407847881317139 3.16680002212524414 51
78.9843496427174898 1.68914720371180649 2.74264430999755859 3.4104001522064209 48.5
79.0073913746946488 1.58048861166016974 2.05851459503173828 3.32920026779174805 54
78.9873044345351332 1.26439088932813593 2.88268256187438965 3.24800014495849609 54
78.9903300908239459 0.177804968811769104 3.06579303741455078 3.16680002212524414 50.5
79.0917144023456444 1.54243836376372356 1.69913792610168457 3.4104001522064209 45.5
79.1239105462531569 -0 0.415370762348175049 3.32920026779174805 54
79.1152698449926248 -0 1.24068832397460938 3.24800014495849609 56.5
79.0717377184483183 -0.316397613079738127 2.88541746139526367 3.16680002212524414 48.5
79.196409580546387 -0.633395068670296157 -0.41037103533744812 3.24800014495849609 48
79.3458855657872135 0.426368309142039881 0.687042236328125 3.32920026779174805 54.5
79.3180309815317202 0.54535481401888819 2.18530058860778809 3.24800014495849609 54
79.3985818011033189 0.764218351738106705 1.90047061443328857 3.4104001522064209 49.5
79.4033901971118041 0.545870251241504678 1.77054488658905029 3.32920026779174805 58.5
79.380600241113612 0.545870251241504678 2.59871387481689453 3.24800014495849609 56.5
79.4751476145841309 0.844414245808187469 1.79930508136749268 3.4104001522064209 47
79.4106079302385979 0.706665085262865977 6.13016128540039062 3.4104001522064209 45.5
79.628525928293314 0.17915452865819137 1.84070813655853271 3.32920026779174805 53
79.628525928293314 0.17915452865819137 1.84070813655853271 3.24800014495849609 50.5
79.6892789072871892 0.428383282092636541 2.34775328636169434 3.4104001522064209 48.5
79.703510282852875 0.179323234364359457 1.84244155883789062 3.32920026779174805 55.5
79.6892789072871892 0.428383282092636541 2.34775328636169434 3.24800014495849609 53.5
79.7980279762095392 0.548447542224826057 0.119687795639038086 3.32920026779174805 49.5
79.7876375874367341 0.638193503679797547 1.25127243995666504 3.24800014495849609 47
75.3951468521494377 37.550251371158069 7.91907167434692383 -2.51719999313354492 46.5
75.2376689366250417 38.3431198545017793 5.12440824508666992 -2.59840011596679688 47
90.156446394712745 23.1984870518704476 3.25088810920715332 -1.86760008335113525 45.5
89.9291826463403936 25.9539029564278891 0.31268686056137085 -1.94880008697509766 45.5
94.2026388347615011 -2.71168516856182684 4.52031469345092773 5.03439998626708984 45
94.0728307417307121 -1.94533936005522357 6.96005821228027344 4.95320034027099609 47
94.3792479155054451 -2.01768151433118526 2.13709926605224609 5.03439998626708984 61.5
94.3657946556726017 -2.2654669634595761 2.45888996124267578 4.95320034027099609 64
94.3518158280513575 -2.01768151433118526 3.12167620658874512 4.87200021743774414 60
94.0953908612573997 -2.37166072737174405 7.51760196685791016 4.79080009460449219 47.5
94.402039799656464 -2.37354441613076084 3.58773255348205566 5.1156001091003418 54.5
94.441680265212014 -2.01928405551422907 2.63472700119018555 5.03439998626708984 73.5
94.4265178053711196 -2.26726630794580108 2.95672750473022461 4.95320034027099609 78
94.402039799656464 -2.37354441613076084 3.58773255348205566 4.87200021743774414 71.5
94.3410106467411396 -2.01928405551422907 5.09372377395629883 4.79080009460449219 50
94.4343526743614632 -2.37542829651630472 4.57617282867431641 5.1156001091003418 54.5
94.4570843892677914 -2.37542829651630472 4.08021068572998047 5.03439998626708984 75
94.4570843892677914 -2.37542829651630472 4.08021068572998047 4.95320034027099609 79.5
94.4769666263571821 -2.37542829651630472 3.59058022499084473 4.87200021743774414 73
94.5509520730861652 -1.89088819623188398 0.986505985260009766 4.79080009460449219 45.5
94.5186211220857189 -2.27086517996448611 4.43799781799316406 5.1156001091003418 52.5
94.3008276637074232 -2.51924105902310203 7.72203779220581055 5.03439998626708984 65.5
94.3139185837456182 -2.72030724683245717 7.49047994613647461 4.95320034027099609 68
94.5518858315721218 -2.3773119852753215 3.59342741966247559 4.87200021743774414 63
94.6227560377698182 -2.27086517996448611 0.00644982978701591492 4.79080009460449219 48
94.5424050172557031 -2.27266470749694571 -5.4217982292175293 5.03439998626708984 53.5
93.612581012276209 -2.27266470749694571 -14.2949790954589844 4.95320034027099609 59
93.9555981768920105 -2.27266470749694571 -11.8324613571166992 4.87200021743774414 57
94.6374966955623762 -3.5420039142862918 -4.27071332931518555 5.03439998626708984 47.5
94.6240834738779171 -5.6861601299579263 0.995316743850708008 4.95320034027099609 52
94.5682386266693413 -6.57462265026385317 -0.81434708833694458 4.87200021743774414 47
90.4430165337220018 -2.52323355766883006 -28.2972564697265625 4.70960044860839844 47.5
90.4583789938778722 -2.72461839560483998 28.2293949127197266 4.62840032577514648 49.5
90.3939723963570856 -3.0350178619591941 28.6528148651123047 4.70960044860839844 49.5
89.6770254814059058 -2.869040322633301 -30.8393440246582031 4.62840032577514648 52.5
90.0738419084262034 -3.0350178619591941 29.6438407897949219 4.54720020294189453 46
92.1292005047164508 23.2379711428706948 1.39931023120880127 -1.86760008335113525 46
94.9442937361161512 -3.03981635798410732 -2.46803379058837891 4.95320034027099609 46.5
92.3102861183803185 22.8166179602054022 -1.49117481708526611 -1.86760008335113525 48.5
92.1310550984807293 23.2563132021468597 3.87613153457641602 -1.94880008697509766 47
80.6395509408412039 44.6231252294642076 -23.4531688690185547 -2.27360010147094727 45.5
81.1045795458187655 44.7181944709650665 -21.5949478149414062 -2.35480022430419922 45.5
92.0232838294372328 23.8455186808128374 4.62465095520019531 -1.86760008335113525 47.5
91.9134328723088174 24.1428443501496552 5.22729873657226562 -1.94880008697509766 55
91.7741660901496488 24.5709933139946735 5.66132116317749023 -2.03000020980834961 49.5
91.9260537355190621 24.5903550103933242 4.18069648742675781 -1.86760008335113525 55
91.875552200504103 24.5903550103933242 5.17305088043212891 -1.94880008697509766 61
91.8464832129606634 24.5903550103933242 5.66578245162963867 -2.03000020980834961 55
91.8227059212011767 25.4078073266499231 3.14493370056152344 -1.78640007972717285 48
91.9405389718551334 24.7764834690257096 4.46315526962280273 -1.86760008335113525 61.5
91.8331596112671775 25.0504541996928189 5.09924936294555664 -1.94880008697509766 64.5
91.856353830442842 24.7764834690257096 5.94919013977050781 -2.03000020980834961 58
92.1266559167337249 24.6290803728443812 2.69233226776123047 -1.78640007972717285 56
92.0075002285293237 24.9271089349552746 3.79738426208496094 -1.86760008335113525 63.5
91.7911072436879181 25.1774529271284244 6.45362377166748047 -1.94880008697509766 62
91.7137876119218731 24.9271089349552746 8.26930046081542969 -2.03000020980834961 55
92.2902610204193792 24.4336947684707688 0.989383995532989502 -1.78640007972717285 58
92.2902610204193792 24.4336947684707688 0.989383995532989502 -1.86760008335113525 64.5
92.3518844972913229 24.2189454980447572 -0.221306011080741882 -1.94880008697509766 59
92.3626149047903482 24.4528877763238341 -1.00318813323974609 -1.78640007972717285 54.5
92.4088123642977877 24.2379698173522407 -1.7131725549697876 -1.86760008335113525 62.5
92.3981559338418776 24.2379698173522407 -2.21466708183288574 -1.94880008697509766 61
92.4430338095711193 23.9394726521139134 -3.3151094913482666 -2.03000020980834961 50
91.9548576351836857 24.472080784176903 -9.46371650695800781 -1.86760008335113525 51
91.7568432894741619 24.6871674316940855 -10.7408437728881836 -1.94880008697509766 51
95.752579967153892 -2.04652839680484933 -0.326480388641357422 4.95320034027099609 50
95.4894501437612035 -1.97626685185507944 8.06741237640380859 4.95320034027099609 46.5
95.9714486735220191 -3.92579541661590037 2.1155092716217041 4.95320034027099609 46
97.2818701177138649 -3.6372794469868226 0.179200440645217896 4.95320034027099609 46
