
X Y Z V_r Mag
7.43461753241455625 -2.2632176734530689 -0.666569888591766357 4.38479995727539062 47
7.54071250513333347 -2.34349797358596268 -0.920964300632476807 4.30360031127929688 45.5
6.13043224285639532 -8.79835627180467128 0.179866030812263489 -1.78640007972717285 46
6.57974524494297164 -8.56297915355866834 -0.149465993046760559 -1.13680005073547363 46.5
6.55589947136766149 -8.57917391318714806 -0.240753635764122009 -1.21800005435943604 49
6.30355161037705436 -8.7667632122170378 -0.221613481640815735 -1.54280006885528564 46
6.24305170165344414 -8.8099492378929849 -0.221613481640815735 -1.78640007972717285 47
6.02684853766879769 -8.95840120115405014 -0.253267049789428711 -2.03000020980834961 48
6.61940508074150014 -8.62244413429164958 -0.320248216390609741 -1.13680005073547363 47
6.60325483476339681 -8.63875135724066467 -0.186088457703590393 -1.21800005435943604 49.5
6.52661918203148872 -8.69718557280796745 -0.166813522577285767 -1.29920005798339844 45
6.4715147472041501 -8.83242367507587467 0.10152754932641983 -1.38040006160736084 47
6.3977319162468369 -8.86252643585847188 0.653577983379364014 -1.46160006523132324 45.5
6.70531704307470378 -8.74137485189586627 0.421573728322982788 -1.13680005073547363 45.5
6.6771262896963206 -8.77306147468445729 0.00375836598686873913 -1.21800005435943604 46
6.64865889142883049 -8.79234898420794586 -0.201430678367614746 -1.29920005798339844 47.5
6.58560250338804298 -8.84194543726834858 -0.021797841414809227 -1.38040006160736084 48.5
6.53426403132803291 -8.87638741856029512 0.25253257155418396 -1.46160006523132324 45.5
6.75962187308798423 -8.8008398326288475 0.25046837329864502 -1.13680005073547363 46.5
6.73987413193705898 -8.81748444696951594 -0.189938575029373169 -1.21800005435943604 46
6.56096017596194869 -8.95341546408498168 -0.0128648579120635986 -1.46160006523132324 48
6.82243401976679209 -8.84773700511592587 -0.229308396577835083 -1.13680005073547363 46
6.80985931168371472 -8.86030481336182874 -0.0380936376750469208 -1.21800005435943604 47.5
7.05180799770895117 -8.75669756460466076 0.393385946750640869 -0.812000036239624023 45.5
6.6175514750242419 -9.18584993404264871 0.289508134126663208 -1.46160006523132324 46
6.61088447562741344 -9.17735893117648693 0.572656333446502686 -1.54280006885528564 48
6.99497227754872952 -8.9959643390668802 0.320948213338851929 -1.05560004711151123 47
6.64686039480159518 -9.53667953582981553 -0.107785716652870178 -1.70520007610321045 46
6.70109665886965367 -9.59089699155965292 0.00398846995085477829 -1.62400007247924805 46.5
6.76653570785208647 -9.5441121281861907 -0.118052832782268524 -1.70520007610321045 46.5
11.3533742121210377 2.71352207566077919 -0.792277812957763672 0.324800014495849609 49.5
11.3550453603416095 2.74422464224961349 -0.649766802787780762 0.243600010871887207 54
11.3743871735286604 2.70036383283699344 -0.470498114824295044 0.162400007247924805 48
6.8860976985117146 -9.55085041437678406 0.116401344537734985 -1.54280006885528564 45.5
6.74300693978665233 -9.65237694011888969 -0.11880958080291748 -1.78640007972717285 47.5
6.32331912866921098 -9.91870014532643829 0.534469902515411377 -2.19239997863769531 45.5
11.4677726746678754 2.66323205207548597 -0.21914730966091156 0.324800014495849609 63
11.4744980818830005 2.63674687144711095 -0.184632837772369385 0.243600010871887207 67.5
11.4677726746678754 2.66323205207548597 -0.21914730966091156 0.162400007247924805 60.5
11.5227487146456653 2.71721454126895745 -0.515275657176971436 0.406000018119812012 51
11.5299942796456403 2.70092606173001526 -0.432128548622131348 0.324800014495849609 74.5
11.5299942796456403 2.70092606173001526 -0.432128548622131348 0.243600010871887207 79
11.5321308221882521 2.70092606173001526 -0.370763897895812988 0.162400007247924805 72
11.5374271019771353 2.70092606173001526 -0.12360624223947525 0.0812000036239624023 48
7.97021478102972658 -8.86933000842024022 0.127639889717102051 -0.243600010871887207 48
7.97096449492488723 -8.86933000842024022 0.065853409469127655 -0.324800014495849609 45
7.83443310140761628 -8.96469914829572723 -0.679308295249938965 -0.487200021743774414 45.5
11.5871346646482039 2.71802048645136418 -0.745855093002319336 0.406000018119812012 49
11.5871346646482039 2.71802048645136418 -0.745855093002319336 0.324800014495849609 73
11.5760812777333353 2.75229377109411688 -0.7904776930809021 0.243600010871887207 77.5
11.5944609910798313 2.71802048645136418 -0.621670007705688477 0.162400007247924805 70.5
11.5801776309013693 2.75229377109411688 -0.728003084659576416 0.0812000036239624023 48
7.90140339656951074 -9.02108075965736944 -0.43351137638092041 -0.324800014495849609 45.5
11.4798764119371732 2.6046571275805932 -2.3298487663269043 0.324800014495849609 56
11.5448256921868371 2.63914596692103842 -1.93698453903198242 0.243600010871887207 62.5
11.5839817933804134 2.63914596692103842 -1.68708837032318115 0.162400007247924805 57
11.7562827121929914 2.66469411790556299 -0.703468263149261475 0.324800014495849609 60.5
11.7562827121929914 2.66469411790556299 -0.703468263149261475 0.243600010871887207 65.5
11.7598537993078995 2.66469411790556299 -0.640999555587768555 0.162400007247924805 58.5
7.36422273839431885 -9.6515709364236546 0.487766772508621216 -1.05560004711151123 47.5
7.3715195291038853 -9.6515709364236546 0.361107409000396729 -1.13680005073547363 47.5
7.28441965634763111 -9.77683650071635846 0.895170629024505615 -1.13680005073547363 45
11.6037163184222916 3.82671491160851218 -0.400823682546615601 0.324800014495849609 51.5
11.6013569950074817 3.82671491160851218 -0.46412697434425354 0.243600010871887207 55.5
11.7006955053750019 3.73799043656734797 -0.641219377517700195 0.324800014495849609 53.5
11.7006955053750019 3.73799043656734797 -0.641219377517700195 0.243600010871887207 57.5
12.2375711822839062 -2.29005907254102059 0.000848392839543521404 4.70960044860839844 45.5
11.935358869398522 3.46464779520981869 0.738873481750488281 0.324800014495849609 48
11.921770364712966 3.46464779520981869 0.932808399200439453 0.243600010871887207 51
12.3198835787765102 -2.25377077812391668 -0.12893909215927124 4.70960044860839844 47.5
12.4006959917705046 -2.21688267933062511 -0.261126041412353516 4.79080009460449219 49
12.1707719211015633 3.51459084905638308 -0.419033139944076538 0.324800014495849609 46.5
12.1570689551407867 3.56210672353663993 -0.415577918291091919 0.243600010871887207 52
12.1480435512098506 3.58111307332874373 -0.506251931190490723 0.162400007247924805 45.5
12.5620816818921721 -2.12696811787391926 -0.482321262359619141 4.79080009460449219 46
12.1939708077237743 3.58318449220857227 -1.01508486270904541 0.243600010871887207 52
12.2287194675797259 3.66355843294381067 -1.23183298110961914 0.243600010871887207 49
12.2841512389595131 3.79620920731236877 -1.04806661605834961 0.243600010871887207 46
9.49642436176594806 -8.84122359682557502 -0.0362684912979602814 0.812000036239624023 47
10.1371950018221622 -8.91555303866666016 0.0147263454273343086 1.13680005073547363 47
10.0821391956831388 -8.97628339049106927 0.163824722170829773 1.05560004711151123 47.5
10.1822044873098729 -8.96508375941903424 -0.480235755443572998 1.13680005073547363 45.5
12.8527303208137216 4.24548258110626886 -1.76230549812316895 0.243600010871887207 45
11.0347039753230174 8.40206290280098322 -0.395355969667434692 1.46160006523132324 50.5
11.0318948874366836 8.40206290280098322 -0.46721351146697998 1.38040006160736084 54
11.0285716272609715 8.40206290280098322 -0.540003955364227295 1.29920005798339844 54
10.9673030584920816 8.46448020872356466 -0.765833497047424316 1.21800005435943604 53
10.9620552514860901 8.46448020872356466 -0.837605714797973633 1.13680005073547363 52.5
10.9803167666577703 8.46448020872356466 -0.54851067066192627 1.05560004711151123 50
11.16862352868446 8.34463136660024674 -0.481145292520523071 1.54280006885528564 46.5
11.096731230620076 8.44747934041044424 -0.324285387992858887 1.46160006523132324 54.5
11.088185372245432 8.44747934041044424 -0.542922854423522949 1.38040006160736084 56.5
11.0485032672168497 8.47885668835253625 -0.801308572292327881 1.29920005798339844 55.5
11.044431685570423 8.44747934041044424 -1.1238933801651001 1.21800005435943604 54
11.0485032672168497 8.47885668835253625 -0.801308572292327881 1.13680005073547363 54.5
11.0657482082616117 8.47885668835253625 -0.510609447956085205 1.05560004711151123 51
11.0743886443512558 8.59980181236972108 -0.31933632493019104 1.46160006523132324 51
11.095103421933505 8.55598786386569721 -0.628000795841217041 1.38040006160736084 53
10.9935275789392968 8.47887531449861598 -1.98787784576416016 1.29920005798339844 45.5
11.257021244073476 8.3649590483881564 -0.087011285126209259 1.13680005073547363 48.5
11.1596907901918652 8.49289577801990347 -0.180712401866912842 1.05560004711151123 50
10.9987441827585712 8.67340924585647954 -0.707274675369262695 0.974400043487548828 50.5
11.3418520951631141 8.34449992844008825 -0.736016511917114258 1.70520007610321045 48
11.2760134021916283 8.45726344098657634 -0.369095176458358765 1.54280006885528564 51.5
11.2489587669039377 8.49426396854089205 -0.344108939170837402 1.46160006523132324 54
11.1673040689928502 8.57002695353306265 -0.809924781322479248 1.38040006160736084 52
10.7982117304187479 -9.06689118069102484 -0.0105748493224382401 1.29920005798339844 45.5
11.137598802985293 8.64578993852523503 0.11919887363910675 1.21800005435943604 48.5
11.1137858174576269 8.66693309712770166 -0.421945542097091675 1.13680005073547363 52.5
11.0620121805401119 8.71979099363386645 -0.638080775737762451 1.05560004711151123 54.5
11.0114445085728452 8.79555397862603883 -0.443084031343460083 0.893200039863586426 55
10.9676591345513312 8.86074538431697789 -0.087476581335067749 0.812000036239624023 50
11.4742598939113165 8.27552213535530257 -0.887547135353088379 1.70520007610321045 48
11.4405061310763578 8.32334728468205398 -0.875972568988800049 1.62400007247924805 49
11.3725028508232615 8.44556711073931332 -0.518845021724700928 1.46160006523132324 54.5
11.2473745297573124 8.61561208612332585 -0.445440858602523804 1.38040006160736084 51.5
11.1809364117802712 8.71303368660375099 0.0183623414486646652 1.29920005798339844 52
11.2775067707289445 8.5837286532388255 0.260915517807006836 1.21800005435943604 50.5
10.9200851836092685 9.03718192092952677 -0.10823579877614975 0.812000036239624023 45
9.81731282619844592 -10.0733934896758566 1.75435316562652588 0.406000018119812012 47.5
9.82275676707595835 -10.0893352061181076 1.62769877910614014 0.324800014495849609 49
9.86544414759250721 -10.0733934896758566 1.45958447456359863 0.243600010871887207 45
11.6092118745709278 8.26232684711973775 -0.150583669543266296 1.70520007610321045 46.5
11.4711309929572103 8.43327154050842154 -0.596339702606201172 1.62400007247924805 51
11.484408906754858 8.43327154050842154 -0.225384131073951721 1.54280006885528564 53
11.4805625652644672 8.43327154050842154 -0.373021751642227173 1.46160006523132324 51.5
11.2345775441436615 8.75913486228060023 -0.352626591920852661 1.38040006160736084 49.5
11.2859937457115951 8.69324992837037769 -0.340971618890762329 1.29920005798339844 57
11.2393566891695329 8.75913486228060023 -0.130181163549423218 1.21800005435943604 53
11.2393566891695329 8.75913486228060023 -0.130181163549423218 1.13680005073547363 50.5
11.2530351514167588 8.66119779835999992 -1.18969917297363281 1.05560004711151123 51.5
11.3179108526820755 8.60421623389710533 -0.966890811920166016 0.974400043487548828 49
9.82092790757338463 -10.142718474395263 1.93317759037017822 0.406000018119812012 52
9.87943692728591749 -10.0857369099323684 1.93317759037017822 0.324800014495849609 52.5
14.0452522747759687 2.35583155576280445 0.493433475494384766 0.243600010871887207 47
11.6142697175091172 8.3469837185487421 -0.801397740840911865 1.86760008335113525 45.5
11.6558893985147538 8.30581266439334343 -0.599478363990783691 1.70520007610321045 53
11.5733986572718841 8.42037559769532074 -0.599478363990783691 1.62400007247924805 54
11.4288734962885261 8.60833041014387668 -0.695090353488922119 1.54280006885528564 56.5
11.4154180715414828 8.62981096013799664 -0.648262917995452881 1.46160006523132324 56
11.5801673118250221 8.42037559769532074 -0.450154542922973633 1.38040006160736084 47.5
11.308855993583613 8.7837549017625296 -0.40134352445602417 1.29920005798339844 50
11.308855993583613 8.7837549017625296 -0.40134352445602417 1.21800005435943604 49
11.242856188212965 8.86967710173901125 -0.364245623350143433 0.974400043487548828 48
11.0540727081744929 9.08806269334590588 -0.648262917995452881 0.730800032615661621 47
10.1794737033024223 -10.0242566639230013 1.04796814918518066 0.487200021743774414 52.5
10.0036389328066413 -10.1137589555651708 1.68663334846496582 0.406000018119812012 51
9.70732899838846919 -10.1585101013862555 2.78892111778259277 0.324800014495849609 47.5
9.88383373302623447 -10.3679454638289315 -0.145515784621238708 0.162400007247924805 47.5
11.6538054816856569 8.36909207720538539 -1.22765564918518066 1.94880008697509766 47
11.6370752537462199 8.36909207720538539 -1.37724637985229492 1.86760008335113525 52
11.6673232508109752 8.32410663279985208 -1.39385950565338135 1.78640007972717285 53.5
11.691997177732496 8.32410663279985208 -1.16895604133605957 1.70520007610321045 55
11.7526452881116299 8.25932759285588425 -1.00938916206359863 1.62400007247924805 51.5
11.4728549676581739 8.65340008584835374 -0.923190176486968994 1.54280006885528564 54.5
11.4968545648642309 8.65340008584835374 -0.54866403341293335 1.46160006523132324 58
11.4968545648642309 8.65340008584835374 -0.54866403341293335 1.38040006160736084 55.5
11.5394982196687774 8.61381289477148471 -0.0471233129501342773 1.29920005798339844 47.5
11.4610402776262479 8.70558320135877217 -0.466249257326126099 1.21800005435943604 50.5
11.3534988948339901 8.82974302791804355 -0.702652513980865479 1.13680005073547363 46
11.3050320591244802 8.90531857451933817 -0.501570940017700195 1.05560004711151123 45
11.0909141773089974 9.18062949428120234 -0.260149598121643066 0.893200039863586426 45.5
11.1878364118921354 9.06006850327437263 -0.327874720096588135 0.812000036239624023 50
11.1755696296999982 9.07446384548414464 -0.347503960132598877 0.730800032615661621 46
11.060626987307808 9.21301901425318448 -0.377929836511611938 0.324800014495849609 47.5
10.924827078615003 9.37676603188932667 -0.290577888488769531 0.243600010871887207 49.5
11.6382411357382427 8.43438646249133939 -1.71409332752227783 1.86760008335113525 51.5
11.718809191695021 8.36746124286616677 -1.4767310619354248 1.78640007972717285 55
11.7565910980785642 8.30234481296059457 -1.54249024391174316 1.70520007610321045 53.5
11.7584151998137951 8.27702175688620478 -1.6601860523223877 1.62400007247924805 48.5
11.3780105660855284 8.92637726622233707 -0.621531963348388672 1.54280006885528564 47.5
11.5349509347106611 8.72017523818802154 -0.655050992965698242 1.46160006523132324 56
11.5304520487567359 8.72017523818802154 -0.729967951774597168 1.38040006160736084 54
11.4338489322974688 8.85583446715796541 -0.60575556755065918 1.29920005798339844 49.5
11.5054823451665413 8.76539498117800342 -0.563355445861816406 1.21800005435943604 51
11.4992385607484433 8.750924663421209 -0.845258653163909912 1.13680005073547363 48
11.3887615518924683 8.89743663070875002 -0.810774803161621094 1.05560004711151123 48.5
10.9959343687363305 9.3767659064025537 -0.831465363502502441 0.893200039863586426 48
11.0942193661770148 9.29356157930098625 -0.271371334791183472 0.812000036239624023 48.5
11.0743031545287121 9.26100336434820015 -1.05795681476593018 0.649600028991699219 48.5
11.0785938547600384 9.29356157930098625 -0.64815056324005127 0.568400025367736816 51
10.9463118968192852 9.4346471774297278 -0.831465363502502441 0.487200021743774414 46
11.0739569365297772 9.29356157930098625 -0.723067581653594971 0.406000018119812012 47
11.1236706578001581 9.26100336434820015 -0.152961298823356628 0.324800014495849609 49.5
11.0974963415811647 9.29356157930098625 0.0305934268981218338 0.243600010871887207 50.5
11.1244497940501184 9.26100336434820015 -0.0779608115553855896 0.162400007247924805 47
11.8663807594956587 8.29990799149087266 -1.41528928279876709 2.67960023880004883 45.5
11.817505921341219 8.34536203306530311 -1.55048239231109619 2.59840011596679688 46.5
11.80808729979581 8.3780889429988914 -1.44194400310516357 2.27360010147094727 49
11.7556835838059737 8.3780889429988914 -1.82044923305511475 2.19239997863769531 45
11.8059309896092106 8.41081585293248146 -1.25724589824676514 2.03000020980834961 45.5
11.9223897673540868 8.33081673976148451 -0.395748019218444824 1.94880008697509766 47.5
11.8838753626546882 8.3780889429988914 -0.532571136951446533 1.86760008335113525 49.5
11.788857554099069 8.41081585293248146 -1.40837883949279785 1.78640007972717285 50
11.788857554099069 8.41081585293248146 -1.40837883949279785 1.70520007610321045 49
11.5657330034898358 8.668994809075242 -1.66878807544708252 1.62400007247924805 45.5
11.6930081926461629 8.61081363585997295 -0.911027252674102783 1.54280006885528564 48
11.6499391013442164 8.668994809075242 -0.911027252674102783 1.46160006523132324 52
11.5049216971781121 8.81808406543937195 -1.25724589824676514 1.38040006160736084 47.5
11.6140574615590868 8.70353988067181028 -1.03177773952484131 1.21800005435943604 45
10.5618610657523515 -10.0071617930264551 0.0793573260307312012 0.730800032615661621 46
11.3595914334527066 9.07626302158213427 -0.532571136951446533 0.649600028991699219 49.5
11.1002437599924288 9.35625991768062093 -0.97339165210723877 0.568400025367736816 45
11.1027348293575798 9.38716866595123278 -0.55933457612991333 0.487200021743774414 51
11.0802501364447217 9.42535006087375393 -0.305506050586700439 0.406000018119812012 54.5
11.0425272677102999 9.47444042577413725 0.00892854388803243637 0.324800014495849609 53
11.0505018779219863 9.46353145579627508 0.174584254622459412 0.243600010871887207 49.5
11.8871582404502441 8.34269145702549686 -1.72789514064788818 2.59840011596679688 46
11.7979378793326593 8.45417101428257389 -1.79619336128234863 2.27360010147094727 48
11.7609042530358483 8.45417101428257389 -2.02454447746276855 2.19239997863769531 47
11.9906823882626998 8.32076105231918817 -0.937615096569061279 1.94880008697509766 51.5
12.0106184255738651 8.32076105231918817 -0.632952570915222168 1.86760008335113525 52
12.0281540086610423 8.26593504055341199 -0.942591071128845215 1.78640007972717285 47.5
11.9093370900582016 8.42127540722310819 -1.06792545318603516 1.70520007610321045 48.5
11.8509291589284071 8.4998593574207213 -1.09477388858795166 1.62400007247924805 47.5
11.7641555475549211 8.65519972409041749 -0.763421416282653809 1.46160006523132324 46.5
11.520459078148086 8.96770799115533812 -0.865962386131286621 0.893200039863586426 46
11.6803947729751805 8.74840394409223698 -0.961495041847229004 0.812000036239624023 45
11.6621415517953189 8.81054009076011546 -0.509407997131347656 0.730800032615661621 48
11.2334495701236925 9.35697267469234184 -0.383834987878799438 0.568400025367736816 45.5
11.2108001713676018 9.38986828175180932 -0.197417855262756348 0.487200021743774414 49.5
11.093220906232176 9.52327824371519505 -0.371873795986175537 0.406000018119812012 53.5
11.1555472753000462 9.45748702959626542 0.0189452730119228363 0.324800014495849609 53
11.2667042178197114 9.32407706763287791 0.116658397018909454 0.243600010871887207 47
10.9815978269335659 9.65851573940410901 -0.0907336920499801636 0.0812000036239624023 45.5
11.9590092409283635 8.38547437854575861 -1.66010355949401855 2.03000020980834961 45.5
12.0161187420023854 8.36343151051891454 -1.32511305809020996 1.94880008697509766 50.5
12.0619727101825571 8.30832434045180079 -1.25323176383972168 1.86760008335113525 49.5
12.1022161136516839 8.22933739668893871 -1.38000023365020752 1.78640007972717285 46
12.0214350196834818 8.3468993594987797 -1.38000023365020752 1.70520007610321045 49
11.9193195347379888 8.49752562434889036 -1.34607207775115967 1.62400007247924805 50.5
11.9193195347379888 8.49752562434889036 -1.34607207775115967 1.54280006885528564 47.5
11.3737165202819295 9.30392721299764958 -0.406841784715652466 0.730800032615661621 46.5
11.1540730200661873 9.56109400664417919 -0.512020349502563477 0.324800014495849609 47
11.1473883557184941 9.581299969002119 -0.156339481472969055 0.243600010871887207 47
11.0370220306566456 9.70804646015648132 -0.167363017797470093 0.162400007247924805 46.5
11.004989723414992 9.74478457353455596 -0.139303743839263916 0.0812000036239624023 45
12.2366769686432892 8.27132370302207498 -0.386764645576477051 2.19239997863769531 46.5
12.2230570584866065 8.27132370302207498 -0.694790065288543701 2.11120009422302246 48
12.3438458972430833 8.25392922357410264 -0.156924024224281311 2.27360010147094727 45
12.2447100727623734 8.37269079513631986 -0.69831693172454834 2.19239997863769531 49
12.2277001597025095 8.38196904291461919 -0.865134835243225098 2.11120009422302246 50.5
11.6397186211070274 -9.1947435482935429 -0.704385638236999512 1.62400007247924805 47
11.5083384869136687 -9.38216415341516807 0.235885158181190491 1.54280006885528564 47
11.4693665539060188 -9.39886499941610509 0.798420131206512451 1.46160006523132324 45.5
14.3695116864366916 3.56284714686651904 -1.16007125377655029 0.324800014495849609 46.5
14.375500064483262 3.56284714686651904 -1.08334696292877197 0.243600010871887207 51.5
12.4065217976768771 8.27510039122973318 -0.597136020660400391 2.43600010871887207 45.5
12.3182349933552207 8.42430211115274119 0.218763560056686401 2.27360010147094727 47
12.4032326464764093 8.29561562771914573 -0.313379913568496704 2.19239997863769531 46
12.2960998956572514 8.3552963156883493 -1.32309913635253906 2.11120009422302246 46.5
11.7698527471621741 -9.17404075376584593 -0.251320153474807739 1.62400007247924805 47.5
14.4135849905334457 3.5808412781521497 -1.4770820140838623 0.324800014495849609 48.5
14.4286275729515374 3.5808412781521497 -1.32208538055419922 0.243600010871887207 53.5
14.4213635002201457 3.5808412781521497 -1.39909613132476807 0.162400007247924805 47
12.4603604622767836 8.31668423275812785 -0.756443500518798828 2.51719999313354492 46
12.3643676433518053 8.47788207905454527 -0.497939944267272949 2.27360010147094727 47.5
12.4341195836748852 8.33730256193557828 -0.939203381538391113 2.19239997863769531 48.5
12.4385589982545355 8.27732196796482 -1.32974791526794434 2.11120009422302246 47.5
12.3760817955440334 8.49201489637847118 -1.40497183799743652 2.19239997863769531 48.5
12.3818689409675127 8.43926946223947461 -1.65036284923553467 2.11120009422302246 49.5
12.401710385008613 8.43926946223947461 -1.49397289752960205 2.03000020980834961 48
11.9584298242269345 -9.16263541614571508 -0.545624136924743652 1.78640007972717285 49
12.4974095270587036 8.48125576857261265 -1.18556690216064453 2.19239997863769531 47
12.4634102766413708 8.48125576857261265 -1.50140559673309326 2.11120009422302246 47
12.4726919408746841 8.48125576857261265 -1.42224514484405518 2.03000020980834961 47.5
12.1089647525716213 -9.10409798907716272 0.10431969165802002 1.86760008335113525 47.5
12.072527250434856 -9.14764015038903189 -0.311907291412353516 1.78640007972717285 50
12.0263838646260641 -9.20822054873597828 -0.311907291412353516 1.70520007610321045 47
12.5795959961362893 8.52324207490574892 -0.953291416168212891 2.11120009422302246 45
12.168636337123532 -9.14916766478163979 -0.132861420512199402 1.86760008335113525 49
12.1578462912011194 -9.14916766478163979 -0.529269278049468994 1.78640007972717285 47
11.6607683517755731 -9.77509325465753065 0.524083852767944336 1.38040006160736084 46
12.6398269191677723 -9.00158739962754773 -0.481515228748321533 2.11120009422302246 45.5
12.5747538932561405 -9.1044072557008775 -0.104786045849323273 2.03000020980834961 46
13.0850201598677298 8.3764395717724689 -1.40624237060546875 2.59840011596679688 45.5
13.0092598863157853 8.42127506401141979 -1.78921604156494141 2.51719999313354492 46
12.8765733565244886 -8.73317414045628659 -1.13381791114807129 2.35480022430419922 46.5
12.7540266940864946 -8.98269340161217933 -0.0776395127177238464 2.11120009422302246 45
13.0932612372017818 8.46176185940408843 -1.63423240184783936 2.59840011596679688 46.5
12.970716691101229 -8.70268702345656386 -1.31505775451660156 2.35480022430419922 45
12.7671290299358482 -9.08855903417476085 -0.322715967893600464 2.11120009422302246 47
12.6749020669804668 -9.20412476327310358 -0.580156147480010986 2.03000020980834961 51
12.579673221853259 -9.34907160993882158 -0.228687480092048645 1.94880008697509766 48.5
12.3639656836467324 -9.63504782092794088 0.0619826726615428925 1.70520007610321045 48
13.1453875690128044 8.50224916961429145 -1.72425961494445801 2.59840011596679688 48
13.1249028761333602 8.56522879309291341 -1.56086719036102295 2.51719999313354492 46.5
12.8102450987439092 -9.06906578092190863 -1.3085092306137085 2.11120009422302246 47.5
12.7034390365593417 -9.23635540578700365 -1.17256343364715576 2.03000020980834961 51
13.2786456897649607 8.47945643934023963 -1.48561251163482666 2.67960023880004883 46
13.2592375757126764 8.47945643934023963 -1.64987099170684814 2.59840011596679688 51
13.2160863443795655 8.57042075748614707 -1.52105510234832764 2.51719999313354492 51
13.2336058986074594 8.64161022386120514 -0.790503919124603271 2.43600010871887207 47
13.2962217034029244 8.46599819029231782 -2.08503890037536621 2.76080012321472168 48
13.3546211992699106 8.46599819029231782 -1.67062723636627197 2.67960023880004883 49
13.3211366981608119 8.46599819029231782 -1.91943049430847168 2.59840011596679688 48.5
13.2441381490511834 -8.71038161610925066 -1.23777306079864502 2.35480022430419922 48.5
13.4657666614367759 8.43207156566357696 -1.66550958156585693 2.76080012321472168 49.5
13.4758238292257619 8.43207156566357696 -1.58208131790161133 2.67960023880004883 50
13.5373105988423479 8.43207156566357696 -0.917627573013305664 2.51719999313354492 45
13.2571367773114854 -8.79738148434644529 -1.43353688716888428 2.43600010871887207 47.5
13.2476435202568403 -8.81534754592101244 -1.41075623035430908 2.35480022430419922 51.5
13.2166114253187548 -8.85726835626166853 -1.43896138668060303 2.27360010147094727 50
13.6060355238481581 8.40747992182464543 -1.33888638019561768 2.67960023880004883 51
13.5661679344240405 8.47165915786910872 -1.33888638019561768 2.51719999313354492 46.5
13.2532193983988549 -8.91088580454840162 -1.5971301794052124 2.35480022430419922 48
13.2045968247959689 -8.98509304622481153 -1.58406376838684082 2.27360010147094727 49
13.128226587624134 -9.205709170127653 -0.712116777896881104 2.19239997863769531 48.5
12.8818794599154902 -9.57273417625692602 -0.149908214807510376 1.86760008335113525 45.5
13.7229512746753581 8.44676660890125497 -0.59022057056427002 2.76080012321472168 47.5
13.6919928097782346 8.44676660890125497 -1.09411323070526123 2.59840011596679688 47.5
13.6295602707036618 8.51124574332034989 -1.34514272212982178 2.51719999313354492 48.5
13.7154669165720442 8.48605429510523024 -1.52081656455993652 2.67960023880004883 55
13.7564493198013036 8.51517339593073608 -1.76849937438964844 2.84200000762939453 46.5
13.7541559103413942 8.4744990544168548 -1.97020626068115234 2.67960023880004883 55
13.7434379275255019 8.50297109347657099 -1.92173516750335693 2.59840011596679688 53.5
13.7681020043084281 8.44195958120575263 -2.012054443359375 2.51719999313354492 47.5
13.8923327104222256 8.54215469048690146 -1.16498064994812012 2.92320013046264648 47.5
13.850083462707321 8.54215469048690146 -1.59037661552429199 2.84200000762939453 53.5
13.8184240362305371 8.54215469048690146 -1.84533393383026123 2.76080012321472168 53.5
13.829020009630975 8.49924982358897907 -1.96047472953796387 2.67960023880004883 52
13.8807716311642668 8.43387097879213954 -1.87523603439331055 2.59840011596679688 50.5
13.9507655130786343 8.51976545512934713 -1.60324525833129883 2.84200000762939453 50
13.976781870132049 8.47255885299300004 -1.62664711475372314 2.76080012321472168 51
13.9382585206647374 8.49513592357994973 -1.82709431648254395 2.67960023880004883 47
13.7927586305619094 -8.89536581125767079 -0.642605245113372803 2.59840011596679688 47.5
13.7625668933913445 -8.93231010858176688 -0.765670299530029297 2.51719999313354492 47.5
13.8636268531498299 -8.88443747770527814 -1.05669927597045898 2.59840011596679688 46.5
13.8636268531498299 -8.88443747770527814 -1.05669927597045898 2.51719999313354492 48
13.3532647070430155 9.6885522645015314 0.268844306468963623 1.86760008335113525 46
13.2934639665748371 9.76484007760784323 0.426296830177307129 1.70520007610321045 47
13.1272563818837487 9.99164168414012011 0.303711175918579102 1.46160006523132324 47.5
13.1289745292284383 9.99164168414012011 0.217103347182273865 1.38040006160736084 50.5
13.1586701609960279 9.94009586447369387 0.542114019393920898 1.29920005798339844 48.5
13.1683441970638082 9.94009586447369387 0.197982147336006165 1.21800005435943604 45
13.8418409357142487 -9.04288037163217062 -1.16635870933532715 2.43600010871887207 47
13.3581806071590652 9.80922616583828777 -0.262157320976257324 1.86760008335113525 47
13.3604911482890554 9.80922616583828777 0.0836227089166641235 1.78640007972717285 49.5
13.359678520759827 9.80922616583828777 0.169502347707748413 1.70520007610321045 50.5
13.3992604193440936 9.74294761066370363 0.515211641788482666 1.62400007247924805 48
13.0933122374875062 10.1634021950524662 -0.0327709056437015533 1.46160006523132324 45.5
13.1617364915224577 10.074340386536619 0.0836227089166641235 1.38040006160736084 50.5
13.2463928548168823 9.9604241198303054 0.231649518013000488 1.29920005798339844 49.5
14.2268909389266085 8.61150783775137008 -0.812442004680633545 2.92320013046264648 46.5
13.8482630516614371 -9.14413552716048983 -1.35386669635772705 2.43600010871887207 47.5
13.4812659460223987 9.7641474468632925 0.373432517051696777 1.86760008335113525 46
13.4201301669475708 9.85361225406873231 0.17026934027671814 1.62400007247924805 51.5
13.357857694062611 9.93059359980364498 0.416554778814315796 1.54280006885528564 50
14.4132818351426906 8.4454828420207626 -0.810406208038330078 3.16680002212524414 46
13.3644736646974636 10.0505634712392595 0.32039332389831543 1.62400007247924805 48
13.3675042616485769 10.0505634712392595 0.147092133760452271 1.54280006885528564 50.5
13.3250350815377203 10.0986322921663767 0.432109981775283813 1.46160006523132324 48
14.3900492120961569 8.40777979803351982 -2.11559772491455078 -3.24800014495849609 46
14.4026449869621338 8.40777979803351982 -2.02807760238647461 -3.32920026779174805 46.5
14.4831491568386195 8.39728319404096979 -1.40145111083984375 -3.73520016670227051 45.5
14.4383444625560884 8.42037572282458235 -1.69455420970916748 -3.81640005111694336 47
14.4372223352556883 8.40777979803351982 -1.76519107818603516 -3.89760017395019531 48.5
14.4483758203567039 8.42037572282458235 -1.60678744316101074 -3.97880029678344727 48
13.4746318265053144 10.0326540960804476 0.142024204134941101 1.54280006885528564 46.5
14.6097793661772268 8.36729232694283809 -1.14385426044464111 -2.43600010871887207 45.5
14.6146312865459471 8.54003681099294454 -0.884785830974578857 3.00440025329589844 46.5
14.6874715299454053 8.5969718979194667 -0.470028787851333618 3.00440025329589844 49.5
14.6949648172055856 8.5969718979194667 -0.027856145054101944 2.92320013046264648 48
14.6903393084274043 8.75236791100199696 -0.00233072880655527115 3.00440025329589844 47.5
14.7126075501107163 8.7139053567056024 -0.130570173263549805 2.92320013046264648 49
14.690058122863844 8.75236791100199696 -0.0909327864646911621 2.84200000762939453 47.5
14.5019435579709093 -8.946817491055997 -1.43460845947265625 2.67960023880004883 48.5
14.4059427268470124 -9.1049413253856244 -1.40672492980957031 2.59840011596679688 47
14.8429177622126254 8.58472253828252185 -0.98538815975189209 3.16680002212524414 45.5
14.4159319056956488 -9.06546700042634157 -2.23133945465087891 2.67960023880004883 45.5
14.5812410464491435 -9.28319634744801014 -1.16846585273742676 2.59840011596679688 46
17.3333670853912842 -2.19677041853085431 -0.322848588228225708 5.1156001091003418 47.5
17.3336582654594835 -2.14217870832879509 -0.575338363647460938 5.03439998626708984 51
17.3254030948004569 -2.23607644987633636 -0.453868895769119263 4.95320034027099609 49.5
17.4163368841917787 -2.1513727016890285 -0.212971583008766174 5.1156001091003418 49
17.3971428627036673 -2.24567344192616236 -0.546713769435882568 5.03439998626708984 53
17.3932509431608082 -2.20619871345480423 -0.781058609485626221 4.95320034027099609 51.5
17.3767904343974635 -2.24567344192616236 -1.00332105159759521 4.87200021743774414 45
15.117453148317761 -8.91251647264445701 -0.17947252094745636 2.92320013046264648 46.5
15.117984984294468 -8.88839302746751514 -0.667488574981689453 2.84200000762939453 46
14.8253126541167557 -9.26340294794542096 -1.54984498023986816 2.59840011596679688 46
13.9294283777898418 10.3862396689085017 -2.46973657608032227 1.46160006523132324 45
17.4791594825336176 -2.25527018991434192 -0.18264298141002655 5.1156001091003418 47.5
17.4802110921893714 -2.21562676860725416 -0.416922181844711304 5.03439998626708984 51.5
17.4468252397469676 -2.32574738334916553 -0.916420102119445801 4.95320034027099609 48.5
14.9519756424032586 -9.30298953339666213 -0.730373501777648926 2.59840011596679688 45.5
13.9907838876394859 10.4922921726093037 -2.19326114654541016 1.62400007247924805 47
14.1274514850615862 10.3601474349190088 -1.92952859401702881 1.46160006523132324 47
17.5535396412133551 -2.26486718196416792 -0.183420181274414062 5.03439998626708984 46.5
15.213244654887875 -9.00196233456461314 -0.901038825511932373 2.84200000762939453 46
14.2096852084626288 10.3931746953609618 -1.83215117454528809 1.62400007247924805 48.5
14.2492291680975622 10.3489390082132253 -1.7745288610458374 1.54280006885528564 49
14.2216912492653584 10.3799039892166398 -1.81414580345153809 1.46160006523132324 45
15.3104785229667986 -8.97569309295952067 -0.988355934619903564 2.92320013046264648 46.5
15.3042662987000426 -8.97569309295952067 -1.0802997350692749 2.84200000762939453 49.5
14.3385993798566638 10.4372140172771068 -1.19155991077423096 1.62400007247924805 46
14.3042820568165308 10.4238870787574918 -1.63730156421661377 1.54280006885528564 45.5
15.4615825132499136 -8.77935916894585411 -1.57633793354034424 2.84200000762939453 45.5
15.5327171476497554 -8.88792441695149726 -1.02231907844543457 3.08560013771057129 45.5
15.5992002925337374 -8.80504810560391604 -0.664653599262237549 2.92320013046264648 45
15.6136479754773685 -8.92511181540569432 -0.745913326740264893 2.92320013046264648 47
15.2743698747911605 -9.50092548091573974 -0.652718067169189453 2.76080012321472168 47.5
15.3843162829702091 -9.30973734978935852 -0.807216525077819824 2.67960023880004883 49
15.4064552106678736 -9.39595984474064672 -1.03087401390075684 2.76080012321472168 50.5
15.3927091791658661 -9.39595984474064672 -1.21904885768890381 2.67960023880004883 51.5
15.328871774881204 -9.5405130731212715 -0.842586934566497803 2.59840011596679688 46.5
15.4213599662362437 -9.41453547863910067 -1.7235867977142334 2.76080012321472168 46
15.4099192526355626 -9.49618406385495284 -1.33396291732788086 2.67960023880004883 46.5
16.7510693685975305 -9.01011609929267365 -1.0592505931854248 3.16680002212524414 46.5
16.781485941318298 -9.14357237111922316 -0.736510992050170898 3.16680002212524414 46.5
16.8887310220811102 -9.55400886607211675 -0.906841814517974854 3.08560013771057129 46
16.8614793975695996 -9.63168373490197105 -0.501867055892944336 3.00440025329589844 47
16.8904809037660435 -9.6688711333561681 -1.21433138847351074 3.08560013771057129 46
16.8975154834866608 -9.6688711333561681 -1.11214613914489746 3.00440025329589844 50
16.9652365203974931 -9.57871280877598252 -0.824012339115142822 2.92320013046264648 46
17.8674120221218971 -8.8698925237996864 -0.288336396217346191 3.4104001522064209 45
17.8299707430443739 -8.93470905151716543 -0.515430986881256104 3.32920026779174805 46
17.8729562812447824 -9.01334020154491888 -0.56377023458480835 3.32920026779174805 46.5
18.6998688025617739 -9.54928483173005915 -0.355048030614852905 3.32920026779174805 46
18.6864821325073436 -9.54928483173005915 -0.791549563407897949 3.24800014495849609 46
18.8193524358491437 -9.48594942071320268 0.0660935044288635254 3.4104001522064209 48.5
18.7853012539305055 -9.52281874106022741 -0.764224052429199219 3.32920026779174805 49
18.9052991808697044 -9.4721354810128453 -0.436876863241195679 3.4104001522064209 46.5
19.331603538385675 -8.94310647294924976 0.0043562641367316246 3.65400028228759766 47.5
19.2083795897676417 -9.19862380074779828 0.336888104677200317 3.5728001594543457 47.5
19.0185322452208396 -9.58722307010809338 -0.265739768743515015 3.4104001522064209 47
19.0365104114246861 -9.53931357114586476 -0.550309836864471436 3.32920026779174805 45
19.3860059648234575 -9.00397691949532764 0.0422618016600608826 3.65400028228759766 46.5
19.2786766034650334 -9.23101282520790534 -0.107838556170463562 3.5728001594543457 47
20.7973265681250048 -8.37022617983576822 -0.539638996124267578 3.81640005111694336 46
22.4069277627662018 -2.03840286862686737 -0.156463712453842163 5.1156001091003418 53.5
22.4003224879807519 -2.10869262271744917 0.170269384980201721 5.03439998626708984 54
22.4050676514747771 -1.97935947519077882 0.587448716163635254 4.95320034027099609 46.5
20.8564524428015332 -8.43758208103342078 -0.256167858839035034 3.81640005111694336 45.5
22.4753389642731314 -2.09315397181956753 -0.329353749752044678 5.19680023193359375 45.5
22.4739488845785331 -2.12700551853363073 -0.167760342359542847 5.1156001091003418 55
22.4821344205014704 -2.04519761397464483 -0.0384763367474079132 5.03439998626708984 56
22.4719943753913789 -2.1157216696289427 0.404761254787445068 4.95320034027099609 49.5
22.5551849364054959 -2.05199235932242185 -0.274860769510269165 5.1156001091003418 50.5
22.5527836980478682 -2.08312603649834793 -0.234715670347213745 5.03439998626708984 53
22.6341401475375754 -1.9622369240331019 -0.520525634288787842 5.03439998626708984 46
16.8053866045986879 15.7123571154288761 -0.922778666019439697 1.13680005073547363 47
16.9841978644283671 15.6105486521280579 -1.20738720893859863 1.13680005073547363 46.5
24.8595501663204317 8.19339583354994083 -0.0410424768924713135 -4.38479995727539062 49
24.9366344966112692 7.95462621444848494 -0.137409314513206482 -4.46600008010864258 49
24.9309946812722636 7.95462621444848494 -0.547811508178710938 -4.54720020294189453 47
23.9897699021643511 -10.4666134400637958 -0.267674833536148071 3.73520016670227051 46
23.9350270940042691 -10.5876336579645347 -0.383659899234771729 3.65400028228759766 46
24.9629408749395623 8.09878605478185953 -0.56906282901763916 -4.38479995727539062 48.5
25.098169545754061 7.60347755163400141 -1.15394783020019531 -4.46600008010864258 45.5
24.738016667856666 8.7121813533821868 1.09136795997619629 -4.62840032577514648 47
24.7803460872998471 8.60721531297999221 0.955458939075469971 -4.70960044860839844 47
24.1055275780589326 -10.3916379998173074 0.00357870780862867832 3.81640005111694336 46
24.112100677472494 -10.3752370560044653 -0.153909012675285339 3.73520016670227051 48.5
24.8400847032634537 8.60220093441872002 1.40642189979553223 -4.46600008010864258 51.5
24.8853728253545761 8.56272620737741086 0.635281503200531006 -4.54720020294189453 57.5
24.9194060279120002 8.48048719270801676 0.332022547721862793 -4.62840032577514648 58
24.9215508673629316 8.48048719270801676 0.0574338585138320923 -4.70960044860839844 54
24.2985879740038193 -10.1055301225752601 -0.680136382579803467 3.89760017395019531 48.5
24.0353847648783656 -10.7371257552362156 0.14178447425365448 3.73520016670227051 46
23.982337152916898 -10.84239169401304 -0.543772220611572266 3.65400028228759766 48.5
24.9822758306438644 8.44526758227061514 1.2342604398727417 -4.38479995727539062 48
25.0302570799971846 8.38588679458277575 0.350965380668640137 -4.46600008010864258 59
25.0318171246083523 8.38588679458277575 0.212383463978767395 -4.54720020294189453 62.5
25.0318171246083523 8.38588679458277575 0.212383463978767395 -4.62840032577514648 61.5
25.0304562400423549 8.38588679458277575 -0.336567670106887817 -4.70960044860839844 55
24.8993288594913018 8.74547045335914142 0.707265257835388184 -4.87200021743774414 49.5
24.3940128552846112 -10.0749403110368991 -0.622696578502655029 3.89760017395019531 47.5
25.1206518691018879 8.32700235987920401 0.734535753726959229 -4.38479995727539062 52.5
25.0822646394792237 8.46925945224106513 -0.277963399887084961 -4.46600008010864258 58.5
25.1312203773657004 8.32700235987920401 -0.0920539498329162598 -4.54720020294189453 61.5
25.1177626547634816 8.36339370908805257 -0.277963399887084961 -4.62840032577514648 60.5
25.1235628370353226 8.25752796593503824 -1.24317586421966553 -4.70960044860839844 51.5
24.8480826420384879 9.01512969037379008 1.49193263053894043 -4.79080009460449219 49
24.9182653864936974 8.89272242485311715 0.961844444274902344 -4.87200021743774414 49.5
24.8336725400342608 9.17392830510330981 -0.23103487491607666 -4.95320034027099609 46.5
24.6504672571844416 -9.63378262692421217 -0.685816466808319092 4.06000041961669922 46.5
24.6659736147465019 -9.61724110455655357 -0.155228227376937866 3.97880029678344727 45.5
25.2419456426604683 8.19134336758231996 0.80536949634552002 -4.38479995727539062 55
25.1748691295781093 8.43353375471618349 -0.0633518770337104797 -4.46600008010864258 54
25.1896281566515974 8.31077972288121103 -1.14724361896514893 -4.54720020294189453 54.5
25.1857426394718154 8.35059184131417709 -0.921152889728546143 -4.62840032577514648 56
25.0422013397347918 8.55297011001507634 -2.1534583568572998 -4.70960044860839844 48
24.7331912056724903 9.64448569038550296 -0.394587010145187378 -4.87200021743774414 50
24.8515371373496876 9.34257712560219211 -0.14118511974811554 -4.95320034027099609 50.5
24.9291685237968821 9.13024582729305223 -0.278750836849212646 -5.03439998626708984 47.5
25.4303091726256696 7.7254068460164973 1.58374238014221191 -4.30360031127929688 46.5
25.3853370826819891 7.96828139371641253 0.990876376628875732 -4.38479995727539062 54
24.7582468533463285 9.0495721882708331 -3.7450249195098877 -4.62840032577514648 48
25.0227578338026966 8.943106633114704 -1.66527402400970459 -4.70960044860839844 51
24.9859808405627213 9.18598118081462012 -0.45741117000579834 -4.79080009460449219 55.5
24.9747823988300297 9.22590576399816875 0.183334112167358398 -4.87200021743774414 54.5
24.9901320860550982 9.18598118081462012 -0.0417480804026126862 -4.95320034027099609 52.5
24.9217704485690277 9.36896885373921329 0.136141553521156311 -5.03439998626708984 51.5
24.7916075013468458 9.67173027621445236 0.851189076900482178 -5.1156001091003418 47.5
25.4468432004620908 7.87061577747056962 1.84433984756469727 -4.30360031127929688 49
25.4929669687852645 7.74716822182563103 1.72628414630889893 -4.38479995727539062 51.5
25.5389033686925124 7.68711265421457934 1.25010478496551514 -4.46600008010864258 51
25.1867098770526248 8.84485054093873657 -0.536959588527679443 -4.70960044860839844 52
25.0599136414798309 9.2118567874507189 -0.180211737751960754 -4.79080009460449219 54.5
25.0053407955344902 9.34865002478700013 0.475080281496047974 -4.87200021743774414 50
24.9888361618227535 9.3953599107067074 -0.418657898902893066 -4.95320034027099609 55
24.9372207076093275 9.5388259888886644 -0.189311400055885315 -5.03439998626708984 55.5
25.4716097492389011 8.01317300249670872 1.97151327133178711 -4.30360031127929688 49
25.5380350549586304 7.92283660539131862 1.39217960834503174 -4.38479995727539062 51
25.5452113005221406 7.92283660539131862 1.2536163330078125 -4.46600008010864258 51
25.6227786736106076 7.70870588632668685 0.97456812858581543 -4.54720020294189453 46.5
25.2668981453951105 8.70909783945675642 1.62364292144775391 -4.62840032577514648 51.5
25.337255468834126 8.50500449784828128 1.60906696319580078 -4.70960044860839844 46.5
25.2189925732651012 8.99349020071446859 -0.142381608486175537 -4.79080009460449219 51.5
24.8922893354475967 9.67937766021836232 1.89322459697723389 -4.87200021743774414 47.5
24.9871821564455132 9.60577022553989579 -0.520217418670654297 -4.95320034027099609 56
24.9914168634041332 9.60577022553989579 -0.24277794361114502 -5.03439998626708984 55.5
24.8958224219688944 9.85001307697298856 0.275637120008468628 -5.1156001091003418 50
22.2816227613143383 13.132235505135526 -6.92635345458984375 4.87200021743774414 47
25.0564441674336962 -9.42175163884372857 -0.553067505359649658 4.14120006561279297 45
25.6128255262367013 8.03561852147296918 0.578409969806671143 -4.46600008010864258 49
25.4375780465476673 8.58922063255565682 0.278239935636520386 -4.54720020294189453 52
25.3559978399329715 8.80395114836954917 0.697361648082733154 -4.62840032577514648 54
25.2761994492817443 9.01868166418343975 0.836426198482513428 -4.79080009460449219 49.5
25.0823787385954873 9.50853565338388051 1.1766664981842041 -4.87200021743774414 53
24.9635987663592083 9.87760372743900561 0.417349547147750854 -4.95320034027099609 53
24.837243216004552 10.1996995011598433 -0.00182881311047822237 -5.03439998626708984 50.5
24.8645149397379512 10.1225307220392278 -0.461276590824127197 -5.1156001091003418 48.5
24.6435582278246521 10.6123847112396668 0.997420310974121094 5.1156001091003418 46.5
22.5749574512293343 13.1421786006720751 -6.21103525161743164 4.79080009460449219 47
22.7803480396900078 13.1891509010063643 -5.29381990432739258 4.70960044860839844 45
25.1099002468902093 -9.50853565338388051 -0.0567475743591785431 4.14120006561279297 46
25.1077045653338793 -9.50853565338388051 -0.336812525987625122 4.06000041961669922 46.5
25.4557407412539156 8.7578881766822736 0.510283291339874268 -4.54720020294189453 48
25.3359619126797853 9.04387376831423317 1.11943173408508301 -4.70960044860839844 50
25.3139222591175219 9.04387376831423317 1.53928399085998535 -4.79080009460449219 50
25.1822538402409037 9.41397276924971216 1.47880244255065918 -4.87200021743774414 52
25.0815380087379118 9.73360372460308021 1.06257343292236328 -4.95320034027099609 50.5
25.0240180268900794 9.76052001558020521 1.86720502376556396 5.03439998626708984 47
25.2029538760014269 -9.47453442394824386 0.0036707315593957901 4.06000041961669922 45
25.4174087018681405 9.0690658724450266 0.841099023818969727 -4.70960044860839844 50.5
25.3619590632842105 9.21414393513667029 0.933089852333068848 -4.79080009460449219 53.5
25.3619590632842105 9.21414393513667029 0.933089852333068848 -4.87200021743774414 50.5
25.0966719308195323 9.93278643172550524 -0.704937577247619629 -5.1156001091003418 52
25.0062661756753819 10.0778644944171489 -1.45718717575073242 5.19680023193359375 52
24.9058859807441628 10.2195686486741018 -2.06333804130554199 5.1156001091003418 50
25.4564334100939753 9.21943870549317168 -0.166127502918243408 -4.70960044860839844 51
25.4221590537079329 9.31078727248337934 0.280571550130844116 -4.79080009460449219 55
25.3429823688603015 9.52731720905275914 0.138442531228065491 -4.87200021743774414 53
25.1261543423796851 10.0855584517706962 0.116291813552379608 -4.95320034027099609 51.5
24.9427692517128641 10.3325379106701458 -2.0377810001373291 5.19680023193359375 50
24.8984119133374833 10.3934369553302837 -2.25858855247497559 5.1156001091003418 48.5
24.9751070284811298 10.4543359999904233 -0.0812201723456382751 5.03439998626708984 48.5
25.4905784999857232 9.33657918861728575 -0.425713956356048584 -4.70960044860839844 49.5
25.5149263020744854 9.26533348986693639 0.514547526836395264 -4.79080009460449219 53.5
25.3530227934471633 9.69959298701192729 0.514547526836395264 -4.87200021743774414 53.5
25.2425227176470415 9.98796843433477122 0.422012686729431152 -4.95320034027099609 52.5
25.1825725155352451 10.3421534027834223 0.280269652605056763 -4.95320034027099609 50
25.1778116416158575 10.3421534027834223 0.56421959400177002 -5.03439998626708984 52
25.2563599736529625 10.1618461230638424 0.232011616230010986 -5.1156001091003418 54
25.2637500411650535 10.1414339781899283 -0.308110088109970093 5.19680023193359375 54.5
25.2504388426068047 10.1414339781899283 -0.875936210155487061 5.1156001091003418 52
25.7076673229411981 9.16983300764455578 0.565773904323577881 -4.79080009460449219 45.5
25.2614235204981803 10.3331191146411321 0.614155769348144531 -4.95320034027099609 51
25.2853964126615018 10.2921823601427178 0.0986463800072669983 -5.03439998626708984 55
25.2855527721826476 10.2921823601427178 -0.0428064800798892975 -5.1156001091003418 56.5
25.2945054328082897 10.261479794268908 0.424344241619110107 5.19680023193359375 57
25.3242429687558115 10.1898404738966857 0.374094992876052856 5.1156001091003418 54
25.2725914699276721 10.261479794268908 1.13502264022827148 5.03439998626708984 48
25.352140548584881 10.3204578728520193 0.384454995393753052 -4.95320034027099609 50
25.3495548729452018 10.3204578728520193 0.528143227100372314 -5.03439998626708984 53
25.3462041145355421 10.3204578728520193 0.66995084285736084 -5.1156001091003418 56
25.3091011807664685 10.3204578728520193 1.52587664127349854 5.19680023193359375 56.5
25.2828546773263589 10.3991355430792627 1.42337691783905029 5.1156001091003418 55
25.2803338183607416 10.4470262988697602 1.07473671436309814 5.03439998626708984 51.5
25.5017227339557557 -9.92364875344504682 -0.757639050483703613 3.97880029678344727 45.5
25.5234474521516788 10.0983324395533032 0.282585948705673218 -5.03439998626708984 50.5
25.3694811981086197 10.3487326664851622 1.67204833030700684 -5.1156001091003418 53
25.313081628298594 10.3898943476246455 2.19101309776306152 5.19680023193359375 54
25.3561650572371171 10.3898943476246455 1.61787152290344238 5.1156001091003418 53
25.3940644261035686 10.3487326664851622 1.24409174919128418 5.03439998626708984 52
25.7629586082928519 9.68566623553583206 -0.288987457752227783 -4.87200021743774414 48.5
25.2471889886912422 10.3770081791944637 3.53877115249633789 -5.1156001091003418 47
25.3311024003066088 10.5042701290221707 2.37091970443725586 5.19680023193359375 48.5
25.4764431704566299 10.4182823250845313 0.189531326293945312 5.03439998626708984 49
26.0305008241484757 9.17058250737441405 0.270956933498382568 -4.79080009460449219 46
25.994887483040408 9.27060014284408496 0.286011993885040283 -4.87200021743774414 47.5
25.7333142194475073 9.97762135909521497 -0.0602146759629249573 -4.95320034027099609 48.5
26.0655264818377503 9.29579224697487838 0.286789208650588989 -4.79080009460449219 47.5
25.9834252855208767 10.1348833852963924 0.74554908275604248 -5.03439998626708984 49.5
26.4942645511515913 8.83724037133069196 1.5993117094039917 -4.54720020294189453 48.5
26.5472752787338848 8.72537656916195026 1.30789530277252197 -4.62840032577514648 47.5
25.4042486460260335 -11.6967588142691845 -0.640779018402099609 3.65400028228759766 45
26.5800762294862132 8.91000456777820737 0.955995857715606689 -4.54720020294189453 49.5
26.6348597794515598 8.78031528020629715 0.541165947914123535 -4.62840032577514648 49
26.6273104132604459 8.78031528020629715 0.833667755126953125 -4.70960044860839844 46.5
25.5770746858080251 -11.5143056668573607 -0.191232845187187195 3.65400028228759766 45.5
26.7148357566369619 8.43477106288927914 2.48754739761352539 -4.38479995727539062 48
26.73423505696719 8.67727073094734713 1.00071084499359131 -4.62840032577514648 49
26.6896213643616527 8.77216190540485208 1.31490826606750488 -4.70960044860839844 50
26.7395686861949748 8.68279046607955252 2.20104742050170898 -4.38479995727539062 48
26.7396658530173816 8.92946064977499354 0.703593850135803223 -4.62840032577514648 49.5
25.6621525887033357 -11.6639758290273186 0.803535163402557373 3.65400028228759766 45.5
26.571239942993266 9.88386419419575724 -0.0309244226664304733 -4.87200021743774414 47.5
26.3036100444887744 10.5605014920779769 0.564345180988311768 -5.1156001091003418 50
26.3036100444887744 10.5605014920779769 0.564345180988311768 5.19680023193359375 46.5
26.3778905262393693 10.5884396105355254 0.269368857145309448 -4.87200021743774414 50.5
26.4676590089943318 10.3255934075232378 0.90873420238494873 -4.95320034027099609 53
26.4660285034694915 10.3433532861051489 0.738268375396728516 -5.03439998626708984 53
26.4976760650823913 10.4846078611726305 0.442996770143508911 -4.79080009460449219 52
26.5568694780446464 10.3314699066786027 0.493506848812103271 -4.87200021743774414 58
26.5254300934788247 10.3314699066786027 1.3829033374786377 -4.95320034027099609 58
26.5256306035628882 10.3528379933521872 1.20820999145507812 -5.03439998626708984 57
26.4355096955224056 10.5985709900984215 -1.04123866558074951 5.1156001091003418 54
26.3429316539095097 -10.8763561168550336 0.0699490904808044434 3.89760017395019531 48
26.391357687527556 -10.7445862490345903 -0.547903895378112793 3.81640005111694336 45.5
26.6189020696828607 10.3800818863225377 0.467537730932235718 -4.79080009460449219 55.5
26.6455309650114032 10.2836724570378077 0.890163064002990723 -4.87200021743774414 61
26.5802013126925054 10.3800818863225377 1.5091174840927124 -4.95320034027099609 61
26.607329671963484 10.3800818863225377 0.913529634475708008 -5.03439998626708984 61
26.6143489226713434 10.3979354843382286 -0.300011515617370605 -5.1156001091003418 62.5
26.5606432929630607 10.5121985116386476 -0.746058940887451172 5.19680023193359375 61
26.6301836825845477 10.358657568703709 -0.249360591173171997 5.1156001091003418 56
26.6862981033968296 10.2086873453719083 0.393514722585678101 5.03439998626708984 47
27.0348359901890589 -9.23388089371519705 -0.619465470314025879 4.22240018844604492 45
26.4795676776296673 -10.7407245662394892 0.00389567879028618336 3.97880029678344727 47
26.4657924823990705 -10.7728610426677331 0.194812983274459839 3.89760017395019531 47.5
25.5758098524636885 -12.7331861047905637 -0.524023532867431641 3.32920026779174805 45
26.905686114107116 9.75574978899649103 1.31603884696960449 -4.70960044860839844 49.5
26.7974203198849317 10.0815381305739891 1.04086291790008545 -4.79080009460449219 57
26.6989396523668283 10.278443172186762 1.53063583374023438 -4.87200021743774414 61.5
26.6272283818598865 10.3858459221573671 1.9868309497833252 -4.95320034027099609 62
26.6821829988585719 10.425226930479921 0.445328325033187866 -5.03439998626708984 64.5
26.6391611374776787 10.5397898637818965 -0.300798952579498291 -5.1156001091003418 66
26.7012067802526687 10.3858459221573671 0.0488313436508178711 5.1156001091003418 57.5
26.6894169390506732 10.3858459221573671 0.794880092144012451 5.03439998626708984 48
27.1191219424010868 -9.21515594747778621 -0.675767302513122559 4.14120006561279297 45.5
26.7421770936050756 10.4130335841824735 1.24514138698577881 -4.79080009460449219 52.5
26.7392642647711227 10.3053496794856532 1.98421955108642578 -4.87200021743774414 59.5
26.696932100876829 10.4130335841824735 1.99203205108642578 -4.95320034027099609 61.5
26.7105993190442916 10.5673805142479136 -0.00195652339607477188 -5.03439998626708984 65
26.7088960935964614 10.5673805142479136 -0.301586359739303589 -5.1156001091003418 66.5
26.7068005169424119 10.5673805142479136 -0.450410038232803345 5.19680023193359375 63.5
26.7624488147402175 10.4345703651218376 -0.129253953695297241 5.1156001091003418 54.5
27.1030869360891522 -9.51566771170897496 -0.0195847507566213608 4.14120006561279297 45
26.8882510353345516 10.1990999556224722 1.56217432022094727 -4.79080009460449219 49
26.644670466015814 10.4618149509507852 3.17049694061279297 -4.87200021743774414 54.5
26.7803404957507922 10.5949718663911625 -0.00196163193322718143 -5.03439998626708984 62.5
26.7786328231939521 10.5949718663911625 -0.302373796701431274 -5.1156001091003418 65
26.7765317750047984 10.5949718663911625 -0.451586067676544189 5.19680023193359375 60.5
26.8809307652117724 10.2890708444335388 0.995295822620391846 5.1156001091003418 45.5
26.9342762767930175 10.1607126438155255 2.2517693042755127 -4.79080009460449219 47
26.8394962473422396 10.6225632185344132 -0.753891587257385254 -5.03439998626708984 57.5
26.888060858114553 10.4890595367797346 -0.88179934024810791 5.19680023193359375 54
27.1012974470275445 -9.96226122499100519 0.196858271956443787 4.06000041961669922 46.5
27.1416770196443977 10.0713411587286679 -0.00197184877470135689 -4.87200021743774414 47
27.0089782902014051 10.3860705699389371 -0.864361822605133057 -4.95320034027099609 46.5
26.9130723347577927 10.4945979531148943 -1.91114604473114014 -5.1156001091003418 52.5
27.261469157495398 -9.724053532565609 -0.597994506359100342 4.22240018844604492 47.5
27.266398871646313 -9.724053532565609 -0.298026889562606812 4.14120006561279297 50.5
27.2643468409897949 -9.724053532565609 -0.448016732931137085 4.06000041961669922 46
27.2427631912945536 10.0140130963239464 -0.0455112867057323456 -4.87200021743774414 49.5
27.1439379372600342 10.2787805559514904 0.0633245110511779785 -4.95320034027099609 50
27.4458722360199978 -9.44095475904789261 0.20777641236782074 4.22240018844604492 48
27.4316237451351519 -9.48447817706885843 -0.0375981591641902924 4.14120006561279297 50.5
27.3824217441085658 9.77443710016537359 -1.21382331848144531 -4.87200021743774414 45.5
27.2969294697852476 10.0835245828714974 -0.101181112229824066 -4.95320034027099609 49.5
27.235089978365103 10.2398864858875349 0.452322989702224731 -5.03439998626708984 47.5
27.4993761393164604 -9.50898549737070375 0.41661369800567627 4.30360031127929688 45
27.5167907166463692 -9.46534961745925152 0.208313286304473877 4.22240018844604492 51
27.4506410837116803 -9.63989313710506224 0.587210357189178467 4.14120006561279297 51.5
27.573180956682048 -9.5334934409354446 0.11337551474571228 4.22240018844604492 50.5
27.5353160052304489 -9.64286430259053695 -0.0477358587086200714 4.14120006561279297 50
27.3303630740906698 -10.1714901339234771 -0.879033565521240234 4.06000041961669922 47
27.210535663548395 -10.4667914603922227 -1.1016765832901001 3.97880029678344727 46.5
27.1983733985373171 10.7605185758961941 0.149563953280448914 -5.1156001091003418 47.5
27.7129874597626049 -9.35697267469234184 0.00398770300671458244 4.22240018844604492 46
27.5916338085916202 -9.70785914999330579 -0.147568568587303162 4.14120006561279297 46.5
27.2689938186082692 -10.5741101358925587 -0.390847086906433105 4.06000041961669922 47
27.2407442468148382 -10.6252810802072819 -0.779629290103912354 3.97880029678344727 48
27.1933085328235968 10.9456801151983445 -0.819599628448486328 -5.03439998626708984 48
27.3274867013900824 10.8157005785054601 -0.76759868860244751 -5.03439998626708984 47
27.5553591305593315 -10.2499336324830956 0.0340754240751266479 4.14120006561279297 45
28.4946346887688655 -9.62088690529197699 0.00410017650574445724 4.30360031127929688 46
28.5172607216467853 -9.55324004423914452 -0.0840674340724945068 4.22240018844604492 46.5
25.5706541971405095 -16.668887996970728 0.255971550941467285 2.51719999313354492 46
30.2598389862673187 3.97459526152025111 -0.566026926040649414 0.487200021743774414 60.5
30.2703192793505202 3.90593622629245374 -0.476553052663803101 0.406000018119812012 63.5
30.2819846425255328 3.83727719106465726 -0.228920102119445801 0.324800014495849609 54.5
25.6145473488092073 -16.709842868756219 -1.0178828239440918 2.51719999313354492 46.5
30.3572789645184997 3.79317256883436382 -0.638335347175598145 0.568400025367736816 51
30.3399040318857907 3.84670524621710719 -1.02622437477111816 0.487200021743774414 71
30.3535328198845846 3.79317256883436382 -0.796843409538269043 0.406000018119812012 74.5
30.3490157349520793 3.84670524621710719 -0.707163751125335693 0.324800014495849609 65.5
30.4115951087401335 3.80246965488263244 -1.27743017673492432 0.568400025367736816 52
30.4250406884334303 3.76030517282244237 -1.0642697811126709 0.487200021743774414 72.5
30.4142672972953925 3.85613354114105755 -1.02873969078063965 0.406000018119812012 76
30.4279294895257273 3.80246965488263244 -0.798796474933624268 0.324800014495849609 67.5
30.4602852989041786 3.72338908463915708 -1.96721458435058594 0.568400025367736816 47.5
30.4934452807066378 3.76949916618267578 -1.22609376907348633 0.487200021743774414 68
30.4886305627049978 3.86556183606500747 -1.03125488758087158 0.406000018119812012 71.5
30.4765991344576364 3.9347269583802853 -1.12134623527526855 0.324800014495849609 62.5
30.5327762712152264 4.10995448700698418 -1.01906871795654297 0.487200021743774414 61.5
30.5088374371124829 4.27173338902600364 -1.06947410106658936 0.406000018119812012 65.5
30.5098808878265757 4.29484466074300641 -0.939248442649841309 0.324800014495849609 58
30.5171585296932832 4.44816078572057716 -1.93055689334869385 0.487200021743774414 56.5
30.5171585296932832 4.44816078572057716 -1.93055689334869385 0.406000018119812012 60.5
30.4943830557638904 4.59102706095639412 -1.95578336715698242 0.324800014495849609 53
29.1444044489341856 10.5962651674063935 1.55738091468811035 -4.79080009460449219 47
30.7802200581334233 3.90327453621780762 -1.20209419727325439 0.487200021743774414 51
30.7930511910182787 3.97311443845629642 0.323880612850189209 0.406000018119812012 53
29.5895974134927222 -5.72514768135255103 -7.77458524703979492 0.649600028991699219 46
29.5156139954759915 -5.80682438061097717 -7.99218511581420898 0.568400025367736816 47
30.9084633181448964 3.48487250169285723 -1.13502120971679688 0.487200021743774414 54.5
30.927592353343087 3.48487250169285723 -0.324661970138549805 0.406000018119812012 56.5
30.9253141226467889 3.77787756343845604 -1.67111444473266602 0.487200021743774414 55.5
30.9764273402006332 3.66091540977163099 -0.706141412258148193 0.406000018119812012 57.5
30.9593735461608368 3.74278891733840835 -0.974062025547027588 0.324800014495849609 48
30.949255661455922 4.50214331686214386 -1.36707376441336237e-06 0.487200021743774414 48
30.9308052626637817 4.6272028534416485 -1.36707376441336237e-06 0.406000018119812012 52
31.0976929537506308 4.52373627440490012 -1.37363042540528113e-06 0.406000018119812012 45
31.4254411022576683 -2.14130719827322835 -0.326425760984420776 5.1156001091003418 45
31.1827828363108139 4.33378534062283904 -1.04996740818023682 0.487200021743774414 45
31.1714742624331258 4.53453289046095431 -0.16536363959312439 0.406000018119812012 48.5
31.4670163388871025 -2.52518290663758682 -0.656521916389465332 5.1156001091003418 46.5
31.4904487832769746 -2.30028380401517696 0.202351674437522888 5.03439998626708984 47.5
31.2677458618652757 4.20995337715985229 1.25898993015289307 0.406000018119812012 46.5
31.3389274331868712 4.85631916851194134 -0.87370610237121582 0.406000018119812012 46.5
31.390145373670336 5.08635422838496343 -0.166938528418540955 0.487200021743774414 49
31.3969179696332468 5.01482737204830009 -0.570161044597625732 0.406000018119812012 53.5
31.3839809088200141 5.01482737204830009 -1.06646847724914551 0.324800014495849609 46
26.9921960057430788 15.8048864521864623 6.13535785675048828 -0.649600028991699219 47
31.8253057991639174 -1.64501464333493175 -0.677966892719268799 5.03439998626708984 45
31.5191761993606079 4.73588961483107429 -0.358561605215072632 0.487200021743774414 50
31.5127070515862329 4.7597881326519218 -0.556293725967407227 0.406000018119812012 54.5
31.4590427546533498 4.92707775739784637 -1.43813109397888184 0.324800014495849609 46.5
31.6062764683192725 4.59931176308922307 -0.831998288631439209 0.406000018119812012 48.5
30.3665521294198157 10.6344190640414809 -0.111872941255569458 -4.62840032577514648 48
30.3470387543803994 10.6786453815100835 -0.504506349563598633 -4.70960044860839844 49
30.4788623599433848 10.5383085316206024 0.213274493813514709 -4.62840032577514648 47.5
30.4670444772033271 10.5745780447313429 -0.0021966190543025732 -4.70960044860839844 48.5
30.5051842085048435 10.6516814703876683 0.938695728778839111 -4.70960044860839844 47
30.4450994966638646 10.8576866865385107 0.334976017475128174 -4.79080009460449219 49.5
30.4998167309075789 10.7082319218800563 0.0242405775934457779 -4.87200021743774414 49
32.9699758985408238 -1.40616996050011589 -0.0584946721792221069 5.1156001091003418 45.5
33.0435671700477229 -1.43416405964438498 0.146573424339294434 5.19680023193359375 50.5
33.1106967802031278 -1.45812821384082647 0.691531062126159668 5.19680023193359375 50
33.1077342125335861 -1.59068532418999253 0.519795477390289307 5.1156001091003418 48.5
35.3264800587121925 -1.53497834402649658 -1.68637073040008545 4.14120006561279297 48
29.9323249717040341 18.8267084500771453 -1.66467475891113281 3.97880029678344727 46
35.4286886552775115 -1.56039515361749292 -0.921373367309570312 4.06000041961669922 49
30.3108379636094618 18.4011371666653822 -1.06159698963165283 3.89760017395019531 49.5
30.3918355215061347 18.4400405983048614 -0.322343826293945312 3.89760017395019531 47
25.4074928309636299 24.8280864620394759 1.35209333896636963 0.893200039863586426 45
25.5339060429969891 24.7869788825027086 1.6631237268447876 0.974400043487548828 45.5
30.8945949910259152 -19.1997869093505571 -0.181034445762634277 2.67960023880004883 45.5
27.4650936153019494 23.9034652898121109 1.70163822174072266 1.46160006523132324 47
27.4527530808364268 23.9034652898121109 1.89027619361877441 1.38040006160736084 45.5
32.8382225477310499 15.9699546321192951 -0.829150617122650146 3.73520016670227051 46.5
32.8564165679374298 15.9425697427815667 -0.605083346366882324 3.65400028228759766 48.5
27.4638982404626759 23.9526498740674683 2.46587538719177246 1.46160006523132324 47.5
27.4804082531110225 23.9526498740674683 2.27453708648681641 1.38040006160736084 46
26.0935726994210633 25.5090244180950982 1.57827138900756836 0.893200039863586426 47
26.0100772561271221 25.6117135988200886 2.66011238098144531 0.893200039863586426 46
26.9341824544337953 24.8854782579016458 2.41356492042541504 1.29920005798339844 45.5
27.0124996231389574 24.8854782579016458 1.2650299072265625 1.21800005435943604 46
27.1434481025778602 24.8580376529128877 1.17978799343109131 1.29920005798339844 45.5
26.8710854636820251 25.1295341767044249 1.59123456478118896 1.21800005435943604 45.5
34.4732798112322527 13.3189243436079519 3.53055930137634277 -4.95320034027099609 46
34.6283947028804562 13.34583153518515 2.56964206695556641 -4.95320034027099609 48
34.6030965078277504 13.5131773851561245 1.96462535858154297 -5.03439998626708984 48.5
34.6898224282170915 13.4472646130835596 2.28319406509399414 -4.95320034027099609 49
34.8485935493862371 13.3996459183395444 1.02352809906005859 -4.79080009460449219 47
34.7622739789315673 13.539663117068276 1.81233119964599609 -4.95320034027099609 50
34.7842631114326934 13.5676665568140216 0.998073756694793701 -5.03439998626708984 50
34.9145860557878152 13.3704337656746652 1.68343770503997803 -4.95320034027099609 50.5
34.8541117355765593 13.594911142642971 1.00007796287536621 -5.03439998626708984 51
34.9868715804367127 13.4956327853916758 0.191748648881912231 -4.95320034027099609 49
34.8697072115029414 13.7955357361781559 0.191748648881912231 -5.03439998626708984 49
27.3483581912517764 26.2766161112535812 1.34512031078338623 0.974400043487548828 45
32.1610795641602607 -21.5102396662667203 0.815217971801757812 2.43600010871887207 47.5
32.0513133769585679 -21.664989591923316 1.01568758487701416 2.35480022430419922 46.5
32.2494435866426414 -21.5277000642865666 0.179760470986366272 2.43600010871887207 49.5
32.1817580326345762 -21.7489632723592941 -0.799841523170471191 2.43600010871887207 47
36.5410938837170605 -19.4258394744835847 1.1599050760269165 3.32920026779174805 46
36.4054266628023484 -19.6431191703366643 1.65919935703277588 3.24800014495849609 46.5
36.0836036088759613 -19.6431191703366643 5.10701704025268555 3.16680002212524414 46
35.6646782010434507 -20.905410736721219 2.22589850425720215 3.00440025329589844 49.5
36.5998412467039671 -19.4610315693537963 1.37680530548095703 3.32920026779174805 46
36.4458236034952137 -19.6165125139824568 2.6589818000793457 3.24800014495849609 48.5
36.1377476348465976 -19.9948494792455236 3.80066370964050293 3.16680002212524414 48
35.7839887019420075 -20.8966389580917458 1.7356637716293335 3.00440025329589844 53
35.7308563051187065 -21.1732623442624543 1.18393218517303467 3.08560013771057129 45.5
35.908508889226205 -20.8253936397343544 1.81238842010498047 2.92320013046264648 47
37.8956316467181935 -18.9824704088105669 6.63302898406982422 3.49160003662109375 45.5
38.2030902196702797 -19.0156568822953638 5.07735443115234375 3.49160003662109375 49
38.1989503301930426 -19.149910319758618 4.57951879501342773 3.4104001522064209 50
38.5013112464481253 -19.0488433557801606 2.8448939323425293 3.49160003662109375 49
38.3832384448608863 -19.1833310948071336 3.46836018562316895 3.4104001522064209 51.5
38.4296366207785383 -19.1080179609520293 3.36888432502746582 3.32920026779174805 46
38.6704773173813905 -19.0173615675674661 1.64313590526580811 3.4104001522064209 48
36.9692635323547734 -22.3433700340925654 0.536021053791046143 2.84200000762939453 46.5
41.5702013416066407 -19.3347445185281153 4.32306337356567383 3.81640005111694336 45.5
41.664190898337857 -19.2541830830342491 3.73822569847106934 3.73520016670227051 54
41.723743643555494 -19.1506040945421319 3.60364985466003418 3.65400028228759766 55.5
41.7022324104710265 -19.1506040945421319 3.84460282325744629 3.5728001594543457 53
36.0715540282039058 28.236783140600437 4.70424270629882812 2.03000020980834961 45.5
41.6619644272870318 -19.3662330470370527 4.09210872650146484 3.81640005111694336 47.5
41.6696297106748901 -19.4296344052267571 3.69416069984436035 3.73520016670227051 55.5
41.6696297106748901 -19.4296344052267571 3.69416069984436035 3.65400028228759766 58.5
41.6859443410316004 -19.2855404093410669 4.22677755355834961 3.5728001594543457 56
41.8298262013412199 -19.0780450552656689 3.71609997749328613 3.49160003662109375 45.5
36.2212297838462405 28.3519346304688291 3.42139124870300293 2.11120009422302246 50
36.1976114722413271 28.3519346304688291 3.66281461715698242 2.03000020980834961 55.5
36.1458926125825002 28.3519346304688291 4.14221954345703125 1.94880008697509766 54
36.279283112569928 28.1386755165580027 4.42088556289672852 1.86760008335113525 47
41.8291745897752136 -19.0628815271179164 4.62241888046264648 3.81640005111694336 47.5
41.7581189532270329 -19.4612276280782837 3.45836400985717773 3.73520016670227051 52.5
41.7379840895061776 -19.5305052108539989 3.30757927894592285 3.65400028228759766 54.5
41.7775141021178769 -19.3168993306288748 3.9920811653137207 3.5728001594543457 54
41.7141147538938384 -19.1090665823017254 5.40520524978637695 3.49160003662109375 45
36.302162945977301 28.3980358061456784 3.18504428863525391 2.11120009422302246 54
36.2801266915620886 28.3980358061456784 3.42695450782775879 2.03000020980834961 58.5
36.2564699758078035 28.3980358061456784 3.66877031326293945 1.94880008697509766 56.5
36.2564699758078035 28.3980358061456784 3.66877031326293945 1.86760008335113525 47.5
41.8051420800929989 -19.4928208509298102 3.70617413520812988 3.73520016670227051 46
36.446656947178262 28.4441369818225276 1.98696613311767578 2.11120009422302246 52.5
36.4328091866779147 28.4441369818225276 2.22649335861206055 2.03000020980834961 54.5
36.4529663243791333 28.2301843352831021 3.95141172409057617 1.94880008697509766 51.5
36.0442478441489058 28.6523071244014282 4.60795116424560547 1.86760008335113525 45
36.02090900917662 28.9130451071837555 3.85390710830688477 1.94880008697509766 49
35.6182947062253703 29.550151469721861 2.53937053680419922 1.86760008335113525 51
35.7202114107617703 29.2837251726604677 3.85390710830688477 1.78640007972717285 53
35.680888219322874 29.1620957761759207 4.97687005996704102 1.70520007610321045 48.5
35.6759300707486133 29.5979677328451132 2.54347968101501465 1.94880008697509766 53
35.7425746269071993 29.3833215536770851 3.79074740409851074 1.86760008335113525 60.5
35.8835783427579855 29.1744766225946819 4.06197071075439453 1.78640007972717285 61
35.7941196986727945 29.1744766225946819 4.78662490844726562 1.70520007610321045 55
36.353405791060581 28.7567567541945159 3.70523619651794434 2.03000020980834961 45
35.9921638456562007 29.2564700459424927 3.29743552207946777 1.94880008697509766 55.5
35.8612266120131551 29.3784930590437448 3.62306475639343262 1.86760008335113525 63
35.8831843348973507 29.221606327913566 4.5546412467956543 1.78640007972717285 62.5
36.305066127696719 29.0533987363114079 2.65949034690856934 2.03000020980834961 47.5
36.1552395470688666 29.239638471800582 2.65949034690856934 1.94880008697509766 55.5
35.9711177581480186 29.2687384304707692 4.31860065460205078 1.86760008335113525 58.5
35.9283852299546353 29.239638471800582 4.83999013900756836 1.78640007972717285 58
36.2596005128539858 28.8671590008222303 4.59990739822387695 1.70520007610321045 51
35.3577964062054164 30.1184572236401316 3.45477080345153809 1.62400007247924805 48
35.952597452658857 29.2867237140450385 5.09128475189208984 1.78640007972717285 49.5
36.1685450678420537 29.2634062588587014 3.4222719669342041 1.70520007610321045 45
35.6254306126126963 29.7414140901787043 4.74338531494140625 1.62400007247924805 46
44.0739962886509389 -15.9871705285146746 2.48913812637329102 4.06000041961669922 45
44.2594267613875587 -15.7952891245518714 1.72124946117401123 4.14120006561279297 45.5
44.2832098892705091 -15.8708641556206089 4.43571615219116211 4.14120006561279297 46
43.5542596882869191 -19.3909197362032586 4.07939863204956055 3.73520016670227051 45
41.0377295122670276 -24.5989034211348141 0.649168968200683594 2.84200000762939453 46.5
41.6035510554044521 -23.5055981622157226 3.66568493843078613 3.08560013771057129 46.5
41.3359715949821336 -24.2002859040799301 1.57786107063293457 2.92320013046264648 48
41.1646305484314254 -24.5296637127224422 0.757998228073120117 2.84200000762939453 47.5
41.1340861678607155 -24.5296637127224422 1.75745785236358643 2.76080012321472168 46
41.9061295679424362 -23.362439866266925 1.43968331813812256 3.16680002212524414 45
41.8099171532311473 -23.4164223974084891 2.75719213485717773 3.08560013771057129 52
41.8094609955593981 -23.362439866266925 3.18833017349243164 3.00440025329589844 50.5
41.8821304904939282 -23.3268548769546058 3.59871983528137207 3.16680002212524414 48.5
41.7865003163103026 -23.3989440498939452 4.19328069686889648 3.08560013771057129 52
41.7337636174902542 -23.5791669822422953 3.67715787887573242 3.00440025329589844 50.5
42.0667109366394385 -23.2128265173103685 3.15898656845092773 3.16680002212524414 45
41.7595290834884807 -23.3632465958310434 5.35939836502075195 3.08560013771057129 45.5
43.2626331871239103 -24.9669210343209222 0.0102157453075051308 3.00440025329589844 46.5
43.2184917669298585 -25.0355800671653022 0.619774341583251953 2.92320013046264648 46
43.1772955957309392 -25.2607044796818379 0.344461560249328613 3.00440025329589844 50
43.2877235310697088 -25.0731714100479692 0.0989074483513832092 2.92320013046264648 50.5
43.3268766836237518 -25.0044092845155532 -0.248969018459320068 2.84200000762939453 46.5
43.1951847804912674 -25.3737026770450953 -0.601144254207611084 3.00440025329589844 47.5
43.146519023438394 -25.442567895265551 -1.0314558744430542 2.92320013046264648 47
43.3965809248213148 -25.0231161115591512 0.768494248390197754 2.84200000762939453 45
43.0298842685444995 -25.5187440196610424 4.72076082229614258 2.84200000762939453 45
41.7378602314437117 -29.0068958647193398 1.50783562660217285 2.35480022430419922 48.5
41.9488675742683981 -28.7400197143758085 -0.162936866283416748 2.27360010147094727 47
35.6595576613486216 39.823787649010967 4.25474929809570312 0.0812000036239624023 46.5
35.9425981049320313 39.5655976140425238 5.86889266967773438 0.324800014495849609 45
38.7404242699929355 40.9642898326884648 4.35998821258544922 0.568400025367736816 46.5
40.3001870350517493 40.2733690660219139 5.35272073745727539 0.812000036239624023 47
40.1062339174662341 40.4592901590113598 5.40710067749023438 0.730800032615661621 45.5
40.6397440322026 40.5372836627140174 4.78540706634521484 0.812000036239624023 46
54.0445941740961331 -21.121106894831847 6.82360935211181641 4.06000041961669922 45
54.1196381766962133 -21.5210371517923882 5.49183940887451172 4.06000041961669922 45
56.9900933200027779 -22.569497306400141 2.56322169303894043 3.97880029678344727 46.5
62.2005714943123849 2.32584124554947369 0.8615073561668396 1.62400007247924805 52.5
62.1938580614244714 2.41918604470196108 1.06519806385040283 1.54280006885528564 61.5
62.187497958300753 2.41918604470196108 1.38767921924591064 1.46160006523132324 58.5
62.2710558476200049 2.2429741963890315 1.30014097690582275 1.62400007247924805 59
62.2710558476200049 2.2429741963890315 1.30014097690582275 1.54280006885528564 68
62.2542586132698688 2.42210060790621107 1.71643173694610596 1.46160006523132324 65
62.2179696163826463 2.32864334972333475 2.81197118759155273 1.38040006160736084 46.5
62.3282944315145713 2.13650867364734154 2.09269499778747559 1.62400007247924805 54
62.3054138405957687 2.24567335040304483 2.59858870506286621 1.54280006885528564 62.5
62.2799237879856094 2.42501531935884396 3.01508045196533203 1.46160006523132324 58.5
62.4456420141108524 1.85803005573354141 -0.464266985654830933 1.62400007247924805 48
62.4429045133025085 1.74873417010215659 -0.975353002548217773 1.54280006885528564 56.5
62.450562829218164 1.66285883139178292 -0.536670207977294922 1.46160006523132324 53
62.6155317060362862 0.665175413395250992 -0.862425327301025391 1.54280006885528564 51.5
62.6919798414833807 1.00287547963307699 -2.74070407613180578e-06 1.54280006885528564 47
62.8828965414449215 3.36153740317157546 1.85523307323455811 1.54280006885528564 46.5
63.1140223985592641 5.74150175889411507 -0.216034397482872009 -2.51719999313354492 56.5
63.1047742294465976 5.74150175889411507 1.10172402858734131 -2.59840011596679688 61.5
63.0986468726997742 5.82861419937388714 0.98940575122833252 -2.67960023880004883 55
63.1705740034564798 5.94651326756564202 -0.142754808068275452 -2.51719999313354492 64.5
63.1776165161248429 5.83551168657108299 0.661843001842498779 -2.59840011596679688 69
63.1686366655328726 5.94651326756564202 0.514770686626434326 -2.67960023880004883 61.5
63.3927726847115522 2.46582083495055304 1.08573198318481445 1.54280006885528564 45.5
63.2452444713621276 5.95354231447713556 -0.142923548817634583 -2.51719999313354492 64
63.2452444713621276 5.95354231447713556 -0.142923548817634583 -2.59840011596679688 67.5
63.231790996876299 6.09642733002458659 -2.77676599580445327e-06 -2.67960023880004883 59
63.290387284452251 6.24667878673528332 -0.515985608100891113 -2.51719999313354492 60
63.290387284452251 6.24667878673528332 -0.515985608100891113 -2.59840011596679688 64.5
63.2602284606467435 6.54073364056378903 -0.568017005920410156 -2.67960023880004883 57.5
63.3650229316572791 6.25404522789852901 -0.516594111919403076 -2.51719999313354492 55
63.3650229316572791 6.25404522789852901 -0.516594111919403076 -2.59840011596679688 60.5
63.3456008940933799 6.45296524150853301 -0.447134047746658325 -2.67960023880004883 54.5
63.4340375690728138 6.11802056213669498 -1.66009056568145752 -2.59840011596679688 46.5
63.5988535667734709 5.10434828340132896 1.66204547882080078 -2.51719999313354492 46
63.5937517373367669 5.3276635208001375 1.03993868827819824 -2.59840011596679688 48
63.6248167220987852 5.11034640343247037 2.99617624282836914 -2.59840011596679688 45.5
63.6548857457289756 6.49096856855350701 2.8854365348815918 -2.51719999313354492 45
63.740458763180726 6.14681117219370332 1.33175921440124512 -2.59840011596679688 45.5
63.8261045783850633 5.80944817558657256 2.11996269226074219 -2.51719999313354492 47
63.7581619958376109 6.15400855013860326 3.00672602653503418 -2.59840011596679688 49.5
63.9116784380704459 6.01680337916840102 0.85786128044128418 -2.51719999313354492 56
63.8992864844665291 6.01680337916840102 1.52303981781005859 -2.59840011596679688 60.5
63.8607782673698736 6.16120666026844166 2.34115409851074219 -2.67960023880004883 53.5
63.9590321287569097 6.31297600785896762 0.815047085285186768 -2.51719999313354492 56
63.946974670516795 6.31297600785896762 1.48539257049560547 -2.59840011596679688 60
63.9278952540343184 6.31297600785896762 2.15557646751403809 -2.67960023880004883 53
64.0215964630091179 6.32034282369497458 1.48712587356567383 -2.51719999313354492 48.5
63.98438818385263 6.61786532302921682 1.76781415939331055 -2.59840011596679688 52
64.096088984166272 6.18279952628808083 2.01134657859802246 -2.59840011596679688 45
65.7495968279997101 6.48976909708580774 -0.882913529872894287 -2.59840011596679688 45
79.1292211087910715 -5.2552372987274687 2.7152099609375 5.1156001091003418 46.5
79.1345485269172997 -5.07675754141219482 2.89362263679504395 5.03439998626708984 46.5
79.2809403202607115 -4.23793813236586381 2.21442532539367676 5.19680023193359375 46
79.2239549487692614 -5.39915303046142814 1.65685832500457764 5.1156001091003418 50
79.1577274556251638 -4.53568554213395725 4.67040586471557617 5.03439998626708984 49
79.3286554925984149 -4.6591797798122343 2.34654593467712402 5.1156001091003418 48.5
79.1308872081404928 -4.6591797798122343 6.06998109817504883 5.03439998626708984 45
79.5228955336595504 -5.64868188247732395 -0.527231872081756592 5.1156001091003418 49.5
79.1793663766657829 -5.86785472447820755 7.23001480102539062 5.03439998626708984 47
79.5067674859992621 -5.28503995234832402 -4.33395528793334961 5.1156001091003418 49
79.6776603556223364 -4.02859649197872205 -1.81153237819671631 5.03439998626708984 45.5
79.0613828692146399 -4.40168498066040392 -10.4851675033569336 5.03439998626708984 49.5
77.9576894390353061 -5.11034628140164759 -16.6282501220703125 4.95320034027099609 47
79.2971954170050566 -3.51666220227314197 -9.57030487060546875 5.03439998626708984 49
78.5662905661216513 -4.9353157043265119 -13.963679313659668 4.95320034027099609 50
78.9026088088093758 -5.37489847961065514 -11.7257080078125 4.87200021743774414 46
79.3522933940903101 -4.26995269094488084 -9.43302249908447266 4.95320034027099609 47
74.7442684367806578 -17.9365970473831133 22.5296230316162109 4.95320034027099609 46
73.8710703923836149 -17.9533909292545459 25.4710006713867188 4.95320034027099609 48
74.5889827763152198 -18.5044157624626955 22.8495368957519531 4.87200021743774414 48.5
74.0306159376894044 -18.4013890225536692 -24.9182586669921875 4.95320034027099609 48.5
74.5099591344846743 -18.1506888996305946 23.640655517578125 4.87200021743774414 50
75.1055734790335663 -18.4013890225536692 21.4616966247558594 4.79080009460449219 45
80.1561140748514447 -5.13913725755112516 -0.832385718822479248 4.87200021743774414 47
74.9653405049580499 -20.0231708407464524 21.0577964782714844 4.87200021743774414 47
74.2798851349396756 -20.3145265629650389 23.1079845428466797 4.79080009460449219 47
74.8385143815027476 -20.162523770409976 21.6540088653564453 4.87200021743774414 49
73.8667585357136005 -21.0273502263976333 24.0370388031005859 4.79080009460449219 48.5
73.5468380432151321 -22.5467046943434539 -23.8916702270507812 4.70960044860839844 46.5
74.7734189199210135 40.6553126069760538 -1.53206002712249756 3.4104001522064209 46
74.4825041612961627 41.0382511872615439 -3.80586409568786621 3.32920026779174805 48
74.4255936846593471 40.8467818971187953 -6.21587371826171875 3.24800014495849609 45
74.6180947996026873 40.8827724477679908 -4.44741916656494141 3.4104001522064209 50.5
74.7372007204516677 40.6911344519190834 -4.19796895980834961 3.32920026779174805 52
74.6507606080525363 40.6911344519190834 -5.52597141265869141 3.24800014495849609 47
74.8029878292902595 40.7269526530980031 -4.20166444778442383 3.4104001522064209 50.5
75.0434753967618775 40.3326833573982029 -3.68479084968566895 3.32920026779174805 50
76.2365483368589025 -51.0085716459941878 5.2086491584777832 2.43600010871887207 45.5
76.3301858718912456 -51.0502138378000154 4.73090553283691406 2.51719999313354492 46
76.3835359415997033 -51.0502138378000154 3.77280068397521973 2.43600010871887207 48.5
76.2987860523254398 -51.0502138378000154 5.21290111541748047 2.35480022430419922 45
99.7553387691014848 8.00740939615317515 3.1258995532989502 -2.03000020980834961 56
99.8121965590822242 8.01340721110725873 3.65395069122314453 -1.94880008697509766 48.5
99.8449720696824272 8.01340721110725873 2.60927486419677734 -2.03000020980834961 56.5
99.9483401506535216 8.01940502606134231 -1.04595911502838135 -2.03000020980834961 51.5
100.09874897573097 6.95952955531108675 1.38879144191741943 -1.94880008697509766 45.5
100.088344321637749 7.22286310605258741 0.526792526245117188 -2.03000020980834961 55
100.055171970387164 7.48619665679408808 1.74450504779815674 -2.11120009422302246 52.5
100.164991606992729 6.96473078546658186 1.91010379791259766 -1.94880008697509766 51
100.165537055982028 7.1153195592063998 1.19129681587219238 -2.03000020980834961 58.5
100.147600558805436 7.1153195592063998 2.2386777400970459 -2.11120009422302246 55
100.27069939836457 6.75643911544175246 0.623506546020507812 -2.03000020980834961 48
100.323184096918084 6.97513377489559172 1.39190530776977539 -2.03000020980834961 50
100.177508653497725 7.12594747813657747 5.38693714141845703 -2.11120009422302246 47
100.35747423817952 7.58403965413658465 1.13221418857574463 -2.03000020980834961 46
