
X Y Z V_r Mag
7.67977915996879812 -5.24830163876342937 -1.16916537284851074 2.19239997863769531 45
7.70758137638496699 -5.32807625383128425 -1.22772383689880371 2.11120009422302246 52
7.78691480036510431 -5.33227478531455468 -1.28702938556671143 2.11120009422302246 50.5
6.98183988715120485 9.85001313798840172 -0.191805243492126465 -1.46160006523132324 46.5
6.7891937644594007 9.96016187559151867 -0.712508261203765869 -1.54280006885528564 47.5
7.02536305102044345 9.91119318435954355 0.18719974160194397 -1.38040006160736084 45.5
7.02759583272087962 9.91119318435954355 0.0604696236550807953 -1.46160006523132324 49.5
7.14536102163495812 9.82465243504758234 -0.206249028444290161 -1.54280006885528564 48.5
7.02231981122926641 9.97237323073068715 -0.830322206020355225 -1.54280006885528564 49
6.9364891339883048 10.0904223750265807 -1.16554713249206543 -1.46160006523132324 48.5
8.8181678542477524 -10.2678622508540034 -1.04478228092193604 -0.730800032615661621 46
8.63516022745747769 -12.0450212657867581 -0.934864282608032227 -1.70520007610321045 49
8.56174305934066915 -12.1136802993461661 -0.691238343715667725 -1.78640007972717285 48
8.5742184851780312 -12.1748603457173097 -1.00558507442474365 -1.70520007610321045 48
8.58302653621851519 -12.1748603457173097 -0.927399039268493652 -1.78640007972717285 50
14.4108690665784653 -5.0779568260201966 -0.794490635395050049 4.06000041961669922 46.5
9.10906810638000231 -12.9090232360105137 -0.901472091674804688 -1.78640007972717285 45
9.16711892563009734 -12.9702032823816573 -0.740113794803619385 -1.78640007972717285 46.5
9.216740876404387 -13.0313833287528009 -0.659823238849639893 -1.78640007972717285 45
10.1321205371236633 -12.8142535801803046 -0.676425933837890625 -1.05560004711151123 46.5
10.1321205371236633 -12.8142535801803046 -0.676425933837890625 -1.13680005073547363 45
9.98180687112293619 -13.0228648067443284 -0.741060495376586914 -1.21800005435943604 46.5
13.4444198348444317 -10.6214479604900482 -1.18872332572937012 1.62400007247924805 48
12.3327814725989846 -11.9568494888406605 -1.58074557781219482 0.406000018119812012 46
13.9544728394361197 -10.5463316232645656 -1.43181955814361572 1.78640007972717285 47
14.0958571546647153 -10.5457878160206562 -1.83935165405273438 1.86760008335113525 46.5
14.8442124332065983 9.85001272613437528 -1.11765193939208984 2.59840011596679688 46
14.4585383274355603 -10.6525528119358288 -1.21399044990539551 2.03000020980834961 47
18.6596729862786859 -2.4699820588464485 -0.310576736927032471 0.730800032615661621 51
18.6568143578265655 -2.50997224456110501 -0.0628875419497489929 0.649600028991699219 47
18.8839164496589049 0.604604397597876209 -0.492168039083480835 0 45.5
18.7423317329480987 -2.41841759039150483 -0.293776214122772217 0.812000036239624023 58.5
18.7385744153706781 -2.4609288370976059 -0.140450522303581238 0.730800032615661621 66
18.7390550355848688 -2.4609288370976059 -0.0412339642643928528 0.649600028991699219 61.5
13.3593863558551718 -13.3438079938593788 -0.82440716028213501 0.243600010871887207 47.5
18.9689949457380038 0.476592658217106113 -0.027167394757270813 0 65.5
18.9688806784153599 0.476592658217106113 0.0711501017212867737 -0.0812000036239624023 58
10.6932112318655594 -15.6516822730901364 -0.854818463325500488 -1.94880008697509766 46
18.8190166015495848 -2.42801433837968483 0.00129303243011236191 0.812000036239624023 63
18.8239267162738564 -2.38533439883785459 0.143593847751617432 0.730800032615661621 70.5
18.8239267162738564 -2.38533439883785459 0.143593847751617432 0.649600028991699219 66.5
18.8334791371746384 -2.29760341200186957 -0.267778366804122925 0.568400025367736816 45
13.3356707545131634 -13.4844897874660816 -0.615671515464782715 0.162400007247924805 45.5
18.9685989669270754 0.476592658217106113 -0.125484153628349304 0.0812000036239624023 61.5
19.0409372228689513 0.566554195939671379 0.155851840972900391 0 74
19.0383701019363727 0.507042200567857204 0.431154251098632812 -0.0812000036239624023 66.5
18.8934008215501734 -2.43761133042951039 0.001298143295571208 0.812000036239624023 69
18.8871806348592237 -2.48045996709721672 0.155851840972900391 0.730800032615661621 76.5
18.8923417778456901 -2.43761133042951039 0.200008273124694824 0.649600028991699219 72
18.8834165369192206 -2.51378668450543286 0.001298143295571208 0.568400025367736816 48
13.415962442705716 -13.4068623173623074 -1.78060805797576904 0.406000018119812012 45.5
13.4975984037883769 -13.4068623173623074 -0.986624300479888916 0.324800014495849609 45
19.0409372228689513 0.566554195939671379 0.155851840972900391 0.0812000036239624023 69.5
19.1085092156995913 0.568784690100986645 0.5540732741355896 0 75
19.1058435627019065 0.611802019604422598 0.598385334014892578 -0.0812000036239624023 68
18.9490185838978427 -2.57864991856707793 -0.225566700100898743 0.812000036239624023 64.5
18.9503427925436014 -2.57864991856707793 -0.0260780695825815201 0.730800032615661621 71.5
18.9403508423931441 -2.65034546773947133 0.0664985030889511108 0.649600028991699219 66.5
19.1128793186295667 0.611802019604422598 -0.298577457666397095 0.162400007247924805 45.5
19.113249731569617 0.568784690100986645 0.354636609554290771 0.0812000036239624023 70.5
19.1931662626695321 0.482243964027315175 0.172786608338356018 0 74.5
19.1903435094293329 0.482243964027315175 0.3717326819896698 -0.0812000036239624023 67
18.8721225899863221 -3.53165728879705432 0.102100580930709839 0.812000036239624023 53
18.8593140387555707 -3.58204098653125147 0.367805778980255127 0.730800032615661621 60.5
18.8657400272164608 -3.53165728879705432 0.501289606094360352 0.649600028991699219 55.5
19.1911535693131583 0.482243964027315175 -0.327233374118804932 0.162400007247924805 47
19.1948969383596797 0.410267252978462171 0.166240841150283813 0.0812000036239624023 70
19.2648779526727267 0.616600515629335488 -0.0998724997043609619 0 72.5
19.2651365846899694 0.616600515629335488 -8.42537076550797792e-07 -0.0812000036239624023 64.5
18.9935180103723802 -3.02037908827807344 -1.28424751758575439 0.812000036239624023 52
19.0054910509025703 -3.08300257814667766 -0.90114980936050415 0.730800032615661621 58.5
19.0054910509025703 -3.08300257814667766 -0.90114980936050415 0.649600028991699219 53
19.2641008862575909 0.616600515629335488 -0.199741482734680176 0.0812000036239624023 68.5
19.3303377814895434 0.773749628282975555 -0.402334123849868774 0 65
19.3317107683751566 0.824526947639045771 -0.166219577193260193 -0.0812000036239624023 57.5
16.4926881615444429 10.0587451676786834 -1.11149251461029053 3.00440025329589844 45
18.9945856316143598 -3.49396316521531158 -1.19182360172271729 0.730800032615661621 57
19.0093540162395378 -3.50847097074561765 -0.870393931865692139 0.649600028991699219 51.5
19.3259485978007106 0.722972308926905227 -0.638388693332672119 0.0812000036239624023 61
19.0774175669984274 -3.5948900230317089 -0.677922070026397705 0.812000036239624023 51.5
19.0994813363769609 -3.52206983350372038 -0.368142485618591309 0.730800032615661621 58
19.0894340035230847 -3.5948900230317089 0.0304590743035078049 0.649600028991699219 53.5
13.7555840111076542 -13.6707769140544109 -1.10654628276824951 0.406000018119812012 46
19.3965527037262575 0.104375604990117138 -1.04572010040283203 0.0812000036239624023 61.5
19.4772687937005493 0.935697206453822705 0.102366253733634949 0 66.5
19.2318653393948473 -3.11899068817940917 -0.810729801654815674 0.812000036239624023 45.5
19.2447031197483831 -3.11899068817940917 -0.404123604297637939 0.730800032615661621 53
19.2465161178434734 -3.11899068817940917 0.305762052536010742 0.649600028991699219 48.5
19.4772757755815356 0.935697206453822705 -0.101038321852684021 0.0812000036239624023 61.5
19.5588190175978376 0.760731980221223458 0.233544141054153442 0 64.5
19.5527016550942179 0.78274673206042289 0.509746074676513672 -0.0812000036239624023 58
19.3995073963390965 -2.60997113471397224 -0.166817650198936462 0.812000036239624023 51
19.3865092117362288 -2.66133888900543791 0.511080384254455566 0.730800032615661621 57
19.3814843262825391 -2.60997113471397224 0.852517306804656982 0.649600028991699219 51.5
19.5613024109828437 0.731378977768957661 -0.0346979759633541107 0.0812000036239624023 59.5
19.6151217054245492 0.85204309328240535 -0.80224233865737915 0 54
16.5088474886958458 -10.5510927142204505 -1.50165152549743652 2.43600010871887207 46
19.454306537254233 -2.67153569305837779 0.717907190322875977 0.812000036239624023 48.5
19.2894581559671785 -2.82868485147357651 2.45721626281738281 0.649600028991699219 47
19.6193045054455908 0.763646691673856126 -0.788856744766235352 0.0812000036239624023 50
19.7178981485518534 0.525008241406718201 -0.0672391057014465332 0 53.5
15.4138044756050032 -12.3044185028278754 -0.302565217018127441 1.62400007247924805 46.5
19.6009752922987737 -2.20848537230243913 0.00134414038620889187 0.730800032615661621 47
19.7124994431870881 0.630995820657839657 0.307945221662521362 0.0812000036239624023 49
19.7687024428915805 0.677930659436176364 -0.88254314661026001 0 57
19.7768361635964816 0.677930659436176364 -0.676169335842132568 -0.0812000036239624023 50
15.4536982812066128 -12.3512038390707755 -0.819158077239990234 1.54280006885528564 46
19.7763917243260146 0.588859477904415951 -0.766552865505218506 0.0812000036239624023 53
19.8251192284246116 0.95369138350101168 -1.03476333618164062 -0.0812000036239624023 45.5
19.6792756847211585 -2.6226513046277824 -0.929201066493988037 0.730800032615661621 51
19.6692065783877581 -2.6077498767605789 -1.15652954578399658 0.649600028991699219 46
19.8137615330949473 0.680498539268951097 -1.40263044834136963 0.0812000036239624023 51
19.9282688031073754 0.850093690448480377 -0.379452407360076904 0 50
19.7628553970768586 -2.68988590027539676 -0.44336545467376709 0.812000036239624023 49
19.7816822464886961 -2.55277401471919019 -0.413449555635452271 0.730800032615661621 55.5
19.7731142760289202 -2.63254820267916534 -0.310097098350524902 0.649600028991699219 50.5
19.9330220720953513 0.638193503679797547 -0.51951068639755249 0.0812000036239624023 46.5
20.0154312101048895 0.575532550348509475 -0.227989420294761658 0 48.5
16.8546106017587363 -10.649854496883723 -1.87174153327941895 2.59840011596679688 48
16.8366484803528564 -10.6623660740652149 -1.96007490158081055 2.51719999313354492 46.5
14.7236022978573526 -13.560047349298145 -0.584241330623626709 0.893200039863586426 49
19.8344852281587976 -2.7550492953639516 -0.0600714348256587982 0.812000036239624023 49.5
19.8296719876988092 -2.79008171147212192 -0.0150185367092490196 0.730800032615661621 56
19.8442910853468923 -2.66997057052982445 -0.275769531726837158 0.649600028991699219 51
20.0199473034757354 0.447914463097318249 0.0423235520720481873 0.0812000036239624023 45.5
14.8219264771904466 -13.5480410831643709 -0.87811964750289917 0.893200039863586426 51
19.872100332454945 -2.98639615274053316 0.437110364437103271 0.730800032615661621 56
19.9252267788010826 -2.98493423849561923 1.05175685882568359 0.730800032615661621 50.5
19.9382720208251776 -3.4540385160111815 -0.77293860912322998 0.730800032615661621 50
15.4015381170610777 -13.2349145263178105 -0.857492208480834961 1.29920005798339844 46.5
15.4134523790486409 -13.2196757070589541 -0.878257155418395996 1.21800005435943604 48
20.1251500544726305 -2.81664175967884312 0.387971252202987671 0.649600028991699219 45.5
15.4687454449908071 -13.2837523442588683 -0.648007035255432129 1.21800005435943604 48.5
18.0131041507758312 9.81458702613416634 -1.2265770435333252 3.32920026779174805 46.5
18.021271101551136 9.7503890471563146 -1.57042944431304932 3.24800014495849609 46.5
20.4892123272001179 0.0824733114662824507 -2.361358642578125 -0.649600028991699219 47.5
20.5238849311271245 -0 -2.0397942066192627 -0.730800032615661621 48.5
18.0492752035774195 9.89679737595389319 -1.2914046049118042 3.32920026779174805 47.5
20.6902727487484981 0.615625804917056429 -0.1538267582654953 0 49.5
16.9111361208605899 -11.8727833805432308 -1.24116599559783936 2.11120009422302246 48.5
16.7933216821909284 -12.0616097828917397 -0.995967209339141846 2.03000020980834961 47
16.9576140076070807 -11.9625297795931065 -0.968450546264648438 2.11120009422302246 49.5
16.9510424271391607 -11.9625297795931065 -1.07737898826599121 2.03000020980834961 49
17.0413759158795308 -12.3749240221908217 -0.78001856803894043 2.03000020980834961 47
17.0359556767782685 -12.3749240221908217 -0.890567243099212646 1.94880008697509766 45
21.2832141751366848 0.566929071053032807 -0.627244770526885986 0 52.5
21.0996302704624803 -2.89586304838356634 -0.331081122159957886 0.730800032615661621 45.5
21.2844298882281926 0.596207098196616547 -0.554665565490722656 0.0812000036239624023 50.5
21.3668888863404227 0.456742822080599464 -0.371586710214614868 0 52
17.0145570266032209 -12.8769423698863754 -1.25690734386444092 1.86760008335113525 49.5
17.0223651629247996 -12.8769423698863754 -1.14632952213287354 1.78640007972717285 51
16.9897457415061623 -12.943717636272428 -0.836267054080963135 1.70520007610321045 48.5
21.1636187291698619 -2.97817688081794385 -0.34973222017288208 0.730800032615661621 47
21.3629434382926782 0.536873141743862581 -0.476491570472717285 0.0812000036239624023 50
17.0742578339984057 -12.9221250834334551 -1.26131761074066162 1.86760008335113525 47.5
17.0201833946628938 -13.0373815403070576 -0.665281891822814941 1.70520007610321045 48
16.9761638775698209 -13.1986267081069268 -0.965296447277069092 1.70520007610321045 50.5
16.968334913102229 -13.2309037654733999 -0.586929500102996826 1.62400007247924805 49
17.0060030358436052 -13.2770037687486493 -1.03779888153076172 1.70520007610321045 49
17.0124577958779994 -13.2770037687486493 -0.925995886325836182 1.62400007247924805 47
21.9449508035785534 0.85400178309098107 -0.768413186073303223 0 47
22.0225932970204639 0.823852192503345626 -0.727466225624084473 0 53
22.0198490071901922 0.856916494543613738 -0.77103579044342041 -0.0812000036239624023 45
22.0260696783998746 0.823852192503345626 -0.613268613815307617 0.0812000036239624023 48.5
22.0894104944449481 0.920655199078438291 -0.852042138576507568 0 49.5
21.9040087191533566 -3.08267431523260882 -0.476622015237808228 0.730800032615661621 45.5
22.094900098987214 0.757536109752228515 -0.870129585266113281 0.0812000036239624023 45.5
22.0274287610540327 -2.62707496343562452 -0.854930460453033447 0.730800032615661621 47
22.2630792867191616 0.592880058416621392 -0.423674315214157104 0 52
22.2382303901839968 0.662466919733126103 -1.0944983959197998 0.0812000036239624023 48.5
22.3358358202538909 0.714968646878054503 -0.348925799131393433 0 50
13.281815284601489 -17.9244874049349789 1.35226738452911377 -1.29920005798339844 46
22.3237441584261624 0.714968646878054503 -0.813504219055175781 0.0812000036239624023 46
22.4222675608038955 -0 -0.350096702575683594 0 48
22.4953649260413364 0.278347426198703285 -0.362003117799758911 0 46
13.9804241675516163 -17.6930750825503047 1.0646587610244751 -0.974400043487548828 46
14.0027891484103169 -17.6930750825503047 0.712483704090118408 -1.05560004711151123 47
19.7642615577065044 -10.8324949485001856 -1.28905987739562988 3.08560013771057129 45.5
14.0548551790683014 -17.7518566588554876 0.59599679708480835 -1.05560004711151123 46
13.9067312878579141 -17.8735610332704731 0.401473343372344971 -1.21800005435943604 47
13.7419687834593862 -17.992435073396738 0.673175573348999023 -1.29920005798339844 47
19.8853002198283875 -10.7467792942720486 -1.45056009292602539 3.08560013771057129 46
13.8389553482318064 -18.0179352865268179 0.512783169746398926 -1.21800005435943604 47.5
13.7874712939623851 -18.0520117598819496 0.675404608249664307 -1.29920005798339844 46.5
22.76880282636575 1.09404601938295531 -0.474068105220794678 0 47
13.6872850972948559 -18.2341003230492582 0.125908419489860535 -1.38040006160736084 46.5
13.8454660154145106 -18.2026095979855036 0.483422785997390747 -1.29920005798339844 46.5
13.7307070703255203 -18.2940799979753805 0.244843810796737671 -1.38040006160736084 47
13.494273960925943 -18.7193801791883239 1.04851412773132324 -1.54280006885528564 49
13.4684837379257143 -18.7366995748822518 1.07054007053375244 -1.62400007247924805 50
13.5292412457533811 -18.7975336328855924 0.832481920719146729 -1.54280006885528564 51.5
13.5149487542545188 -18.812013322943276 0.731420159339904785 -1.62400007247924805 52.5
13.3960350924622951 -18.9046833393124558 0.489762783050537109 -1.70520007610321045 46
20.3818680735886879 -10.9147903654823288 -1.58980941772460938 3.16680002212524414 48
13.7104465454245741 -18.9624899360562011 0.0877424180507659912 -1.62400007247924805 45
20.2419645076545365 -13.3819327093972156 -1.29492568969726562 2.51719999313354492 45.5
20.3363209330550632 -13.2149242458127247 -1.51324367523193359 2.43600010871887207 48.5
20.3363209330550632 -13.2149242458127247 -1.51324367523193359 2.35480022430419922 45
16.241398760305831 18.0733522773615221 0.246844291687011719 0.0812000036239624023 45.5
20.415397823630876 -13.3942660059814127 -1.26796221733093262 2.51719999313354492 47
24.5782365094171915 -7.84066309314962151 0.27263343334197998 4.30360031127929688 47.5
22.0464252879861995 -13.5185482417308105 -0.848369181156158447 2.67960023880004883 45
22.1539986381946825 -13.4215384072110986 -1.57008147239685059 2.76080012321472168 48
22.0304485826180354 -13.6971679710219068 -0.670447826385498047 2.67960023880004883 45.5
22.2886605050733912 -13.3204902431296368 -1.75522804260253906 2.76080012321472168 48.5
22.2782310967500088 -13.37902755376839 -1.40811061859130859 2.67960023880004883 45
23.4918067224196889 -13.4248560673016151 -0.981796741485595703 2.92320013046264648 46.5
23.5106841126918731 -13.4248560673016151 -0.276878535747528076 2.84200000762939453 45
23.4688507878559172 -13.6079284613168365 -1.07700157165527344 2.84200000762939453 46.5
23.4213965807923898 -13.8462382728054365 -0.959414243698120117 2.84200000762939453 47.5
22.6298249006645094 -15.6600988531231007 -0.527283251285552979 2.19239997863769531 45
22.9591566108722205 -15.1992317074084404 -1.90275287628173828 2.43600010871887207 45
22.6136564191739531 -15.7820931003179084 -1.14373385906219482 2.19239997863769531 48
22.5540243376922298 -15.8924573877327173 -0.71119612455368042 2.11120009422302246 49
19.0915227173924222 -20.1226459038192758 -0.809622824192047119 0 47.5
18.9538574415091787 -20.2682862843053009 0.102164626121520996 -0.0812000036239624023 45
19.158929308645412 -20.1770305996936941 -0.231432169675827026 0 47
24.1137617054600426 -14.0117290421417948 -0.779772579669952393 2.84200000762939453 45
24.2017180407020405 -14.0214284530883742 -0.52637094259262085 2.84200000762939453 45
21.7722098637507848 17.8008814306392509 -0.339386314153671265 1.70520007610321045 47.5
21.7734506728229711 17.8008814306392509 0.247352257370948792 1.62400007247924805 45.5
21.9310003685587986 17.7214907686339558 -0.469088345766067505 1.70520007610321045 47.5
24.5914577736869617 -14.4721265515188318 -1.53246164321899414 2.84200000762939453 45.5
25.6861257887939622 -13.632576149002972 1.08893454074859619 3.16680002212524414 47
25.6762591614601412 -13.6834846755663335 0.54952007532119751 3.08560013771057129 46
25.6074074703597674 -13.9338477748586129 1.13546860218048096 3.08560013771057129 45
23.3877025926711823 -18.2892820205814672 0.779481232166290283 1.70520007610321045 47
23.5827456136106655 -18.1643166708233288 -0.679979026317596436 1.70520007610321045 47
23.6325406926455308 -18.474022942993944 -0.462220638990402222 1.70520007610321045 50.5
23.5557587403239062 -18.5752401953195978 0.294518411159515381 1.62400007247924805 49
23.6141860600732585 -18.6216775842663083 -0.330110937356948853 1.62400007247924805 48
23.4092169664076515 -18.8809905516355059 -0.149680033326148987 1.54280006885528564 47.5
24.1913127518005524 -17.9824255103879551 0.659772753715515137 1.86760008335113525 46
23.6785690811763949 -18.645510968135337 -0.832385718822479248 1.62400007247924805 47.5
23.7425369884278723 -18.5663928169268466 -0.776904463768005371 1.54280006885528564 47
24.1424765177328631 -18.1291336038506081 1.42338144779205322 1.94880008697509766 48
23.9678376776569628 -18.3708553852352843 1.26692807674407959 1.86760008335113525 46.5
23.9785342571686151 -18.4845940456122726 1.19989407062530518 1.86760008335113525 47
23.8083275831359664 -18.7382744636901144 -0.361500322818756104 1.70520007610321045 47
23.6628083911210574 -18.9010842842475348 0.954225301742553711 1.62400007247924805 48.5
24.6999064825017349 -17.9238225853010178 -0.65341496467590332 2.03000020980834961 48.5
24.3644255283240092 -18.4343598330145859 1.70563733577728271 1.86760008335113525 47.5
24.95256560524113 -17.8279096419950882 0.700533568859100342 2.11120009422302246 49.5
24.8859689140583846 -17.908405471382725 0.966035008430480957 2.03000020980834961 49.5
25.2524822178973878 -17.541043520513675 0.431853562593460083 2.19239997863769531 47
24.9904068191271911 -17.9176091864524132 -0.0377359054982662201 2.11120009422302246 48
25.6368911225178984 -17.0907854347235144 0.91404193639755249 2.35480022430419922 45.5
24.8452103329124583 -18.2424971419541535 0.327835291624069214 2.11120009422302246 45.5
24.9374000574665509 -18.1192370261301363 0.00630431156605482101 2.03000020980834961 47
24.7239132420769927 -18.4081279225926728 0.222763597965240479 1.86760008335113525 47.5
23.5032540636491625 -19.8872493124808472 1.50831162929534912 1.38040006160736084 47
23.4488608058417931 -19.9334718559148527 1.72867178916931152 1.29920005798339844 47
25.715355273373703 -17.1323692762519109 0.111654691398143768 2.43600010871887207 47.5
25.6997502726317606 -17.1555367803442067 0.143252059817314148 2.35480022430419922 51
25.5917575665186803 -17.2984030555800246 -0.79833674430847168 2.27360010147094727 48.5
24.9875437165865328 -18.1440169549487784 1.10787022113800049 2.11120009422302246 50
25.0873880360852013 -18.039763186533456 0.00631965044885873795 2.03000020980834961 52
25.6616735599392953 -17.3403888280283098 0.489911198616027832 2.35480022430419922 53.5
25.4296799423777671 -17.669391741060096 0.758053898811340332 2.19239997863769531 47.5
25.0317940867526865 -18.188055156898443 1.43338704109191895 2.11120009422302246 51.5
25.0539178564282743 -18.2074082694297239 0.492023080587387085 2.03000020980834961 52.5
25.8098331738849751 -17.2582158420445388 0.330228269100189209 2.35480022430419922 52.5
25.4133471932865298 -17.8091750708148453 1.04766511917114258 2.19239997863769531 51.5
25.1109794039945555 -18.208814511401755 1.40725135803222656 2.11120009422302246 51
25.0265625361319266 -18.3756542778603738 0.330228269100189209 2.03000020980834961 50
22.8165098282736274 -21.0256905683541717 1.19574820995330811 0.893200039863586426 47
26.0680480188796011 -16.9965321790153858 0.583519637584686279 2.35480022430419922 47
25.7826826547157246 -17.4243625084642879 -0.640799641609191895 2.27360010147094727 47.5
25.4962309858947975 -17.8521928379131865 -0.0848801210522651672 2.19239997863769531 48
25.2912343480941644 -18.1361166020020015 0.447726994752883911 2.11120009422302246 49
25.0887192893902444 -18.4200403660908165 -0.154905766248703003 2.03000020980834961 47.5
25.8118456475174831 -17.4663482809125732 -1.45442390441894531 2.43600010871887207 48.5
25.9597306567628436 -17.2987025273234565 -0.536008536815643311 2.35480022430419922 49
25.2716179931163865 -18.296779571947031 0.114866167306900024 2.03000020980834961 46
24.6266741751340916 -18.893286555647844 3.16396260261535645 1.78640007972717285 49
25.3869854199876279 -18.2586923406075883 0.496788471937179565 2.03000020980834961 47
23.3675562930225169 -20.7273990731976951 2.67483925819396973 1.05560004711151123 47
23.6420631883123917 -20.6081319167334378 1.97190916538238525 1.05560004711151123 47
23.4980917667112692 -20.7534255297134571 2.16003727912902832 0.974400043487548828 46
23.5518216988250231 -20.8580640508269113 1.58209681510925293 1.05560004711151123 46.5
26.2478135599907603 -17.55002120113123 0.172213584184646606 2.43600010871887207 47
29.1327924240066025 -12.568858144048157 2.13173699378967285 3.81640005111694336 47.5
29.2070845837316924 -12.4258044313748286 1.94567131996154785 3.73520016670227051 47
29.3166789221307695 -12.2072501481239115 1.65995323657989502 3.65400028228759766 45
26.1015524755828494 -18.1400055098260609 0.942953228950500488 2.19239997863769531 46.5
29.1681787852630414 -12.7458761711181143 1.66603875160217285 3.81640005111694336 55
29.2130961141081507 -12.5985019778895619 1.97195005416870117 3.73520016670227051 57.5
29.1888078735652705 -12.5985019778895619 2.30368971824645996 3.65400028228759766 55.5
29.0678959700161563 -12.9171488821675151 2.05436611175537109 3.5728001594543457 47.5
29.2160528592335709 -12.7758660085811755 2.0005040168762207 3.81640005111694336 58
29.1912107342937333 -12.7758660085811755 2.33518004417419434 3.73520016670227051 60.5
29.2467932755730189 -12.6481073484953637 2.33518004417419434 3.65400028228759766 58
29.3189209498301722 -12.4365070677282397 2.55671024322509766 3.5728001594543457 47.5
29.3950287102922942 -12.6577888916983632 1.14602303504943848 3.89760017395019531 51
29.3511535696432162 -12.6777980426495134 1.83956420421600342 3.81640005111694336 57
29.3017658654269049 -12.6777980426495134 2.50612115859985352 3.73520016670227051 58.5
29.1512911103251149 -13.2460579296622125 -0.587291479110717773 3.5728001594543457 48
27.2511517721362608 -16.3194635157590646 4.08050680160522461 2.76080012321472168 46.5
27.2425624184814765 -16.3914964591832089 3.84218144416809082 2.67960023880004883 45.5
29.4521447753011039 -12.6633655120230948 1.61878633499145508 3.89760017395019531 47
29.4521447753011039 -12.6633655120230948 1.61878633499145508 3.81640005111694336 51
29.2347726396004646 -13.1767994003787976 1.45265305042266846 3.65400028228759766 50
29.2133596462566452 -13.5721083581731392 2.69873571395874023 3.5728001594543457 46
28.9872579575050722 -13.786192210251464 3.8190920352935791 3.49160003662109375 45.5
29.0811604880898251 -13.9922727308605328 2.87445688247680664 3.49160003662109375 46
28.8253520531896363 -15.8729462035758004 -1.09746599197387695 3.00440025329589844 45
28.985656292885011 -16.3783014493304613 -0.687848687171936035 3.00440025329589844 48
28.9160249232951791 -16.511458371682739 0.354157865047454834 2.92320013046264648 48.5
28.8123300450264459 -16.6903879860936151 0.413182914257049561 2.84200000762939453 46
27.8808275658525666 -18.3294591742009771 0.762194216251373291 2.43600010871887207 46.5
28.2129203048970076 -17.9610194368538565 0.579221189022064209 2.59840011596679688 45
28.2792417921524155 -18.0012911896254408 0.404545575380325317 2.59840011596679688 45.5
29.5991097312793308 -15.585357608140038 3.15428733825683594 3.16680002212524414 46
29.5292523478688693 -16.0136190510361303 0.739850223064422607 3.08560013771057129 47.5
29.3760410627376736 -16.3033253212305418 -0.458132624626159668 3.00440025329589844 46.5
28.1442874120598852 -18.3480637789795189 0.455842792987823486 2.43600010871887207 49
28.0495542189272022 -18.4530298189050335 1.29166042804718018 2.35480022430419922 48
29.4843995762624544 -16.2681808078943071 0.149232357740402222 3.00440025329589844 45
28.1936961700573434 -18.3890196923171558 0.982489347457885742 2.43600010871887207 49.5
28.0579620134158567 -18.4942200338063856 2.1726689338684082 2.35480022430419922 47.5
28.7478949660092304 -17.6581920226359195 -0.899572253227233887 2.67960023880004883 46.5
30.3892841859021203 -14.8232378790983326 -0.945369422435760498 3.4104001522064209 45.5
29.6679802448196277 -16.2307480626568541 0.710223913192749023 3.08560013771057129 46
28.7787831671684877 -17.7185666350670665 -1.40169548988342285 2.76080012321472168 47
28.804481158195955 -17.7185666350670665 -0.696387052536010742 2.67960023880004883 47.5
29.6436191852847024 -16.3429871115132812 -1.83650410175323486 3.16680002212524414 46
30.8597756436522808 -13.9931727234345562 2.4831845760345459 3.65400028228759766 45
30.8656697697563089 -14.0495922825687103 3.05320906639099121 3.65400028228759766 47.5
30.718552460502643 -14.2963749453152236 3.37444734573364258 3.5728001594543457 48
30.323371344659904 -15.4834846505958623 -0.396953940391540527 3.32920026779174805 51
30.3752489534365502 -15.3856225601963832 -0.171784952282905579 3.24800014495849609 51.5
28.8415260849068211 -17.9725856455391373 2.13431000709533691 2.59840011596679688 47.5
31.0480145747033376 -14.008045092712015 2.07631659507751465 3.65400028228759766 46
30.9395646284021595 -14.008045092712015 3.32168102264404297 3.5728001594543457 45
30.3138881073773803 -15.6711006744951771 -0.0209395736455917358 3.32920026779174805 50.5
30.3138881073773803 -15.6711006744951771 -0.0209395736455917358 3.24800014495849609 48.5
30.078891623022141 -16.0719397121557321 1.21187031269073486 3.16680002212524414 48.5
29.1752055751257728 -17.700881333286933 -0.04187764972448349 2.76080012321472168 46
28.9751712905598531 -18.0121712242360879 0.71884530782699585 2.67960023880004883 49.5
28.7880499781916441 -18.3234611151852462 -0.120979994535446167 2.51719999313354492 48.5
30.4394032493157844 -15.5901553414723093 -0.172541692852973938 3.32920026779174805 47.5
30.1948068285065681 -16.021790673020746 1.10268151760101318 3.16680002212524414 46.5
30.8152750994081543 -14.9861792338675155 0.780411243438720703 3.49160003662109375 45
30.8005297031757799 -15.1992512540292033 0.482412040233612061 3.49160003662109375 46
30.3548759154543113 -15.9332450310523583 2.15311431884765625 3.24800014495849609 46.5
30.7610786510928165 -15.3399810608062488 1.87666201591491699 3.49160003662109375 46.5
30.6726375615163498 -15.5292573274006056 1.76416277885437012 3.4104001522064209 46
30.5336358379507971 -15.7830595939703109 1.91650247573852539 3.24800014495849609 45
29.1366522425716994 -18.5262052906873755 1.80716192722320557 2.59840011596679688 47
29.0825028319844243 -18.6169353072695678 1.74595391750335693 2.51719999313354492 45.5
29.4560232595425084 -18.1030988473321486 2.28979253768920898 2.76080012321472168 45.5
29.292550576426077 -18.449486770744393 1.478371262550354 2.67960023880004883 45.5
29.7285104681403176 -17.9123047222724026 1.09121334552764893 2.76080012321472168 46.5
29.6137141937783959 -18.1075696720064769 0.984725773334503174 2.67960023880004883 46.5
37.9509928743353839 0.956952885578772672 -3.22746825218200684 0.730800032615661621 47
38.0163643943166463 1.01408440113571441 -2.31039285659790039 0.649600028991699219 51
38.1385774271069664 1.01608065045857865 -1.32188558578491211 0.730800032615661621 52
38.1502926417401298 1.01608065045857865 -0.923849761486053467 0.649600028991699219 56.5
38.141868988028051 1.30707088368850011 -0.905638158321380615 0.568400025367736816 49.5
37.833527791908466 0.962604143482350127 -6.04179716110229492 0.649600028991699219 51.5
38.1931632107374526 -3.47887436736122924 1.93388152122497559 0.730800032615661621 54
38.1499480789232948 -3.59883555244265052 2.48796677589416504 0.649600028991699219 54
38.2784898320309566 -3.69240534973864376 1.20381057262420654 0.730800032615661621 51
38.3053407214516 -3.48566911270900626 0.936356544494628906 0.649600028991699219 50.5
38.4531998105906894 0.968255497199190907 2.55275940895080566 0.649600028991699219 45
38.4756447235041819 -3.36411449061129719 -0.445021986961364746 0.730800032615661621 47
36.2667530480327756 -15.2326334830681631 2.99867415428161621 3.81640005111694336 49
36.1302723690554117 -15.4150307124770691 3.64455747604370117 3.73520016670227051 47
36.4592836575858144 -15.1726906719376302 1.65405929088592529 3.81640005111694336 47
36.2253669525719886 -15.5925079594098648 2.61194944381713867 3.73520016670227051 47
37.2092390723189439 -16.8096544244350845 3.13218140602111816 3.65400028228759766 46.5
37.3819262471456142 -16.8404416499074259 1.42895615100860596 3.73520016670227051 48.5
37.2561711236402857 -16.9686033062994177 2.66362595558166504 3.65400028228759766 48.5
37.1898605007568008 -17.2813177478958693 1.14939868450164795 3.49160003662109375 46
38.3071976563521019 -14.7449918116332768 2.08664631843566895 3.97880029678344727 46.5
37.464191989641094 -16.8712288753797672 1.00304234027862549 3.73520016670227051 47
37.3634251735597687 -16.9277230968802783 2.57621550559997559 3.65400028228759766 46.5
37.2438361750104079 -17.3745410305661352 -0.481944948434829712 3.49160003662109375 45
38.4625944436193947 -14.5815262191217307 1.84089958667755127 3.97880029678344727 47.5
38.2807955333691154 -14.8182058966374672 3.22215580940246582 3.89760017395019531 45.5
37.543873778234655 -17.0616663095871814 0.958909690380096436 3.65400028228759766 46
38.1369273823492776 -15.6416167544204843 2.94451642036437988 3.89760017395019531 47
38.0978533089425113 -15.863666777675709 2.15715622901916504 3.81640005111694336 46.5
38.3250870076695236 -15.5613648839538286 1.72970461845397949 3.89760017395019531 47
45.8143106117388328 -16.893534529633861 5.37804985046386719 4.14120006561279297 45
49.6176930945285335 -10.269764337666329 1.76249432563781738 4.87200021743774414 45
49.5859606734276142 -10.3077770372505348 2.33926677703857422 4.79080009460449219 48
49.5154049453359448 -10.3394542869040418 3.43664836883544922 4.70960044860839844 49
49.7383272606807978 -10.0946117912602151 1.51599371433258057 4.87200021743774414 48.5
49.6793420023080259 -10.1517151891994608 2.64698672294616699 4.79080009460449219 55
49.5981268995620965 -10.3230253830172032 3.40028572082519531 4.70960044860839844 55.5
49.4611383867289902 -10.5577837967674402 4.49774932861328125 4.62840032577514648 50
49.857922278514863 -9.96337627949176863 0.800800204277038574 4.87200021743774414 48
49.6713892776230637 -10.3382737287838697 3.40530824661254883 4.79080009460449219 55.5
49.6223516660992487 -10.370044699062861 3.97582364082336426 4.70960044860839844 57.5
49.6350476111106289 -10.395461475286055 3.74421858787536621 4.62840032577514648 51
49.4366790590768446 -10.5889740209293741 6.10280370712280273 4.79080009460449219 51
49.5823288813846403 -10.5889740209293741 4.77725934982299805 4.70960044860839844 54
49.7527226448334048 -10.3853399051422706 3.18859696388244629 4.62840032577514648 47.5
48.0761225110870782 27.4819083114522371 -2.31567168235778809 3.16680002212524414 45.5
52.5078088535857503 -18.4350536342540039 -0.0379422605037689209 4.14120006561279297 45
52.582403805857993 -18.4181187405229956 1.06749880313873291 4.22240018844604492 47
52.5663520362001222 -18.4947158316934122 0.00759708508849143982 4.14120006561279297 45
49.174458774284453 26.7931057891804123 -3.34846591949462891 3.32920026779174805 45.5
49.7612875773527747 26.3867646710539745 0.241925626993179321 3.32920026779174805 45
55.2779487667716012 -16.2297178522309054 4.00094032287597656 4.54720020294189453 49.5
55.1778901189951156 -16.2297178522309054 5.20188093185424805 4.46600008010864258 52
55.0850588481951462 -16.2297178522309054 6.10699796676635742 4.38479995727539062 49
55.4680716005330154 -15.9906662234724504 3.36484789848327637 4.54720020294189453 51
55.3816191115540732 -15.9906662234724504 4.5722661018371582 4.46600008010864258 54
55.2368989996427331 -15.9906662234724504 6.07572603225708008 4.38479995727539062 51.5
50.599230791618389 27.9348918300698124 -1.75800669193267822 3.24800014495849609 46
55.6201586270468411 -16.0114065978926305 1.56300127506256104 4.54720020294189453 49
55.4279510400580619 -16.0114065978926305 4.87720584869384766 4.46600008010864258 50
50.7250712272046869 27.9132429528557431 -0.47763746976852417 3.24800014495849609 46.5
58.6482781093808399 -5.50061381078672351 -7.04118537902832031 4.87200021743774414 47
58.3049449610133337 -6.01212641583292839 -9.15661525726318359 4.79080009460449219 49
62.1878549567197894 -0.995677857626530605 2.59658312797546387 1.86760008335113525 66
62.149428054560488 -1.28349098834669961 3.29605650901794434 1.78640007972717285 67
62.2046114068623268 -1.495316130926021 3.57155632972717285 1.94880008697509766 58.5
62.220143497720855 -1.33176592910598734 3.35943222045898438 1.86760008335113525 73
62.1849986988585144 -1.495316130926021 3.89815020561218262 1.78640007972717285 74
62.1558304512965307 -1.56540907456317835 4.31366586685180664 1.70520007610321045 61.5
62.2162541996365022 -2.24567335040304483 4.22547578811645508 1.94880008697509766 56
62.2074392426347629 -2.13650867364734154 4.40797662734985352 1.86760008335113525 71
62.2074392426347629 -2.13650867364734154 4.40797662734985352 1.78640007972717285 72
62.2017069783723997 -1.99615408924715099 4.55224800109863281 1.70520007610321045 59.5
62.3724135661661094 -2.99783000588941118 1.95472538471221924 1.86760008335113525 65
62.3806096362456941 -2.6621355000215865 2.16757369041442871 1.78640007972717285 67
62.3972050417225077 -2.33424784312743228 2.0654139518737793 1.70520007610321045 56.5
62.5196934534552256 -1.33657379719344904 1.4156796932220459 1.86760008335113525 67.5
62.5065348995136887 -1.57106042828001913 1.72262823581695557 1.78640007972717285 69.5
62.5211096836713338 -1.57106042828001913 1.07033157348632812 1.70520007610321045 59
62.551276562355433 -2.00335183328452038 2.28371930122375488 1.94880008697509766 51
62.5459395614619424 -1.7529328541239555 2.61222529411315918 1.86760008335113525 66.5
62.5764642328527074 -1.33817641988926961 2.0703730583190918 1.78640007972717285 67.5
62.5989790197939868 -2.60904323998292709 2.41887497901916504 1.94880008697509766 49
62.628463025690408 -2.50718869908269237 1.6370236873626709 1.86760008335113525 61
62.5424199932729223 -3.00862643889923076 3.26865696907043457 1.78640007972717285 59
62.7133800604281504 -2.76120653500808899 0.329540610313415527 1.86760008335113525 58.5
62.6992696682686699 -3.01222531091791534 0.654802143573760986 1.78640007972717285 58
57.425918519808441 -16.065201658228883 19.6182060241699219 1.54280006885528564 51
57.0623619550082992 -16.4025081383577138 20.3849258422851562 1.46160006523132324 48
62.6228507532267429 -2.34825893410948838 -4.79444599151611328 1.86760008335113525 47.5
62.6354235362480836 -2.15191621386622023 -4.72181510925292969 1.78640007972717285 48
57.5947982947334509 -15.479660063979269 19.8328495025634766 1.62400007247924805 45.5
57.2559608677463601 -15.9430288837533816 20.4376506805419922 1.54280006885528564 51.5
62.9639672687104692 -2.12556229240357286 0.146032676100730896 1.78640007972717285 47
57.5426960915383887 -15.6189466226988429 20.3442096710205078 1.62400007247924805 45.5
57.4035644863100671 -16.1227836105278364 20.3442096710205078 1.54280006885528564 51
57.674717977290257 -17.1304575861858268 -18.6862220764160156 1.46160006523132324 48
57.9428665935944238 -15.8030581639910732 19.2702655792236328 1.54280006885528564 49
59.7638735105497432 -2.73499310868074907 19.9813690185546875 1.46160006523132324 46
60.2580275739506916 -3.02662061594641951 18.3919944763183594 1.38040006160736084 50
57.445619449385724 -21.588317362180323 -14.5739889144897461 1.29920005798339844 47
59.6940443740750126 -2.02254557332252594 -20.7347812652587891 1.46160006523132324 45.5
57.7812868749441506 -22.8089416803989593 -11.7675724029541016 1.21800005435943604 46
57.0155602305242439 -21.9342655842261998 -16.5832500457763672 1.29920005798339844 46
63.3553239625908517 -1.77602529591293834 2.97507643699645996 1.86760008335113525 48.5
63.4857977032186369 -1.35740764770078681 1.77112197875976562 1.86760008335113525 57
63.4644502825324039 -1.52410683250614665 2.31653904914855957 1.78640007972717285 59
63.5558044559272943 -1.59743312485215272 1.75154531002044678 1.86760008335113525 56
63.546540275192875 -1.42258969825141945 2.18494224548339844 1.78640007972717285 57
63.5666998519491173 -1.89148797868065821 0.810824096202850342 1.70520007610321045 47.5
63.5919597567775412 -2.47747968076108371 -3.73999977111816406 1.86760008335113525 46
63.6573665385809306 -2.71646485896954815 -2.10321855545043945 1.78640007972717285 48.5
63.7643431954710209 -2.76751383490665814 0.282843500375747681 1.94880008697509766 52.5
63.7296979771915488 -3.06260897004079746 1.66639614105224609 1.86760008335113525 67.5
63.7353090748661018 -2.76751383490665814 1.94477188587188721 1.78640007972717285 68.5
63.7089779759837 -3.06260897004079746 2.32747912406921387 1.70520007610321045 57
63.8242376286526536 -2.81069052188785884 1.33299648761749268 1.86760008335113525 70.5
63.795072845705171 -3.06620784205948205 1.99931097030639648 1.78640007972717285 71
63.8129589513094757 -2.61106761550377797 2.07333040237426758 1.70520007610321045 59.5
63.9105426456712706 -2.84596664117663423 0.379462480545043945 1.94880008697509766 46.5
63.9052098309976913 -2.81398948790498649 1.00313472747802734 1.86760008335113525 61
63.8991494659276427 -2.81398948790498649 1.33456110954284668 1.78640007972717285 62
63.9429592708627084 -3.65767279387047228 -0.567668735980987549 1.86760008335113525 47.5
64.1080237404884201 -2.39869894716180232 2.45925283432006836 1.86760008335113525 48.5
64.115125854085278 -2.16604921650062421 2.48986601829528809 1.78640007972717285 50
64.1921004254808167 -2.57016834925555937 2.01104402542114258 1.86760008335113525 52.5
64.11733767765773 -2.73883564717545536 3.56955432891845703 1.78640007972717285 52
64.2050202994754073 -3.08780107417159044 3.01727628707885742 1.86760008335113525 49
64.2370520376214671 -2.62945560222424524 2.7586982250213623 1.78640007972717285 50
64.7244655011129595 -3.10939394019122917 0.340170949697494507 1.86760008335113525 52.5
64.7208017329841709 -2.88266729871895278 1.39593911170959473 1.78640007972717285 53.5
64.8109408978797461 -2.81304281854113736 0.628056824207305908 1.86760008335113525 53
64.7900753828639893 -2.85357657673337295 1.69381046295166016 1.78640007972717285 54
64.6611895822151439 -6.02216413983755317 1.08040237426757812 5.1156001091003418 46
64.6436483505134163 -5.88419002881701658 2.25344395637512207 5.03439998626708984 48.5
64.5860377068734408 -5.9734673947714807 3.38595342636108398 4.95320034027099609 49
64.6022989532937544 -6.3468091069446988 2.18264007568359375 4.87200021743774414 46
64.8691253240171051 -2.42672112912591409 2.14723730087280273 1.86760008335113525 49
64.8946118474253097 -2.07772778948573267 1.69576871395111084 1.78640007972717285 51.5
64.705423249593693 -5.7934784794071561 2.80977678298950195 5.1156001091003418 52.5
64.6848508775136821 -6.12662380571247667 2.56615924835205078 5.03439998626708984 57
64.6989826339009113 -6.02911785654994414 2.43769454956054688 4.95320034027099609 56
64.6215541463893004 -5.98036488196867744 4.06702327728271484 4.87200021743774414 51
64.9828789390731174 -2.34014277990078678 0.00443106377497315407 1.86760008335113525 54.5
64.9776274105865639 -2.29138980531952008 0.953105568885803223 1.78640007972717285 55
64.7558604395638895 -6.24757885653193679 2.37841010093688965 5.1156001091003418 54
64.7105943590332657 -6.24757885653193679 3.39377331733703613 5.03439998626708984 58.5
64.7167270137966426 -6.101151227081969 3.54003000259399414 4.95320034027099609 58.5
64.7114580196698768 -5.89777951951257062 3.95654296875 4.87200021743774414 51.5
65.0384941211693075 -2.70891114482439432 0.81663137674331665 1.86760008335113525 54.5
65.0446290983338855 -2.43232562253001161 1.13615024089813232 1.78640007972717285 56
64.861817802356228 -6.10817991648128622 1.84822177886962891 5.1156001091003418 51
64.766576510578787 -6.25477623447683673 3.73487663269042969 5.03439998626708984 55.5
64.7159487935556683 -5.90457391926524355 4.97623920440673828 4.95320034027099609 56
64.7409650012519933 -5.90457391926524355 4.63946008682250977 4.87200021743774414 50
65.1380978267603012 -2.08492541149227906 0.679836392402648926 1.86760008335113525 48
65.0805136885963691 -2.29667564859696327 2.6519935131072998 1.78640007972717285 48.5
64.5098997283328401 -5.63414552888466158 8.01820278167724609 5.03439998626708984 45.5
64.8417335744646408 -5.63414552888466158 4.62260866165161133 4.95320034027099609 48
65.6136275906576429 -3.41919362123671222 3.08409214019775391 1.78640007972717285 45
66.1425391491337535 -2.47435889547617949 2.18938851356506348 1.86760008335113525 52
66.1496618253118385 -2.38332896955565099 2.07205605506896973 1.78640007972717285 52.5
66.2222811649637464 -2.27004051472946866 2.26866292953491211 1.86760008335113525 50.5
66.1788271491327436 -2.75884485914201827 2.90551161766052246 1.78640007972717285 51
67.0520192416721983 -2.50798528578801339 1.87149250507354736 1.86760008335113525 52.5
67.0128450039199492 -2.68413140953901053 2.79992985725402832 1.78640007972717285 53.5
67.0010745701363248 -2.79629530361564305 4.34480524063110352 1.86760008335113525 47.5
67.0650377627000296 -2.41841755988379914 3.5032498836517334 1.78640007972717285 49.5
53.8925106139271648 44.1936548653385586 4.24846363067626953 1.70520007610321045 45.5
72.5927416074127478 -0.581211943030366052 3.4076230525970459 1.86760008335113525 48.5
72.5074793931827486 -0.826410731496301731 4.86194324493408203 1.78640007972717285 49
72.197658881737965 -7.89082151388081598 4.21847963333129883 4.95320034027099609 46
71.2221656515496022 -15.5112911869350167 3.48629641532897949 4.70960044860839844 50
72.9447131455897022 -1.83290389686886446 -1.02983546257019043 1.78640007972717285 47
71.3709779589740236 -15.189485285994003 3.43018174171447754 4.70960044860839844 54.5
73.0162594782339767 -1.83478758562788147 1.25000345706939697 1.86760008335113525 46
71.2607926919072838 -15.5979993302409721 5.08602237701416016 4.87200021743774414 45
71.2276372783159104 -15.7898903589082593 4.95670413970947266 4.79080009460449219 52.5
71.4768032509385307 -15.2050796048746193 2.6716010570526123 4.62840032577514648 53
73.1038243083112746 -0.877216131050458814 1.52543604373931885 1.86760008335113525 50
73.0710962916274838 -0.877216131050458814 2.66661810874938965 1.78640007972717285 52
71.4003559287264551 -15.5591160112832014 4.25952243804931641 4.79080009460449219 47.5
71.2273284729829754 -15.5591160112832014 6.54385042190551758 4.70960044860839844 50.5
71.3006957241295396 -15.8060861067003948 4.96178817749023438 4.62840032577514648 51
73.1547976277299341 -1.17082119308891808 2.29029059410095215 1.86760008335113525 52.5
73.1460455800350786 -0.878115894816688614 2.66935324668884277 1.78640007972717285 54
74.5039623681136192 -1.19241418113938025 2.33252954483032227 1.78640007972717285 52
74.6167275795276197 -0.848584771217561928 0.717358589172363281 1.86760008335113525 52.5
72.1851219688897885 18.6783306536705602 8.08876895904541016 4.62840032577514648 46.5
72.4551066141540474 19.3818479262046282 3.29517889022827148 4.62840032577514648 47.5
72.3249362404137628 19.7289574970030621 4.01600980758666992 4.54720020294189453 46
72.6306038082772858 19.2321768185341284 1.56255578994750977 4.62840032577514648 45
79.1515910299945489 -20.9788127754104998 3.84926986694335938 4.62840032577514648 50.5
79.0416797926385897 -21.1631968720693848 4.94308805465698242 4.54720020294189453 52.5
79.1572284121523495 -20.4154169245083636 6.10291671752929688 4.46600008010864258 49
79.4144963371339259 -20.3418181025365818 3.42807412147521973 4.70960044860839844 46.5
79.3022156009302819 -20.8134529980591019 3.18773245811462402 4.62840032577514648 54.5
79.3297329660833981 -20.6699119429000753 3.42807412147521973 4.54720020294189453 57
79.3464699772185895 -20.5571296852751253 3.70750069618225098 4.46600008010864258 53.5
79.55888688506883 -20.2270013756303157 2.40164589881896973 4.70960044860839844 46.5
79.4582088281539285 -20.4527720657692633 3.54868006706237793 4.62840032577514648 53.5
79.4685077085170235 -20.5759197149359636 2.42962360382080078 4.54720020294189453 54.5
79.4577538030567325 -20.6888050600054392 1.7187807559967041 4.46600008010864258 52
79.5776991187509708 -20.4714515364577636 2.26939249038696289 4.54720020294189453 47
79.5477278798041425 -20.7077000990962645 0.437118113040924072 4.46600008010864258 46.5
82.9457888282439626 -12.7524737370598995 0.881138801574707031 4.95320034027099609 45.5
82.8765684216759411 -12.7524737370598995 3.50069451332092285 4.87200021743774414 46.5
89.5743831947602871 29.1568933662302427 3.75260376930236816 4.46600008010864258 46
89.6542615863684773 28.6503291582512922 5.38963747024536133 4.38479995727539062 45.5
89.7364978156191881 29.1093507877354405 1.38937044143676758 4.46600008010864258 45.5
91.5288886376699367 28.2988424362124107 6.13501834869384766 4.54720020294189453 48.5
91.5288886376699367 28.2988424362124107 6.13501834869384766 4.46600008010864258 53
91.6543622609597577 28.0229317214888489 5.49477863311767578 4.38479995727539062 51
91.6003999463556369 28.320952256259659 6.13981151580810547 4.54720020294189453 53
91.6323693102811347 28.1768863694113705 6.32282209396362305 4.46600008010864258 57
91.6948335436089366 28.0448259731337757 5.99599695205688477 4.38479995727539062 54.5
91.5683470325659243 28.0667179977161787 8.50409507751464844 4.54720020294189453 53
91.6853112154033596 27.6822424087063652 8.50409507751464844 4.46600008010864258 55.5
92.0659745761131632 27.4659748898883471 3.78137993812561035 4.38479995727539062 52
91.4575843357675069 27.4874005145716964 11.7984991073608398 4.54720020294189453 48.5
100.94553637174684 -5.58373396951148937 6.75104713439941406 5.03439998626708984 46
101.240984489432876 -5.67656313790810074 0.00690980162471532822 5.1156001091003418 52
101.246575272377527 -5.51184143970987517 0.843389451503753662 5.03439998626708984 52
101.122274705774373 -5.94265203499754335 4.57495212554931641 4.95320034027099609 49
101.290755862201692 -5.94704775589714529 1.41127943992614746 5.19680023193359375 47.5
101.322278070211979 -5.51591849427560366 -0.740247189998626709 5.1156001091003418 52.5
101.25765182284735 -6.08653075230411389 2.64939379692077637 5.03439998626708984 53.5
101.304266240207099 -5.41447631507053462 2.30357789993286133 4.95320034027099609 48
101.36861772353457 -5.68496050595169855 2.11840057373046875 5.1156001091003418 48.5
101.356572122003328 -5.51999513412720777 2.96278500556945801 5.03439998626708984 48
