
X Y Z V_r Mag
6.58903829093975535 2.33543806063077231 -0.912584364414215088 1.86760008335113525 46.5
6.73157183942000792 2.32823111047608977 -0.175827592611312866 1.94880008697509766 60
6.7294396497359239 2.33624414297868421 -0.149117752909660339 1.86760008335113525 65
6.71011309733837891 2.39322570744157881 -0.111720509827136993 1.78640007972717285 58.5
6.81485162243724751 2.31944951354928852 -0.134000897407531738 1.94880008697509766 68.5
6.80731380719052925 2.34194223575205518 -0.125656932592391968 1.86760008335113525 73
6.80444181684341576 2.35273874240938285 -0.0647947490215301514 1.78640007972717285 66
6.90224253645652652 2.27724748287893064 -0.3143576979637146 2.03000020980834961 47.5
6.89513488429986321 2.31088347364400892 -0.206303000450134277 1.94880008697509766 68.5
6.90352222013310968 2.28815645285679414 -0.177049636840820312 1.86760008335113525 72
6.89103510865764868 2.32724692861080351 -0.152257069945335388 1.78640007972717285 63.5
6.70529411287544885 2.72269709030834228 -0.742684721946716309 1.70520007610321045 48
6.96012884372790896 2.31174578431540834 -0.484713137149810791 1.86760008335113525 66.5
6.73906879956512128 2.8214871074362069 -0.804156363010406494 1.78640007972717285 64
6.76554434519524062 2.78199363555477586 -0.714441239833831787 1.70520007610321045 49.5
7.06703960422445654 2.25646985968212865 -0.309712678194046021 1.86760008335113525 60.5
6.72774285298494767 3.0479043951709679 -0.760515093803405762 1.78640007972717285 59
7.10492076049184984 2.39922375883038219 -0.117600537836551666 1.94880008697509766 56
7.11584084841197662 2.36923346184500216 -0.0393722951412200928 1.86760008335113525 59.5
7.13031247189559547 2.46391838901724425 -0.684381186962127686 1.94880008697509766 53
6.77980252146634932 3.46719680120016083 -0.731662094593048096 1.78640007972717285 50.5
7.09844400814624965 3.03976959944316372 -0.218010947108268738 1.86760008335113525 52.5
6.8505080425210636 3.50118905594803254 -0.698457956314086914 1.78640007972717285 55
6.78608947905748749 3.58324063294157602 -0.886006057262420654 1.70520007610321045 50.5
7.26943828574308171 2.82756006489550105 0.0132943969219923019 1.86760008335113525 53
7.03813074699217189 3.52685891480296432 0.203996673226356506 1.86760008335113525 50.5
7.1546513065245394 3.46507881808725671 0.0818418338894844055 1.86760008335113525 52.5
7.22520728740836926 3.53045770292545891 -0.970696032047271729 1.86760008335113525 50
7.19726406892538506 3.57195677569493819 -1.02495050430297852 1.78640007972717285 56
7.1749838778731645 3.59523674334610899 -1.09721684455871582 1.70520007610321045 50.5
7.38198613053369446 3.45588487418287382 -0.627511858940124512 1.86760008335113525 54
7.28315000045468253 3.53045761902926758 -1.14988076686859131 1.70520007610321045 52.5
7.50887957809520135 3.38656035208422335 -0.458730578422546387 1.86760008335113525 52.5
7.4331445272108585 3.48759015863041943 -0.804723143577575684 1.78640007972717285 55
7.34298052883410435 3.56284705534340196 -1.20384931564331055 1.70520007610321045 47.5
8.42735055615633755 2.12211346586214944 -0.407929837703704834 1.94880008697509766 49.5
8.42941001535071521 2.12211346586214944 -0.362895667552947998 1.86760008335113525 48.5
8.49038597027670505 2.14589010051245088 -0.556001663208007812 1.94880008697509766 47
8.49375014103030246 2.1524692219243442 -0.472988396883010864 1.86760008335113525 45.5
8.2412477957934307 3.22035802435530139 0.183410227298736572 1.78640007972717285 49
8.29858658186271647 3.28333757537812421 -0.0937043800950050354 1.94880008697509766 50
8.35122352247547006 3.34691693077713559 -0.234979182481765747 1.94880008697509766 47
8.36871934643371773 3.3109285766827572 -0.0478593595325946808 1.86760008335113525 56.5
8.09871538008089509 4.09376934207265109 -0.0866175144910812378 1.78640007972717285 50.5
10.6491906562739302 -4.47129065498268563 -0.0692950710654258728 -4.06000041961669922 46.5
10.6643953767249346 -4.43376529764583882 0.12205100804567337 -4.14120006561279297 50
10.6538237613048867 -4.45974439118673249 0.0960665494203567505 -4.22240018844604492 49.5
10.6724800192128093 -4.40778620410494515 0.268494725227355957 -4.30360031127929688 46
10.7072053254219313 -4.52502006917134381 0.143449157476425171 -4.06000041961669922 52
10.7133263064989706 -4.50904086507475199 0.183864980936050415 -4.14120006561279297 55
10.7212249178783043 -4.4887036962245439 0.217941060662269592 -4.22240018844604492 49
10.7343476639536135 -4.46255590770284716 0.00158485618885606527 -4.30360031127929688 48
10.8144553432345418 -4.46503039820475234 -0.0327045395970344543 -4.06000041961669922 55
10.81345410307636 -4.46503039820475234 0.150755107402801514 -4.14120006561279297 57
10.791468132358494 -4.51766336949989711 0.157934650778770447 -4.22240018844604492 47.5
10.8008086188474621 -4.49134688385232472 0.245665028691291809 -4.30360031127929688 51.5
10.8028945440243369 -4.49134688385232472 0.123636089265346527 -4.38479995727539062 48
10.8726932461342933 -4.52013749390933306 -0.0594058036804199219 -4.06000041961669922 54.5
10.8712603826506662 -4.52013749390933306 0.186237439513206482 -4.14120006561279297 56
10.8684860958110576 -4.52013749390933306 0.308234125375747681 -4.22240018844604492 54
10.8643100254106795 -4.52013749390933306 0.430998682975769043 -4.30360031127929688 52
10.8726932461342933 -4.52013749390933306 -0.0594058036804199219 -4.38479995727539062 47
10.9287328487467228 -4.57558197957551993 0.222159281373023987 -4.06000041961669922 49.5
10.9520877684342217 -4.52227422835716375 0.152687862515449524 -4.14120006561279297 52.5
10.9406811546232952 -4.52227422835716375 0.522539854049682617 -4.22240018844604492 52.5
10.9302914650118872 -4.52227422835716375 0.707296669483184814 -4.30360031127929688 47
11.0354021166049669 -4.51364257316950734 0.229254886507987976 -4.22240018844604492 47.5
13.0411460026401027 -7.02363356817175877 -1.05810165405273438 5.19680023193359375 45
11.7730272717896316 -9.66647203025531532 -1.43009459972381592 3.32920026779174805 48
14.036084758473411 -9.53091663021014845 -1.4144362211227417 4.30360031127929688 45.5
14.1223035969824782 -9.57290240265843551 -1.15329098701477051 4.38479995727539062 47.5
14.2305560002999218 -9.54621146257016306 -1.15834927558898926 4.38479995727539062 45
14.2893456113487183 -9.62958427086024926 -1.80038225650787354 4.30360031127929688 47
14.3258794897363426 -9.74084869576068613 -1.62638211250305176 4.38479995727539062 47
14.0653921203259298 -10.0582959970064589 -1.93790817260742188 4.14120006561279297 48
14.0892273948317559 -10.0582959970064589 -1.75625443458557129 4.06000041961669922 46.5
14.796184220973279 -9.38447878830567639 -1.90922152996063232 4.62840032577514648 45
14.4648406215290208 -10.1640117776250349 -1.84714555740356445 4.22240018844604492 48
11.8110956122463886 -13.2802942347945994 -0.287194371223449707 1.29920005798339844 46
11.8628391366449932 -13.336328371729488 -0.194709122180938721 1.29920005798339844 46
15.1321383123735131 -9.46133889546449858 -1.67545402050018311 4.79080009460449219 47.5
15.1687655224709737 -9.46133889546449858 -1.30280041694641113 4.70960044860839844 47
14.2929497994474328 -11.5472476618368134 0.11525224894285202 3.4104001522064209 46.5
14.1746576638869488 -11.6827194478873935 0.483507305383682251 3.32920026779174805 45.5
15.1739016042184733 -10.7519708606350584 -0.328418046236038208 4.14120006561279297 46
15.1909469797010708 -10.7953260219851508 -1.2048870325088501 4.14120006561279297 46.5
8.19581563645179934 17.0304777776495548 -0.0386564768850803375 -2.03000020980834961 51
8.317395478836767 16.9714343794466345 0.0373683348298072815 -2.11120009422302246 53
8.19439969393950562 17.0304777776495548 0.157199814915657043 -2.19239997863769531 48
8.22726619849262342 17.098058002007722 -0.138420209288597107 -1.94880008697509766 48
8.34716422873767527 17.0387803081996232 0.235439792275428772 -2.03000020980834961 54.5
8.35026429802821468 17.0387803081996232 -0.0608009248971939087 -2.11120009422302246 54
8.34896888669096349 17.0387803081996232 -0.159116819500923157 -2.19239997863769531 45.5
8.38340638086143741 17.1061279496742813 0.0376649051904678345 -2.03000020980834961 48.5
8.38196909874213603 17.1061279496742813 -0.159745752811431885 -2.11120009422302246 46
17.8537482634266773 -9.35817220717545339 -0.836044609546661377 -4.95320034027099609 46.5
17.9570521357688619 -9.31198662192025495 -0.945356309413909912 -4.95320034027099609 48
17.9911085468925194 -9.42774951481322354 -0.737027466297149658 -4.95320034027099609 46
17.9900667278917368 -9.71480332565905869 -1.09806299209594727 -5.03439998626708984 46.5
17.9703564323984075 -9.74294734372127813 -1.16914737224578857 -5.1156001091003418 48.5
17.9676427121974278 -9.86080957099821909 -1.49358701705932617 -5.03439998626708984 47
18.0818455453352485 -9.61428933172326516 -1.70729303359985352 -5.1156001091003418 45.5
18.1074153153397788 -10.1115567472906154 -1.21597170829772949 -5.03439998626708984 46
18.1056838436477783 -10.0804043259895906 -1.47320854663848877 -5.1156001091003418 48
18.2223686502497166 -10.0725032015315357 -1.10114014148712158 -5.03439998626708984 45
19.1041689235464638 -9.65473855020271898 -1.38538599014282227 -4.79080009460449219 45
19.1038584290967535 -9.84719225155481048 -1.18368041515350342 -4.79080009460449219 45.5
19.1859049177669085 -9.68849671950298585 -1.16609883308410645 -4.87200021743774414 45
19.3010192423892981 -9.67366975141190366 -0.671406328678131104 -4.79080009460449219 46
19.6253108517943211 -10.0267495937112869 -0.716947078704833984 -4.79080009460449219 45
19.704157828204373 -9.99726486446736651 -1.14738905429840088 -4.79080009460449219 45
22.525964907819926 -6.78020624086399959 -1.10101568698883057 -3.5728001594543457 46
22.0442029085852838 -9.485930333376416 -0.265066564083099365 -4.30360031127929688 46
21.9850651854414245 -9.59689442516741309 -0.746007025241851807 -4.38479995727539062 46
12.8882653490983099 -20.3760075697603185 1.39050042629241943 -1.13680005073547363 47
12.7343113974483799 -20.4725763260151084 1.39050042629241943 -1.21800005435943604 49
12.4548306178322097 -20.6657138385246846 1.01393032073974609 -1.29920005798339844 49
12.7869217060560736 -20.5361547814367995 1.26948857307434082 -1.05560004711151123 46
12.9888463832439172 -20.4241503995215332 0.997276961803436279 -1.13680005073547363 49
12.5032056836506893 -20.7298920906956354 0.890005707740783691 -1.29920005798339844 49
22.1720650118457137 -9.93852184203700695 -0.339612066745758057 -4.46600008010864258 47.5
22.0933552240111766 -10.105530305621496 -0.501943588256835938 -4.54720020294189453 48.5
20.0068308889229804 -13.6035984883366297 -2.27132678031921387 4.38479995727539062 45.5
22.2828834635153115 -9.87781991529076464 -0.206061124801635742 -4.38479995727539062 48
22.1668762774718857 -10.13672052978343 0.131281927227973938 -4.54720020294189453 45.5
22.5102857534062757 -9.51713928116608088 -0.716676294803619385 -4.22240018844604492 46.5
22.4456073054831968 -9.66379182867682651 -0.77998816967010498 -4.30360031127929688 47.5
22.349914683111745 -9.90821274119473649 -0.333373278379440308 -4.38479995727539062 45.5
22.5746425340984658 -9.58310885763342135 -0.158842518925666809 -4.22240018844604492 45
23.0354821195599477 -9.24742342399460071 -0.363872259855270386 -4.14120006561279297 46.5
23.1506297965550161 -9.16023629016408236 -0.38534080982208252 -4.14120006561279297 48
23.2594035416043852 -9.07235493084636424 -0.665683448314666748 -4.14120006561279297 45
21.5932539001952755 -12.9549081573383411 -0.970461547374725342 4.95320034027099609 45.5
24.2112203143992026 -7.35545736954386786 1.52860355377197266 -3.49160003662109375 49
24.1147527403441728 -7.70390711573242282 1.32326459884643555 -3.5728001594543457 47.5
24.165105462781451 -7.4726631932618357 1.68211209774017334 -3.73520016670227051 45.5
24.2087357436550441 -7.60914738181849071 1.5711897611618042 -3.4104001522064209 48.5
24.2676580220593827 -7.49477188881412015 1.15751016139984131 -3.49160003662109375 55.5
24.1701150627620898 -7.72669997185075896 1.59195041656494141 -3.5728001594543457 56
24.1979206644563227 -7.59008479965109562 1.81159913539886475 -3.65400028228759766 55
24.155528005003795 -7.52336576206521368 2.51796150207519531 -3.73520016670227051 50.5
24.3053459361630573 -7.56786408981357006 1.49252915382385254 -3.4104001522064209 51
24.2883505665154864 -7.63159347162252644 1.44393002986907959 -3.49160003662109375 57.5
24.2548617212724338 -7.64752581707476509 1.86202490329742432 -3.5728001594543457 58.5
24.1953236847431263 -7.51688058436640461 2.88668298721313477 -3.65400028228759766 54.5
24.1223431222934188 -7.2842683407637141 3.91179084777832031 -3.73520016670227051 47
21.2944584461680257 -13.8675134816289081 -2.11853885650634766 4.54720020294189453 45
24.4000707739199783 -7.56775128590310153 1.20265769958496094 -3.4104001522064209 50
24.380295534871383 -7.6540389905987869 1.04762542247772217 -3.49160003662109375 55.5
24.2119636573279635 -7.6540389905987869 3.04584121704101562 -3.5728001594543457 50.5
22.963739393690215 -7.42074260382897055 8.46640110015869141 -3.65400028228759766 52.5
23.9855038876354634 -8.86206685633838731 0.48992881178855896 -3.89760017395019531 45
24.5463950213610858 -7.44250453306695459 0.0786921977996826172 -3.4104001522064209 48
24.5096762043460998 -7.56109741322349027 -0.167877838015556335 -3.49160003662109375 47.5
24.5075001210818044 -7.56109741322349027 0.36722138524055481 -3.65400028228759766 57
24.5172983480655873 -7.52263485749704586 -0.484369993209838867 -3.73520016670227051 54
24.3229386217894756 -8.06752106362167254 -1.11010146141052246 -3.81640005111694336 48
24.1564946336282276 -8.61561248272350078 -0.396947473287582397 -3.89760017395019531 45.5
24.5373474744361175 -7.67964309057061811 -0.846957385540008545 -3.5728001594543457 52
24.5522810020028501 -7.5092700960958414 -1.60373401641845703 -3.65400028228759766 53.5
24.5267032145748693 -7.67964309057061811 -1.11334729194641113 -3.73520016670227051 51.5
24.4521483879335939 -7.95609738349195439 -0.754048943519592285 -3.81640005111694336 45.5
24.2537064453878628 -8.50257679973180558 -1.11334729194641113 -3.89760017395019531 46.5
24.6070975107928192 -7.56662675971306076 -1.69617581367492676 -3.65400028228759766 45.5
24.7647197624111648 -7.74681209345912336 -0.313140422105789185 -3.5728001594543457 45
24.5244070541611485 -8.62124502796305414 -1.23622322082519531 -3.89760017395019531 45.5
13.6260399072823795 -22.3741675494803829 1.67039906978607178 -1.46160006523132324 48.5
23.5532794284991667 -11.9502708829613287 2.70861625671386719 -4.70960044860839844 46.5
23.5184933236375215 -12.0730249147962994 2.45460391044616699 -4.79080009460449219 46
23.7142232359370375 -11.9241421774862726 2.08354353904724121 -4.79080009460449219 45
26.5669278602172199 -1.81501271002288678 1.94783687591552734 -2.76080012321472168 47
26.6834460212491393 -1.6528214877801144 -1.47056305408477783 -2.67960023880004883 46.5
26.7513830746309758 -1.86211619182359001 -1.3485482931137085 -2.67960023880004883 47
26.7762575214302565 -1.7226426225360445 -2.24058699607849121 -2.76080012321472168 47
26.8532168381398577 -1.86731768653809516 0.611222803592681885 -2.84200000762939453 47
25.0452806350640245 6.19112197765499417 7.9626617431640625 -2.92320013046264648 46.5
25.2871480907333037 6.10677426678775959 7.22962760925292969 -3.08560013771057129 45.5
25.7137063025473758 -1.87772054368760011 -8.26650714874267578 -2.92320013046264648 48.5
25.3681240067063953 6.20831927507521897 7.13937711715698242 -3.08560013771057129 45.5
24.6520225537517881 -11.1512917333231165 0.991022408008575439 -4.38479995727539062 45
24.6142470624731402 -11.1986576569476686 1.33588242530822754 -4.46600008010864258 46
25.7463283226950104 -2.17129748572495007 -8.33874320983886719 -2.92320013046264648 45.5
25.9723550663425549 -1.92363386625944832 -7.67196226119995117 -3.00440025329589844 47.5
24.7640010456272712 -11.1041510480902534 0.751412749290466309 -4.38479995727539062 47
24.7390448970508103 -11.1448628759475969 0.945671200752258301 -4.46600008010864258 46
24.8509646651514693 -11.1042068114095702 0.571643590927124023 -4.38479995727539062 48.5
21.2723287689052469 -16.5043348552769196 -4.51497793197631836 5.19680023193359375 45
25.3155835683211023 -12.146070330560562 1.61554241180419922 -4.54720020294189453 45
24.4143558865537429 -14.1130583671463476 0.0288388039916753769 5.1156001091003418 46
24.3374078443807882 -14.2399173187611474 -0.39411771297454834 5.03439998626708984 47.5
25.6299195799352404 -12.1619648528928685 1.78172564506530762 -4.54720020294189453 45
16.9737208601447769 -23.066530602019963 0.806593537330627441 0 48
16.9660173729678547 -23.066530602019963 0.9549713134765625 -0.0812000036239624023 49.5
16.7364053327586255 -23.2168944519788063 1.30042994022369385 -0.162400007247924805 45.5
16.7912441012898981 -23.2776707319625444 1.15317702293395996 0 54.5
16.9736568243471417 -23.1699868272657241 0.415161967277526855 -0.0812000036239624023 53
16.8307404269559484 -23.2776707319625444 -0.0430856198072433472 -0.162400007247924805 48
24.9338025840348294 -14.2429911278993622 0.753892183303833008 5.19680023193359375 45.5
17.0014072735442987 -23.126913265386996 1.10621154308319092 0.0812000036239624023 51
16.8446639578789075 -23.338448557590592 1.00706803798675537 0 52.5
16.6578623567709307 -23.4931984863456229 0.159042209386825562 -0.0812000036239624023 49
17.17459978530702 -23.0973265755769326 0.993333160877227783 0.0812000036239624023 50.5
27.1737533394479485 -9.724053532565609 2.26548647880554199 -3.89760017395019531 45
27.3058499452620964 -9.61504843113175767 2.09574198722839355 -3.81640005111694336 48
28.8508348539469424 3.72359508577728526 0.757783412933349609 0 55.5
16.3257210379822482 -24.0870057111218152 0.311473429203033447 -0.568400025367736816 47.5
16.1440018771562634 -24.2033680575523533 0.614977180957794189 -0.649600028991699219 48
25.5428660910556538 -13.4980321859426589 3.48928618431091309 -4.87200021743774414 45.5
28.8521903985136845 3.7890489056444645 0.0654689297080039978 0.162400007247924805 48
28.8508348539469424 3.72359508577728526 0.757783412933349609 0.0812000036239624023 57.5
28.9347633380541893 3.73319207782711127 -0.153158217668533325 0 68.5
28.9251934311675818 3.73319207782711127 0.759736478328704834 -0.0812000036239624023 49.5
16.0891743874756763 -24.331371022869277 0.550936341285705566 -0.649600028991699219 46
25.7706164089468217 -13.5328212821232778 1.97958278656005859 -4.87200021743774414 46.5
25.2190880951628422 -14.652049766393711 0.704058408737182617 5.1156001091003418 45.5
25.0340267875479014 -14.9327683113084451 1.22092807292938232 5.03439998626708984 46
28.9315824887990551 3.73319207782711127 -0.455476969480514526 0.162400007247924805 61
28.9335674919796624 3.73319207782711127 -0.304321706295013428 0.0812000036239624023 70.5
28.9839684536889841 3.74278906987693727 -1.21808755397796631 0 69.5
29.0008617880134381 3.80858028399586779 -0.0857503116130828857 -0.0812000036239624023 51
27.0588378409459622 -10.8957560715851081 2.15971779823303223 -4.14120006561279297 47
25.981192052943797 -13.2569296449645027 2.18954873085021973 -4.79080009460449219 45
25.7143146425198665 -13.9404272583111695 0.0339015685021877289 -5.1156001091003418 45.5
25.326817672028163 -14.6202698042067869 -0.60219728946685791 5.1156001091003418 45
28.9157406890200264 3.85975122831059192 -2.13187623023986816 0.162400007247924805 61.5
28.9563485581637075 3.80858028399586779 -1.60848557949066162 0.0812000036239624023 71.5
27.2113153533067127 -10.6305383375260796 2.54787564277648926 -4.06000041961669922 49
25.8248467671168207 -13.8699026568549488 0.811608731746673584 -5.03439998626708984 45.5
25.7450274347855412 -13.8699026568549488 2.18519282341003418 -5.1156001091003418 45
25.1854082654408131 -15.0095432714604673 -0.603741347789764404 4.95320034027099609 48
29.1763177152631421 3.55992318633552696 -0.65538489818572998 0 61
27.1825591718743667 -10.8157005785054601 2.9136197566986084 -4.06000041961669922 46.5
25.8596978684635559 -13.9494616496553103 1.02404165267944336 -5.03439998626708984 48.5
25.6618216698932251 -14.3094951607604521 1.03405916690826416 -5.1156001091003418 49
25.2450240956370031 -14.9818026355792373 -1.6107325553894043 5.03439998626708984 49
25.1985099311651553 -15.1140598437403071 -0.979969561100006104 4.95320034027099609 49
29.1893265640540669 3.44970884620130036 -0.665402472019195557 0.162400007247924805 53.5
29.1763177152631421 3.55992318633552696 -0.65538489818572998 0.0812000036239624023 63.5
29.2410989940239645 3.70528226098685698 -0.0683214887976646423 0 66.5
29.2309788328647429 3.61320268193648753 1.12706446647644043 -0.0812000036239624023 48
25.846846944960479 -14.025561480952236 1.99993836879730225 -4.95320034027099609 47.5
25.9116761387346557 -13.9850464661700755 1.33386123180389404 -5.03439998626708984 46
25.8073770217492964 -14.2391861043490948 -0.0221059340983629227 -5.1156001091003418 45.5
25.3882600036860779 -14.8837431577016783 -1.63891923427581787 5.1156001091003418 47.5
25.3558915508595533 -14.9279413556458564 -1.73521542549133301 5.03439998626708984 49.5
25.2171468026252903 -15.0863182316124895 -2.2965548038482666 4.95320034027099609 46.5
29.2439522878304956 3.61320268193648753 -0.715315580368041992 0.162400007247924805 59
29.2364021898660873 3.70528226098685698 -0.528474688529968262 0.0812000036239624023 69
29.2859900618463946 3.93995642460917539 0.100731775164604187 0 63
25.925794900087773 -14.1794120623235536 0.00604354916140437126 -5.1156001091003418 46.5
25.5124800610980067 -14.8403794475204087 -1.4419015645980835 5.1156001091003418 46.5
25.3744558265704505 -15.1247061998117935 -0.763457953929901123 5.03439998626708984 50.5
25.327073423717323 -15.1911721938539355 -0.984969377517700195 4.95320034027099609 47
25.1367634087487204 -15.4607287252470655 1.52037262916564941 4.79080009460449219 49.5
24.9770120165770138 -15.7856735850086451 0.404926985502243042 4.70960044860839844 45.5
29.2859239513274296 3.84764254399509031 -0.856096565723419189 0.162400007247924805 55.5
29.2839426610979139 3.93995642460917539 -0.36060798168182373 0.0812000036239624023 65
25.914795268892135 -14.3338624556979912 0.777512848377227783 -5.03439998626708984 48.5
25.8162188891466791 -14.5300646019149333 -0.201970517635345459 -5.1156001091003418 48
25.8145613206292381 -14.5300646019149333 -0.355467021465301514 5.19680023193359375 45
29.5247692234675689 3.20656243217986736 -0.309797912836074829 0.0812000036239624023 49.5
29.5776246669796734 3.3337213717856824 -0.775359928607940674 0 55
29.5639623481133391 3.45278284934945656 -0.775359928607940674 0.162400007247924805 51
29.5841324309293832 3.3337213717856824 -0.46484413743019104 0.0812000036239624023 59
29.6362541124824297 3.34211852627533945 -1.24307382106781006 0 53.5
29.6225500413093208 3.46147990221374435 -1.24307382106781006 0.162400007247924805 49
29.6423320577994147 3.34211852627533945 -1.08852636814117432 0.0812000036239624023 57
29.5051992243365468 4.85376074868971052 -1.17892611026763916 0 48.5
26.2511550958304518 -14.4313303579379646 2.66818809509277344 -5.03439998626708984 45
27.7327314424211693 -11.78106946804591 1.06043827533721924 -4.30360031127929688 45
27.5633266041814338 -12.2181030651975959 0.0596113875508308411 -4.38479995727539062 46
27.4924879891766452 -12.3763393676145874 0.108944624662399292 -4.46600008010864258 46
26.2452096900334517 -14.4673190781248113 3.30276989936828613 -5.03439998626708984 46.5
27.8170623633077163 -11.765052328332219 1.15986180305480957 -4.30360031127929688 45.5
28.7368482939745213 -9.7851778609023139 1.04144608974456787 -3.65400028228759766 45.5
28.8082839471070571 -9.39422622410132746 2.11472177505493164 -3.73520016670227051 46
30.0431099160113675 4.66114800971408183 1.69934940338134766 0 51.5
30.0414844642144203 4.93891438090520651 -0.564636170864105225 0.0812000036239624023 51.5
30.1171084745768276 4.67262878633618772 1.70353507995605469 0 49.5
29.007423440561908 -9.27659853744457763 2.0711829662322998 -3.5728001594543457 45
29.0183978746336528 -9.27659853744457763 1.91127979755401611 -3.65400028228759766 45.5
30.1779757319549837 4.58871218772443523 -0.0957287698984146118 0.0812000036239624023 50
25.2504315860315316 -17.9798948318422624 -1.80046737194061279 4.22240018844604492 46.5
25.2253021890409421 -17.9798948318422624 -2.1237027645111084 4.14120006561279297 46.5
29.0382175742241557 -10.882447834527472 2.66832947731018066 -3.89760017395019531 45.5
31.3735196284599098 3.87982591744066019 1.5400615930557251 0 46
31.421981691171176 3.71371716256552498 0.768100738525390625 0.0812000036239624023 48
31.4849408911619051 3.88901967698792994 0.222778037190437317 0 45.5
31.4803127464601396 3.93262744095007788 -1.38674386107595637e-06 0.0812000036239624023 48
26.9965177966710534 16.7849689536703792 -0.832427442073822021 5.19680023193359375 48.5
26.8787007156479412 16.9121278093800029 -1.65995216369628906 5.1156001091003418 52.5
26.9047422058866097 16.9121278093800029 -1.16396987438201904 5.03439998626708984 52.5
26.8360882134104592 17.0114706654031487 -1.29395198822021484 4.95320034027099609 48
26.9719437176501913 16.9719307391044651 -0.695350706577301025 5.19680023193359375 51.5
26.9605535133124228 16.952015307587093 -1.33174622058868408 5.1156001091003418 56.5
27.0218721994625852 16.824556545875911 -1.66386711597442627 5.03439998626708984 56
26.9050449278536945 16.9719307391044651 -2.02183341979980469 4.95320034027099609 49.5
27.0145526963199174 17.0358188308174618 -0.892965316772460938 5.19680023193359375 49
27.023989138052805 16.991901791412964 -1.33487963676452637 5.1156001091003418 55
27.0854521012543366 16.8641431313271539 -1.66778206825256348 5.03439998626708984 54.5
27.0577407029519854 17.0157819688591339 -1.9855877161026001 5.19680023193359375 45
27.1490336199912754 16.9037307235326857 -1.67169713973999023 5.1156001091003418 46
27.1587320665494154 16.9037307235326857 -1.50596630573272705 5.03439998626708984 48.5
27.0518884256291763 16.9037307235326857 -2.83901166915893555 4.95320034027099609 46.5
35.7517784740908553 -2.38422845875252953 3.48220682144165039 -2.76080012321472168 49.5
35.7135295369030956 -3.02302174392773493 3.37714934349060059 -2.84200000762939453 50
35.8913932036472758 -2.71827354358056716 2.41341018676757812 -2.76080012321472168 52
35.7977510590225592 -2.71827354358056716 3.54086422920227051 -2.84200000762939453 51.5
35.9995755141615135 -2.43030115214926301 2.22412610054016113 -2.76080012321472168 48
36.6936658527613915 -2.15816728234286304 2.23558402061462402 -2.84200000762939453 46.5
23.4047388746937486 -28.6998337893142121 1.11378085613250732 0.730800032615661621 45.5
41.2474025270776679 -9.37699126301160035 -0.11823948472738266 -3.16680002212524414 48.5
41.157622044003908 -9.76285392490553861 0.164379924535751343 -3.24800014495849609 49
41.0920499520530385 -9.95314236090802851 1.29178011417388916 -3.32920026779174805 45.5
41.2966166632908624 -9.48892936288427968 -0.436231046915054321 -3.16680002212524414 48
41.2457104467365951 -9.71662130630170395 -0.138670161366462708 -3.24800014495849609 48.5
41.1277531543711916 -10.1667100316617276 0.886859476566314697 -3.32920026779174805 45.5
41.7422611513316468 -8.87352914243069968 0.00581795629113912582 -3.16680002212524414 46
41.7360459376516815 -9.23101282520790534 0.67323911190032959 -3.08560013771057129 46
41.7490345875046245 -9.11883037767933757 1.19481408596038818 -3.16680002212524414 46.5
38.8751415369762867 19.0196576995344238 -4.38473367691040039 0.568400025367736816 49.5
38.7641583396826093 19.0524505463921798 -5.7554173469543457 0.568400025367736816 48
38.7186138919162133 19.215803937758789 -5.51385402679443359 0.487200021743774414 47.5
44.3077395466394819 -9.64817815313358196 4.03269386291503906 -3.24800014495849609 45
44.3808668834947397 -9.72675289107658969 3.88447952270507812 -3.24800014495849609 45.5
37.7959777863986659 34.2466312414432608 3.86715412139892578 3.24800014495849609 45
51.260569002269186 -1.84620267486932188 -0.797392547130584717 -2.67960023880004883 46
51.2145830922360474 -2.0513363054103575 -2.132843017578125 -2.76080012321472168 45
37.8162159539600395 34.3470622637146761 4.68010139465332031 3.08560013771057129 47
51.3087409714754088 -2.05433536542592821 1.60742735862731934 -2.67960023880004883 46.5
51.3389259016300983 -1.84890182888333521 0.53588944673538208 -2.76080012321472168 48
37.5569035204011641 34.5128341391555935 6.14281940460205078 3.24800014495849609 46
37.9622374395047402 34.3972777748503873 3.88416528701782227 3.16680002212524414 49.5
38.0131365905019152 34.3972777748503873 3.34960198402404785 3.08560013771057129 47
51.2317869187987753 -1.73587579276188109 4.40378999710083008 -2.67960023880004883 46.5
51.4061215356757941 -1.64586741832237582 1.34329938888549805 -2.76080012321472168 46.5
38.168752575529119 34.2096114566146952 4.46669101715087891 3.32920026779174805 45
37.8939000786337061 34.3960573750965253 5.29775142669677734 3.24800014495849609 47.5
37.9000881552838109 34.5632157847698949 4.00874567031860352 3.16680002212524414 50.5
37.9765900784789849 34.5632157847698949 3.20396804809570312 3.08560013771057129 45
37.7616005219226096 34.9677197846268584 2.47909402847290039 3.16680002212524414 45.5
47.8173952023673294 20.8732456798161792 1.62612462043762207 -4.06000041961669922 47
47.734283597187769 21.0819781366143424 1.35220634937286377 -4.14120006561279297 50.5
47.7328314764214454 21.1145925829890579 0.768681824207305908 -4.22240018844604492 49.5
47.9107597165091335 20.9032362799718854 0.538148641586303711 -4.14120006561279297 50
47.8946426294939798 20.9032362799718854 1.3541492223739624 -4.22240018844604492 49
48.7233940307497733 19.0165282939159113 2.21929097175598145 -3.81640005111694336 48
48.4752742711889226 19.5006091655188598 3.22439265251159668 -3.97880029678344727 50.5
48.6643943529106906 19.4957922566634707 0.268064618110656738 -3.73520016670227051 52.5
48.6869336066945806 19.2861600818606327 2.4509890079498291 -3.89760017395019531 62.5
48.7389422377921093 19.0765279070578018 2.99710178375244141 -4.06000041961669922 53
48.7279198185709461 19.5236835148082761 0.816046655178070068 -3.65400028228759766 49.5
48.7073022131005118 19.5236835148082761 1.63547027111053467 -3.73520016670227051 61
48.7565865767111859 19.3137514340038834 2.45449542999267578 -3.81640005111694336 67.5
48.8392241460400456 19.1038193531994942 2.45449542999267578 -3.89760017395019531 69.5
48.862634663019108 19.0316552004229855 2.54745340347290039 -4.06000041961669922 55.5
48.7313925869308449 19.5844220998997791 2.41503453254699707 -3.65400028228759766 51.5
48.8391798421846488 19.3413413827926668 2.18585395812988281 -3.73520016670227051 64
48.8391798421846488 19.3413413827926668 2.18585395812988281 -3.81640005111694336 70.5
48.8262360040305694 19.3413413827926668 2.45800161361694336 -3.89760017395019531 71.5
48.9047792469818745 19.0982606656855616 2.77661776542663574 -3.97880029678344727 67.5
48.9328054697490984 19.0982606656855616 2.22882938385009766 -4.06000041961669922 56
48.8365468589311149 19.5794646124895699 1.91278982162475586 -3.65400028228759766 51.5
48.9088512772078658 19.3689327349359175 2.18897223472595215 -3.73520016670227051 64
48.9088512772078658 19.3689327349359175 2.18897223472595215 -3.81640005111694336 68.5
48.9641114247555294 19.1584008573822651 2.73756313323974609 -3.89760017395019531 69.5
49.0459661149749309 18.9478689798286162 2.73756313323974609 -3.97880029678344727 66
49.0459661149749309 18.9478689798286162 2.73756313323974609 -4.06000041961669922 55.5
48.97852271223109 19.3965240870791646 2.19209051132202148 -3.81640005111694336 61
49.0592248036463232 19.1527498373434568 2.5081024169921875 -3.89760017395019531 61
49.0842320384089277 19.1527498373434568 1.95862150192260742 -3.97880029678344727 59.5
49.0730652021651679 19.1856923035239575 1.91551458835601807 -4.06000041961669922 52
49.0351949140803924 19.4241154392224153 2.4685208797454834 -3.73520016670227051 52.5
48.6861867373730846 20.9911078384507839 0.824207067489624023 -4.22240018844604492 47
48.5254813085166532 21.4786378945840184 1.88572347164154053 -3.97880029678344727 46.5
48.5254813085166532 21.4786378945840184 1.88572347164154053 -4.06000041961669922 52
48.7556826889095447 20.9876217672441321 1.41894817352294922 -4.22240018844604492 52.5
48.6328976359315561 21.4757516353804796 1.10201573371887207 -3.97880029678344727 52.5
48.5823816599428966 21.5089752610540259 2.16733217239379883 -4.06000041961669922 51.5
48.7931733939092851 21.017265601085537 2.25426554679870605 -4.22240018844604492 56
48.9528144917380814 20.8672488106009766 1.93458807468414307 -4.14120006561279297 57
48.8844789210717252 21.0469094349269419 1.70237815380096436 -4.22240018844604492 57.5
48.8479424977010055 21.323100105995902 1.66117048263549805 -3.97880029678344727 56.5
49.0547678482262626 20.8366668848278707 1.73747730255126953 -4.14120006561279297 59.5
49.0547678482262626 20.8366668848278707 1.73747730255126953 -4.22240018844604492 57
38.9159345372800729 36.4291838373373764 1.42132580280303955 3.00440025329589844 45.5
48.8945480553656182 21.3530907061516082 2.2201542854309082 -3.97880029678344727 55.5
49.2263396838240652 20.6190782131276507 1.78358542919158936 -4.14120006561279297 54
48.7177710592499338 21.7801525202746404 1.94003760814666748 -4.30360031127929688 46.5
49.4136712436299774 20.3540205184412741 1.89175260066986084 -3.89760017395019531 47
49.0011393192922071 21.3830813063073144 1.10823297500610352 -3.97880029678344727 49.5
48.9751490163124927 21.3830813063073144 1.94276237487792969 -4.06000041961669922 52
48.8818168807987377 21.6704164613608192 0.732773959636688232 -4.14120006561279297 56
48.868175370782744 21.6303231839114929 1.89904069900512695 -4.22240018844604492 59.5
48.7508707474830132 21.8708828486074509 2.14313244819641113 -4.30360031127929688 54
48.8866591306381579 21.6303231839114929 1.3414989709854126 -4.38479995727539062 46.5
49.74750296474609 19.412288000202885 3.99399375915527344 -3.73520016670227051 48
49.8117173546000416 19.4524375100275009 2.8281099796295166 -3.81640005111694336 49.5
49.5237344624240876 20.268810876461405 2.04399514198303223 -3.89760017395019531 49
48.5886140795025696 22.483725501786175 1.10978734493255615 -4.06000041961669922 51.5
48.8488195596628429 21.9015576093292097 1.31053388118743896 -4.14120006561279297 60
48.9208823056585089 21.7008100602061198 1.85062813758850098 -4.22240018844604492 61
48.9367148804488181 21.6606605503815004 1.90170419216156006 -4.30360031127929688 57
48.9367148804488181 21.6606605503815004 1.90170419216156006 -4.38479995727539062 47.5
49.9266773753884934 19.385868697389995 2.67507147789001465 -3.73520016670227051 46.5
50.0203067510846253 19.0843256308906675 3.0657048225402832 -3.81640005111694336 48.5
48.9344511469033421 21.9322323700509685 0.193769678473472595 -4.06000041961669922 53.5
48.9239752708660305 21.9322323700509685 1.03092610836029053 -4.14120006561279297 59.5
49.0052543901148852 21.6909979168515079 1.90436768531799316 -4.22240018844604492 59
49.1005664993513378 21.4430625066187268 2.22950887680053711 -4.30360031127929688 55.5
49.2073138140119823 21.4730515813891429 1.11289596557617188 -4.06000041961669922 51.5
49.0838083141287953 21.7213337402989559 1.62893939018249512 -4.14120006561279297 55.5
49.0923519448219494 21.7213337402989559 1.34714341163635254 -4.22240018844604492 51
49.0338736131125899 21.7213337402989559 2.74828314781188965 -4.30360031127929688 49.5
49.260162114719094 21.5030421815448491 1.67518877983093262 -4.14120006561279297 49
40.3789862129124302 35.412542930499626 5.61158275604248047 3.4104001522064209 47
40.2966452399457253 35.412542930499626 6.17515277862548828 3.32920026779174805 48
40.3526105214994928 35.4617250131231145 6.18372869491577148 3.4104001522064209 52
40.3948321955380862 35.4617250131231145 5.90163421630859375 3.32920026779174805 51.5
40.0820418435075823 35.9549997703559612 4.97731924057006836 3.24800014495849609 45
49.7355932960176261 21.3620315546729849 1.5023648738861084 -3.97880029678344727 49
49.7494438103111776 21.3620315546729849 0.937662959098815918 -4.06000041961669922 50
49.9036186856275492 21.0034038472299507 0.84169381856918335 -4.14120006561279297 48
41.1066148996768561 34.9357519533660508 4.68638134002685547 3.5728001594543457 45.5
40.4911483440958975 35.5109095973784719 5.62717056274414062 3.32920026779174805 50.5
49.8122613679505477 21.3916191561391003 1.21987533569335938 -3.97880029678344727 53
49.8682666380621811 21.2493245719519201 1.40466272830963135 -4.06000041961669922 56
49.8753881234651928 21.2493245719519201 1.12377619743347168 -4.14120006561279297 53
41.5133761765347344 34.6927748113500769 3.66083741188049316 3.65400028228759766 45
49.8483974542955792 21.4619185854625556 1.73594605922698975 -3.97880029678344727 53.5
49.9608585805782397 21.2176476183184981 1.48802077770233154 -4.06000041961669922 56
49.9709372077847718 21.1362239626038146 2.15770459175109863 -4.14120006561279297 53
49.879429676026291 21.4507943590713275 2.9235081672668457 -4.06000041961669922 50.5
54.3418612204721043 1.5220075820183645 1.13429868221282959 3.00440025329589844 49
54.4086490480914335 1.36761370655228154 1.62200725078582764 3.08560013771057129 54.5
54.4220031092465888 1.21792464414357404 1.25091350078582764 3.00440025329589844 62.5
54.4220031092465888 1.21792464414357404 1.25091350078582764 2.92320013046264648 60
54.4912826409199553 1.36949749112456187 1.34182882308959961 3.08560013771057129 57.5
54.4975764351783099 1.36949749112456187 1.05566275119781494 3.00440025329589844 66.5
54.5026155552458036 1.1650948805089556 1.040793776512146 2.92320013046264648 63.5
54.5616596320830354 1.96496421592383341 0.569529235363006592 3.08560013771057129 56.5
54.5635960560024884 1.86944512209420277 0.692362070083618164 3.00440025329589844 65
54.6161908000153886 2.3707610741959475 0.898307740688323975 3.08560013771057129 57.5
54.6120219184478017 2.62355115991712928 -2.38992038248397876e-06 3.00440025329589844 67
54.5970315525628038 2.91733423251201618 -0.0969150364398956299 2.92320013046264648 65
54.7006226095970263 2.12771786440634925 0.936860978603363037 3.08560013771057129 56.5
54.7017929987332536 2.0456194259083551 1.04508864879608154 3.00440025329589844 65
54.7006226095970263 2.12771786440634925 0.936860978603363037 2.92320013046264648 62.5
54.785222985756981 1.63051613431293441 1.30437052249908447 3.08560013771057129 51
54.7913166596369408 1.63051613431293441 1.01662492752075195 3.00440025329589844 60.5
54.7915271737458625 1.45924343112880273 1.24084150791168213 2.92320013046264648 57.5
54.8689145015013722 1.75623172861796584 0.5726584792137146 3.00440025329589844 55
54.8211311886663353 1.63274668519951516 2.44705319404602051 2.92320013046264648 54
55.0216749630494988 1.38456767188954055 3.07640862464904785 3.00440025329589844 47
55.5072525870143352 1.65282141627767909 2.18943595886230469 3.00440025329589844 53
55.5178579686069895 1.65282141627767909 1.90167331695556641 2.92320013046264648 51.5
55.5927816149812202 1.65505196716425962 1.90423977375030518 3.00440025329589844 50.5
55.6096251769487537 1.65505196716425962 1.32399857044219971 2.92320013046264648 49
36.4526912122119739 43.8632830879945033 5.52306795120239258 1.46160006523132324 45
36.3673135671570407 43.6554227935924573 7.96955966949462891 1.46160006523132324 45
32.8334323965563541 47.2958968302013147 1.68051624298095703 0.162400007247924805 45
36.9088619821939758 47.2056265666517874 0.608730196952819824 1.05560004711151123 47
36.5845909044862623 47.4452490365332693 1.2337343692779541 0.974400043487548828 47.5
53.4702241236930504 29.8236153844533298 -2.47243237495422363 -4.87200021743774414 46.5
61.3027111121756931 -2.20788560606088335 0.961974442005157471 -2.67960023880004883 46.5
53.4614019094111654 30.090107652045031 -0.535372614860534668 -4.87200021743774414 49.5
53.5923414073570825 29.8601195680803535 -0.238407239317893982 -4.95320034027099609 47
61.3862858453801437 -2.16453091090666971 0.263831019401550293 -2.67960023880004883 46
53.6511855949552157 29.8966237517073772 -0.879403948783874512 -4.95320034027099609 46
61.4457848960478046 -1.72144304429137485 1.92421960830688477 -2.67960023880004883 47
66.9692952581572172 4.90107973668562025 4.12535333633422852 -0.162400007247924805 45
66.8922060461603536 4.7665732602071138 5.35149478912353516 -0.243600010871887207 46.5
67.016899286687206 4.67089516212174871 4.78970623016357422 -0.162400007247924805 50
66.937658157089146 4.77188748995140877 5.70982694625854492 -0.243600010871887207 51.5
67.2300405817911013 4.77720117913729148 1.85229003429412842 -0.162400007247924805 59.5
67.2193609298278716 4.77720117913729148 2.2060847282409668 -0.243600010871887207 61
67.2069962921334536 4.77720117913729148 2.55522489547729492 -0.324800014495849609 50.5
67.2901728696727446 5.1283404584488359 1.40809488296508789 -0.0812000036239624023 50.5
67.2719061095255455 5.1283404584488359 2.10734796524047852 -0.324800014495849609 58
67.3548685159035756 5.40425153926486868 0.704870641231536865 -0.162400007247924805 64.5
67.3502940072450684 5.40425153926486868 1.05497586727142334 -0.243600010871887207 66
67.3502940072450684 5.40425153926486868 1.05497586727142334 -0.324800014495849609 55.5
67.3972569981308141 6.65182930398615735 -0.198544964194297791 -0.162400007247924805 45
67.3924245789043823 6.13559318751903859 -2.70039701461791992 -0.243600010871887207 48.5
67.9343837890790354 4.72290958014877926 -0.473563522100448608 -0.162400007247924805 50
67.9287821624131567 4.82502654404388842 0.102139592170715332 -0.243600010871887207 51.5
67.9592721758496054 4.51513284587615349 2.99696946144104004 -0.162400007247924805 48
67.9868906016411074 4.51513284587615349 2.28636980056762695 -0.243600010871887207 49.5
68.0345901494229395 5.19102052295105665 3.55724549293518066 -0.162400007247924805 46.5
70.3116153427735213 5.26495596599492277 3.06401968002319336 -0.243600010871887207 49
70.467464583479952 5.00569900362327225 0.838089287281036377 -0.162400007247924805 48.5
63.3882795804356647 45.5810525507092308 -0.0106416177004575729 4.54720020294189453 45
63.8467382201284366 44.9998388382319234 -2.45581698417663574 4.54720020294189453 45
76.2945152301677041 18.2631348279133974 -0.0909232497215270996 -3.08560013771057129 49
76.3098802959212748 18.1945132799824307 0.406487435102462769 -3.16680002212524414 51
76.1899733922009261 18.2631348279133974 3.99358987808227539 -3.24800014495849609 47
76.3674515651072028 18.2805940923812997 -0.0910101756453514099 -3.16680002212524414 49.5
75.804766540126252 44.3482542507210411 0.317348659038543701 -5.1156001091003418 45.5
94.1577923692151444 17.8822206655735378 -1.32651066780090332 -4.70960044860839844 49
94.2638319514759786 17.3073066723066056 1.41799402236938477 -4.79080009460449219 50.5
94.2550566863171611 17.3073066723066056 1.91455864906311035 -4.87200021743774414 49
94.2327268580370259 17.3791709214649757 2.3196101188659668 -4.95320034027099609 47
94.3084073066105191 17.4886630641209315 -1.29485857486724854 -4.62840032577514648 48.5
94.27627069615896 17.6444907679136485 -1.50411081314086914 -4.70960044860839844 52.5
94.3344655617960086 17.3927690925561862 0.326994776725769043 -4.79080009460449219 53
94.283030466031633 17.6444907679136485 0.994047164916992188 -4.87200021743774414 53
94.3314306166692234 17.3927690925561862 0.824014127254486084 -4.95320034027099609 50
94.287998300585798 18.0421615193147389 -0.503965377807617188 -4.62840032577514648 49
94.3939159683879438 17.4063672636473967 -1.67542576789855957 -4.70960044860839844 51
94.4088475766467212 17.3343905554586399 -1.57727241516113281 -4.79080009460449219 52.5
94.3347685891593102 17.7662508045911736 -1.1453474760055542 -4.87200021743774414 53.5
94.3410572773473746 17.7662508045911736 0.353434354066848755 -4.95320034027099609 51
94.4732798386893364 17.4199668180723926 1.32307708263397217 -4.62840032577514648 46.5
94.3220457289028218 18.2243346863086764 1.27723479270935059 -4.70960044860839844 47
94.2124977760368552 18.2243346863086764 -4.72071504592895508 -4.79080009460449219 48
94.2979485541254832 18.0562578183190041 -3.50352334976196289 -4.87200021743774414 51.5
94.3045598619478653 18.2243346863086764 -2.22028613090515137 -4.95320034027099609 49
94.4545799725090518 17.9381891997389786 1.17335188388824463 -4.70960044860839844 46.5
93.9085178631286368 18.6710957912889306 -8.79788112640380859 -4.87200021743774414 46.5
94.0612101061102095 18.8393038614807224 -6.51089811325073242 -4.95320034027099609 45
94.7152940597758572 17.388561076989884 -0.584313750267028809 -4.54720020294189453 46
94.6343574442182671 17.8217709031294262 -0.643410861492156982 -4.62840032577514648 48.5
94.7702792285703168 17.4743622691048017 -1.176094651222229 -4.62840032577514648 47
94.7095845298906198 17.8356516337313664 0.354814976453781128 -4.70960044860839844 45
97.746804764648644 21.341263324334026 0.341056317090988159 -3.08560013771057129 49
97.7627679223190569 21.2662500964804764 0.436554163694381714 -3.16680002212524414 49
97.7764366308958017 21.3572622488023001 2.94167089462280273 -3.00440025329589844 49.5
97.8165942156708468 21.2821927857133595 1.99994981288909912 -3.08560013771057129 52
97.8160585849990696 21.2196348998059143 2.60049676895141602 -3.16680002212524414 50.5
97.7898187239377421 21.3732595458751433 4.51398515701293945 -3.00440025329589844 48.5
97.8248221531207776 21.2981338532710112 4.09082603454589844 -3.08560013771057129 50.5
97.8114719716645169 21.2355291094342356 4.69140434265136719 -3.16680002212524414 49
100.457866191675024 4.28562273376467839 2.2762908935546875 2.84200000762939453 55
100.468323657637654 4.28562273376467839 1.75527358055114746 2.76080012321472168 53.5
100.458708443091083 4.02469766056999489 4.7193293571472168 2.92320013046264648 57
100.482120129124937 4.02469766056999489 4.19147348403930664 2.84200000762939453 72
100.439248741640498 4.28881844454490135 4.89754152297973633 2.76080012321472168 73
100.412128875371508 4.28881844454490135 5.42522048950195312 2.67960023880004883 62.5
100.595092238943835 4.02769687312409452 3.15149617195129395 2.92320013046264648 62.5
100.578517664857102 4.36753379679394005 3.22699666023254395 2.84200000762939453 78.5
100.577396033281289 4.02769687312409452 3.673095703125 2.76080012321472168 80.5
100.560172091246699 4.36753379679394005 3.75544619560241699 2.67960023880004883 69.5
100.413057682165132 4.02769687312409452 6.82069015502929688 2.59840011596679688 50
100.653405542012806 4.37078573708935725 3.22939920425415039 2.92320013046264648 60.5
100.635333365030789 4.43376535866125021 3.67583060264587402 2.84200000762939453 75.5
100.635046308814893 4.37078573708935725 3.75824260711669922 2.76080012321472168 77
100.631871456640226 4.03069578060113631 4.19772005081176758 2.67960023880004883 67
100.39037910519643 4.37078573708935725 7.95663976669311523 2.59840011596679688 46.5
100.735828447126693 3.22695599452418858 4.20084381103515625 2.92320013046264648 50.5
100.665544716463188 5.76062066209982149 3.0049586296081543 2.84200000762939453 57.5
99.1173880389806925 -6.23164620910107914 18.1056098937988281 2.67960023880004883 59
100.219879614204842 2.68892052539776616 -12.4417324066162109 2.76080012321472168 53.5
100.219879614204842 2.68892052539776616 -12.4417324066162109 2.67960023880004883 52
100.619898445710135 0.972772767472135258 9.79292106628417969 2.84200000762939453 48
100.418329099948394 1.14964054337615984 11.6639680862426758 2.76080012321472168 51.5
99.7468690710040988 1.61827637125618429 16.8619461059570312 2.76080012321472168 50.5
101.809600663108952 3.80821464294535472 3.00150203704833984 2.76080012321472168 46
