
X Y Z V_r Mag
11.5273639109144241 9.44633389262533285 -0.80143582820892334 2.27360010147094727 45.5
11.5889489381924431 9.47693384738000866 -0.940224170684814453 2.27360010147094727 46
11.8145131040107927 9.45054214212376742 -0.791857898235321045 2.43600010871887207 45.5
9.06787755535027351 -12.1418149379572533 -1.46648299694061279 -1.05560004711151123 46
9.12496070883573829 -12.2016266805952185 -1.39478027820587158 -1.05560004711151123 47.5
8.77168898096233107 -12.9915154556999841 -1.52987658977508545 -1.70520007610321045 46.5
8.74197880980692865 -13.0151328145044669 -1.49888169765472412 -1.78640007972717285 48
8.61394754020027698 -13.1977360718649166 -1.43189620971679688 -1.78640007972717285 47.5
9.73125469542916477 -12.8091830469430548 -1.11495327949523926 -0.893200039863586426 45.5
9.62609900131898399 -13.643185348357223 0.962986290454864502 -1.29920005798339844 52.5
9.55336180700565585 -13.7100637079079934 0.702193915843963623 -1.46160006523132324 51
9.6851764481775362 -13.7043661726748631 0.792304277420043945 -1.29920005798339844 53.5
9.70305329964703489 -13.7043661726748631 0.530220448970794678 -1.38040006160736084 55
9.61832720634613914 -14.1307150867813007 -0.469768226146697998 -1.86760008335113525 45
17.3190386644119272 0.27711033872979135 -0.360229372978210449 -0.974400043487548828 56
17.3200085434612703 0.207832754047343499 -0.360229372978210449 -1.05560004711151123 47.5
17.3978574197697995 0.119586312113133419 -0.245551735162734985 -0.893200039863586426 54
17.3963697897634901 0.184815209629388022 0.303671509027481079 -0.974400043487548828 58.5
17.4942095853964119 0.280709180240770295 -1.36980032920837402 -0.974400043487548828 66.5
11.9570915019023936 -12.8183215508383004 -0.849186122417449951 0.406000018119812012 46.5
17.6105827738832197 0.621080267144379361 -0.349647372961044312 -0.893200039863586426 59.5
17.6126662353090531 0.658521276156629143 -0.0312414709478616714 -0.974400043487548828 65
17.6104302298579753 0.684950223694687832 0.210279196500778198 -1.05560004711151123 59
17.6932630832712867 -0.378215125113156969 0.308907210826873779 -0.893200039863586426 58.5
17.6843962939649018 -0.495439696054661705 0.553799748420715332 -0.974400043487548828 61.5
17.6870882291967 -0.56621679549104198 0.369233787059783936 -1.05560004711151123 52
17.7615536062002271 -0.635250736101564684 0.272654414176940918 -0.893200039863586426 55.5
17.7081065955108414 1.18387637182564331 -0.985935568809509277 -0.974400043487548828 59.5
17.7260281086424207 1.07948202008867278 -0.757173776626586914 -1.05560004711151123 54
17.8398928517506938 -0.571015230500543369 0.186192244291305542 -0.893200039863586426 49
17.8091456141138096 1.07065355718851873 -0.557275831699371338 -0.974400043487548828 53
17.8159454935682255 0.999276653375950841 -0.464825332164764404 -1.05560004711151123 49
17.9230253305584846 0.0963157131877304534 0.248072609305381775 -0.893200039863586426 59.5
17.9210207312270313 0.17247232361523826 0.336051076650619507 -0.974400043487548828 65
17.914191009386677 0.190391526068769495 0.592597782611846924 -1.05560004711151123 60
17.9916590288168088 -0.0584810754033639191 0.544786393642425537 -0.893200039863586426 59
17.9835145171335462 0.0584810754033639191 0.767985045909881592 -0.974400043487548828 65.5
17.9776611656795282 0.191188131126382083 0.875864386558532715 -1.05560004711151123 61
17.9533914564296744 -0.417849175787745053 2.05104470252990723 -0.893200039863586426 51
17.9079863999066937 0.144553228380625315 2.44719862937927246 -0.974400043487548828 56.5
14.7318579369765974 -10.3355558292147105 -1.68947446346282959 2.76080012321472168 47
18.0305117733042053 -0 2.07922577857971191 -0.893200039863586426 49
18.0229098707447051 0.0975246990078249276 2.14190483093261719 -0.974400043487548828 54.5
14.8215390129576985 -10.3262780135494641 -1.76423251628875732 2.76080012321472168 47
18.2233804319049106 0.0979276874487348264 -0.222405418753623962 -0.893200039863586426 51
18.2226689413609897 0.291505674266001324 -7.96640051703434438e-07 -0.974400043487548828 55
18.2184382422994204 0.485083661083267892 -0.0621258653700351715 -1.05560004711151123 49
18.2966771783338551 0.292705298272229519 -0.189637824892997742 -0.893200039863586426 53
18.2952653821541524 0.377315423554045903 0.175915077328681946 -0.974400043487548828 58.5
18.2888280169668498 0.487079910406132022 0.414179682731628418 -1.05560004711151123 52.5
11.6814887057017778 -14.1809110279387856 0.291878104209899902 -0.324800014495849609 47.5
18.370763002289241 0.378861774548234997 -0.110242158174514771 -0.893200039863586426 50.5
18.370763002289241 0.378861774548234997 -0.110242158174514771 -0.974400043487548828 55.5
18.3690738054617491 0.461522525358759039 0.0689002946019172668 -1.05560004711151123 49.5
18.4365129848651037 0.516432902609715416 -0.480449706315994263 -0.974400043487548828 51
18.8819862789028541 0.453453298198407184 0.689218282699584961 -0.974400043487548828 45.5
13.881596120844522 -12.7982469944644208 -0.846289932727813721 1.29920005798339844 47.5
18.9413774621434783 0.405459425647388738 1.05378913879394531 -0.974400043487548828 47.5
15.8220496205628613 -10.2763809985718311 -2.02716445922851562 3.08560013771057129 45.5
15.7721428094569731 -10.4210185714635895 -1.64089322090148926 3.00440025329589844 45.5
19.1058846416021417 0.611802019604422598 -0.597081243991851807 -0.974400043487548828 47
19.6297678134031699 -0.105584590810211626 -0.885227084159851074 -0.893200039863586426 45.5
19.6262821434423103 -0.044198200804274633 -0.964178800582885742 -0.974400043487548828 48
19.7086148204910572 0.0640855130355618419 -0.801274895668029785 -0.893200039863586426 46
19.7038606573524611 0.209510331077798373 -0.888605713844299316 -0.974400043487548828 48.5
15.122497975668459 -12.6642833067967988 -0.0403438620269298553 1.94880008697509766 46
14.8628802467676238 -12.9354143234857144 -0.919503569602966309 1.70520007610321045 46.5
14.8787791137258978 -12.9354143234857144 -0.610435843467712402 1.62400007247924805 47.5
15.1733155100101573 -12.712436964171804 -0.452177494764328003 1.94880008697509766 46.5
14.9392075962079183 -12.9845989077410717 -0.510205924510955811 1.70520007610321045 49
14.9423582773260275 -12.9845989077410717 -0.407641232013702393 1.62400007247924805 49.5
20.3643483256333937 0.512384229744009323 -1.0912628173828125 -0.893200039863586426 53.5
20.3746249718719596 0.512384229744009323 -0.87871849536895752 -0.974400043487548828 57
20.382685935177463 0.512384229744009323 -0.666078627109527588 -1.05560004711151123 48.5
17.5291290109328877 -10.3012172755997096 -1.66572356224060059 3.49160003662109375 49
17.5590085687932884 -10.2782746981484845 -1.48268496990203857 3.4104001522064209 47.5
20.4473980247058407 0.422160270933301163 -0.975379645824432373 -0.893200039863586426 56
20.4521781356381567 0.422160270933301163 -0.86939769983291626 -0.974400043487548828 60
20.4632968579050107 0.422160270933301163 -0.548531770706176758 -1.05560004711151123 52
17.5807496161330867 -10.2623324043240682 -2.19713139533996582 3.49160003662109375 47
17.5935733500010052 -10.3390888172210325 -1.67184746265411377 3.4104001522064209 47
20.529543386274792 0.328693652366607358 -0.85578453540802002 -0.893200039863586426 49
20.529543386274792 0.328693652366607358 -0.85578453540802002 -0.974400043487548828 53
20.5429292179348195 0.328693652366607358 -0.427285075187683105 -1.05560004711151123 45.5
16.9459585922050415 -11.5992908417184815 0.770390212535858154 3.00440025329589844 49.5
17.0734415733137546 -11.5462636052795453 0.756339430809020996 3.00440025329589844 57
17.0255718661704769 -11.6287369167458259 0.541306376457214355 2.92320013046264648 59.5
16.9541260236762135 -11.7344058470620016 -0.501944839954376221 2.76080012321472168 50
16.417555025669774 -12.4251198305921164 -1.21280539035797119 2.27360010147094727 46
20.6928049735463944 0.426799402568547481 -0.34009939432144165 -0.974400043487548828 47.5
17.0186610334863602 -11.6839569781947219 1.5298231840133667 3.08560013771057129 49.5
17.0874836663859071 -11.6710236629653714 0.543274819850921631 2.92320013046264648 60
17.0948238648695146 -11.6710236629653714 -0.210274115204811096 2.84200000762939453 54
16.9935037541070528 -11.6994769564699421 -1.68318545818328857 2.76080012321472168 47
16.4848173969392917 -12.4703025441391961 -1.110129714012146 2.35480022430419922 48
20.7746999422677234 -0.0674969128188847162 0.089232228696346283 -0.893200039863586426 45
20.7738709394621921 -0 0.216702744364738464 -0.974400043487548828 46.5
17.0772706316751162 -11.741866795377522 1.44777846336364746 3.08560013771057129 47.5
17.0803234738088108 -11.7262905847270105 1.53536605834960938 3.00440025329589844 53
17.1399732711974835 -11.7262905847270105 0.562233865261077881 2.92320013046264648 53.5
17.0907508354558715 -11.7782112868953828 -0.883551478385925293 2.84200000762939453 48.5
20.8471348555282283 -0.200616333812190434 -0.281446963548660278 -0.974400043487548828 46
18.0193811820091661 -10.4216277305033991 -1.1891409158706665 3.5728001594543457 45
18.1206333708729019 -10.3022292409875593 -1.83368158340454102 3.5728001594543457 45
19.0475828386848711 9.52482399730653739 -1.8324664831161499 4.22240018844604492 48
19.1573790230556149 9.52071941430317992 -1.56629061698913574 4.22240018844604492 46.5
17.2970418438523801 -12.9369138165505753 0.0927757397294044495 2.51719999313354492 46
17.3129454872394142 -12.8829312844556441 0.923053562641143799 2.43600010871887207 46
17.0460606945049911 -13.128551805487584 -1.90603435039520264 2.27360010147094727 45.5
21.415512266810957 -2.81248992214598337 -0.160514876246452332 1.38040006160736084 50.5
21.3967606010974301 -2.93664974596432815 0.338690251111984253 1.29920005798339844 45
21.4832874551180097 -2.84392360066004768 0.431470274925231934 1.46160006523132324 53
21.4708629932476782 -2.86017459266381913 0.79189002513885498 1.38040006160736084 56.5
21.4224209035935154 -2.84392360066004768 1.67260956764221191 1.29920005798339844 46
21.5518630615448359 -2.89996781443315665 -0.41220584511756897 1.46160006523132324 67
21.5524026637465873 -2.87007123902662986 -0.564901173114776611 1.38040006160736084 73.5
21.553722757449389 -2.89996781443315665 -0.299524962902069092 1.29920005798339844 68
17.5017214187096393 -13.0334921658104363 0.385362178087234497 2.51719999313354492 47
17.4160616545447837 -13.1480363530805846 -0.374948292970657349 2.43600010871887207 49
21.6237215144927575 -2.90996780517257481 -0.526685655117034912 1.46160006523132324 74
21.6202665475744453 -2.94269471582118891 -0.485035151243209839 1.38040006160736084 80.5
21.6294216504372088 -2.87996813707801236 -0.452307581901550293 1.29920005798339844 75.5
21.6455885865324476 -2.79269637534837534 0.00148724287282675505 1.21800005435943604 46
17.5660645911040803 -13.0782812527304735 0.0447931215167045593 2.43600010871887207 49.5
21.6795743135175059 -2.95280717131119097 -0.941838204860687256 1.54280006885528564 45
21.6970586542449375 -2.85155243049699791 -0.846361756324768066 1.46160006523132324 70.5
21.7011861498501908 -2.85155243049699791 -0.732962310314178467 1.38040006160736084 76.5
21.7047636436668476 -2.85155243049699791 -0.618050456047058105 1.29920005798339844 71.5
21.6857346219473577 -2.86131787132090754 -2.10770153999328613 1.46160006523132324 54.5
21.575388489637664 -4.04209204086792262 1.03187191486358643 1.29920005798339844 53.5
21.7976981230794635 -3.3146962795368724 -0.275096803903579712 1.38040006160736084 63
21.7775900558318121 -3.45521956320801138 0.0240530297160148621 1.29920005798339844 59
17.7583902716698709 -13.1960578534576172 0.138773113489151001 2.59840011596679688 49
17.6997305482530187 -13.2707055723018126 0.351445049047470093 2.51719999313354492 45
21.8768913025545899 -3.3038527414376393 0.0422360226511955261 1.38040006160736084 56.5
21.8696195683884866 -3.32597058405814172 0.416296780109405518 1.29920005798339844 51.5
17.8179260714778671 -13.2407907080023612 -0.207349672913551331 2.59840011596679688 47.5
21.8461206292424457 -3.90593616527704235 -0.575075626373291016 1.38040006160736084 51.5
22.1440997825551165 -2.35203591249786381 -0.531474053859710693 1.38040006160736084 48
22.2368212798315525 -2.24265556032452285 0.129519253969192505 1.38040006160736084 47.5
18.1334557251738353 -13.3156910149197856 -0.346665441989898682 2.67960023880004883 48.5
18.1274991366816245 -13.3156910149197856 -0.579779446125030518 2.59840011596679688 49.5
22.2835225018287169 -2.10869262271744917 -2.29085803031921387 1.38040006160736084 45
18.2328121462786257 -13.2698063119127276 -1.05235958099365234 2.67960023880004883 48
18.1912889314720125 -13.3600771031502301 -0.46477276086807251 2.59840011596679688 47.5
18.0159360517590024 -13.5998588923748436 0.317043691873550415 2.43600010871887207 49
18.0452606874713268 -13.6761752830978516 0.594452857971191406 2.51719999313354492 49
18.0300703126364006 -13.6761752830978516 0.949410140514373779 2.43600010871887207 47.5
22.458903054267541 -2.89826231164987558 -0.469405144453048706 1.46160006523132324 49.5
22.4639323637318959 -2.84731629445290535 -0.535789370536804199 1.38040006160736084 55.5
22.4516380910621116 -2.98883300888893455 -0.11581546813249588 1.29920005798339844 51
12.1749811718107175 -19.1594971439237902 1.0531611442565918 -2.11120009422302246 46
20.2251732938757804 -10.3592478999605717 -0.232393905520439148 3.97880029678344727 45
22.5439842417943872 -2.85674434960535528 -0.182817995548248291 1.46160006523132324 54
22.5446314281284259 -2.85674434960535528 -0.0650718361139297485 1.38040006160736084 60
22.5572695341926561 -2.75167522342702719 0.153383180499076843 1.29920005798339844 54.5
20.2712565284958259 -10.3934371841380777 -0.944823622703552246 3.97880029678344727 46.5
17.8056778224592094 -14.2225982519784218 0.718030929565429688 2.19239997863769531 47
22.6172642414911138 -2.86617264452930565 0.290672779083251953 1.46160006523132324 48
22.6288496660172846 -2.7607567520366767 0.391699284315109253 1.38040006160736084 54
22.6141566571444059 -2.79494569014239413 0.792601048946380615 1.29920005798339844 48.5
17.8386403300873049 -14.2693823984207988 1.19718539714813232 2.19239997863769531 47.5
12.3926845785090851 -19.3090459450101513 0.533502519130706787 -1.94880008697509766 47
18.4750428591346925 -13.5820052867322278 -0.951039552688598633 2.59840011596679688 48
18.6027542570033688 -13.5343211629696807 -0.954147517681121826 2.59840011596679688 46.5
13.6180699735565067 -18.6327832007186771 -0.988727450370788574 -1.05560004711151123 48
13.6444955661799074 -18.6327832007186771 -0.507071554660797119 -1.13680005073547363 47
18.8480894235052752 -13.3012958929375156 -1.1979520320892334 2.76080012321472168 49.5
18.831256961179399 -13.3012958929375156 -1.43851566314697266 2.67960023880004883 47
13.6927304412835529 -18.6932798644702665 -0.388660818338394165 -1.05560004711151123 47.5
20.7672377428830757 -10.3603348742632502 -1.39564573764801025 4.06000041961669922 45.5
18.7762007071670993 -13.5736075525961617 1.94266581535339355 2.67960023880004883 48.5
14.0505488040845954 -18.6014998749040075 0.788603603839874268 -0.974400043487548828 47
18.9307595056746969 -13.556185508959345 1.38268733024597168 2.76080012321472168 46
18.8700201363838538 -13.6786021486876361 0.934802532196044922 2.67960023880004883 49
14.0911941228115261 -18.6730085939329058 0.563102304935455322 -0.893200039863586426 47.5
14.1177844005587367 -18.6613123780895442 -0.0606223158538341522 -0.974400043487548828 46.5
19.0170901277297588 -13.6348636194032498 -0.0287161041051149368 2.76080012321472168 45.5
18.9496466129284578 -13.7225852382284881 -0.402006447315216064 2.67960023880004883 49.5
18.8560874581659377 -13.8483195585446683 -0.481757819652557373 2.59840011596679688 48.5
20.8375541317665061 10.7627392053431823 1.017569899559021 4.30360031127929688 50
20.8851984999526081 10.7011372638571611 0.608104348182678223 4.22240018844604492 50
20.8976500354881551 10.6747364317917235 0.643301784992218018 4.14120006561279297 49.5
20.8976500354881551 10.6747364317917235 0.643301784992218018 4.06000041961669922 47.5
18.9980853084334207 -13.7841677639432021 -0.380890905857086182 2.67960023880004883 47
18.9772948278236981 -13.7988348928684452 -0.728088200092315674 2.59840011596679688 47
20.9554873608940468 10.7088413674062917 0.889271855354309082 4.38479995727539062 53
20.9678574726874736 10.7088413674062917 0.521766602993011475 4.30360031127929688 60.5
20.9705382256097899 10.7088413674062917 0.399767369031906128 4.22240018844604492 62.5
21.0073690902944357 10.6411570169115564 0.242437124252319336 4.14120006561279297 60
20.9921987440294586 10.6735277932351238 0.0770669952034950256 4.06000041961669922 52.5
21.0165993764005066 10.742945435696317 1.01602482795715332 4.38479995727539062 56.5
21.0393195313912216 10.742945435696317 0.277031123638153076 4.30360031127929688 65.5
21.0400532042569353 10.742945435696317 -0.21421581506729126 4.22240018844604492 67
21.0523234698378161 10.7075193996346627 -0.537919461727142334 4.14120006561279297 62.5
21.0919418419105824 10.6337151578395535 -0.441301077604293823 4.06000041961669922 52
19.9080131047863382 -12.6854730797436304 -0.943605661392211914 3.24800014495849609 45.5
21.1368760846307921 10.7089349114207621 0.491166383028030396 4.38479995727539062 58
21.1068477034148572 10.7770503713108834 -0.214895874261856079 4.30360031127929688 65.5
21.0943735005376709 10.7415118704986465 -1.15644896030426025 4.22240018844604492 65.5
21.0988108543393906 10.7089349114207621 -1.35974955558776855 4.14120006561279297 60
21.1193822565548608 10.7089349114207621 -0.9901924729347229 4.06000041961669922 49
19.9921805395471566 -12.6990909569060371 -0.857797145843505859 3.24800014495849609 50
20.0278550020660084 -12.6368985804846226 -0.940145015716552734 3.16680002212524414 49.5
21.1729038714192654 10.8111553069254498 0.278790086507797241 4.38479995727539062 54.5
21.1782634066386599 10.7755043413626286 -0.787617385387420654 4.30360031127929688 60
21.0287458473252293 10.7012314964400854 -2.91996550559997559 4.22240018844604492 58.5
21.033468474506666 10.7428242895967099 -2.72683429718017578 4.14120006561279297 51.5
21.1666110994706393 10.8111553069254498 -0.586708903312683105 4.06000041961669922 47.5
20.0714699074756133 -12.6590636885983372 -1.4611363410949707 3.24800014495849609 51
20.0281164157403175 -12.7660165852867991 -1.07429611682891846 3.16680002212524414 50
19.9164536610895766 -12.9828932924606253 -0.173435598611831665 3.08560013771057129 45.5
17.776398123895607 -15.5913556061403575 2.48194146156311035 1.78640007972717285 49
17.9237764902628776 -15.4012171231386468 2.60603451728820801 1.70520007610321045 49.5
20.2936163571281725 -12.4784558955831812 -1.13128602504730225 3.32920026779174805 45
20.0395016958731844 -12.7794647433151844 -1.98145675659179688 3.24800014495849609 46.5
17.895215918740405 -15.5302683715987477 2.7192835807800293 1.86760008335113525 47.5
17.9979791939848681 -15.4498006598288065 2.48977088928222656 1.78640007972717285 54
17.8952314104473658 -15.5123866578720957 2.81941366195678711 1.70520007610321045 53
17.9707173975910806 -15.5611682434378604 2.70352482795715332 1.86760008335113525 46.5
17.9314193691229562 -15.5611682434378604 2.9529569149017334 1.78640007972717285 51
18.0185203469346966 -15.4983854320810508 2.74565935134887695 1.70520007610321045 50
20.3536878046206056 -12.6679006412209851 -1.11878752708435059 3.24800014495849609 47.5
20.5826853858945498 -12.4517740999413729 -0.955020725727081299 3.4104001522064209 46
20.0666218344035663 -13.2219249019672223 -1.45499765872955322 3.08560013771057129 47.5
20.1383706004502336 -13.0925636344394416 -1.62371230125427246 3.00440025329589844 47.5
20.6335904240771946 -12.4905650668302695 -1.20965087413787842 3.4104001522064209 47
20.6608479414232491 -12.4905650668302695 -0.581149697303771973 3.32920026779174805 46
20.1160971696864124 -13.229919606905991 -1.88001394271850586 3.08560013771057129 46.5
20.7373727252457307 -12.4536764107946638 -1.31071960926055908 3.4104001522064209 46
20.7164312221697848 -12.5293550472238984 -0.833886384963989258 3.32920026779174805 46.5
20.779369556151984 -12.5347443213958947 -1.26018333435058594 3.4104001522064209 45
20.6932419606972253 -12.7290814426578454 -0.50028693675994873 3.32920026779174805 45
20.4551240422414047 -13.2557114620244842 -0.121311746537685394 3.16680002212524414 47
20.7355076504744176 -13.0584032115049613 -0.996262013912200928 3.24800014495849609 46
22.456960319063235 -10.3916380455788673 -0.51123887300491333 4.30360031127929688 47
22.5507525660165022 -10.3796976775196015 0.0778539106249809265 4.30360031127929688 47.5
21.0234040044201507 -13.342083292195511 -0.123924612998962402 3.24800014495849609 47
20.8357180415091428 -13.7162022432300574 1.22036468982696533 3.08560013771057129 45
24.751967757364163 -3.32996309295255255 0.045973610132932663 1.38040006160736084 48
20.9888177298869145 -13.62279225888234 1.17967593669891357 3.08560013771057129 45
21.5841283390230387 -12.8598395059709176 -0.12504442036151886 3.49160003662109375 47
21.4307010871678187 -13.1015894185587509 0.582350492477416992 3.4104001522064209 47.5
21.3297438313790551 -13.2617094905325104 0.659409642219543457 3.24800014495849609 48.5
21.3382606457165558 -13.2617094905325104 0.267213702201843262 3.16680002212524414 46.5
21.5666361059493532 -13.0336326843032086 -0.211317211389541626 3.49160003662109375 46.5
21.4036342977347722 -13.3012960759837515 0.00515388976782560349 3.4104001522064209 49
21.4020833076591401 -13.3012960759837515 -0.25770413875579834 3.32920026779174805 50
21.4655616005296288 -13.2005286814687217 -0.12541767954826355 3.24800014495849609 49
21.5191958568913115 -13.2240246019669812 -0.935467123985290527 3.4104001522064209 49
21.4610288590040277 -13.3408836681892833 -0.520360231399536133 3.32920026779174805 49.5
21.3256066479667439 -13.5430182692224541 0.794252514839172363 3.24800014495849609 47
21.2040795979798311 -13.7451528702556232 0.532419502735137939 3.16680002212524414 50.5
21.1433663305531567 -13.8462201707722095 -0.25674775242805481 3.08560013771057129 49
21.6519599363080744 -13.1492263311699382 -0.955513417720794678 3.4104001522064209 49
21.5306665239274153 -13.3804702536405244 -0.126164212822914124 3.32920026779174805 46.5
21.3693053526421082 -13.6117141761111107 0.834611892700195312 3.24800014495849609 45.5
21.2737021665743313 -13.7859390492053873 0.00518456753343343735 3.16680002212524414 52.5
21.2076694738505438 -13.8873062480966052 0.00518456753343343735 3.08560013771057129 50.5
23.2434947514503421 -10.2842630793095839 -0.636089563369750977 4.38479995727539062 45.5
21.7329378944019282 -13.1881297628094174 -0.428128302097320557 3.4104001522064209 45.5
21.5119510433035792 -13.6922576816542794 -0.0904026404023170471 3.24800014495849609 48
21.4215769164081848 -13.7304953107396521 1.68512880802154541 3.16680002212524414 46.5
21.785279802133541 -13.6812729148047492 0.00526126241311430931 3.24800014495849609 47
22.3167275302158856 -12.9312909813417498 -0.620855569839477539 3.5728001594543457 45.5
21.9127923021177224 -13.6179937933651338 0.140716090798377991 3.32920026779174805 48
21.9765691909157148 -13.6575813855706656 -0.128777086734771729 3.32920026779174805 52
21.9764929249042744 -13.6575813855706656 0.141125157475471497 3.24800014495849609 52
21.9721851490951749 -13.8009343950447985 -0.399820834398269653 3.32920026779174805 52
21.9322970928765599 -13.8625457093083906 -0.45465773344039917 3.16680002212524414 47.5
21.7021710984884528 -14.1706022806263565 -1.26977324485778809 3.08560013771057129 48.5
21.6294428000180581 -14.2516697993942429 -1.56831526756286621 3.00440025329589844 50
22.1716765948009886 -13.6164288691366675 -0.55708843469619751 3.4104001522064209 48
22.0448570196937368 -13.7367555632274385 -1.62066543102264404 3.16680002212524414 45
21.5831505438857647 -14.4489595093322691 -1.64191532135009766 3.00440025329589844 46.5
23.9127612016874558 -10.4366228399080896 0.683219552040100098 4.46600008010864258 45
23.9189563115852302 -10.4366228399080896 0.412806540727615356 4.38479995727539062 45.5
22.4361302833775191 -14.183067191743385 -0.602709054946899414 3.24800014495849609 47
22.3285128053514796 -14.3323626358670015 -0.960949957370758057 3.16680002212524414 46.5
23.5493797829315668 -12.7407777843454966 0.00547600816935300827 3.73520016670227051 48.5
23.6557701702571919 -12.6992969118059236 -0.234307333827018738 3.73520016670227051 49.5
23.5777658173901834 -12.8368586484991987 -0.47591787576675415 3.65400028228759766 45
23.7485531579101234 -12.6809375865983434 0.394653856754302979 3.73520016670227051 46
21.5720303451665849 -16.5474454444534764 1.42484688758850098 2.43600010871887207 49
21.4294440646259403 -16.6563102171143527 2.13234710693359375 2.35480022430419922 48.5
24.2275010615442916 -12.5539380461800469 -0.846722424030303955 3.97880029678344727 46
24.2401971211066396 -12.5368810651390419 -0.727654039859771729 3.89760017395019531 46
21.6314580296981092 -16.5930311566901487 1.42877209186553955 2.43600010871887207 52.5
21.5991500023911271 -16.5930311566901487 1.854217529296875 2.35480022430419922 50.5
21.7757905383137 -16.5770430400533257 0.638233542442321777 2.43600010871887207 49
21.8559102946405908 -16.4504746140355849 1.04489946365356445 2.35480022430419922 46.5
24.0491400620323823 -14.269626264150272 -0.785682320594787598 3.49160003662109375 45.5
24.1423672969460341 -14.2447909376281014 -1.01715230941772461 3.5728001594543457 46.5
24.1851057146875625 -14.1641732723806975 -1.12225556373596191 3.49160003662109375 48
24.266213471664269 -14.2020457771398263 -0.684470295906066895 3.49160003662109375 47.5
25.3159221124216955 -12.9256396319150539 0.112399198114871979 3.97880029678344727 46
25.6463154484450868 -12.6010694794744538 -0.101304128766059875 4.06000041961669922 46
25.6215820477498326 -12.7434766911994259 3.25244879722595215 4.14120006561279297 45
26.9225031095982565 -12.8910286013477382 -0.150595605373382568 4.14120006561279297 45
25.2815883599142488 -16.4370811341578857 2.05288362503051758 3.16680002212524414 46.5
25.2593309218018547 -16.3690968831434489 2.75127077102661133 3.08560013771057129 46
26.715241950633505 -15.1241067462742222 1.76632630825042725 3.81640005111694336 45
26.692147076358637 -15.1241067462742222 2.08644986152648926 3.73520016670227051 49
26.6920549775509954 -15.1048942122977561 2.22238302230834961 3.65400028228759766 47
26.7804000790513932 -15.1609942463537877 1.77063441276550293 3.81640005111694336 45
26.7377680886400526 -15.2842543621778013 1.28997790813446045 3.73520016670227051 48.5
26.8519959070009513 -15.0646972808662767 1.48522186279296875 3.65400028228759766 46
28.1879712955020629 -13.8474472290711912 4.49022006988525391 4.14120006561279297 45
22.0706212585802106 22.888594027732335 0.489954859018325806 1.13680005073547363 46
21.9015541867659564 23.0356214546465914 0.960288643836975098 1.05560004711151123 46
28.3517640811755669 -14.2036857581897493 3.23241376876831055 4.06000041961669922 51
28.3421086872570385 -14.2753813116522874 2.99234843254089355 3.97880029678344727 48
21.9409669728586074 23.1138498190620041 0.599749624729156494 1.05560004711151123 45.5
28.6137327874605596 -14.0893847325884298 1.88309645652770996 4.14120006561279297 46
28.4570665240622702 -14.3089699296109174 2.50025200843811035 4.06000041961669922 51
28.441883972464499 -14.3089699296109174 2.66742801666259766 3.97880029678344727 48
27.885285776509761 -15.6963221270389184 3.35666012763977051 3.81640005111694336 45.5
28.0441096070643461 -15.6118900664170397 2.24222731590270996 3.73520016670227051 46
29.6753135922166607 -12.6016408330315972 0.798050582408905029 4.54720020294189453 45.5
29.4062498951348381 -13.2383722854201462 0.283630579710006714 4.38479995727539062 46.5
28.1816756188510062 -15.4749922605824519 2.52592086791992188 3.81640005111694336 45
22.8722174691087581 22.6966553155209319 1.33642899990081787 1.38040006160736084 46
22.6243335482452963 22.9183023400865657 1.71857500076293945 1.29920005798339844 45.5
29.6703912634941886 -12.7763627193159639 1.15675866603851318 4.54720020294189453 45.5
29.5128096580509798 -13.0752722486328725 1.7137676477432251 4.46600008010864258 51
29.5128096580509798 -13.0752722486328725 1.7137676477432251 4.38479995727539062 52
29.3985030824424953 -13.2691595108924876 2.13614845275878906 4.30360031127929688 47.5
22.8204617638924532 22.8786969466347188 0.835154294967651367 1.38040006160736084 46
22.5950111557798863 23.0604662550031101 1.60812282562255859 1.29920005798339844 47
22.211777100731144 23.4401621435948577 1.44962739944458008 1.05560004711151123 45
30.3161729886475193 -11.4011111140345083 -0.839299559593200684 4.70960044860839844 45
29.8598071753348435 -12.5104521812381506 1.28084743022918701 4.54720020294189453 48
29.6717777649197245 -12.8262500032888216 2.19840550422668457 4.46600008010864258 52
29.4843275168808141 -12.9558080841301226 3.54704952239990234 4.38479995727539062 49
29.7074930912513864 -12.8113020144657384 2.82156085968017578 4.54720020294189453 48
24.8794683018773348 -20.8503230124564354 0.949692010879516602 1.94880008697509766 47
23.253789493124966 22.6318122694568977 1.29929709434509277 1.46160006523132324 45
23.110682868311013 22.7251476975002014 2.02232980728149414 1.38040006160736084 45.5
22.4022102623431749 23.3744376317144926 2.53030180931091309 1.05560004711151123 46
29.4083298537419218 -13.3615211873095134 4.01529979705810547 4.46600008010864258 46.5
29.4526723281818548 -13.3615211873095134 3.67594480514526367 4.38479995727539062 46.5
24.9019157302096303 -20.8984766698314388 1.62818336486816406 1.94880008697509766 47
22.8939991405171455 23.0135424285531869 2.39674186706542969 1.29920005798339844 46
22.5263664617680561 23.2982628191503451 3.04245734214782715 1.13680005073547363 45.5
29.528567972277056 -13.1966201714903413 4.27826452255249023 4.46600008010864258 50.5
29.5610435684762791 -13.3923068468785207 3.34387111663818359 4.38479995727539062 47.5
29.7023146630806778 -12.9000633139761565 4.54433631896972656 4.54720020294189453 49.5
29.6035453080605215 -12.9245803807749695 5.08678007125854492 4.46600008010864258 52.5
25.6107756972909613 -20.2470109980208584 1.85385394096374512 2.27360010147094727 50
25.6197859940615409 -20.2224939312220435 1.99183893203735352 2.19239997863769531 49
22.7327842672873004 23.3606784814702841 2.60561776161193848 1.29920005798339844 46.5
29.7172627044188715 -12.6552490746647486 5.56144094467163086 4.46600008010864258 47
25.7291140498113471 -20.1460097729048222 2.52025818824768066 2.35480022430419922 48
25.6955793802494377 -20.1828697216659805 2.56704068183898926 2.27360010147094727 55
25.6778680380291995 -20.1828697216659805 2.73853230476379395 2.19239997863769531 54.5
23.9119931015661287 22.3903710974731958 1.0433342456817627 1.70520007610321045 45
29.8184552645063548 -13.4846685232955448 2.85414218902587891 4.30360031127929688 45.5
25.6564617100407482 -20.3152586063286584 2.85637402534484863 2.35480022430419922 48.5
25.6564617100407482 -20.3152586063286584 2.85637402534484863 2.27360010147094727 54.5
25.7177259895807566 -20.2290552459057693 2.91660737991333008 2.19239997863769531 54
24.1989305054377297 22.1994177698576287 0.84871828556060791 1.70520007610321045 46
29.9707114341936673 -13.6183130984540952 0.594818413257598877 4.30360031127929688 47
25.7333963798789043 -20.3616409438819694 2.69290518760681152 2.27360010147094727 48.5
25.7412795560696779 -20.4068981777439014 2.2362678050994873 2.19239997863769531 48.5
24.3406586953603998 22.1184444765224235 1.53707659244537354 1.78640007972717285 46
24.2263815114740169 22.3461437417892341 1.65294003486633301 1.78640007972717285 46.5
22.8981205753811778 23.4883991055972459 3.60155200958251953 1.21800005435943604 50.5
24.2857233930330629 22.4465274003707655 0.559201717376708984 1.78640007972717285 46
29.6022035722332255 -14.6185638256939683 2.9882662296295166 4.22240018844604492 45.5
24.3872808151824714 22.4528357632722049 2.24308586120605469 1.70520007610321045 46
23.2162026045956331 23.5156918940779889 3.4526822566986084 1.38040006160736084 45.5
23.2648786827233351 23.5156918940779889 3.10780525207519531 1.29920005798339844 48.5
29.2549213379632853 -15.8706406828623923 1.07819867134094238 3.81640005111694336 48
23.90690774982669 23.0569533360620156 2.39309358596801758 1.54280006885528564 45
29.2505376045111269 -15.9063839113543821 2.2986137866973877 3.89760017395019531 46
29.3009706545397322 -15.9397481146293796 1.1261134147644043 3.81640005111694336 48
22.9812183855882211 24.0222263579971802 2.94735574722290039 1.13680005073547363 48
22.3902414596032422 24.6895104234971043 1.73080837726593018 0.812000036239624023 46.5
22.2802572352375847 24.7854325079127165 1.77852535247802734 0.730800032615661621 45
29.1811613903826128 -16.2305418834776631 1.98288917541503906 3.81640005111694336 46.5
22.9042960678775209 24.0762094382774521 3.82516384124755859 1.21800005435943604 45.5
23.0546245741735021 24.0762094382774521 2.77902531623840332 1.13680005073547363 46.5
22.4321071220402324 24.6864744691782327 2.50622010231018066 0.812000036239624023 46.5
29.4542754684982029 -16.01138816075132 0.0822822228074073792 3.81640005111694336 46
29.48404171703476 -15.9527383872687167 0.356550812721252441 3.73520016670227051 45.5
31.3114500056785943 -12.3883922137715565 0.355850040912628174 4.70960044860839844 46
31.2951404269494304 -12.5382863346779523 1.57099735736846924 4.62840032577514648 46
22.7622391866128453 24.7223123087393724 3.12254643440246582 0.812000036239624023 45
22.2121314000555365 25.3717896365363487 1.39858853816986084 0.649600028991699219 45
22.6182797118790617 24.963228660950886 3.06289124488830566 0.812000036239624023 46
22.593954695733018 25.1196186813462781 1.62746930122375488 0.730800032615661621 46.5
30.8753886170444183 -12.8312358633420782 5.59283304214477539 4.62840032577514648 46
31.0376793951194898 -13.0896397549445442 3.81232929229736328 4.54720020294189453 48.5
31.3270999159627479 -12.6558397720140814 3.56978464126586914 4.62840032577514648 48.5
31.3186656614392298 -12.8086778236049934 3.06263470649719238 4.54720020294189453 49
31.206381032360234 -13.3690840127716672 1.31533610820770264 4.46600008010864258 45
25.1070636292685805 23.2100147093026621 0.755393266677856445 1.78640007972717285 45
32.5463100195589732 -11.5032751498895696 3.77334308624267578 4.87200021743774414 46.5
32.5668155830471022 -11.5032751498895696 3.59207820892333984 4.79080009460449219 46.5
32.3483959607530522 -12.1673636833653571 4.07145357131958008 4.79080009460449219 45
30.4413985099850386 -21.5906520439703016 1.47907733917236328 2.67960023880004883 48
30.6446645841398926 -21.4656491725941656 0.872543931007385254 2.67960023880004883 47
36.062034561082065 -13.6179934577803685 3.43075060844421387 4.79080009460449219 48.5
35.8571141099628576 -13.8839698925026429 4.3809657096862793 4.70960044860839844 50
35.9256987865918518 -13.8839698925026429 3.77751064300537109 4.62840032577514648 46
36.3290944701350327 -13.3342855226010872 2.4278419017791748 4.87200021743774414 47.5
36.0256780535438068 -13.8527333972080324 3.70852398872375488 4.79080009460449219 52.5
35.973450975770767 -13.9108770840798392 3.98736023902893066 4.70960044860839844 53
36.0457084458694439 -13.8527333972080324 3.50848603248596191 4.62840032577514648 48
36.0430328239351638 -13.9377842756570374 3.99507284164428711 4.79080009460449219 50
35.9878363059744757 -14.0834246547130153 3.98189735412597656 4.70960044860839844 50.5
36.0953609222246428 -13.8795281240346462 3.71569705009460449 4.62840032577514648 45.5
37.3008480995606533 -12.1313093663675957 0.280793458223342896 5.03439998626708984 47
37.127676198229878 -12.5479401930913301 1.63883256912231445 4.95320034027099609 48.5
37.3253577609013121 -12.2576343563854984 1.02875602245330811 5.1156001091003418 46.5
37.2950530335781778 -12.3018325571897726 1.49471914768218994 5.03439998626708984 51
37.2514086770147586 -12.4147835148006962 1.64196610450744629 4.95320034027099609 50
37.3516363927294108 -12.3843517732195796 1.36880111694335938 5.1156001091003418 45.5
37.3738378026032123 -12.3253083797834897 1.29368114471435547 5.03439998626708984 49.5
37.2616845140955846 -12.5073588428780962 2.35019445419311523 4.95320034027099609 48
39.5863179670541712 0.633395068670296157 0.826082348823547363 0.406000018119812012 51.5
39.5731935683378495 0.816485830707803673 1.2066270112991333 0.324800014495849609 53
39.6665260064680751 0.793243365845655468 0.208275973796844482 0.406000018119812012 55
39.6621925038023875 0.793243365845655468 0.622108221054077148 0.324800014495849609 56.5
39.7184722335435012 0.635794255667341046 1.449546217918396 0.406000018119812012 49
39.7205358897504439 1.05800137857143484 1.10555338859558105 0.324800014495849609 50
39.7315356746659774 -4.15605532995916782 1.46047532558441162 0.324800014495849609 46
39.8080823155773018 -4.19888530210782118 1.29948186874389648 0.324800014495849609 46.5
40.929810450506146 -12.9063703469322988 4.23576831817626953 5.1156001091003418 47.5
41.015709671636877 -12.7123706256422935 3.9840693473815918 5.03439998626708984 46
41.0234429865279822 -12.9288164367363354 4.02032327651977539 5.19680023193359375 46.5
41.0789441073730472 -12.896426917479376 3.52741575241088867 5.1156001091003418 51
41.020096648321335 -12.8431100210995339 5.01317501068115234 5.19680023193359375 49.5
41.048159634742305 -12.951262526540372 4.47652053833007812 5.1156001091003418 53.5
41.2998654240023484 -12.5565058816813124 3.06285572052001953 5.03439998626708984 49
41.0455215606394503 -12.7786967122991459 5.58504867553710938 5.19680023193359375 47.5
41.1433594599499841 -12.9737086163444069 4.25786828994750977 5.1156001091003418 51.5
41.4007298518000084 -12.7136927442840602 1.88795018196105957 5.03439998626708984 47.5
41.2593886723659296 -12.7356889750857611 4.60391807556152344 5.1156001091003418 47.5
42.5941685877244751 -11.6087473126537795 1.55071628093719482 -5.1156001091003418 45.5
42.4958970489601455 -11.7943395773832371 3.61315155029296875 5.19680023193359375 45
42.2932687573545749 -11.8475631831055708 5.96828460693359375 5.19680023193359375 46.5
43.9450132936883548 -11.7530283398431514 1.79660749435424805 -5.03439998626708984 46.5
43.8827012180342351 -11.8326713198808093 2.61192536354064941 -5.1156001091003418 50
43.8697482338662255 -12.0147124171097452 1.90204846858978271 5.19680023193359375 48.5
43.9729636630923153 -11.6698242067515245 3.09095001220703125 -5.03439998626708984 47
43.952695484375603 -11.7723910210686782 2.9885857105255127 -5.1156001091003418 50.5
43.9360313063935592 -11.7723910210686782 3.22431516647338867 5.19680023193359375 49.5
43.945575273219923 -11.6890181908511757 4.28475856781005859 -5.1156001091003418 47
43.8802486681829507 -11.7917537022942067 4.65664005279541016 5.19680023193359375 47
48.4104742892617992 9.5831368217592221 0.111027203500270844 -4.79080009460449219 47
48.3524355555081797 9.81130674608682263 1.0967477560043335 -4.87200021743774414 47.5
48.395586502133213 10.0115015008249006 -0.684014499187469482 -4.70960044860839844 50
48.4383259608261056 9.82621769760173791 0.0707656592130661011 -4.79080009460449219 55
48.3991997233498665 10.0115015008249006 0.343700200319290161 -4.87200021743774414 54
48.3892330803481912 9.96209248663205749 1.4386366605758667 -4.95320034027099609 47.5
48.4690251604325582 10.0266936142162741 -0.68505251407623291 -4.70960044860839844 53
48.4690251604325582 10.0266936142162741 -0.68505251407623291 -4.79080009460449219 57
48.4690251604325582 10.0266936142162741 -0.68505251407623291 -4.87200021743774414 55.5
48.5107757779640636 9.84112864911665142 0.327351570129394531 -4.95320034027099609 48.5
48.5802937874533569 9.85603884222906856 -0.70299077033996582 -4.70960044860839844 51.5
48.5568801059410617 9.91179267603174807 -1.29096448421478271 -4.79080009460449219 54.5
48.5168295709329556 10.0418849549046634 -1.72000575065612793 -4.87200021743774414 52
48.5833332190423945 9.85603884222906856 -0.446138828992843628 -4.95320034027099609 45.5
42.4012782284147534 26.6758813488500266 0.734341979026794434 3.49160003662109375 48
42.4781817576231262 26.6844664751387235 1.0364222526550293 3.49160003662109375 49.5
42.4459139349233254 26.7534347860472153 -0.35917779803276062 3.4104001522064209 45
66.3938765950463363 -1.97624811821700619 1.88437807559967041 1.38040006160736084 61.5
66.3832163355515092 -1.97624811821700619 2.22851896286010742 1.29920005798339844 65
66.4013077349832486 -1.85999822891012334 1.73493194580078125 1.21800005435943604 56.5
66.4583671718665698 -2.12811138759320295 2.08144235610961914 1.46160006523132324 49
66.4682655566391958 -2.12811138759320295 1.73689007759094238 1.38040006160736084 71.5
66.4682655566391958 -2.12811138759320295 1.73689007759094238 1.29920005798339844 75
66.4416955425127895 -2.34424770039563768 2.36248111724853516 1.21800005435943604 66.5
66.5051287546426551 -2.77132844645683107 2.2244718074798584 1.46160006523132324 48
66.4993810373747039 -2.83790690763297082 2.31069087982177734 1.38040006160736084 72
66.4716309888825236 -2.83790690763297082 3.00485038757324219 1.29920005798339844 75.5
66.4326236458779107 -3.19576613645472385 3.47197079658508301 1.21800005435943604 67
66.6122733828371025 -2.89109269381049305 -0.0500055402517318726 1.46160006523132324 45.5
66.5168662440108562 -3.5576270324411543 2.89924311637878418 1.38040006160736084 67
66.4703304983918031 -3.80757740942765244 3.57120609283447266 1.29920005798339844 70.5
66.4372092878609379 -3.90755756022225187 4.04772758483886719 1.21800005435943604 61.5
66.6840894787433172 -2.89434463410591025 0.646208763122558594 1.46160006523132324 51
66.6737997863317844 -2.89434463410591025 1.33785045146942139 1.38040006160736084 72.5
66.6658509224737088 -2.89434463410591025 1.6881721019744873 1.29920005798339844 76
66.6696958738216239 -2.84429832919341585 1.61992800235748291 1.21800005435943604 67.5
66.7521229565152225 -2.84749436507137821 1.27558088302612305 1.46160006523132324 53.5
66.7457726111568235 -2.9393490220091647 1.39401400089263916 1.38040006160736084 75.5
66.7407609448142694 -2.89759690521926183 1.69006907939910889 1.29920005798339844 79
66.7310970587267036 -2.89759690521926183 2.03618311882019043 1.21800005435943604 70.5
66.8193552182677593 -2.73365294663775238 1.81962692737579346 1.46160006523132324 49.5
66.8195169391542834 -2.85069007585160072 1.62356829643249512 1.38040006160736084 69
66.8195169391542834 -2.85069007585160072 1.62356829643249512 1.29920005798339844 72.5
66.8100623763318282 -2.85069007585160072 1.97464048862457275 1.21800005435943604 64
62.700793776860472 -15.5157794157788018 17.4207077026367188 1.05560004711151123 47
61.6977968560642509 -16.9035053764572929 19.5771121978759766 0.974400043487548828 45
66.9439707370765404 -0.217598354560025325 2.02705955505371094 1.38040006160736084 48.5
66.4671596878644806 -6.78739482877617561 4.65827512741088867 1.29920005798339844 52.5
66.4317244422009026 -6.4275206270038252 5.58248615264892578 1.21800005435943604 48
62.2540356581723273 -17.2907000200389405 17.6385478973388672 1.05560004711151123 45.5
66.9809759004312752 -1.85165713423654754 2.41310882568359375 1.29920005798339844 48
67.0483716952437589 -2.91060499721886456 1.34536635875701904 1.38040006160736084 49
66.989188594078243 -3.22095769144681299 2.79992985725402832 1.29920005798339844 53
67.0345541575569825 -2.98609619311214969 1.79372680187225342 1.21800005435943604 47.5
67.089657040553405 -3.22455674651173219 2.10256195068359375 1.38040006160736084 47.5
67.0778466188221927 -3.22455674651173219 2.45055389404296875 1.29920005798339844 53
67.0478620193588455 -3.65281818940782177 2.66115117073059082 1.21800005435943604 47
67.2175307515635865 -2.69012952957015194 0.701741337776184082 1.38040006160736084 47.5
67.1845582331283708 -2.86666927994819298 1.98570919036865234 1.29920005798339844 50.5
67.5127865835667933 -2.70212576963243434 -1.05036652088165283 1.29920005798339844 46
67.683654599462912 -0.43160724491513236 2.32665443420410156 1.29920005798339844 46
67.7821211733699727 -4.19455541588390179 2.2788240909576416 1.38040006160736084 52
67.8205744233552394 -3.69358624678035907 1.98248410224914551 1.29920005798339844 56
67.7372336557946397 -4.46626750760107782 2.98707842826843262 1.21800005435943604 49.5
67.9105439869432388 -3.62965989101574271 1.54423141479492188 1.38040006160736084 62.5
67.8849667617246126 -3.8081677545083199 2.12837457656860352 1.29920005798339844 67
67.895685464281982 -3.57865764430357736 2.18400001525878906 1.21800005435943604 59
67.9896770625683473 -3.58260348332006462 1.47631371021270752 1.38040006160736084 63
68.1105233905477547 -2.90501943479956237 0.590284824371337891 1.38040006160736084 53
68.1033452206667249 -2.95613414626231119 1.0132213830947876 1.29920005798339844 57
68.1056290559292989 -2.72611794467994129 1.42217588424682617 1.21800005435943604 50
68.3202674466190274 -3.28213796662574886 0.359069317579269409 1.38040006160736084 49.5
68.325381689213998 -3.00862646940693645 1.07251918315887451 1.29920005798339844 54
68.3727599811848421 -3.2857370216906685 1.78780233860015869 1.38040006160736084 52
68.3393362083223792 -3.5338786196829326 2.46439433097839355 1.29920005798339844 56
68.381210431118987 -3.2857370216906685 1.42843413352966309 1.21800005435943604 47.5
68.3609384476576878 -4.16306550880800952 2.9247431755065918 1.29920005798339844 45.5
68.763478590978437 -3.79826166791730646 2.79519867897033691 1.29920005798339844 48.5
68.8316453903821639 -3.8627500061298834 2.87814021110534668 1.38040006160736084 50.5
68.7491077480505766 -3.75066127827343632 4.52689647674560547 1.21800005435943604 46
68.6909129761551895 -3.31452763174767684 6.47521638870239258 1.38040006160736084 45.5
68.8495896370414897 -3.56484352060362131 4.28743457794189453 1.29920005798339844 48
69.0916870374803551 -2.82559194498823318 -0.278148472309112549 1.38040006160736084 47.5
69.1197125333971911 -3.6417874562643342 1.14208328723907471 1.38040006160736084 55.5
69.0703296414518491 -3.87534627174922042 2.5243988037109375 1.21800005435943604 52.5
69.1557887308207597 -3.64573289391381739 2.58379173278808594 1.29920005798339844 60.5
69.1557887308207597 -3.64573289391381739 2.58379173278808594 1.21800005435943604 53
69.1814782941823552 -3.64967833156330057 3.67331576347351074 1.38040006160736084 50
69.2006432892728611 -3.32892275372994639 3.61663603782653809 1.29920005798339844 54
69.155589509310559 -4.16115344216243255 3.61663603782653809 1.21800005435943604 48
69.2729058152388717 -4.21772291425600176 2.60358142852783203 1.29920005798339844 46
69.5964924915194842 -4.59936828624108607 5.62809228897094727 1.29920005798339844 46.5
70.1488602018990122 -2.47374965087178822 1.02895832061767578 1.29920005798339844 45.5
70.0784335137030467 -3.37210885186169351 4.02713394165039062 1.38040006160736084 45
70.0648847454409918 -4.11853919667482948 3.539154052734375 1.29920005798339844 49.5
70.100167822176644 -4.27238031970399401 4.10325813293457031 1.38040006160736084 45
70.2344860234782828 -3.37570790692661271 2.20111942291259766 1.29920005798339844 48.5
70.2321143746464429 -4.12733019134547074 3.17742609977722168 1.29920005798339844 48
71.1277859531709709 -3.92638566349989038 1.40861296653747559 1.38040006160736084 48.5
71.0961314158718096 -3.80173849957925869 2.72931075096130371 1.29920005798339844 52
71.2180221053602338 -3.80574057383113518 0.875266849994659424 1.38040006160736084 50
71.1656358756931695 -3.99290814303594521 2.60097837448120117 1.29920005798339844 55
71.2205554803010301 -3.42609138300326022 3.72220277786254883 1.29920005798339844 49
71.3262655693847307 -3.7601554021528738 2.66488480567932129 1.29920005798339844 49
71.4425591155527115 -3.18294512819391739 2.28742074966430664 1.29920005798339844 48.5
72.0032703511493111 -3.98424835724098525 5.19089841842651367 1.29920005798339844 46.5
77.0956592360289221 -3.15350776812173805 -1.51522505283355713 1.38040006160736084 46.5
77.1023946952702488 -3.34638286097322046 -0.0578804276883602142 1.29920005798339844 49.5
77.1793706582844692 -3.29171604389799821 0.268601775169372559 1.38040006160736084 48.5
77.1710261341556105 -3.39790043241083684 0.805789947509765625 1.29920005798339844 52.5
77.2843644435031507 -2.47359968452388834 0.405921608209609985 1.38040006160736084 51
77.2686692666658388 -2.72482465248334549 1.13339316844940186 1.29920005798339844 50.5
77.3573147776862413 -2.22453018131355451 1.28750026226043701 1.38040006160736084 53.5
77.3317650360269084 -2.1664989591923316 2.42170071601867676 1.29920005798339844 54
77.4326526512766407 -2.34286078005003873 1.03524613380432129 1.38040006160736084 48
77.4008965161527129 -2.06210473615974488 2.68799972534179688 1.29920005798339844 47
78.5718312443007108 -1.54644028357033925 6.12024497985839844 1.29920005798339844 45
80.5995125733669369 -3.01518695037226347 2.66792988777160645 1.29920005798339844 45
80.6996197364814947 -2.32153004195855717 2.60435962677001953 1.29920005798339844 46.5
90.7672579244133146 -11.2257522597448176 4.61185407638549805 -4.62840032577514648 46.5
90.8161070877049497 -10.8366843934539663 4.58067226409912109 -4.70960044860839844 45.5
90.9116417985208471 -11.3609237708412731 2.39287447929382324 -4.54720020294189453 49
90.8674937008218251 -11.0975152559931391 4.43464136123657227 -4.62840032577514648 53
90.862628789649122 -10.9944423588786524 4.77786970138549805 -4.70960044860839844 52
90.9296049748650574 -10.7539389322781815 3.98523616790771484 -4.79080009460449219 45
91.0235913665944167 -10.7627397466166173 3.51362872123718262 -4.54720020294189453 49.5
90.8365649161626294 -11.3702213297589818 5.73698902130126953 -4.62840032577514648 54
90.9571076028654488 -10.7627397466166173 4.94414663314819336 -4.70960044860839844 53
90.9521780038012508 -10.9232065798995066 4.67561626434326172 -4.79080009460449219 46
91.016214513489416 -11.1156783132124382 4.44189977645874023 -4.54720020294189453 46.5
90.9062870574320812 -11.2533337721995892 6.05397129058837891 -4.62840032577514648 50.5
91.0134489835597265 -11.2533337721995892 4.14182043075561523 -4.70960044860839844 49.5
99.9212061431008323 -6.63610284669819972 3.42865824699401855 -4.46600008010864258 50
99.9380840164533168 -7.09937795109033765 1.42087411880493164 -4.54720020294189453 52.5
99.9417096190660317 -6.73627043683703963 2.51366424560546875 -4.62840032577514648 51
99.5875672022253156 -6.73627043683703963 8.77383804321289062 -4.70960044860839844 45
100.018925202276321 -7.10469164027622124 0.902405023574829102 -4.46600008010864258 54
100.037440095928119 -6.64106978720704966 1.86624479293823242 -4.54720020294189453 57
99.97861449253557 -6.95432779603757112 3.31507611274719238 -4.62840032577514648 55
99.9821082145575701 -6.41552402084907403 4.18268871307373047 -4.70960044860839844 47
100.12632251478999 -6.64603723299977744 0.820983290672302246 -4.46600008010864258 53
100.082464589454858 -6.95952955531108675 2.27803945541381836 -4.54720020294189453 56
100.077527622562698 -6.42032276093563326 3.65942072868347168 -4.62840032577514648 54
100.078820483216916 -7.11000587002051621 1.94972550868988037 -4.70960044860839844 46.5
100.207566938225341 -6.60080791559535474 0.232783019542694092 -4.46600008010864258 47.5
100.217869358668253 -6.42512101289889959 0.527186214923858643 -4.54720020294189453 49
100.168543663196886 -7.1153195592063998 0.903754949569702148 -4.62840032577514648 48.5
