
X Y Z V_r Mag
7.94967120617991885 2.70602450927970262 -0.200421199202537537 -3.73520016670227051 47
8.00048726331123206 2.76936957598543509 -0.385259151458740234 -3.73520016670227051 63
8.01215734675987967 2.74501183210487509 -0.309631466865539551 -3.81640005111694336 64.5
8.00922105496900016 2.75666118787383851 -0.280759513378143311 -3.89760017395019531 55
8.04650231481819489 2.82592933649905831 -0.608628511428833008 -3.73520016670227051 65
8.08844735373974011 2.73511497218812405 -0.445725679397583008 -3.81640005111694336 66.5
8.0871642181162926 2.75434624933632222 -0.337418586015701294 -3.89760017395019531 57
8.00487304000782807 3.17297321932097587 -0.494845539331436157 -3.49160003662109375 50
8.01559244496289303 3.17297321932097587 -0.270447611808776855 -3.5728001594543457 48.5
8.07597948377395092 2.79359598657607666 -1.16833269596099854 -3.65400028228759766 54
8.16196816374557699 2.71276276937190808 0.643290281295776367 -3.81640005111694336 51
8.16061116531207098 2.66749616773757303 -0.824327707290649414 -3.89760017395019531 55
8.20719214020089893 2.58666295053340445 -0.5846366286277771 -3.97880029678344727 48.5
8.07957369950521986 3.20056457146422524 -0.408522427082061768 -3.4104001522064209 50
8.07957369950521986 3.20056457146422524 -0.408522427082061768 -3.49160003662109375 60.5
8.11235133535489616 3.13859711882378356 0.170219704508781433 -3.65400028228759766 54
8.24432822018712486 2.73635225080688027 -0.483159959316253662 -3.81640005111694336 63
8.25065846372180367 2.68416913279387659 -0.641786754131317139 -3.89760017395019531 58.5
8.27390744933293298 2.60372015919049593 -0.673133015632629395 -3.97880029678344727 46.5
8.153334449719841 3.22815557276885823 -0.320591896772384644 -3.4104001522064209 47
8.13491144043618597 3.26872682147553251 -0.373196810483932495 -3.49160003662109375 58.5
8.13523778903672046 3.26324422029895489 -0.412044137716293335 -3.5728001594543457 59.5
8.16881367357102484 3.19635648594470867 -0.2332906574010849 -3.65400028228759766 51
8.33265200733533362 2.74678318946534983 -0.150752410292625427 -3.73520016670227051 54
8.32566114801338131 2.77200315487760651 -0.000597684760577976704 -3.81640005111694336 58.5
8.3336527444688695 2.74678318946534983 0.0777722299098968506 -3.89760017395019531 50
8.49395173003636295 2.44180993055511886 -0.461365193128585815 -3.97880029678344727 47
8.49007926670602764 2.47719848027330869 -0.323331981897354126 -4.06000041961669922 50
8.2532875915789532 3.37813502575419156 -0.356473237276077271 -3.4104001522064209 49
8.26574875952825394 3.36475185628933504 -0.107090063393115997 -3.49160003662109375 50.5
8.32509436205023512 3.16958063492684428 -0.549717128276824951 -3.5728001594543457 51.5
8.2916193562530367 3.16065852195027341 -0.956513822078704834 -3.65400028228759766 50
8.54787804500580073 2.42681472962730949 -0.836645424365997314 -3.97880029678344727 47
8.55165176623772894 2.46807950214395033 -0.658384621143341064 -4.06000041961669922 49.5
8.22991579301143439 3.59883540943777991 -0.562909483909606934 -3.32920026779174805 47
8.30295138718727976 3.41889363896589105 -0.610055625438690186 -3.4104001522064209 49.5
8.3114977232091718 3.43463854388218115 -0.349659532308578491 -3.49160003662109375 50.5
8.65824395443399908 2.33924301613455743 -0.750165760517120361 -4.14120006561279297 47
8.26634097198239637 3.70140252978535544 -0.568218052387237549 -3.24800014495849609 48.5
8.35329761462538656 3.50408511551371005 -0.547221720218658447 -3.4104001522064209 48
8.71331759631456926 2.34286079244379453 -0.971974551677703857 -4.06000041961669922 49.5
8.71587170489035579 2.38481909317971885 -0.837770402431488037 -4.14120006561279297 53.5
8.71118293043795333 2.38481909317971885 -0.885195493698120117 -4.22240018844604492 48.5
8.7966035643597813 2.41481871074589405 -0.714791417121887207 -4.06000041961669922 52.5
8.8017801907842923 2.39080772924700025 -0.731581270694732666 -4.14120006561279297 53.5
8.80656591031024227 2.37823054846186555 -0.714791417121887207 -4.22240018844604492 48.5
6.68991598178945512 6.23485152921276509 -0.306861221790313721 3.65400028228759766 45.5
8.86224629056908064 2.47150031963220984 -0.672988295555114746 -4.06000041961669922 50
8.87260790601045279 2.42423748702730268 -0.707482576370239258 -4.14120006561279297 51
6.85599560366986971 6.13379347050512536 -0.687414467334747314 3.73520016670227051 47
6.81282767117137134 6.197194831316585 -0.529897630214691162 3.65400028228759766 47.5
6.91461556563919544 6.14182511872636017 -0.977789878845214844 3.73520016670227051 47.5
8.53381376160588623 3.87765143399708689 -0.168729066848754883 -3.24800014495849609 48
8.56507671428948036 3.79916120859593764 -0.310574650764465332 -3.32920026779174805 50
8.5905908502335393 3.9299285843861953 0.244796007871627808 -3.24800014495849609 48
8.62695331064960591 3.8543530346864614 -0.148820981383323669 -3.32920026779174805 55.5
8.65934394473301161 3.77877748498672661 -0.197777226567268372 -3.4104001522064209 51.5
8.68974962721130773 3.88494305787203276 -0.347992897033691406 -3.32920026779174805 50.5
8.70214336107518349 3.84685538083407152 -0.447261601686477661 -3.4104001522064209 48.5
9.26776521620294247 2.19837310903481731 -0.0363648422062397003 -4.30360031127929688 51
9.32379407424241258 2.20128774624408807 -0.617419958114624023 -4.22240018844604492 50.5
9.33882280724049707 2.20128774624408807 -0.317374229431152344 -4.30360031127929688 57
9.34843869984228526 2.17129744997373253 -0.228398367762565613 -4.38479995727539062 53
9.40088287609776074 2.2051864406064805 -0.60512775182723999 -4.22240018844604492 47.5
9.41839220753967687 2.1664989591923316 -0.453646063804626465 -4.30360031127929688 54.5
9.41839220753967687 2.1664989591923316 -0.453646063804626465 -4.38479995727539062 52
8.96663124385645105 3.82076359301977631 0.252567291259765625 -3.4104001522064209 48.5
9.40690840085281899 2.5622021161098818 -0.0877428874373435974 -4.14120006561279297 50.5
9.43805169971459534 2.44280325382801422 -0.135599330067634583 -4.22240018844604492 47.5
9.06274817777124397 3.79367890236690641 0.0723423659801483154 -3.4104001522064209 53.5
9.04702154849954532 3.82437209736987471 0.237099379301071167 -3.49160003662109375 49.5
9.46858735934561935 2.61874339765327235 -0.136642411351203918 -4.06000041961669922 48.5
9.47776000163552013 2.58191156364970986 -0.19089210033416748 -4.14120006561279297 53.5
9.46235220823097656 2.63224840345457833 -0.256518959999084473 -4.22240018844604492 47
9.57530082750296252 2.04293905939758291 -0.818931043148040771 -4.30360031127929688 47.5
9.58349102093408689 2.04293905939758291 -0.716759920120239258 -4.38479995727539062 49
9.14773757823307143 3.77810261663883695 0.234186410903930664 -3.4104001522064209 49
9.53567582659469615 2.63873375287840206 -0.343480736017227173 -4.14120006561279297 49.5
9.58224191507503065 2.43832359443194102 -0.495207488536834717 -4.22240018844604492 46
9.61511144751113989 2.11172926214881951 -1.0489274263381958 -4.30360031127929688 49
9.63392405708628452 2.05853397317846243 -0.979773044586181641 -4.38479995727539062 50.5
9.67612571549868861 2.00533868420810579 -0.601012110710144043 -4.46600008010864258 49
9.21537095972893461 3.76060507930068244 0.659861385822296143 -3.4104001522064209 46
9.25870369254293024 3.85795163213579384 -0.628582298755645752 -3.4104001522064209 46.5
9.73401229959542569 1.99804721573178656 -1.50310087203979492 -4.38479995727539062 48
9.73401229959542569 1.99804721573178656 -1.50310087203979492 -4.46600008010864258 45
7.67676275715334189 6.45252457223753595 -0.65935206413269043 3.81640005111694336 47
9.80197921086656443 2.02434491780875092 -1.52933180332183838 -4.38479995727539062 48.5
9.82232055459417097 2.01295797764607709 -1.40912735462188721 -4.46600008010864258 45.5
8.38752195751396101 5.48344429611445516 -1.44808042049407959 4.30360031127929688 45.5
8.42381986847510511 5.45181390677369304 -1.3537362813949585 4.22240018844604492 45.5
7.78563214629384426 6.40831688043832859 -0.912705361843109131 3.89760017395019531 46.5
7.76802602486735427 6.45512985666265582 -0.710415422916412354 3.81640005111694336 45.5
8.45863467896332466 5.52406281520033904 -1.4057915210723877 4.30360031127929688 45
10.0851604198185569 1.85532159245995154 -0.650345444679260254 -4.46600008010864258 50
10.0957953007090371 1.84890179456216641 -0.481779187917709351 -4.54720020294189453 51.5
10.1620853593928153 1.86886405064106387 -0.601563692092895508 -4.46600008010864258 56
10.1872622904232113 1.82101078429246921 -0.161583095788955688 -4.54720020294189453 61.5
10.1809151836816643 1.86239739302638907 -0.054333765059709549 -4.70960044860839844 46.5
10.2296930337837981 1.9175795024126252 -0.597407996654510498 -4.46600008010864258 54.5
10.2617974532887395 1.83420648056859803 -0.108742199838161469 -4.54720020294189453 62
10.2622317515165395 1.83420648056859803 0.0540169700980186462 -4.62840032577514648 61
10.3577415978375438 1.67945652440429716 -0.382898688316345215 -4.62840032577514648 55
10.3547308286684192 1.70307388177873276 -0.359290152788162231 -4.70960044860839844 54
10.3950103539892957 1.71523881896689101 -0.912334740161895752 -4.54720020294189453 55.5
10.4103586935245076 1.69145276446657955 -0.770755231380462646 -4.62840032577514648 61.5
10.4179225467384295 1.69145276446657955 -0.660700321197509766 -4.70960044860839844 57.5
10.4705363945666772 1.70344885199033302 -0.942674338817596436 -4.54720020294189453 46.5
10.4653746068068507 1.70344885199033302 -0.998350024223327637 -4.62840032577514648 53.5
10.4799140993079316 1.70344885199033302 -0.831970334053039551 -4.70960044860839844 51.5
10.5381624438658932 1.68059996418020674 -1.07160711288452148 -4.62840032577514648 45.5
9.37669194194368671 5.08870659010545889 -1.09924936294555664 4.46600008010864258 45
10.5812049122052585 1.75173316648055977 -1.26867222785949707 -4.54720020294189453 46
10.5678295039434804 1.72744102703783997 -1.40603244304656982 -4.62840032577514648 47
9.50138357278548717 5.00957897840973576 -1.12597835063934326 4.46600008010864258 46.5
9.54393724250431674 5.00088170436458146 -1.47311508655548096 4.54720020294189453 47.5
9.56046782646224891 5.04436763222862083 -1.19056022167205811 4.46600008010864258 47.5
10.9637603823611887 1.44530734524811022 -0.957627952098846436 -4.70960044860839844 45.5
9.05155250790349086 6.75459278003166919 -0.836968183517456055 4.06000041961669922 45
5.27407982168922107 10.2660717975764495 -0.440861284732818604 2.27360010147094727 46
4.35847139942148676 10.6889537091032167 -0.390497893095016479 1.94880008697509766 48.5
4.35847139942148676 10.6889537091032167 -0.390497893095016479 1.86760008335113525 60.5
4.36347820862943703 10.6889537091032167 -0.329894363880157471 1.78640007972717285 59.5
5.39670062208704504 10.2891547832875219 -0.386695683002471924 2.35480022430419922 51
5.34337575191652281 10.319660536562834 -0.305892020463943481 2.27360010147094727 61
5.42360622942048298 10.2804388537802893 -0.194166719913482666 2.19239997863769531 59.5
5.40067837518071681 10.2891547832875219 -0.32648998498916626 2.11120009422302246 47
4.28800035955555092 10.7845101102818806 -0.669339835643768311 1.94880008697509766 51
4.38096408516924107 10.7583623217601847 -0.453227758407592773 1.86760008335113525 64
4.44318284921231488 10.7380251529099766 -0.305892020463943481 1.78640007972717285 63.5
4.45196126311482132 10.7380251529099766 -0.124428443610668182 1.70520007610321045 49.5
5.8807748332151073 10.1055304886677302 -0.429847627878189087 2.51719999313354492 51.5
5.82755458536592741 10.1318469743153035 -0.524690747261047363 2.43600010871887207 57.5
5.65733944505282338 10.2385749438860127 -0.236892178654670715 2.35480022430419922 55
5.44152516636865613 10.3555371023196656 -0.206585541367530823 2.27360010147094727 62.5
5.45609105649419757 10.3467649404371436 -0.256030857563018799 2.19239997863769531 61.5
5.43151839963649419 10.3555371023196656 -0.389190524816513062 2.11120009422302246 51.5
4.33591967589046146 10.8160756011521801 -1.04991436004638672 1.94880008697509766 45
4.45552455964679783 10.8073034392696563 -0.490423381328582764 1.86760008335113525 57.5
4.55812879419398609 10.7736768187199807 -0.203394845128059387 1.78640007972717285 57
4.3570640073817426 10.8540883026431167 -0.307865530252456665 1.70520007610321045 46.5
5.86491060706543532 10.1967945419243744 -0.528054177761077881 2.51719999313354492 51.5
5.86491060706543532 10.1967945419243744 -0.528054177761077881 2.43600010871887207 60.5
5.87466822984600867 10.1967945419243744 -0.405325591564178467 2.35480022430419922 56
5.59352430759633723 10.3586484235422223 -0.248042166233062744 2.27360010147094727 54.5
5.47036481359534577 10.4219185772655614 -0.330702751874923706 2.19239997863769531 53
5.31288255952060506 10.4837173320651029 -0.718045830726623535 2.11120009422302246 47
6.12870327254440905 10.1403188984249688 -0.188231214880943298 2.59840011596679688 47
5.88559813494809081 10.273588276470857 -0.485409647226333618 2.43600010871887207 53.5
5.9219464262606758 10.2617421095334453 -0.222966775298118591 2.35480022430419922 54
5.86072919096445055 10.2987613812128593 0.0993697866797447205 2.27360010147094727 46.5
6.41247159747065876 10.0539935428110478 -0.0552837885916233063 2.67960023880004883 51
5.9495045738500103 10.3266896771425181 -0.41048896312713623 2.43600010871887207 47
5.82689966950643079 10.3952362464280235 -0.438113898038864136 2.35480022430419922 52
10.1660156626114322 6.20649156652623901 -1.45999646186828613 4.38479995727539062 46
10.1213972034754107 6.23798137635881922 -1.62631702423095703 4.30360031127929688 45
6.34999024161945158 10.1727080906774585 -0.440051615238189697 2.76080012321472168 48
6.35738225798410017 10.1727080906774585 -0.315759509801864624 2.67960023880004883 52.5
6.2732574977063269 10.2281901365729571 0.174253970384597778 2.59840011596679688 51.5
6.26520663344884277 10.2281901365729571 0.362373054027557373 2.51719999313354492 45.5
5.76936621454555087 10.4921047332650623 -0.793817818164825439 2.35480022430419922 45
5.78529496360704076 10.508599395558317 -0.315759509801864624 2.27360010147094727 46
6.48654666091454146 10.1593349353670206 -0.719904065132141113 2.76080012321472168 45
6.39370275565305235 10.2362881630075542 -0.380272597074508667 2.67960023880004883 51.5
6.40017566530747484 10.2362881630075542 0.248599797487258911 2.59840011596679688 52.5
6.51945657885178864 10.2224362301306382 -0.788034677505493164 2.76080012321472168 48
6.58978305487499405 10.2026988662524722 -0.319706499576568604 2.67960023880004883 50
6.44360186905146382 10.2998674268834485 0.123422145843505859 2.59840011596679688 48.5
6.65481776540361736 10.2335980809842031 -0.661446750164031982 2.76080012321472168 49
6.70554076800123955 10.2167941432485954 -0.321680009365081787 2.67960023880004883 48
5.95567724442026325 10.7544075183642018 0.403283119201660156 2.43600010871887207 46
7.6753942163705311 -11.4951871740756317 -1.21022880077362061 3.08560013771057129 45.5
11.7831961223573813 -7.63620411525746334 -1.28634321689605713 4.54720020294189453 45.5
12.1195767597756188 -7.22336885016672081 -1.36727023124694824 4.62840032577514648 47.5
12.2589564440172634 -7.17967712232473687 -1.11029362678527832 4.62840032577514648 46.5
13.3599262070734106 -6.06546251872028375 -0.901414573192596436 4.87200021743774414 45
8.73852396832298517 -11.7819129603488495 -0.956425368785858154 3.24800014495849609 45
8.69771389663508288 -11.9177219872784583 -0.786340713500976562 3.24800014495849609 49.5
8.52953619394577878 -12.0525002529750243 -0.533760905265808105 3.16680002212524414 46.5
8.76960417453666707 -11.955950087115097 -0.819648802280426025 3.24800014495849609 48.5
8.27716577206902393 -12.4135830975941186 -0.383569657802581787 3.08560013771057129 49.5
8.11590128475188521 -12.5161592800411867 -0.483247935771942139 3.00440025329589844 47.5
8.321997355668314 -12.4759635459179865 -0.30779653787612915 3.08560013771057129 50.5
8.21927601815247577 -12.5359441398887466 -0.5418892502784729 3.00440025329589844 48
8.41300285563297301 -12.5666463820948664 -0.907358467578887939 3.08560013771057129 45.5
9.31450432257732786 -12.1903528080678285 -1.01289463043212891 3.32920026779174805 45
8.65644597787941805 -12.7052487186371224 -0.182386264204978943 3.16680002212524414 47
9.55576841634496255 -12.1676629677724097 -1.28876137733459473 3.4104001522064209 47.5
8.80276861828308022 13.0485907394774863 0.555033504962921143 2.84200000762939453 48
8.79220475103583077 13.0643356453471426 0.287758588790893555 2.76080012321472168 50
10.3134376229425886 -11.9697177768951661 -0.888545870780944824 3.5728001594543457 48
10.2034306024687726 -12.0863894023431779 -0.489741295576095581 3.49160003662109375 45
8.94634187543723414 -13.053379653937716 -0.0539446845650672913 3.08560013771057129 47
8.65594810882909727 13.2471732012920409 0.132702693343162537 2.84200000762939453 55
8.72767691909710486 13.1977360718649166 0.279420703649520874 2.76080012321472168 57
8.82712746891307098 13.1265466054898585 0.454153984785079956 2.67960023880004883 48.5
10.2979192652306981 -12.0979730064984548 -0.633980214595794678 3.65400028228759766 46.5
10.3564905783003649 -12.0383672928845673 -0.794250369071960449 3.5728001594543457 49
10.0929919938031443 -12.2430135762922436 -1.02476561069488525 3.49160003662109375 48
8.88059707351520622 -13.1887575656325744 0.0411925911903381348 3.16680002212524414 45
8.87981650840280778 -13.1887575656325744 -0.124659813940525055 3.08560013771057129 46
9.19347835914514633 12.9702032823816573 -0.252563416957855225 2.92320013046264648 61
9.08572609384835594 13.0437169958387837 -0.347939342260360718 2.84200000762939453 65.5
8.98174066680652849 13.115243852175448 -0.358778506517410278 2.76080012321472168 59.5
10.3348998255944355 -12.1550387697266853 -0.803436517715454102 3.65400028228759766 48.5
10.4179852199056668 -12.0831745234284167 -0.814313590526580811 3.5728001594543457 48.5
9.85372738516348257 -12.5203486884095536 -1.15998661518096924 3.49160003662109375 47.5
10.1101947306899227 -12.328710698280835 -0.993730425834655762 3.4104001522064209 46.5
9.35203977059350144 12.9455454790076452 -0.390957087278366089 3.00440025329589844 56
9.23419941115628617 13.0313833287528009 -0.336515814065933228 2.84200000762939453 68
9.11562250673667585 13.1052438041149113 -0.598879396915435791 2.76080012321472168 61
10.2880048055288515 -12.1940548484479585 -1.75057554244995117 3.5728001594543457 46.5
9.70280901788537875 12.7837015796064613 -0.187110453844070435 3.08560013771057129 49.5
9.47844873596100435 12.9461552708440095 -0.398262977600097656 3.00440025329589844 60.5
9.36983317402339999 13.0183569113940294 -0.575446724891662598 2.92320013046264648 64.5
9.25930352161191017 13.0925641530704393 -0.672760307788848877 2.84200000762939453 62
9.1458937991135496 13.166771394746851 -0.76895606517791748 2.76080012321472168 52
9.93608816237861525 -12.6379103461423377 -1.25419247150421143 3.4104001522064209 46.5
9.67460026760745961 12.8958268838187102 -0.339675575494766235 3.08560013771057129 49.5
9.55332361607207936 12.9824707206943692 -0.452873200178146362 3.00440025329589844 57
9.57582659087961474 12.9603060182378051 -0.591319382190704346 2.92320013046264648 57
9.79436795670343052 -12.8687612485648746 -0.951502740383148193 3.32920026779174805 50.5
10.3747529642782563 12.4375757607649167 0.333525180816650391 3.24800014495849609 49
10.245031248500414 12.5489147364879123 -0.0640581324696540833 3.16680002212524414 47
9.72518587401820866 12.9558080841301226 -0.0883561000227928162 3.00440025329589844 46
9.59233988614801625 13.0428549196953725 0.557645857334136963 2.92320013046264648 49
9.82070037588151301 -12.9507103380193271 -0.841795146465301514 3.4104001522064209 50.5
9.79834409659357242 -12.9629126404734905 -0.911596596240997314 3.32920026779174805 48.5
10.5657680083656853 12.3649998202194578 0.589057445526123047 3.24800014495849609 50.5
10.5026639202261887 12.4300787666416657 0.250755220651626587 3.16680002212524414 48
9.4009043433519146 -13.4641439136710481 0.347113430500030518 3.24800014495849609 47
11.2525388921068199 12.0514126380105235 0.627553820610046387 3.49160003662109375 50.5
11.3430500208332941 11.9648156609709275 0.65453183650970459 3.4104001522064209 53
11.3096234468086951 11.9936813199841268 0.702862143516540527 3.32920026779174805 45.5
9.54037111104496915 -13.4596444312972974 0.263219565153121948 3.24800014495849609 46
10.5298186388696475 -12.7627642808056443 -0.982552170753479004 3.5728001594543457 45
11.4361494224631866 11.9964184865995271 -0.176280751824378967 3.49160003662109375 54
11.4264284587326426 12.0067745108455561 0.0689320936799049377 3.4104001522064209 54.5
11.2134813109355935 12.195254152123276 0.514082014560699463 3.32920026779174805 45.5
10.6407484829551038 12.6592040383453579 1.11788344383239746 3.24800014495849609 47.5
11.7136242658912533 11.8322408971471464 0.107838563621044159 3.5728001594543457 53
11.7136242658912533 11.8322408971471464 0.107838563621044159 3.49160003662109375 58.5
11.636525278723779 11.9071416659703022 0.183890476822853088 3.4104001522064209 54.5
10.6461148943515145 12.7830645458188954 0.68997037410736084 3.24800014495849609 48
10.50356197210359 12.8725293530243352 1.09349274635314941 3.16680002212524414 46
11.879075173652291 11.7705912809356423 0.257688522338867188 3.65400028228759766 48.5
11.7658944035818891 11.88553846141353 -0.152791574597358704 3.5728001594543457 56
11.7450306418557737 11.9043480000371851 0.257688522338867188 3.49160003662109375 58
11.761086053974374 11.88553846141353 0.369413822889328003 3.4104001522064209 52
12.0010368168742723 11.7561964716573577 0.0836123228073120117 3.65400028228759766 56
11.9705100152314294 11.7855869628365024 -0.216468334197998047 3.5728001594543457 59.5
11.8969683690005148 11.8611625115828705 0.122554391622543335 3.49160003662109375 50.5
9.57258769949287114 -13.7946369670108027 0.559983193874359131 3.16680002212524414 45.5
11.9884329020522706 11.8761568511446729 -0.00345072895288467407 3.65400028228759766 52
11.9854607465563596 11.8761568511446729 -0.266902238130569458 3.5728001594543457 59.5
12.0365996623217431 11.7601787568952147 -1.25861072540283203 3.49160003662109375 50
11.4893932829430199 12.3485039986333831 0.523386657238006592 3.4104001522064209 49.5
9.75942586531221679 -13.7655454410995084 -0.170268505811691284 3.24800014495849609 48
9.53559890903580509 -13.9194800025578829 0.293358445167541504 3.16680002212524414 49.5
9.48474691559061789 -13.9447843140304908 0.590078890323638916 3.08560013771057129 47.5
12.1490106941300375 11.8124467497290802 0.412507951259613037 3.73520016670227051 52.5
12.6098678173248739 11.2363331553366983 1.42778313159942627 3.5728001594543457 45.5
11.7666018967352777 12.2000525871327774 -0.0912908986210823059 3.49160003662109375 48.5
11.5197252061913407 12.4330397025120494 0.134048357605934143 3.4104001522064209 46
9.89925739886979628 -13.7483578720623019 -0.538417577743530273 3.24800014495849609 46
9.80280153261588794 -13.8267262654171486 -0.171025261282920837 3.16680002212524414 45
13.9748240170188058 -9.10132395258846394 3.02865147590637207 2.92320013046264648 45
10.3206314464157138 13.3432832822942089 2.30043888092041016 -1.13680005073547363 54.5
10.2320101351444048 13.4113612582242823 2.30043888092041016 -1.21800005435943604 61
10.2009411904699157 13.4219984419633551 2.37516999244689941 -1.29920005798339844 57
12.2860875982527684 11.7774898359025393 0.43986085057258606 3.65400028228759766 58.5
12.2729958024869159 11.7881270196416157 0.514116823673248291 3.5728001594543457 56
11.9190949050989161 12.1178797155529043 0.970989763736724854 3.49160003662109375 47.5
10.0896381503555439 -13.7070749661705342 -0.407371371984481812 3.32920026779174805 46.5
13.9623393116517462 -9.2203108650291945 3.14477801322937012 2.92320013046264648 48
10.350744208044949 13.4704412380265133 1.95430648326873779 -1.13680005073547363 60
10.3335134461862896 13.4704412380265133 2.04345965385437012 -1.21800005435943604 67.5
10.3223110561206788 13.4811252808866229 2.0295710563659668 -1.29920005798339844 65
10.261143691181621 13.5388191123312147 1.95430648326873779 -1.38040006160736084 58
15.1782693016855834 7.11129892768912253 -3.38519716262817383 -1.46160006523132324 49
9.93887418709981851 13.8123306095500276 1.68769466876983643 -1.62400007247924805 47.5
12.4053961784673596 11.7609943804089347 0.441798537969589233 3.65400028228759766 50.5
12.2444890277949927 11.9169814061665384 0.684156417846679688 3.5728001594543457 54
12.074995683738555 12.0345058776277458 1.33235287666320801 3.49160003662109375 46
10.1072094648390873 -13.7930993324018303 0.0687834620475769043 3.32920026779174805 48
11.3000588217535789 12.4306782354330885 3.57317399978637695 0 58
11.2240451691785914 12.49935601573935 3.57317399978637695 -0.0812000036239624023 55
10.4573203129249706 13.5295227203332544 1.60535180568695068 -1.13680005073547363 56
10.4126604277673049 13.5295227203332544 1.87327992916107178 -1.21800005435943604 64.5
10.401209684112132 13.5402536235061071 1.85931181907653809 -1.29920005798339844 62.5
15.3329977108603206 7.05020338456452045 -3.18974542617797852 -1.46160006523132324 51.5
15.2972394110432397 7.33779158959698474 -2.67056870460510254 -1.86760008335113525 45.5
12.3866274277836101 11.8812559929830073 0.622802436351776123 3.65400028228759766 53.5
12.4358479989206145 11.8125782126767493 0.890685737133026123 3.5728001594543457 48.5
10.3574687030108272 -13.6969248098297616 0.312622964382171631 3.4104001522064209 47.5
10.2565867454313437 -13.7741873126743037 0.234179943799972534 3.32920026779174805 49
9.76515745482969244 -14.119722394840176 0.505771875381469727 3.24800014495849609 45
9.69795633759050801 -14.1669383688007304 0.477682560682296753 3.16680002212524414 50
11.2872387793490709 12.3620004551268305 3.84185409545898438 0.0812000036239624023 51.5
11.2838226693573969 12.4957376035351206 3.75424766540527344 0 58.5
11.3132354749373363 12.4957376035351206 3.66466140747070312 -0.0812000036239624023 55.5
10.4241580684334956 13.5886027001354854 2.06138467788696289 -1.21800005435943604 51
9.77532845974801923 14.1404241295826107 1.43312966823577881 -1.86760008335113525 47.5
15.4276989945867076 -7.69532227783687794 -0.574982106685638428 4.79080009460449219 46
10.2868692543110587 -13.8343356804361566 0.594965159893035889 3.32920026779174805 46.5
9.97611176669237487 -14.0714464509017194 0.184636309742927551 3.24800014495849609 51
11.2605169290534377 12.4849598412412313 3.85863041877746582 0.0812000036239624023 52
15.4860127323461239 -7.72012084305028079 -0.859535813331604004 4.79080009460449219 45.5
12.6214674772826498 11.8464669806985796 0.717942118644714355 3.65400028228759766 47
11.2648951464695379 -13.16274108966509 0.00472465157508850098 3.5728001594543457 46
12.5609739566671568 12.0282087019973467 0.551526546478271484 3.65400028228759766 48
12.0211150513750979 -12.5779300305543931 -1.63220596313476562 3.81640005111694336 47.5
11.7700155998135756 -12.8181335554434526 -1.59305787086486816 3.73520016670227051 47
10.8500797759767131 -13.695968255492561 -0.268052071332931519 3.4104001522064209 45.5
11.2437276991442339 -13.4740406515569742 -0.177079245448112488 3.5728001594543457 47.5
11.1624151708728014 -13.53105970379338 -0.559868812561035156 3.49160003662109375 46.5
11.4050877159403452 -13.4369174108080092 -0.117758214473724365 3.5728001594543457 45
10.4535782647107123 14.1901424156426827 0.0564757287502288818 3.00440025329589844 46
10.4410756915138609 14.1901424156426827 0.51422041654586792 2.92320013046264648 45
11.0393712255865548 -13.9310930658357126 -0.0872522443532943726 3.49160003662109375 48
11.1531565688530137 13.8178140884189986 0.7910727858543396 3.16680002212524414 49.5
11.1925549083234781 13.7889390549598385 0.736590027809143066 3.08560013771057129 47.5
11.8583212983435349 -13.336328371729488 -0.380878329277038574 3.65400028228759766 47
11.2034328628971771 -13.8939604327651764 0.251902759075164795 3.49160003662109375 47.5
11.1954238562688015 13.8939604327651764 0.492806017398834229 3.16680002212524414 49.5
11.2627603803897216 13.827044585440893 0.765233218669891357 3.08560013771057129 47.5
12.1788520256936206 13.1482148002785522 -0.325051993131637573 3.4104001522064209 51.5
12.1381494382021344 13.1885330057989965 0.18330797553062439 3.32920026779174805 49
12.2368950528508496 13.14699560510239 -1.18950200080871582 3.4104001522064209 49
12.3358459881135225 13.0997608903535188 -0.472412288188934326 3.32920026779174805 45.5
12.542466395573225 -13.0097905542562788 -0.370894789695739746 3.81640005111694336 48.5
12.353714961481101 -13.1746715803779288 -0.72070389986038208 3.73520016670227051 47
12.5574203991903648 13.0637736345365489 1.03515207767486572 3.49160003662109375 46.5
10.7950509841545017 -14.5561283309818705 1.00426506996154785 3.32920026779174805 45.5
10.6101302754782214 -14.7688617001173341 1.20684921741485596 3.32920026779174805 47
12.5449810448049632 13.3180910713864442 0.376759946346282959 3.49160003662109375 46.5
12.5268147907854495 13.3386719126712112 -0.220827370882034302 3.4104001522064209 49
15.4643494181542032 9.84581387432019284 -1.2467801570892334 4.38479995727539062 53.5
15.471809714697331 9.84581387432019284 -1.15052402019500732 4.30360031127929688 57
15.5231598590272331 9.7838183112123005 -0.974182844161987305 4.22240018844604492 50
12.6336240002552245 13.3428228599987513 0.0350773744285106659 3.49160003662109375 45.5
12.5426506354375036 13.4208913468753561 -0.449692398309707642 3.4104001522064209 46.5
15.5107999693916074 9.88600127852883936 -1.4438091516494751 4.38479995727539062 60.5
15.5732727762246395 9.82375266973213357 -1.17028474807739258 4.30360031127929688 63
15.5947179516914272 9.81222514958459335 -0.963085472583770752 4.22240018844604492 54.5
11.559240448470689 -14.3609845998032046 0.740682899951934814 3.49160003662109375 45.5
15.6839321388357309 9.77803661284588088 -1.25695812702178955 4.38479995727539062 59.5
15.6365794044838236 9.86368702825196486 -1.17504203319549561 4.30360031127929688 61.5
15.6169012530322551 9.92618868273748411 -0.871132791042327881 4.22240018844604492 52.5
11.691579765757405 -14.3499168946571061 0.75000452995300293 3.49160003662109375 46
15.8192628388033718 9.64795310040988596 -1.62109732627868652 4.38479995727539062 49.5
15.7474288656745145 9.81762319829712204 -1.2620469331741333 4.30360031127929688 56
15.5724993186414533 10.1151269315788515 -1.06841146945953369 4.22240018844604492 54.5
15.4426883175461001 10.3382547315401503 -0.777113020420074463 4.14120006561279297 47.5
12.8174138919803777 -13.4736651705796451 -0.366453468799591064 3.73520016670227051 50
16.7829697811580409 -8.16533630586382131 -0.644113898277282715 4.87200021743774414 46
16.5957812793311348 -8.56205170226189338 0.164241895079612732 4.79080009460449219 47.5
15.8301991185235131 9.77086685128660193 -1.64031708240509033 4.46600008010864258 47
15.7452317234471924 9.95755644959157671 -1.30016171932220459 4.38479995727539062 56.5
15.6522957214748519 10.1139089881719944 -1.21250927448272705 4.30360031127929688 63.5
15.6108379343636443 10.1979193074092329 -1.02949905395507812 4.22240018844604492 61
15.5649199857920895 10.284263246625283 -0.85020601749420166 4.14120006561279297 49.5
12.9123267878558909 -13.4416510779581646 -1.16168487071990967 3.81640005111694336 49
12.8100014328762661 -13.5419967370470875 -1.12864315509796143 3.73520016670227051 48
11.3999340574404027 -14.7554791260294227 1.03585696220397949 3.4104001522064209 48
15.9575753459086549 9.69764307269724846 -1.69528615474700928 4.46600008010864258 45.5
15.7374160755310761 10.0678357775743113 -1.59214270114898682 4.38479995727539062 56
15.6898054664418769 10.1545264742860279 -1.50933694839477539 4.30360031127929688 61.5
15.6800594914881479 10.1545264742860279 -1.60742676258087158 4.22240018844604492 56
11.6385253568437737 -14.6952445885376015 0.396248191595077515 3.49160003662109375 50
11.634813106146348 -14.6952445885376015 0.493374824523925781 3.4104001522064209 48.5
16.1435723279467354 9.59293984378649256 -1.31956601142883301 4.46600008010864258 47
16.1879807911031079 9.50590238076047456 -1.40277254581451416 4.38479995727539062 48
15.46303612791497 10.4374384715254198 -2.51694679260253906 4.30360031127929688 48.5
15.4485289996891826 10.538590117744846 -2.15910220146179199 4.22240018844604492 49.5
16.2292718547984336 9.63115911485992093 -1.03032362461090088 4.46600008010864258 50.5
15.7498837692491005 10.2782747591638959 -1.87304067611694336 4.22240018844604492 46.5
15.5553029911438578 10.6679611873031543 -1.19882833957672119 4.14120006561279297 45
16.3679026237023635 9.49628654805726136 -1.4010469913482666 4.54720020294189453 47
16.3399368029858429 9.56030645737000917 -1.28749144077301025 4.46600008010864258 55
16.279926765527545 9.66937741397690864 -1.23198723793029785 4.38479995727539062 52
15.9050894496618511 10.1886500117358452 -1.80837142467498779 4.30360031127929688 47.5
15.6618010774248493 10.6225627304111221 -1.38556480407714844 4.22240018844604492 47.5
15.5261511918408974 10.8241068893586529 -1.35201883316040039 4.14120006561279297 47
16.4488547346061154 9.52191925949027684 -1.29258036613464355 4.54720020294189453 47.5
16.4387335135247881 9.54810453745387377 -1.22648894786834717 4.46600008010864258 54.5
16.3063290096398141 9.75044532171804157 -1.39104139804840088 4.38479995727539062 53.5
15.9209281209104656 10.2574875222858992 -2.05196404457092285 4.30360031127929688 48.5
16.5783892787671157 9.48293130386854877 -0.998320221900939941 4.46600008010864258 49.5
16.4386407857714403 9.71235706122021014 -1.09856820106506348 4.38479995727539062 52
11.835926855607747 -14.9891494803083543 1.00092554092407227 3.49160003662109375 47.5
11.7600555734990131 -15.0656247327589075 0.702636063098907471 3.4104001522064209 48
16.6982978420088948 9.34497631784275029 -1.57426393032073975 4.54720020294189453 48
16.5188532546420035 9.69526297828050154 -1.33018219470977783 4.38479995727539062 53.5
16.2701951561398772 10.1343209156785043 -1.10287630558013916 4.30360031127929688 48
16.6051421114777895 9.55730799225469951 -2.11016535758972168 4.54720020294189453 46
16.6067642327157472 9.63438305670836748 -1.70872604846954346 4.46600008010864258 54
16.6031970218986693 9.68014637622773222 -1.46775221824645996 4.38479995727539062 50.5
15.8946258890410004 10.8796270667879256 -0.721278250217437744 4.22240018844604492 51
15.8739588362049595 10.9133474074864019 -0.664808332920074463 4.14120006561279297 49.5
16.4981579690344127 9.98137020485038562 -1.61417126655578613 4.46600008010864258 48
16.5561138644972168 9.94751865861300466 -1.16812038421630859 4.38479995727539062 50.5
15.8788051880056571 10.9219595967318774 -1.73114275932312012 4.22240018844604492 51
15.8893771923945799 10.9219595967318774 -1.63125884532928467 4.14120006561279297 47.5
16.6734008158675984 9.89869109650459933 -1.15942871570587158 4.38479995727539062 46.5
17.3313128063062862 8.98935700100641988 -1.4134068489074707 4.54720020294189453 47.5
16.9104033685793844 9.70605947754924436 -1.73532092571258545 4.46600008010864258 48
16.7837122360874673 9.94088349716737163 -1.63294076919555664 4.38479995727539062 50
17.4725085938524884 8.935402929264189 -0.996291399002075195 4.62840032577514648 48
17.4497172755258774 9.0090665972713122 -0.68309628963470459 4.54720020294189453 50.5
16.9854265726990619 9.74324782174231885 -1.63919734954833984 4.38479995727539062 47
14.1606781693237966 -13.6056794809158763 -0.695147931575775146 3.97880029678344727 51
14.1553170669886494 -13.6056794809158763 -0.796889543533325195 3.89760017395019531 47
17.5741114704457964 8.9399290684608772 -0.551290810108184814 4.54720020294189453 47.5
14.3009946198833351 -13.5664101441435552 -0.713926076889038086 3.97880029678344727 49.5
17.6320252797501418 8.98059386130119286 -1.86446726322174072 4.54720020294189453 47
17.658889192389136 9.25380580335706426 -0.730226397514343262 4.54720020294189453 49
17.8248051889276837 9.10592587268793885 -0.599252462387084961 4.62840032577514648 49.5
17.7293093972330986 9.28859489953768325 -0.627908885478973389 4.54720020294189453 51.5
17.6383369387135822 9.41621298678887442 -1.10664749145507812 4.46600008010864258 46.5
18.0083359262697797 -8.7733236009442237 -1.65488481521606445 4.87200021743774414 45
17.8663204222116399 9.14002994097796417 -1.12447428703308105 4.62840032577514648 49
17.7759299495397514 9.32338311099483441 -1.04921495914459229 4.54720020294189453 49
18.0576745747142695 8.92707106293326547 -1.12180483341217041 4.62840032577514648 49.5
20.1764594329412574 1.10073754905850851 -1.32716727256774902 -5.1156001091003418 46
18.11516942386789 8.98809143507085473 -1.05704498291015625 4.62840032577514648 47.5
17.2114498824561224 10.8492899591567333 -1.48961913585662842 4.38479995727539062 45
17.1685851280038264 10.9308635678721977 -1.38418054580688477 4.30360031127929688 47.5
18.5097382935044656 8.74767252315731447 -0.30569612979888916 4.70960044860839844 52.5
18.5825491091016346 8.59671824445995192 0.104694761335849762 4.62840032577514648 52.5
17.4539358199271035 10.6972854107401947 -0.392229735851287842 4.46600008010864258 45
17.4803054558627764 10.620528997843234 -0.932153522968292236 4.38479995727539062 51.5
17.3575783681590359 10.8073029358925119 -1.06878995895385742 4.30360031127929688 50
18.5754772316561407 8.77971560501117665 -0.413277894258499146 4.70960044860839844 49
18.6497134803085487 8.62820837462344414 0.211553424596786499 4.62840032577514648 50.5
17.5529192254261908 10.6286173995733435 -1.10908138751983643 4.46600008010864258 47
17.5966423645107426 10.56441942059549 -1.02653121948242188 4.38479995727539062 51
17.5154911582683397 10.6825437019147405 -1.18042230606079102 4.30360031127929688 46
18.6075131074258131 9.05073399749907637 -0.578540921211242676 4.62840032577514648 45.5
18.9511180595892235 -8.8693303516319304 -0.21398647129535675 4.87200021743774414 46.5
14.9229938737629322 -14.6427623729772449 -0.865701138973236084 3.89760017395019531 45
16.5102657232346495 -12.9081978805386548 -1.33774757385253906 4.30360031127929688 47.5
14.9954703477012981 -14.6952445885376015 -0.430915117263793945 3.89760017395019531 45
16.5778077391876941 -12.954299056215504 -1.23209619522094727 4.30360031127929688 46.5
15.7042805967499746 -14.7048893852090004 -0.683742702007293701 3.97880029678344727 45.5
21.5981495475167442 0.172744102703784014 -0.223834797739982605 -5.1156001091003418 45
16.1475225744249933 -14.6616559705789715 -0.789933443069458008 4.06000041961669922 48.5
20.3798739484700668 -9.27534270346715495 -1.22859454154968262 4.87200021743774414 46
16.7215194405803054 -15.0921479100197917 -1.49951088428497314 4.06000041961669922 46.5
16.8146044100345833 -15.0941727617468615 -1.56766128540039062 4.06000041961669922 47
20.7006428699496077 -9.48173216798561391 1.19170773029327393 4.95320034027099609 49
20.8849344159002541 -9.2528026489759867 1.21275901794433594 5.03439998626708984 57.5
20.8444376655107142 -9.32998079896744414 1.31397438049316406 4.95320034027099609 66
20.8307139736309459 -9.35570684896459781 1.34822630882263184 4.87200021743774414 64
20.727832482682544 -9.63583494893359571 0.87936699390411377 4.79080009460449219 51
17.509063090325732 -14.6867160983746103 -0.999352574348449707 4.22240018844604492 46
17.3591859093758636 -14.8782322483534166 -0.750007450580596924 4.14120006561279297 48
20.9571934291909336 -9.30034694781938676 1.00106644630432129 5.03439998626708984 61
20.9599694665919358 -9.28314001544599243 1.09797286987304688 4.95320034027099609 70
20.9534103072721862 -9.28314001544599243 1.21673524379730225 4.87200021743774414 68
20.9322683178442581 -9.36057121112626511 0.960421562194824219 4.79080009460449219 54
21.0006751170469315 -9.3911616232850843 0.963560223579406738 5.03439998626708984 55.5
21.0513066759280463 -9.31347738191599817 0.502289354801177979 4.95320034027099609 64.5
21.1390172016828544 -9.12645976380523649 0.0188365131616592407 4.79080009460449219 51.5
20.9588096327425681 -9.23701103676216384 -3.00266194343566895 4.87200021743774414 49.5
17.2130184482559159 15.8454484137993159 0.440286785364151001 3.73520016670227051 46.5
17.250246653993802 15.8962343291781689 -0.902431607246398926 3.81640005111694336 45
17.2411253098155797 15.9314354385987524 -0.092824980616569519 3.73520016670227051 48.5
17.3053598228508534 15.9470215361293466 -0.905314803123474121 3.81640005111694336 47
17.3953368042470515 15.8734515899394157 -0.195875212550163269 3.73520016670227051 50.5
17.5472295947284707 15.817725101528131 0.186837300658226013 3.81640005111694336 48
17.5472807839247231 15.817725101528131 -0.182003870606422424 3.73520016670227051 50
18.2291482617891774 15.3544315199533195 -0.872977375984191895 3.89760017395019531 47.5
18.2299445529508688 15.4714785129281314 -0.841491222381591797 3.89760017395019531 46
23.3454845578417718 6.25717536045847034 -3.69305324554443359 -4.62840032577514648 46
20.4907626310124513 -16.8438437736798043 -1.14724361896514893 4.22240018844604492 47
20.5677599468020844 -16.8914257352393413 -0.733252227306365967 4.22240018844604492 47.5
26.2209399842739117 -5.01797631594562876 -0.415017157793045044 2.59840011596679688 50
26.2106025828965343 -5.06468620186533514 -0.493279367685317993 2.51719999313354492 51.5
26.2437249422446186 -5.28300633442267387 -0.507439672946929932 2.59840011596679688 50.5
26.2581219226059339 -5.19936152228805248 -0.615117788314819336 2.51719999313354492 55.5
26.2581219226059339 -5.19936152228805248 -0.615117788314819336 2.43600010871887207 49
21.0160384618066978 -16.6248391540286278 -1.69213736057281494 4.30360031127929688 49.5
21.0248762342479516 -16.6416149755765872 -1.39059638977050781 4.22240018844604492 49.5
26.4366721661729969 -4.57979928259315372 -1.02485942840576172 2.67960023880004883 46.5
26.3507803394515321 -5.15353237953339427 0.0018296664347872138 2.51719999313354492 53.5
26.3493306034510546 -5.15353237953339427 -0.276408344507217407 2.43600010871887207 47.5
21.0631857594938161 -16.6881004058179307 -1.67487895488739014 4.22240018844604492 50.5
26.5205874301804307 -4.61277936620491591 -0.580024778842926025 2.67960023880004883 54
26.560344972610654 -4.30660655634011125 -0.97819221019744873 2.59840011596679688 53.5
26.564697690858015 -4.60538501335098971 -1.45167207717895508 2.76080012321472168 48
26.577357774494601 -4.75046307604263252 -0.27795255184173584 2.67960023880004883 53
26.584364572420526 -4.60538501335098971 -1.03058493137359619 2.59840011596679688 49
26.4004094430992957 -5.46910557263146835 -1.45167207717895508 2.51719999313354492 53
26.465480013723095 -5.24305370750728095 -1.04345965385437012 2.43600010871887207 49
26.697511543589119 -4.47607978252017169 -0.513125240802764893 2.76080012321472168 52.5
26.7353301781144488 -4.26969968672748035 -0.217812865972518921 2.67960023880004883 53
26.5326056338377043 -5.3827988919044536 -0.31933167576789856 2.43600010871887207 49
26.8004561858406625 -4.34259497144990014 0.00185010966379195452 2.76080012321472168 53
26.8163654119740897 -4.23403009716365286 -0.279496729373931885 2.67960023880004883 54
26.6706470248903038 -5.06522991591773586 0.377592891454696655 2.51719999313354492 49.5
26.8731988872024523 -4.29335447181338115 0.773897707462310791 2.76080012321472168 49
26.9039529980664831 -4.1674795784242411 -0.100230902433395386 2.67960023880004883 50
26.9222369316575474 -4.42799227824502761 0.936015784740447998 2.76080012321472168 45
26.9383793769434199 -4.42799227824502761 0.081892751157283783 2.67960023880004883 48.5
27.0090996910529633 -4.37858338655968993 -0.852780044078826904 2.67960023880004883 50
27.0651094147038194 -4.53807534562806403 0.623140811920166016 2.67960023880004883 53.5
27.0747852894470924 -4.45232184325413982 0.79712909460067749 2.59840011596679688 51.5
26.8354076410913542 -4.6227043396875569 4.01462316513061523 2.84200000762939453 51
27.1521901081100232 -4.49200287770234308 -0.454110234975814819 2.67960023880004883 46.5
27.1262630034504681 -4.66741799773512955 -0.082570098340511322 2.59840011596679688 51
26.7911135738797412 -4.63530007142204248 4.74450206756591797 2.92320013046264648 48.5
26.7265502338387648 -4.7284199389282886 5.00934696197509766 2.84200000762939453 53.5
26.6340945502286424 -4.6801355631843089 5.52099275588989258 2.76080012321472168 53.5
26.9346600078011029 -4.56287350780607337 3.93246245384216309 2.67960023880004883 56.5
27.1300733593394661 -4.47665140826325292 2.38300466537475586 2.59840011596679688 56
27.1829887309287095 -4.7284199389282886 0.698030710220336914 2.51719999313354492 48
27.2771080082472679 -1.03401855723418468 -4.56024932861328125 2.92320013046264648 46
27.1244235145682175 -0.442656773665470349 -5.4749751091003418 2.84200000762939453 48
26.4988801136783536 -4.72051950041693047 6.43674850463867188 2.76080012321472168 55
26.9546208541427958 -4.72051950041693047 4.13167619705200195 2.67960023880004883 58.5
27.243344750248383 -4.6167718190890854 1.54636681079864502 2.59840011596679688 55.5
26.7824981400336384 -4.6292835225915443 5.59733295440673828 2.76080012321472168 51.5
27.0217502924264323 -4.6292835225915443 4.2962040901184082 2.67960023880004883 52
22.594801131472444 -16.6889998568801765 -2.488433837890625 4.46600008010864258 45.5
22.8970962518486409 -16.350709319240714 -1.90191841125488281 4.38479995727539062 47.5
22.9820619786074332 -16.281132270918441 -2.49505209922790527 4.38479995727539062 46
20.0795979243243785 -20.492247063804804 1.41533732414245605 3.89760017395019531 49.5
20.2040780307782804 -20.37020530514841 1.4055556058883667 3.81640005111694336 48
23.0086455225978277 -17.6414921044982513 -1.35303378105163574 4.38479995727539062 50
22.9710987922923024 -17.7067772315297027 -1.11776375770568848 4.30360031127929688 50
23.112978341859673 -17.6216228375749289 -1.44174075126647949 4.38479995727539062 47
22.9683505773199066 -17.7525304773092856 -2.02793407440185547 4.30360031127929688 47
23.2030463803109228 -18.0733797760064689 -1.93577671051025391 4.30360031127929688 48
28.9138573197695123 -5.72366663377095009 -0.0643053501844406128 2.51719999313354492 45
23.4948922708006549 -17.8424268450904755 -1.68532919883728027 4.38479995727539062 47.5
23.3486485929586749 -18.0270546063186465 -1.75169932842254639 4.30360031127929688 50.5
23.5471929823386397 -17.9395396333451629 -1.15903687477111816 4.30360031127929688 47
22.8902101131822455 -18.7946848366680506 -0.662420213222503662 4.22240018844604492 46.5
22.4653723405848318 -19.309252729576631 0.317092806100845337 4.14120006561279297 48.5
22.8885114628574406 -18.9053576730604682 -0.890803098678588867 4.22240018844604492 48.5
22.5537391052109761 -19.3173118744169123 -0.510238945484161377 4.14120006561279297 49
29.0797719708820495 -6.01601585944857042 -0.514288663864135742 2.59840011596679688 48
29.0797719708820495 -6.01601585944857042 -0.514288663864135742 2.51719999313354492 49.5
29.6132544863974445 -3.09559841665813362 -0.152247488498687744 -5.1156001091003418 47.5
29.1808066019897296 -5.87493978353749213 -0.718536853790283203 2.59840011596679688 47
29.1532064836057998 -6.0312079728399457 -0.515587389469146729 2.51719999313354492 47.5
29.6557324626136705 -3.34211852627533945 0.624725818634033203 -5.1156001091003418 47
23.8715665892423488 -17.9828470265399218 -1.50706696510314941 4.38479995727539062 47.5
29.8859537885064519 -2.56042160512679873 0.523571550846099854 -5.03439998626708984 53
29.8815411840946936 -2.53792888238776326 0.807800352573394775 -5.1156001091003418 57
29.8589790341062837 -2.6728852188219725 1.13896274566650391 5.19680023193359375 53
23.8691916357636593 -18.0279172753364172 -2.29259777069091797 4.38479995727539062 46.5
23.10592781093575 -19.1263119024259538 -0.548110663890838623 4.22240018844604492 46.5
22.6483575569408124 -19.6736348224091344 0.00818121433258056641 4.14120006561279297 48
29.9630802344215255 -2.54427360737604236 0.496181309223175049 -4.95320034027099609 48.5
29.9518295468402336 -2.64574389895529372 0.627384483814239502 -5.03439998626708984 65
29.9481078538583994 -2.64574389895529372 0.785223126411437988 -5.1156001091003418 70
29.9535309571141006 -2.56682256106032058 0.838512301445007324 5.19680023193359375 64.5
30.0277136641522908 -2.7013197341186177 -0.248717963695526123 -4.95320034027099609 45
30.0227921724170947 -2.65234183098954901 0.787181317806243896 -5.03439998626708984 67
30.0182909268386808 -2.65234183098954901 0.943336904048919678 -5.1156001091003418 72.5
30.0129017196485002 -2.65234183098954901 1.10152173042297363 5.19680023193359375 67.5
30.0129017196485002 -2.65234183098954901 1.10152173042297363 5.1156001091003418 48
30.1029247427574376 -2.57962463571457645 0.842694401741027832 -5.03439998626708984 59.5
30.0692507924871002 -2.69293172073864273 1.46248817443847656 -5.1156001091003418 65.5
30.0612365721040824 -2.69293172073864273 1.61889314651489258 5.19680023193359375 62.5
29.9885355432741569 -2.65893959523142254 2.67738986015319824 5.1156001091003418 48.5
30.1584635703025654 -2.83970617251315138 0.70229727029800415 -5.1156001091003418 52.5
30.1171826785452339 -2.69961400133583584 1.93842339515686035 5.19680023193359375 53
23.3852894134006561 -19.2645666743292203 -0.307792544364929199 4.22240018844604492 47
30.2121409914332162 -2.81637004375078215 -1.39114141464233398 -5.03439998626708984 49
30.2854392223179438 -3.13153045877117497 0.433868676424026489 -5.1156001091003418 47.5
24.0302107400921905 -18.507611362652483 -2.68697905540466309 4.30360031127929688 45
25.9026875240549437 14.4031398344534249 7.30589008331298828 4.70960044860839844 55.5
25.991644467025921 14.1590188203101448 7.4654088020324707 4.62840032577514648 46.5
24.309133219758948 -18.3891782685116425 -1.63703906536102295 4.38479995727539062 45.5
24.1769240573255253 -18.5531970748891553 -1.74093663692474365 4.30360031127929688 47
26.0302985308406782 14.3352862505645469 7.2995305061340332 4.79080009460449219 52.5
25.9597052647255175 14.4729417066916017 7.27926921844482422 4.70960044860839844 55.5
25.9811874889208561 14.5838308241272827 6.97494268417358398 4.62840032577514648 48.5
26.2206634804587964 14.7192373737392206 6.06436824798583984 4.70960044860839844 45.5
24.3273018908914302 -19.0282433611380277 -0.958378136157989502 4.30360031127929688 49.5
24.2675881827389333 -19.1093296254610543 -0.853091835975646973 4.22240018844604492 46
24.715523459193772 -19.033641140048033 -0.550894796848297119 4.38479995727539062 46
24.7061278514325409 -19.033641140048033 -0.876257002353668213 4.30360031127929688 47.5
25.6823879439433789 -18.2089836382572727 -1.04782068729400635 4.46600008010864258 46
25.4672777083903803 -18.4614544064957364 -2.75194334983825684 4.46600008010864258 45.5
22.0997950896862996 -22.6540701886851181 0.338767498731613159 3.89760017395019531 49.5
21.9493051876344758 -22.7806292400185555 0.996740341186523438 3.81640005111694336 53
22.0519323834870988 -22.6540701886851181 1.4926445484161377 3.73520016670227051 47
22.0239885602383474 -22.8346109474520667 0.00865163374692201614 3.89760017395019531 47
22.0213734836022752 -22.8346109474520667 0.33957025408744812 3.81640005111694336 50.5
25.1711737205482393 -19.6748336532150141 0.339800089597702026 4.30360031127929688 46
25.3481808137762776 -19.5689496302260473 -0.355881810188293457 4.30360031127929688 46
27.0416761705076638 -18.7817520527017976 -0.222227424383163452 4.46600008010864258 48.5
26.1174450605652488 -20.0119259549488575 1.20739281177520752 4.30360031127929688 47.5
25.1146602741013609 -21.0651852157356387 3.0931551456451416 4.14120006561279297 50.5
26.3380414259381936 -19.8801917289473877 0.292476743459701538 4.38479995727539062 51.5
26.1405381615283119 -20.1317353289195466 0.620917260646820068 4.30360031127929688 50
26.1684835816491166 -20.2105540393689971 0.836498796939849854 4.30360031127929688 47
25.1177964956769095 -21.8377352657739472 1.04870307445526123 4.14120006561279297 47
27.3344971331839446 -19.2609675506219595 -0.861938774585723877 4.46600008010864258 46.5
28.3786485421420949 -17.9743846768446964 -0.730690956115722656 4.54720020294189453 45.5
28.0462523438897087 -18.6372924982317336 0.254836529493331909 4.54720020294189453 46
27.343072586132795 -19.5714715306560869 1.82202315330505371 4.46600008010864258 50.5
27.2119619549291158 -19.7482081043579853 1.8770374059677124 4.38479995727539062 47
27.4411708213604975 -19.5686675388179303 1.76404094696044922 4.46600008010864258 52.5
27.2841908858198217 -19.7921889568259779 1.70429337024688721 4.38479995727539062 51
27.5383246131332804 -19.6121539090437018 1.06523668766021729 4.46600008010864258 50
27.3662276349694125 -19.8615325902147326 0.860078394412994385 4.38479995727539062 51.5
27.0143651415019797 -20.4223796953358061 1.53641927242279053 4.38479995727539062 46
26.9204690571955894 -20.650118970505364 1.77811479568481445 4.38479995727539062 48
26.7904869495419256 -20.8836215493248147 0.667053520679473877 4.30360031127929688 49
27.1434670176220898 -20.5127451224299691 1.36463141441345215 4.38479995727539062 48
26.8943039124655101 -20.8786642430541072 0.424810469150543213 4.30360031127929688 50
27.0359639807900187 -20.8180444878599857 -0.42574504017829895 4.30360031127929688 48
27.1555736857754297 -20.7868737886297446 -0.34740939736366272 4.30360031127929688 46.5
27.2167108537886193 -20.8324595008664168 0.18693968653678894 4.38479995727539062 48
27.1112550926396416 -20.9695151554773815 0.18693968653678894 4.30360031127929688 49.5
27.332178301548165 -20.8007827102585487 -0.44962659478187561 4.38479995727539062 49
26.9920235751315438 -21.2428959209800965 0.304441720247268677 4.30360031127929688 50.5
27.3358223921029442 -20.9236309253397614 0.187757819890975952 4.38479995727539062 48
27.1072842892184411 -21.3356582369830292 0.484518617391586304 4.38479995727539062 45.5
26.8540120352626701 -21.6589911057997035 0.00940839666873216629 4.30360031127929688 52.5
26.9595054055329513 -21.5210357484379244 -0.529201507568359375 4.22240018844604492 51
27.0020348666087671 -21.5678210846808263 -1.07236003875732422 4.30360031127929688 52.5
27.0020348666087671 -21.5678210846808263 -1.07236003875732422 4.22240018844604492 51
28.3422454117217733 -19.8740071057772241 -1.53737354278564453 4.46600008010864258 47
28.2601673552602293 -19.9519443885449768 -1.97619831562042236 4.38479995727539062 45.5
27.3587933926488596 -21.8723444117754084 4.5774078369140625 4.30360031127929688 48.5
27.1231475028913778 -22.0356696879077383 5.15943098068237305 4.22240018844604492 46
29.6475255211560764 19.5772726853118577 -1.24794363975524902 4.30360031127929688 45
24.7422716372944791 25.4766260883080484 4.89736843109130859 3.5728001594543457 47
25.0916522986850126 25.2830205108460362 4.66729640960693359 3.5728001594543457 47.5
28.1370750167361869 -22.4567329548917485 0.00981745682656764984 4.22240018844604492 45.5
28.3702354611603198 -22.2736145585930068 0.64927065372467041 4.30360031127929688 46.5
28.2708587605347255 -22.3592649687555785 -1.49248111248016357 4.22240018844604492 45.5
29.472471113635013 -20.9331143848693024 -0.0271121133118867874 4.46600008010864258 47
28.0942407687786009 -22.5503036273775486 -3.00334024429321289 4.22240018844604492 46
30.0019880466868329 -20.2794388135055321 -0.935914218425750732 4.54720020294189453 47
29.4672114894605635 -21.0534977503603216 0.827280521392822266 4.46600008010864258 51
29.4268484325834336 -21.0037044854164456 2.27064251899719238 4.38479995727539062 48.5
27.7602705712107394 -23.2579813892391556 -0.827279269695281982 4.30360031127929688 51
28.0012016456521096 -22.9818551018231219 0.133366256952285767 4.22240018844604492 55
27.9042286049447377 -23.0950216130592025 -0.474169552326202393 4.14120006561279297 48
29.9459342011058354 -20.516475051739171 0.0742461308836936951 4.54720020294189453 47
29.6077075648131718 -20.9836864004743333 0.871056079864501953 4.46600008010864258 51
28.0576501827617975 -23.0294370633826588 0.321724444627761841 4.30360031127929688 55
28.0970518617284242 -22.9750046732387574 0.628571867942810059 4.22240018844604492 57.5
28.0860305196924607 -22.9750046732387574 1.0071256160736084 4.14120006561279297 50.5
28.3031013166232697 -22.8361101876366455 0.766241669654846191 4.30360031127929688 52.5
28.270706752591547 -22.8588372081259372 1.17528712749481201 4.22240018844604492 51
28.2303446850035762 -23.0289482670141048 1.14790463447570801 4.22240018844604492 48.5
28.9277090237018726 -22.2821716244659633 0.876455128192901611 4.38479995727539062 48
28.5385514590231892 -22.6381751858564471 2.67204451560974121 4.30360031127929688 50
28.9047983576349239 -22.4422640409661014 0.646243155002593994 4.38479995727539062 48.5
28.6812269342139032 -22.6846606160977906 1.53414618968963623 4.30360031127929688 50.5
28.520359769596535 -22.8777986014768082 2.87250089645385742 4.30360031127929688 46
30.0068442303600875 21.1611522074941441 -1.53542494773864746 4.22240018844604492 48
29.9748152526852003 21.2438129583046695 -0.879347801208496094 4.14120006561279297 48.5
30.0136273371101225 21.287168119654762 -1.45577681064605713 4.22240018844604492 46
29.8921577640916603 21.4988433754922319 -0.582440018653869629 4.14120006561279297 49
27.2754599351296285 24.7383951170047531 0.376586645841598511 3.73520016670227051 46
20.4825099960673747 30.2373501327824137 4.71700477600097656 2.84200000762939453 45.5
20.5665796231825873 30.2373501327824137 4.33579540252685547 2.76080012321472168 46.5
27.316985955158728 24.78877932526634 0.953354775905609131 3.73520016670227051 47
20.3894451351488151 30.2482128671404773 5.56113386154174805 2.84200000762939453 46
20.5563726310019703 30.2712679074355542 4.76403570175170898 2.76080012321472168 47
30.3770393299690333 20.8979792898338559 -2.76781320571899414 4.22240018844604492 46
29.90882972249414 21.6464808695272204 -2.01063776016235352 4.14120006561279297 47
29.6496487298900497 22.0807966009542334 0.698230385780334473 4.06000041961669922 46.5
30.3315323658490996 21.2505625250769867 -1.05570733547210693 4.22240018844604492 47
30.2888459642893118 21.3338980643910112 -0.391517519950866699 4.14120006561279297 48.5
29.7602821478778061 21.9265063439574313 2.50131916999816895 4.06000041961669922 45.5
30.3429472326757939 21.5039417212701167 0.852082729339599609 4.22240018844604492 49
30.2313708610632901 21.6759360670736179 0.240936592221260071 4.14120006561279297 50
29.9805978918670952 22.0152762628480936 0.575691044330596924 4.06000041961669922 45
30.5773884275209404 21.314403487866425 0.381188541650772095 4.22240018844604492 48.5
30.3331911770487395 21.663743579997103 -0.0736974626779556274 4.14120006561279297 51
29.9581682251351538 22.2767363177410829 1.13043177127838135 4.06000041961669922 47
30.5596190592132082 21.4656491725941656 2.44262170791625977 4.22240018844604492 45
29.9943201189046533 22.2980861121849614 1.94083917140960693 4.14120006561279297 49
30.1274710169852789 22.1484345275394254 1.55342912673950195 4.06000041961669922 49
31.3350619064683613 20.5948979485404209 -0.462738007307052612 4.30360031127929688 46.5
30.916440244048335 21.1947038501133846 1.0991978645324707 4.22240018844604492 48
30.0948670852720888 22.3661997516230784 0.549657166004180908 4.14120006561279297 53.5
30.2180203334352555 22.192818358199645 0.774605453014373779 4.06000041961669922 54
31.7256269654513865 20.1336851069029166 -0.00512146996334195137 4.30360031127929688 45.5
29.936094860700976 22.6879585906144818 -0.983599424362182617 4.14120006561279297 50.5
30.0267504803949059 22.5799654102369693 -0.648091256618499756 4.06000041961669922 53
30.1550574317242699 22.410932606167826 0.550756514072418213 3.97880029678344727 45
28.2130050038276963 24.8149547084845921 0.353516548871994019 3.81640005111694336 46
28.0701426079055771 25.090312990148778 0.256682723760604858 3.81640005111694336 46.5
30.7306533385357028 21.8734230426972402 -0.596674859523773193 4.22240018844604492 51.5
30.7820778689096883 21.8074256455856563 0.27520027756690979 4.14120006561279297 50.5
30.7569760252205242 21.9688676033415824 -0.466439962387084961 4.22240018844604492 53
30.8442888180109307 21.8507808069357452 -0.115966252982616425 4.14120006561279297 55
31.1141359893068312 21.5486361918774918 -1.4431006908416748 4.22240018844604492 47.5
30.8976063482836985 21.8941337631507302 -0.707482635974884033 4.14120006561279297 48.5
30.514542286910423 22.4147465417816392 0.978545010089874268 4.06000041961669922 48.5
31.7729382806254605 20.7234817553109814 -1.10462725162506104 4.30360031127929688 45.5
30.5138339579301352 22.4591326300120855 2.1669921875 4.06000041961669922 47
30.9746863462318487 21.633978193445575 4.29424858093261719 4.22240018844604492 45.5
30.3275123226469709 22.9525863750013102 2.24297714233398438 4.14120006561279297 45
30.6299224438711022 22.3717493001724037 3.59483695030212402 4.06000041961669922 46
32.3230032425337228 20.302531682402396 -0.601189553737640381 4.38479995727539062 46.5
32.030792296565302 20.7604835248626003 -0.601189553737640381 4.30360031127929688 48.5
31.3482597794919933 21.6763872097830088 2.179840087890625 4.22240018844604492 46
30.8762482991100313 22.2440566811659721 3.03150033950805664 4.14120006561279297 54.5
30.929054922220061 22.2440566811659721 2.4344329833984375 4.06000041961669922 51.5
32.0688247471842587 20.8012686665503672 -1.40005803108215332 4.30360031127929688 48
31.5102454282509612 21.656835553340926 1.07165133953094482 4.22240018844604492 47
31.0047499063636351 22.287756386057989 2.24139738082885742 4.14120006561279297 52.5
30.9481782437579049 22.4311474844027714 1.45478379726409912 4.06000041961669922 47.5
30.7278183806843082 22.8343112244967408 1.78917109966278076 4.14120006561279297 49
30.5335101987488677 23.0881322175542785 1.85703063011169434 4.06000041961669922 48.5
33.2283630900464644 19.2465725344632972 -0.0733033344149589539 4.38479995727539062 45
30.8241367138795574 22.8789972187287418 0.992109000682830811 4.14120006561279297 52.5
30.9220831294988443 22.725446901824526 1.39246654510498047 4.06000041961669922 53
30.4929654267044477 23.3396481694414035 -0.00785232614725828171 3.97880029678344727 45
33.3020756104793776 19.231277863222104 -1.20643162727355957 4.46600008010864258 47.5
33.2931065312837404 19.2841638773459643 0.125908821821212769 4.38479995727539062 47
31.0943691711324028 22.6159827671491911 -1.40829372406005859 4.14120006561279297 52.5
30.8150446586486844 22.9477223102897767 -2.03981971740722656 4.06000041961669922 52
33.267474287455876 19.4662709660792572 -0.664908051490783691 4.46600008010864258 48
33.2369772407548822 19.5240772644195069 0.465182185173034668 4.38479995727539062 48.5
30.723815092018377 23.0213583140046438 -3.48812627792358398 4.06000041961669922 46
26.0341977168197367 28.0553234611347655 4.60674667358398438 3.4104001522064209 45
33.1797428438737683 19.7696025158448698 0.397627741098403931 4.46600008010864258 49
33.0160624307268051 20.0350634871269691 0.653035998344421387 4.38479995727539062 50.5
29.3964400556023122 25.0546891259157078 -0.0500337220728397369 3.89760017395019531 45.5
25.7850536673283663 28.3319254804710461 4.93189811706542969 3.4104001522064209 47.5
32.9396890280281056 20.2480605851301156 1.63798534870147705 4.46600008010864258 45.5
32.9274955222886305 20.2867480665442628 1.38488960266113281 4.38479995727539062 49.5
21.8677317906744619 31.8784846852585915 1.80404627323150635 2.84200000762939453 47.5
21.6448794239830562 32.0953151532375003 2.21146106719970703 2.84200000762939453 48.5
21.815030017458362 31.9838730867332046 2.15339517593383789 2.76080012321472168 49
32.3070692702556457 -21.5693401381902525 0.582688868045806885 4.54720020294189453 46.5
32.6785480061205504 20.9188131117402207 -1.95918869972229004 4.30360031127929688 46.5
24.5648451625262219 29.6717998930044651 5.04730558395385742 3.24800014495849609 46.5
32.3931003618306761 -21.5817959039074516 -0.262724429368972778 4.54720020294189453 47
32.8597529268533961 20.8570522506096836 -0.613000750541687012 4.30360031127929688 46.5
33.2776464929874223 20.3367939715198034 0.11433497816324234 4.38479995727539062 47.5
33.1222379377671459 20.585338541984104 0.401488214731216431 4.30360031127929688 46.5
33.3901698954322583 20.26848209825312 1.06813597679138184 4.38479995727539062 53.5
33.4155616083559934 20.2098885580991698 1.347725510597229 4.30360031127929688 50
33.0406945656103161 -20.9140142472394217 -1.90767025947570801 4.62840032577514648 45.5
33.5296285666639093 20.1948656871589129 0.808688163757324219 4.38479995727539062 52
33.5803097120377672 20.1263753481036254 -0.120107896625995636 4.30360031127929688 47.5
28.7289690385369809 26.5614405884226272 2.78154659271240234 3.81640005111694336 48.5
28.8486346357497396 26.3506744054917945 3.46397113800048828 3.73520016670227051 53
28.9499233834306189 26.4010586137533814 3.06207418441772461 3.81640005111694336 53.5
29.0179474388514507 26.3126622121448328 3.17692232131958008 3.73520016670227051 57
29.1747615765557136 26.1898894321329578 2.7227180004119873 3.65400028228759766 46.5
33.5914096905758512 -20.424093846100309 2.20547676086425781 4.62840032577514648 45.5
29.265793124473376 26.2398680995550322 2.31803727149963379 3.81640005111694336 50.5
29.2953888146774268 26.2398680995550322 1.90790808200836182 3.73520016670227051 51.5
28.9069168628987967 26.4514402593676827 3.886138916015625 3.65400028228759766 45
33.7058627003311742 -20.7189465040822682 -1.67337906360626221 4.62840032577514648 49
33.6216411224419502 -20.7189465040822682 -2.91046452522277832 4.54720020294189453 47
34.0436431663422496 -20.6575124572264563 0.572874784469604492 4.62840032577514648 45.5
33.5469264159523064 -21.4438017774485203 -0.893208861351013184 4.54720020294189453 46
33.6186052174207859 -21.4841859949706873 -0.478755593299865723 4.54720020294189453 50
34.5201525645705303 19.9236034430036817 -1.8491133451461792 4.46600008010864258 45
20.066051755593552 34.3973521659841666 3.48947954177856445 2.59840011596679688 47
20.1506821743694182 34.3768094638601056 4.02339982986450195 2.59840011596679688 47
33.7036748521683407 -21.7306866549721001 -1.36206400394439697 4.54720020294189453 48.5
31.3611179223845298 25.029900272639761 -0.00820506643503904343 3.97880029678344727 46
31.2066090118257478 25.2154183636028364 0.588133156299591064 3.89760017395019531 47
34.1379704103423904 -21.2187339767468686 0.635816991329193115 4.62840032577514648 47.5
33.8659937094146031 -21.6457208110327279 0.772834062576293945 4.54720020294189453 47.5
31.2671424663260673 25.2625504661600395 -0.45768660306930542 3.97880029678344727 47.5
31.2132668919690026 25.3328777094541806 -0.131552577018737793 3.89760017395019531 48.5
33.4881766680618327 -22.3302965912504234 1.40557718276977539 4.54720020294189453 45
30.9532440431141218 25.7676625078210861 -0.00823574047535657883 3.89760017395019531 46.5
33.4940053409230032 -22.6306783747794285 0.429934889078140259 4.54720020294189453 46
33.5480621967120101 -22.6726630794580153 0.853135108947753906 4.54720020294189453 46
33.5589086366851532 -22.6726630794580153 0.00828303676098585129 4.46600008010864258 46
31.1885688375499548 25.5877197611026155 3.57656669616699219 3.89760017395019531 45
33.8648675357635867 -22.3445228116098527 -0.473022192716598511 4.54720020294189453 47
33.6203257191421585 -22.7146499196760026 0.221300587058067322 4.46600008010864258 46
31.1796147488829227 25.8886166272021541 1.98539316654205322 3.89760017395019531 45
34.5483250164919582 -23.0372155521070354 1.45007419586181641 4.54720020294189453 46
34.1622511204586345 -23.6394956972601626 0.719481050968170166 4.46600008010864258 46
31.1262777276557721 27.2479844979620758 3.88651037216186523 3.81640005111694336 47.5
31.1756897816962031 27.0735045830693331 5.26710796356201172 3.89760017395019531 47.5
31.445322657287246 26.9034319862945246 5.12709856033325195 3.89760017395019531 49.5
31.3021809767274313 27.122286168635096 4.84201669692993164 3.81640005111694336 50.5
37.0238304335172828 19.4121192601755439 1.95658338069915771 4.54720020294189453 46
36.9643756788426288 19.6407487683133795 2.3625791072845459 4.54720020294189453 49
36.9884247724293331 19.7140937890539476 0.957453012466430664 4.46600008010864258 46
32.1101961566478877 -26.9176226117882464 1.44316697120666504 4.22240018844604492 48.5
31.921927874159735 -27.1114630237454612 1.91440844535827637 4.14120006561279297 47
30.6672085713739406 28.0282757830025524 5.62530374526977539 3.73520016670227051 47
29.9142013422712019 29.0603450034233965 4.28285312652587891 3.65400028228759766 47
29.2523036775387588 29.6418662392950338 4.83407258987426758 3.5728001594543457 47.5
28.7251080775301979 29.9509631124160016 5.95934820175170898 3.49160003662109375 45
23.5304407280133105 34.4669208180137971 4.00695133209228516 2.84200000762939453 48
32.1299007198349855 -27.0077602330766027 1.50011897087097168 4.22240018844604492 49
30.8697728254429187 28.0784137673843439 4.76022720336914062 3.73520016670227051 47
28.7945772995210092 29.7841117999824618 6.91223001480102539 3.5728001594543457 48.5
28.9442110602280884 29.7841117999824618 6.25613498687744141 3.49160003662109375 47
23.4279226609006344 34.6440391174773978 3.86302709579467773 2.84200000762939453 48.5
23.2319102056149234 34.7070187371425547 4.43860530853271484 2.76080012321472168 46.5
29.645853419686734 29.3220462322175095 5.62552785873413086 3.65400028228759766 45.5
23.2844231564210986 34.9004380293096332 3.17818522453308105 2.76080012321472168 46.5
31.9982409608486407 27.2905331966904718 4.54199790954589844 3.89760017395019531 45
37.4312132532427526 19.6556393945460073 2.86370301246643066 4.54720020294189453 45
33.4643902352302121 25.9833573569604717 0.800203144550323486 3.97880029678344727 45
36.3038032068385377 -21.9554643111846772 1.41206443309783936 4.70960044860839844 46
36.2410652339876549 -22.0191187136331443 1.93548965454101562 4.62840032577514648 47
33.2729572476431557 26.2839636776806138 2.0164344310760498 3.97880029678344727 47
32.6385663606120886 26.9311167692400559 3.3825221061706543 3.89760017395019531 45
36.2504172977879264 -22.2174393132702548 0.817531585693359375 4.62840032577514648 47.5
37.8584036149270062 19.2735356109139495 1.90994715690612793 4.54720020294189453 45.5
33.0713601561903445 26.5270167548062972 3.31335115432739258 3.97880029678344727 47
37.7393025008113341 19.7600066830878625 0.217826470732688904 4.54720020294189453 48
37.4073422194280312 20.3455672259595417 1.22836399078369141 4.46600008010864258 46.5
31.5764225646423995 28.32516044200176 3.92110586166381836 3.81640005111694336 46
37.6565559246384396 20.0240997174442761 1.47480034828186035 4.54720020294189453 49.5
37.4247371706108254 20.4773749440708421 1.10546767711639404 4.46600008010864258 46
32.9952256755603415 26.6205874272921008 4.88008594512939453 3.97880029678344727 49
33.0612746546891003 26.3912834891163008 5.62212419509887695 3.89760017395019531 47
37.6366189384369818 20.2195506616967151 1.48904013633728027 4.54720020294189453 49.5
33.2985747061647359 26.4697155954312322 4.25693988800048828 3.97880029678344727 49
37.623762843065542 20.4530254732604 -0.326998114585876465 4.54720020294189453 48.5
26.8056996002324901 33.2796318265732793 3.78559732437133789 3.24800014495849609 45.5
26.6856065908893427 33.3922079007288914 3.63990902900695801 3.16680002212524414 46
26.7406971274153413 33.3410076561461963 5.75134897232055664 3.16680002212524414 45
25.9981117174381922 34.0899690179498762 5.31152677536010742 3.08560013771057129 47.5
25.4710789429224285 34.6459890985276786 4.13760471343994141 3.00440025329589844 47.5
26.0600735836754076 34.3762738543704103 3.44531869888305664 3.00440025329589844 47
33.6647647437327251 27.041650694276111 3.82825112342834473 3.97880029678344727 45.5
26.4895650505494444 34.1487511972589317 3.37468457221984863 3.00440025329589844 45.5
38.4507167147865729 20.4463994860539096 1.50590324401855469 4.54720020294189453 48
38.2717278260189744 20.6750942339671653 2.56826066970825195 4.46600008010864258 46
33.6544265041374189 27.7524202300244838 1.58284282684326172 3.89760017395019531 45.5
39.7995347878650989 19.9519448766682679 1.6185145378112793 4.62840032577514648 45
41.3405831646187565 18.4183338484496346 4.17417526245117188 4.70960044860839844 46.5
41.1324306750567388 18.8298759946180176 5.10731601715087891 4.70960044860839844 46.5
40.9073009790009223 19.1768918362106753 5.60047101974487305 4.62840032577514648 46.5
41.4342167593473292 19.3402726978595965 1.49066257476806641 4.62840032577514648 46
41.7282119518639973 18.8341127408162272 4.96338272094726562 4.70960044860839844 47
33.0070915150104582 31.9195916203200731 3.50348472595214844 3.65400028228759766 46.5
33.0608468020881645 31.9715758071174214 3.50919032096862793 3.65400028228759766 51.5
32.773736658877425 32.1444886021802532 4.48661422729492188 3.5728001594543457 48.5
43.5756543193350012 -15.3045726615353104 1.17159199714660645 3.65400028228759766 47.5
43.6290552959468698 -15.1486981002899501 1.20937716960906982 3.5728001594543457 55
43.5600361549930923 -15.3045726615353104 1.65327906608581543 3.49160003662109375 53
43.7160427841351975 -15.1732903924176288 -0.23346102237701416 3.65400028228759766 56
43.7346550880164529 -15.1212478567729018 -0.0599433146417140961 3.5728001594543457 63.5
43.7346550880164529 -15.1212478567729018 -0.0599433146417140961 3.49160003662109375 60.5
43.8052082372282143 -15.1457558003376427 0.18011842668056488 3.65400028228759766 60.5
43.8045300568480229 -15.1457558003376427 -0.303358197212219238 3.5728001594543457 66
43.7985692180905488 -15.1457558003376427 -0.7836417555809021 3.49160003662109375 60
43.7595515840269229 -15.2978912017860758 2.52135348320007324 3.73520016670227051 50.5
43.9456205599449916 -14.955617564734359 0.626676619052886963 3.65400028228759766 63
43.8744427307870737 -15.1702637439023835 0.420952588319778442 3.5728001594543457 66
43.8013601604168628 -15.3791086749847885 0.452607303857803345 3.49160003662109375 57.5
43.8415366192901672 -15.2224749766729861 1.21526706218719482 3.4104001522064209 46
43.5015353121326456 -15.6189456769599637 5.09067296981811523 3.81640005111694336 45.5
44.0302474566703168 -14.503306700034253 3.63886427879333496 3.73520016670227051 55
44.0639062082434521 -14.7705952049227047 1.56579792499542236 3.65400028228759766 63.5
43.9638412944447197 -15.1250430048834783 0.814706027507781982 3.5728001594543457 65.5
43.9292269206187527 -15.2470660179847286 0.00633942475542426109 3.49160003662109375 60.5
43.8302948541324966 -15.4039527491149055 -1.96812057495117188 3.4104001522064209 45
44.156215906928054 -14.1542198971773523 4.37234878540039062 3.73520016670227051 52
44.1611928009766999 -14.6489191945704764 2.10453176498413086 3.65400028228759766 58
44.1276009543608723 -14.8991788391340538 0.00634964974597096443 3.5728001594543457 57.5
43.8993380565000564 -15.393878136527178 -2.25995349884033203 3.49160003662109375 52.5
43.797418194892181 -15.0747347779698391 5.54628181457519531 3.5728001594543457 45.5
41.5069598900003385 21.7777530282005394 2.68409943580627441 4.54720020294189453 48.5
41.6020450994147524 21.8125421243811566 2.19852638244628906 4.54720020294189453 45.5
41.6363280831613451 22.1356039303253489 1.38279104232788086 4.54720020294189453 46.5
44.519867509477038 -15.8960562597514024 2.22544574737548828 3.65400028228759766 47
44.5726477232809088 -15.8960562597514024 0.500092089176177979 3.5728001594543457 56
44.5726477232809088 -15.8960562597514024 0.500092089176177979 3.49160003662109375 55.5
44.8276400316539991 -15.3526323508864042 1.24078953266143799 3.65400028228759766 50
44.7927991023100134 -15.4888632706666449 0.678607940673828125 3.5728001594543457 54
44.6434305375137654 -15.921248363882194 -0.487961113452911377 3.49160003662109375 50
44.8815028769282662 -15.2938703595749583 2.37151336669921875 3.65400028228759766 47.5
44.8183338156871685 -15.2938703595749583 3.36011743545532227 3.5728001594543457 48.5
44.8708794211808097 -15.4012171231386468 3.2263636589050293 3.65400028228759766 47
44.8609034631019483 -15.5378791577961266 2.66013860702514648 3.5728001594543457 50
45.0074534764930192 -15.4909714646790455 1.58096086978912354 3.5728001594543457 49
45.1872398642178581 -15.2590623800778324 0.751193106174468994 3.5728001594543457 47
47.1738425527715464 14.8219352968286486 4.47901010513305664 4.95320034027099609 46
47.8161775462695786 14.9061895075362383 1.19537079334259033 4.95320034027099609 46.5
48.4673065929641567 13.4512942124362826 1.60886716842651367 5.03439998626708984 46.5
37.9562584439057886 -33.9368981091444439 0.982491075992584229 4.14120006561279297 45.5
45.3019837581988085 -25.9572013313582133 -3.80483102798461914 4.70960044860839844 46.5
49.3182823850342373 17.6091026834379711 2.4509890079498291 4.95320034027099609 47
49.2313688609231335 17.6091026834379711 3.81741452217102051 4.87200021743774414 50
49.3917449737134362 17.4440438393397876 3.5229487419128418 4.87200021743774414 55
45.4517688032792648 -26.2743119881744391 -0.218335285782814026 4.70960044860839844 47
45.4745303865181896 -26.3118451895667889 1.97096168994903564 4.79080009460449219 45.5
45.5160529505223224 -26.3118451895667889 0.326177656650543213 4.70960044860839844 50.5
45.4897337920624096 -26.3512636842328085 0.652345061302185059 4.62840032577514648 46.5
45.7209307648250629 -26.1431411608458326 -2.46142768859863281 4.70960044860839844 46.5
52.2577765348925354 12.2164158393901694 3.41095328330993652 5.1156001091003418 46.5
52.181201749297685 12.3306507509796255 4.10217094421386719 5.03439998626708984 48
52.4101635820771392 11.9373750483552463 3.23982787132263184 5.1156001091003418 46.5
52.279202383090329 11.9373750483552463 4.92005109786987305 5.03439998626708984 46
52.6006744898800562 -21.1635142280019544 0.405888795852661133 5.03439998626708984 52
52.483170881713832 -21.3760704472319745 1.86290097236633301 4.95320034027099609 53
52.6702528084829922 -21.1915085788347959 0.406425684690475464 5.03439998626708984 51
52.6805326809550465 -21.1489411026135024 0.940545499324798584 4.95320034027099609 52
57.2432375419220989 -17.2096313672424266 -0.301569581031799316 -0.812000036239624023 49.5
57.1856586910019757 -17.3440816122990107 1.42621338367462158 -0.893200039863586426 51.5
57.0434927235837819 -17.687676682999161 2.49741768836975098 -0.974400043487548828 47.5
57.346043121953727 -17.096605657172077 1.07716834545135498 -0.730800032615661621 48.5
57.3510281394958028 -17.096605657172077 0.767089605331420898 -0.812000036239624023 58
57.2851262639885732 -17.2312245993545332 1.87667310237884521 -0.893200039863586426 58
57.0734886924554488 -17.6425602560231525 3.65782666206359863 -0.974400043487548828 51
57.5098151733544469 -16.8409667113578472 0.0939644798636436462 -0.730800032615661621 53.5
57.4831123233665622 -16.9308251375634029 0.212448105216026306 -0.812000036239624023 61
57.5098151733544469 -16.8409667113578472 0.0939644798636436462 -0.893200039863586426 55.5
56.9827733222896384 -17.8893150170893271 4.89306449890136719 -0.974400043487548828 53.5
57.0235732731006237 -17.6646689515754396 5.22281169891357422 -1.05560004711151123 47.5
57.5661454375468224 -16.8620444800297768 1.3457026481628418 -0.730800032615661621 53.5
57.6469267478404959 -16.6371172526394311 -0.196347147226333618 -0.812000036239624023 61
57.3482511872366842 -17.4693479939837175 2.44959664344787598 -0.893200039863586426 56.5
57.2165314671204754 -17.6867776471277232 3.66699433326721191 -0.974400043487548828 60
57.2531578885956804 -17.6867776471277232 3.04211282730102539 -1.05560004711151123 51
57.6534353792658365 -16.8831211766418612 -0.21707431972026825 -0.812000036239624023 57
57.4164714328949728 -17.5362254640441968 2.19891667366027832 -0.893200039863586426 62
57.324721419360344 -17.7088852181850385 3.04591536521911621 -0.974400043487548828 61
57.4370400377879307 -17.5362254640441968 1.57258296012878418 -1.05560004711151123 50.5
58.0139635400924902 -15.8744633937317641 0.635616302490234375 -0.812000036239624023 49.5
57.458657042300743 -17.6407980990002144 2.30821132659912109 -0.893200039863586426 57
57.4259874317201024 -17.7309939137373256 2.42704105377197266 -0.974400043487548828 56
57.9523564440762087 -16.3759013471022428 0.636408805847167969 -0.730800032615661621 46
57.8682663383836058 -16.1651820282976182 4.12326145172119141 -0.812000036239624023 48.5
57.1797017737164026 -18.5809285045934907 3.50450444221496582 -0.974400043487548828 46.5
57.7052350014412667 -17.360782893749775 -2.19071459770202637 -0.812000036239624023 45
57.3021338101030935 -18.3252708322914302 4.0914769172668457 -0.974400043487548828 46.5
57.912772618130866 -17.0579654603184565 0.52686619758605957 -0.812000036239624023 50
58.0791479494236711 -16.4166885633140005 -1.56397247314453125 -0.893200039863586426 46.5
57.8703468909812386 -17.0791546159609311 3.67804670333862305 -0.812000036239624023 45
57.8314182058807802 -17.5399367617254676 1.44231867790222168 -0.893200039863586426 47
57.6567063472668835 -18.0913645755092567 -1.61535429954528809 -0.974400043487548828 46
57.7200117200440701 -17.6675831791949278 4.4195704460144043 -0.893200039863586426 46
57.92087749483278 -17.5616986909634498 0.185685977339744568 -0.974400043487548828 48
57.9916965271530955 -17.4471547239208 2.21813321113586426 -0.974400043487548828 45
58.0991741830300228 -17.6269844786774037 2.08289217948913574 -0.893200039863586426 50
58.1095985306425291 -17.6269844786774037 1.76827883720397949 -0.974400043487548828 49
58.1629772422610856 -17.5119333219797184 3.17505192756652832 -0.812000036239624023 50
58.1795110116058183 -17.5119333219797184 2.85613703727722168 -0.893200039863586426 55
58.1813358521194104 -17.6487453010576871 1.7704617977142334 -0.974400043487548828 52
58.3205508890256681 -17.2062949387159811 3.38626766204833984 -0.812000036239624023 48.5
58.3144252765924733 -17.3965458778879842 2.36603164672851562 -0.893200039863586426 51.5
58.3135110508664809 -17.533526554091825 0.959070444107055664 -0.974400043487548828 49
64.8362082298178564 -6.88980169595881264 2.52169609069824219 -5.03439998626708984 47
64.906860022992575 -6.40873861896287167 1.89481496810913086 -5.1156001091003418 54
64.9088717998318145 -6.52288917960597558 1.36115837097167969 5.19680023193359375 49
65.0092044912794051 -6.26917172255157507 1.36272299289703369 -5.03439998626708984 47
64.9481231712413773 -6.48140930690879014 2.66254782676696777 -5.1156001091003418 54
64.9707109334300412 -6.41610543479887863 2.23530030250549316 5.19680023193359375 51
65.0693502524345888 -6.39078207889094241 1.51584947109222412 -5.1156001091003418 47.5
70.4533490397445377 4.74967559779421578 2.2779078483581543 5.19680023193359375 47
71.7619131487131199 1.14802852001681632 0.748680591583251953 -5.1156001091003418 46
71.8897890598109086 -0 2.25039815902709961 -5.03439998626708984 51.5
71.9161582943663547 -0 1.12779152393341064 -5.1156001091003418 56.5
71.9221898450983872 -0.386471828322333844 0.50506889820098877 5.19680023193359375 51.5
71.9647492900576964 -0 2.25274467468261719 -5.03439998626708984 54
71.9794365801964346 -0.161947593424700081 1.7129899263381958 -5.1156001091003418 60.5
71.9794365801964346 -0.161947593424700081 1.7129899263381958 5.19680023193359375 56
72.0554993842158211 -0.387277825701518474 1.63125693798065186 -5.1156001091003418 52.5
72.0731843470434512 -0.459329514204126543 0.226035073399543762 5.19680023193359375 50.5
77.0818990103381338 -3.7032017827484629 0.805007636547088623 -5.03439998626708984 45
77.1568054821475471 -3.70680047172091331 0.805789947509765625 -5.03439998626708984 54
77.1721647947641713 -3.43651293732459706 0.45820203423500061 -5.1156001091003418 58.5
77.1441845192143916 -3.70680047172091331 1.61148631572723389 5.19680023193359375 52.5
77.2501661774412156 -3.40119956622034625 0.00526923500001430511 -5.03439998626708984 53.5
77.2459540334563854 -3.40119956622034625 0.806572318077087402 -5.1156001091003418 58
77.2436750627094142 -3.43984956129103248 0.859286129474639893 5.19680023193359375 52.5
77.3353069371484594 -3.1627016056066628 0.0897087603807449341 -5.1156001091003418 47.5
75.365414310975325 -27.790826634411733 6.00229454040527344 2.35480022430419922 53
75.4738941459338122 -27.4888618393982007 6.02968025207519531 2.27360010147094727 60
75.0679177841652603 -28.1632498815950818 7.74224472045898438 2.19239997863769531 62.5
75.4274817256763725 -27.790826634411733 5.16409826278686523 2.11120009422302246 62.5
75.5257888242207258 -27.3781414145599094 5.88180780410766602 2.03000020980834961 54
75.4355840920080993 -27.8167015829870827 6.00788307189941406 2.35480022430419922 58
75.9355586350274905 -26.6480172716410095 4.90558338165283203 2.03000020980834961 56.5
75.7315113589938704 -27.4795466212856816 4.70144224166870117 2.35480022430419922 58.5
75.9539782318124423 -27.1064298414737266 2.95385074615478516 2.19239997863769531 79
75.5671421625982447 -27.9635900113120002 4.48722171783447266 2.11120009422302246 76.5
75.3916596441582954 -27.5656458460383504 8.99076652526855469 2.43600010871887207 47
75.7681078539129373 -27.4546161483794648 5.48074722290039062 2.35480022430419922 59.5
76.0071522761359546 -27.1316206642808773 3.37480401992797852 2.27360010147094727 71.5
75.6461935449358833 -28.1611687698451085 3.03364348411560059 2.19239997863769531 77
74.6761847298704424 -28.9787510889696449 10.406743049621582 2.11120009422302246 77.5
73.8143066413754383 -29.3421210085805519 14.665924072265625 2.03000020980834961 68
76.2130280291108875 -26.7830037372947629 3.31184840202331543 2.35480022430419922 50.5
75.5835084853029997 -28.4499956711512816 3.80195045471191406 2.27360010147094727 64
73.6210597527586259 -29.3693669801266957 15.9406118392944336 2.11120009422302246 67.5
73.6615507553494808 -29.3087490916228255 15.8649473190307617 2.03000020980834961 63
75.2376795577368256 -28.2134648788666205 -9.59937381744384766 2.19239997863769531 61
75.6775987282464371 -28.6584084110064552 0.673089683055877686 2.11120009422302246 64.5
75.0017333682676366 -28.7999813530509492 9.70345306396484375 2.03000020980834961 58
73.4898408560999741 -28.8266716295966177 18.1457004547119141 2.27360010147094727 56.5
74.3329254950126881 -28.6849674853500076 14.5872869491577148 2.19239997863769531 65.5
75.1493667443102282 -28.6849674853500076 9.52601432800292969 2.11120009422302246 66.5
75.5644814365910804 -28.6849674853500076 5.30867195129394531 2.03000020980834961 57.5
74.6263402220178165 -28.8533646213281045 13.0976667404174805 2.27360010147094727 59.5
74.8942235535245544 -28.529169513223291 12.2514514923095703 2.19239997863769531 66
75.2189537382895423 -28.7115292615322488 9.5348358154296875 2.11120009422302246 65.5
75.4808856708300198 -28.964806689739131 6.06898021697998047 2.03000020980834961 55
75.4459352933100149 -29.204549896726288 6.35040521621704102 2.35480022430419922 48
75.910705884717899 -28.2919077124535896 4.73870658874511719 2.19239997863769531 55.5
75.6403623099087383 -28.7380883358758012 6.16286754608154297 2.11120009422302246 61
75.7283952756948224 -28.555559899021258 5.92562007904052734 2.03000020980834961 51
76.176838379306858 -28.1455097956023117 1.55599093437194824 2.27360010147094727 50.5
76.0141799465183823 -28.3992558269366278 3.58171343803405762 2.19239997863769531 56.5
75.8908508514291924 -28.3180570969096443 6.01394033432006836 2.11120009422302246 53
76.1195612026528892 -28.3442038214751015 3.47980952262878418 2.19239997863769531 53
76.0397024084042386 -27.9581537335840444 6.78202533721923828 2.11120009422302246 46.5
76.2676065585466318 -28.3703505460405587 0.515951454639434814 2.19239997863769531 49
75.4931309345092814 -29.2855231442999333 8.06448268890380859 2.11120009422302246 46
76.3510897872695153 -29.3554490339371803 2.02482151985168457 2.19239997863769531 46
76.5022228881747566 -28.9362315451209398 2.33153414726257324 2.11120009422302246 46.5
76.3569555669195665 -29.3823548569577646 3.72861671447753906 2.19239997863769531 47
76.3347779024559827 -29.3823548569577646 4.15806150436401367 2.11120009422302246 49
76.7021053991183379 -28.8458675661894368 2.1458592414855957 2.19239997863769531 46
76.514286892360758 -29.4092634170915765 0.748887002468109131 2.11120009422302246 47.5
76.8642483302259336 -28.6877051667829406 1.05162405967712402 2.11120009422302246 49.5
76.8927713092578387 -28.6056817066920672 -1.19145894050598145 2.03000020980834961 46
76.4849303856714045 -28.8986483377853709 7.70969724655151367 2.27360010147094727 49
76.638254406355415 -28.8986483377853709 5.99681472778320312 2.19239997863769531 57.5
76.7528899485294858 -28.8986483377853709 4.28690719604492188 2.11120009422302246 57
77.0190318325659149 -28.3342216124380037 3.12350630760192871 2.03000020980834961 47.5
76.5122018005735498 -28.7401512288052317 8.75942897796630859 2.27360010147094727 50.5
76.8268230344477416 -28.7401512288052317 5.3369908332824707 2.19239997863769531 57
76.8660426830953867 -28.9250414082614462 3.4343411922454834 2.11120009422302246 55.5
77.0159339422280453 -28.7663729260576133 3.19647383689880371 2.19239997863769531 45
76.9400595123744182 -29.1364906620612167 0.684318244457244873 2.11120009422302246 46
78.1540632439946847 -28.5816431170303318 4.25310659408569336 2.19239997863769531 46.5
78.7237035496446396 -29.4743880945647305 6.35050535202026367 2.27360010147094727 47
78.938165471739822 -29.2110358063716937 4.68739509582519531 2.19239997863769531 53.5
78.9348365938472369 -29.3269108131766281 3.96418547630310059 2.11120009422302246 51.5
78.8285800391072229 -29.3530013082268937 6.60277795791625977 2.27360010147094727 52
79.0382565747183037 -29.1105016566143888 4.96722269058227539 2.19239997863769531 58.5
79.0556890233329455 -29.2370232139774338 3.81255769729614258 2.11120009422302246 55.5
78.9858914566550965 -29.0414037165573582 7.04479742050170898 2.27360010147094727 49
79.0483622116638429 -29.1363792374327275 5.85072565078735352 2.19239997863769531 54
79.2960629727646591 -28.9042168530707109 2.91274261474609375 2.11120009422302246 51
85.5999941098388888 -31.4652193699618792 0.149223476648330688 2.19239997863769531 46.5
85.4359480663423483 -31.8868829399323914 1.16889846324920654 2.11120009422302246 46
85.505775276585382 -31.9131046371847731 -1.20097339153289795 2.19239997863769531 51
85.5111063847663502 -31.9131046371847731 -0.728065133094787598 2.11120009422302246 50
85.5760390339439851 -31.9393290019546789 -1.20196020603179932 2.19239997863769531 48.5
85.6659408679875867 -31.6539525812796043 -2.04882955551147461 2.11120009422302246 48.5
