
X Y Z V_r Mag
13.7350243344979948 -6.20889110436189906 -0.233293682336807251 3.08560013771057129 46
13.8144771576694225 -6.17920063138861764 -0.707266569137573242 3.08560013771057129 48.5
13.8979188687138144 -6.16983795734806773 -0.762605905532836914 3.08560013771057129 45.5
13.1475095583873376 10.157376483184871 -1.09235942363739014 1.54280006885528564 45
11.1297553548518504 -12.4832637998985447 0.14937293529510498 -0.487200021743774414 46
11.1163991699309843 -12.4958034923143124 0.078677348792552948 -0.568400025367736816 53
11.1166751391699332 -12.4958034923143124 -0.00912225246429443359 -0.649600028991699219 52
13.2007442344731452 10.2323890112679177 -0.874179720878601074 1.54280006885528564 48
13.2154863086243477 10.2323890112679177 -0.612182259559631348 1.46160006523132324 45.5
11.1515260593587673 -12.5623356582852903 0.266860008239746094 -0.487200021743774414 48
11.2296163676600393 -12.4951573927329633 -0.0824662521481513977 -0.568400025367736816 54.5
11.2296163676600393 -12.4951573927329633 -0.0824662521481513977 -0.649600028991699219 52.5
13.2180450475241944 10.3265590078718823 -0.941002905368804932 1.54280006885528564 45.5
11.2800502686437536 -12.5509384904142589 0.0046019330620765686 -0.568400025367736816 46
13.3495110980291471 10.8060194950631221 -0.0339571833610534668 1.29920005798339844 45.5
13.1903828554862077 -11.6397489782200179 -1.08197712898254395 0.568400025367736816 46
18.0511147226764983 -1.86657737868464935 -0.309337824583053589 0.406000018119812012 47
18.1279657687066234 -1.87429039000718056 -0.120524309575557709 0.487200021743774414 53.5
18.1257049613830361 -1.87429039000718056 -0.310616046190261841 0.406000018119812012 63
18.1270920601747072 -1.87429039000718056 -0.214951798319816589 0.324800014495849609 60.5
18.2002970970463842 -1.88200359748472601 -0.311894327402114868 0.487200021743774414 65
18.2016899041214835 -1.88200359748472601 -0.215836375951766968 0.406000018119812012 75.5
18.2025672081982606 -1.88200359748472601 -0.121020302176475525 0.324800014495849609 73
18.2029521120165647 -1.88200359748472601 -0.0249531343579292297 0.243600010871887207 55.5
18.2698704800210514 -1.9586005678160272 -0.127778694033622742 0.568400025367736816 46
18.2832097455971159 -1.8047597260297743 -0.328203499317169189 0.487200021743774414 66
18.281962087116689 -1.83690557356719997 -0.19041500985622406 0.406000018119812012 76.5
18.2803677991005209 -1.86216302520374932 0.033824428915977478 0.324800014495849609 74
18.275168088553599 -1.91038179650988815 0.0964605063199996948 0.243600010871887207 57
18.3094819286273314 -2.26169945294701291 -0.223893195390701294 0.487200021743774414 56.5
18.2980699441389447 -2.36083612621584216 0.0981122776865959167 0.406000018119812012 63
18.3157409613395536 -2.21328386832735191 0.193708807229995728 0.324800014495849609 58.5
18.3195553231452948 -2.6667372580488764 0.676805675029754639 0.406000018119812012 64.5
18.5669843701018777 0.806514026943442541 -0.759374380111694336 0.568400025367736816 55.5
18.3721840213769703 -2.90066139949687685 -0.0951067432761192322 0.406000018119812012 66
18.3803615575621642 -2.84720369742281587 0.125541359186172485 0.324800014495849609 61
18.6577865499606013 0.746758393219897898 0.291552692651748657 0.568400025367736816 61
18.6549130089306061 0.80976613264782682 0.306829392910003662 0.487200021743774414 64.5
18.4547785486899194 -2.85868447404492221 -0.0687534362077713013 0.406000018119812012 65
18.4655096481958303 -2.78867587468055689 -0.0623864457011222839 0.324800014495849609 60
18.7340727739867638 0.70055454910279702 -0.325953245162963867 0.568400025367736816 60.5
18.7373480029432677 0.641979754027312333 -0.249264568090438843 0.487200021743774414 63.5
18.5547087239027952 -2.69912655707833471 0.00127769995015114546 0.406000018119812012 59.5
18.5683642806397273 -2.59837790954850112 0.163623020052909851 0.324800014495849609 56
18.7814551516194932 1.27968594286901705 -8.22866923044784926e-07 0.568400025367736816 65.5
18.7796449207461009 1.3055619453902656 -0.0333685502409934998 0.487200021743774414 69
18.777269698351013 1.33379031177708218 0.125776395201683044 0.406000018119812012 60.5
11.1713651419255822 -15.2450054159933259 -0.0219050291925668716 -1.70520007610321045 47
18.8505557136357709 1.25172004190185326 -0.547554194927215576 0.568400025367736816 64
18.857185511069094 1.20920879519575242 -0.392977535724639893 0.487200021743774414 68.5
18.8610257050743932 1.20920879519575242 -0.0979294553399085999 0.406000018119812012 60
18.8560299119299515 -1.27061392932678685 -0.213894620537757874 0.324800014495849609 51.5
11.1351889246690305 -15.3576649118019706 -0.447563141584396362 -1.70520007610321045 47
18.9508270323860941 0.910505376892381757 0.296236276626586914 0.487200021743774414 61
18.9389227810292482 -1.11204953583991428 0.362201958894729614 0.406000018119812012 55
18.9278806634850874 -1.31596480253977055 0.232852265238761902 0.324800014495849609 52.5
19.0334592229914463 0.792699778352565443 -0.0402622483670711517 0.568400025367736816 57.5
18.9937375316352828 1.32116629725427592 -0.628491222858428955 0.487200021743774414 61.5
18.9762711757488489 1.52350708151844416 -0.69468766450881958 0.406000018119812012 54.5
12.0813925535501703 -14.8146903106555303 0.574927330017089844 -1.05560004711151123 46.5
10.7936985837432839 -15.7754106695656002 0.6309661865234375 -2.19239997863769531 48
19.1084738885448573 0.688277272054975353 -0.397655785083770752 0.568400025367736816 54.5
19.1123543499539963 0.688277272054975353 -0.0990952774882316589 0.487200021743774414 57.5
19.1145619976142598 0.578344096657305795 -0.254249840974807739 0.406000018119812012 47
12.0507515360319246 -14.9447644374435153 0.270954221487045288 -1.05560004711151123 45
11.5838228028304098 -15.3118456637926652 -0.0497413836419582367 -1.62400007247924805 46.5
11.5261346982463451 -15.3550316904219759 0.106028139591217041 -1.70520007610321045 47.5
10.8413832124432492 -15.8372756544492912 0.534003198146820068 -2.19239997863769531 49
15.2419146746952201 -11.7154097969573741 -1.39960837364196777 1.29920005798339844 47
19.1690943690076843 1.63061933234789103 1.18851673603057861 0.568400025367736816 50
19.17947124242448 1.67879124763143284 0.924779295921325684 0.487200021743774414 54
19.1566783150185387 -2.06898376142812168 -0.51638340950012207 0.406000018119812012 56.5
19.1723764356224713 -1.98227431391774678 -0.127468109130859375 0.324800014495849609 54.5
17.1739977438770239 -8.88603088731229818 -0.717492103576660156 2.76080012321472168 46.5
15.36759944171102 -11.6570217436007031 -1.54054057598114014 1.38040006160736084 49
15.3192929533451583 -11.7174709333103113 -1.56289410591125488 1.29920005798339844 50
19.3315588851546067 0.722972308926905227 -0.436626672744750977 0.568400025367736816 48
19.3413093697801095 0.515027096325855638 -0.266473919153213501 0.487200021743774414 51.5
19.242596539168801 -1.98998732524027777 -0.430031150579452515 0.406000018119812012 53.5
19.2460483367644812 -1.98998732524027777 -0.228220432996749878 0.324800014495849609 50.5
11.9441620514612694 -15.3140858577360248 -0.382707476615905762 -1.54280006885528564 47
11.3639017697346461 -15.7412976363002262 -0.635567784309387207 -1.86760008335113525 45
11.3947123917256601 -15.7218789190927613 -0.560115993022918701 -1.94880008697509766 45.5
15.4345712847123124 -11.673076381336589 -1.68640327453613281 1.38040006160736084 49
15.388577085629441 -11.7628879484211097 -1.46861076354980469 1.29920005798339844 47
19.4066406406216423 0.827722820968138207 -0.16686384379863739 0.568400025367736816 50.5
19.4070952008283264 0.776748688298546153 -0.303261041641235352 0.487200021743774414 54.5
19.2433963368059224 -2.54870663347960491 -0.72556769847869873 0.406000018119812012 49.5
11.4129763603778791 -15.8020739162839607 -0.537029743194580078 -1.94880008697509766 48
11.3977651172940782 -15.8166941851348017 -0.416085571050643921 -2.03000020980834961 48.5
19.3068350608468826 -2.70231302593044109 -0.440011352300643921 0.406000018119812012 54
19.2966398504176269 -2.80709161936146812 -0.0997086763381958008 0.324800014495849609 49
11.9551980962745876 -15.4323410392787768 1.44801175594329834 -1.38040006160736084 45
11.6094366135345055 -15.7601162333290787 0.142797753214836121 -1.78640007972717285 47.5
11.3155314504324327 -15.9680333340326275 -0.401674449443817139 -2.03000020980834961 46
19.5408857998221066 1.06404633889463751 0.44970858097076416 0.568400025367736816 47.5
19.5218491321658973 1.25239477129667653 0.713833212852478027 0.487200021743774414 50.5
19.3398351847847927 -2.92306982753814193 -0.779179573059082031 0.406000018119812012 47.5
11.855319099283216 -15.6707176407155959 -0.0509072020649909973 -1.54280006885528564 49
11.7235955532199103 -15.7591140423241445 0.574640452861785889 -1.62400007247924805 48.5
11.2331921384548234 -16.1200660155590541 -0.285340279340744019 -2.11120009422302246 47
10.5830821746518655 -16.5522262012008525 0.380445182323455811 -2.51719999313354492 51
19.4450770515406184 -2.82868485147357651 -0.100475676357746124 0.406000018119812012 49
12.1334725538267332 -15.5505962208215269 -0.182888031005859375 -1.38040006160736084 51.5
12.1202879273132762 -15.5505962208215269 -0.594308018684387207 -1.46160006523132324 48
12.0062315165727576 -15.6393300081015347 -0.580864012241363525 -1.54280006885528564 47
11.837937090140576 -15.7748955164459925 -0.302565217018127441 -1.62400007247924805 47
11.0169669408054922 -16.3615244434638285 -0.0511014983057975769 -2.27360010147094727 46.5
10.8832302270811976 -16.4502582307438381 -0.141201421618461609 -2.35480022430419922 48.5
10.7443108172199597 -16.5414568454482911 -0.125064119696617126 -2.43600010871887207 52
10.7443108172199597 -16.5414568454482911 -0.125064119696617126 -2.51719999313354492 53.5
12.8131722434805777 -15.0950910701463954 -0.0296987034380435944 -0.974400043487548828 45.5
12.2970207671677603 -15.5181791824222568 -0.0971923694014549255 -1.38040006160736084 48
11.7033346421623214 -15.9709576885420397 -0.0229481253772974014 -1.70520007610321045 45.5
10.831384199204555 -16.5746623633684145 0.0418480075895786285 -2.35480022430419922 49.5
10.8302126787096 -16.5746623633684145 -0.164684891700744629 -2.43600010871887207 49
19.6771181538957904 -1.83585601934906162 -1.21684539318084717 0.406000018119812012 46
11.7476647762040773 -16.0314528137995573 -0.0230350475758314133 -1.70520007610321045 47.5
11.754607659797994 -16.0016499580651512 -0.889947652816772461 -1.86760008335113525 45
11.8213125241209607 -15.9743306736419459 -0.30486607551574707 -1.94880008697509766 47
11.0261867045472268 -16.5306506473508676 0.420023083686828613 -2.35480022430419922 46
19.8574988146023195 0.742587822048964785 0.379381477832794189 0.487200021743774414 46
12.1571987601609681 -15.8177257064387327 -0.0680060908198356628 -1.38040006160736084 46
12.0805338101682427 -15.8750634040349663 0.213535919785499573 -1.46160006523132324 48.5
11.9156755860111865 -15.9997105727224262 0.168653726577758789 -1.62400007247924805 47.5
11.7917445635400622 -16.0919494775511467 0.0802473723888397217 -1.70520007610321045 50
11.7392369694315253 -16.1143859679148882 -0.720712661743164062 -1.86760008335113525 47.5
11.6679996409340756 -16.1816954390061163 -0.114250198006629944 -1.94880008697509766 50
19.9282688031073754 0.850093690448480377 -0.379452407360076904 0.487200021743774414 45
12.2999861538172102 -15.8021219802210329 -0.0627999529242515564 -1.38040006160736084 46
12.3191400641773132 -15.7871080876032455 -0.0819138661026954651 -1.46160006523132324 47.5
12.0179824440469982 -16.0148187923063503 -0.307166993618011475 -1.62400007247924805 46
11.8760509732570103 -16.1224183560671612 -0.166556313633918762 -1.70520007610321045 47
13.2257479461414391 -15.3318823212540298 -0.274728447198867798 -0.812000036239624023 46.5
13.1265663480418215 -15.4077952556718571 -0.596324265003204346 -0.893200039863586426 46
13.215526254763633 -15.4420035156423499 0.00554277282208204269 -0.812000036239624023 48
13.1699058769340365 -15.4648617445306371 -0.705176353454589844 -0.893200039863586426 46
20.302860307637431 0.866072894545072525 -0.386584967374801636 0.487200021743774414 45
20.375492009171932 0.86926876787416496 -0.493687897920608521 0.487200021743774414 45.5
20.2058194576785191 -2.65624063379730213 0.910677194595336914 0.406000018119812012 48
20.2587776640698145 -2.68647445139373531 1.26111626625061035 0.406000018119812012 48.5
20.8920589670530461 0.907328311325554138 -0.74452817440032959 0.487200021743774414 51.5
20.9347366532963441 1.00767391464257838 -1.31202888488769531 0.568400025367736816 48.5
20.9413432040953502 1.00767391464257838 -1.20198214054107666 0.487200021743774414 52
21.6162018309223889 1.38675131765518489 -0.788935363292694092 0.568400025367736816 53
21.6232291254464393 1.38675131765518489 -0.564430773258209229 0.487200021743774414 57
21.6303026844971349 1.38675131765518489 -0.11230798065662384 0.406000018119812012 49
21.7134363394363028 1.16053069987156321 -0.492262035608291626 0.568400025367736816 52.5
21.7113412575936593 1.24206681461663804 -0.37069404125213623 0.487200021743774414 56
21.7105288608711682 1.27468126051466801 -0.301007896661758423 0.406000018119812012 47.5
21.8076425587601683 0.848172434309907075 -0.194920927286148071 0.568400025367736816 45.5
21.8083598976479465 0.848172434309907075 -0.0818385854363441467 0.487200021743774414 48
21.8370022247971427 1.16853444128811712 -1.17895853519439697 0.487200021743774414 46
21.911292485938656 1.3180734915873662 -1.0288776159286499 0.487200021743774414 46.5
16.725095079644074 -14.710662482309127 -0.208050176501274109 0.649600028991699219 46.5
16.7593744150467181 -14.7769496509054168 -0.53631061315536499 0.649600028991699219 48
16.6848796302971962 -14.8607350392114395 -0.543925702571868896 0.568400025367736816 47.5
22.3587695693410851 1.55523117837591274 -0.739838063716888428 0.487200021743774414 47
17.5301401976962659 -14.3831114619792491 -1.49865376949310303 1.05560004711151123 46.5
17.6680264179030111 -14.3451086135239088 -1.37794172763824463 1.13680005073547363 45.5
16.0865358407381649 -16.680602946452165 0.24805489182472229 -0.162400007247924805 47
18.1990750714160896 -14.9881654237510844 -1.51300132274627686 1.05560004711151123 46
18.8694924260212353 -14.7061261459117834 -0.27891695499420166 1.21800005435943604 45.5
19.8618764781852803 -13.435652195234379 -0.994551122188568115 1.86760008335113525 45.5
19.0143043381380359 -14.6412620573960339 -0.299425065517425537 1.29920005798339844 47.5
18.9027305504746508 -14.7522261491870346 -1.02888429164886475 1.21800005435943604 48.5
19.0713535764823696 -14.6870164667585836 -0.425089478492736816 1.29920005798339844 47.5
18.942571956732472 -14.8254029389976036 -0.996021747589111328 1.21800005435943604 46.5
19.3329076311285633 -14.7149639005534176 -0.445626318454742432 1.46160006523132324 46
19.6381256014255676 -14.4253330616148823 -0.62809443473815918 1.54280006885528564 46.5
20.0350720902262189 -14.4493252824239491 -1.5412667989730835 1.70520007610321045 47
19.9815503708272324 -14.5482932638104128 -1.28352010250091553 1.62400007247924805 50.5
20.0906272465296034 -14.5768677186684421 -0.402795195579528809 1.62400007247924805 50.5
20.0313016566833078 -14.6047868098512499 1.31445133686065674 1.54280006885528564 47
19.4935750247921717 -15.3710107567572098 0.115088425576686859 1.21800005435943604 47
20.2092448189076919 -14.5368967213473486 0.52452009916305542 1.62400007247924805 47.5
20.1596971791573871 -14.6022380807540877 0.609379947185516357 1.54280006885528564 48
18.7154444037724907 -16.419350170922506 0.383643925189971924 0.730800032615661621 46.5
19.0110137730095339 -16.311666006671846 0.116131521761417389 0.812000036239624023 47.5
18.9815410394101072 -16.327317192631039 0.788889229297637939 0.730800032615661621 48.5
19.8845433463852785 -15.3275723799194399 -0.967573344707489014 1.38040006160736084 49
19.994470669464139 -15.2145464467614921 -0.0668044760823249817 1.29920005798339844 46
19.0782779880073932 -16.3416661690865794 0.484734207391738892 0.812000036239624023 47.5
18.938742696745301 -16.476669367025238 1.0531536340713501 0.730800032615661621 48.5
19.9055148126175077 -15.4520501526638903 -0.211317211389541626 1.38040006160736084 48.5
20.2859501426868896 -15.0748195426769538 -0.236070409417152405 1.54280006885528564 50
20.1112315064415803 -15.3053793219804142 -0.330838799476623535 1.46160006523132324 46.5
22.2300394685982283 -12.2000525871327756 -1.84790503978729248 2.59840011596679688 46
20.492921197431901 -15.0467315241304274 -0.258271455764770508 1.54280006885528564 47
20.2968465799910263 -15.2786596071670644 -1.01549947261810303 1.46160006523132324 50.5
20.2919547427447071 -15.2500657339159726 -1.45006752014160156 1.38040006160736084 48
19.9536209337072457 -15.742515773240342 -0.675944745540618896 1.21800005435943604 49
19.7257049781340612 -15.9776209533048821 -1.42929983139038086 1.13680005073547363 47
19.0902595919586311 -16.7909577924470668 -0.237471416592597961 0.730800032615661621 45.5
19.0154433256306135 -16.8767394122003438 0.138670802116394043 0.649600028991699219 49
22.3061787528079982 -12.2360413073196224 -1.72155475616455078 2.67960023880004883 48
22.2956154703788876 -12.2360413073196224 -1.85335624217987061 2.59840011596679688 49
21.3845744823835311 -13.8675134816289081 0.801322996616363525 2.03000020980834961 46.5
21.1501099165154436 -14.1574821688596604 1.57756006717681885 1.94880008697509766 46
20.5512513590557688 -15.0911176123608719 -0.392887532711029053 1.54280006885528564 49
20.3931294677187616 -15.2950516341495302 -0.657083392143249512 1.46160006523132324 50
20.1132172734136248 -15.6742414559128225 -0.163418605923652649 1.21800005435943604 49.5
19.14738735356649 -16.8404891430167254 0.159941911697387695 0.730800032615661621 49
19.0644783898463928 -16.9265238084588141 0.537159144878387451 0.649600028991699219 51.5
22.3817220375165071 -12.2720291122752965 -1.59264230728149414 2.67960023880004883 48.5
22.3482140954023834 -12.2145039758115086 -2.33320760726928711 2.59840011596679688 49
22.2809967408311493 -12.3742960215442608 -2.12476968765258789 2.51719999313354492 45.5
21.3680718037184896 -14.0457208199088388 0.451575607061386108 2.03000020980834961 46
21.1907795979325826 -14.1991211838122791 1.84837210178375244 1.94880008697509766 46
21.0318371357116831 -14.5219011161924367 -0.925660848617553711 1.78640007972717285 45.5
20.6116952891577618 -15.1355025718062031 -0.394043087959289551 1.54280006885528564 46.5
22.4980527625390536 -12.1701936744423875 -1.90960323810577393 2.67960023880004883 46.5
21.0505544082830411 -14.6317972409348158 -0.8409920334815979 1.78640007972717285 48.5
20.9985696797734782 -14.7119275653649098 -0.736116111278533936 1.70520007610321045 47
21.0318803556169556 -14.8128067649013833 -0.128030553460121155 1.70520007610321045 46
21.1537419817928942 -14.7173630839753393 -1.24837613105773926 1.78640007972717285 45.5
21.0511134487445943 -14.8559932291256001 -1.33797240257263184 1.70520007610321045 46.5
20.1610223279842202 -16.0939926648860663 -0.395750701427459717 1.21800005435943604 48
21.1033723526164287 -14.8991796933498151 -1.47573256492614746 1.70520007610321045 47
20.9992604629478663 -15.0770127843077688 -1.10926592350006104 1.62400007247924805 47.5
20.1194956583976712 -16.2604111714097712 0.566222906112670898 1.21800005435943604 47.5
22.735068899290372 -12.4519708827471849 -1.21145665645599365 2.67960023880004883 46.5
21.6624395042620996 -14.8166126405223419 -0.518961846828460693 1.86760008335113525 46
22.1176896226826294 -14.210901734871463 -1.36519861221313477 2.11120009422302246 45
21.2755784546653892 -15.4740930001933688 -0.952806293964385986 1.54280006885528564 48
22.1917887000145377 -14.2151007859390948 -1.55418789386749268 2.11120009422302246 45.5
21.3580254684346009 -15.5016845191756349 -0.701865911483764648 1.54280006885528564 48
22.1669193393071779 -14.3117251524979867 -2.17435741424560547 2.11120009422302246 45.5
18.9176472185025943 -18.6254360735549405 0.343908339738845825 0.162400007247924805 48.5
18.9196482037794986 -18.6254360735549405 0.20634886622428894 0.0812000036239624023 48.5
18.4726291676125101 -18.9508688177906848 2.91842985153198242 -0.162400007247924805 47
18.9679868686585813 -18.6780508327031072 -0.486448228359222412 0.162400007247924805 46.5
22.0817208537176199 -15.1129446564833554 -0.94720536470413208 1.78640007972717285 47.5
24.8826950395220585 -12.6067211287346943 -0.576305627822875977 2.92320013046264648 47
24.968585302710455 -12.5916692316191288 -0.787589132785797119 2.92320013046264648 47
24.1367923587326523 -14.1263007676215704 -0.68081974983215332 2.43600010871887207 45.5
24.0049037725729697 -14.3185666775990974 -1.15927362442016602 2.35480022430419922 45.5
24.3950422768367616 -13.7961361049468998 -1.16238164901733398 2.51719999313354492 45.5
24.0587850853543799 -14.7936416706457283 -1.3411787748336792 2.27360010147094727 46
24.0634496822881836 -14.8113078297938614 -1.02531135082244873 2.19239997863769531 45.5
24.104374367744871 -14.8505945168704709 -1.47021389007568359 2.19239997863769531 47
24.4697393190753907 -15.1007139780493631 -1.62491202354431152 2.19239997863769531 46
24.7869561669066734 -14.9212784781878725 -2.32659006118774414 2.27360010147094727 45.5
26.5819802080547944 -17.5893091161429993 0.173849821090698242 1.94880008697509766 45
27.9048102275600129 -15.4348431216171349 1.97224092483520508 2.59840011596679688 45
28.26388117056322 -14.982852232222152 1.50596725940704346 2.67960023880004883 45
28.2939118696431926 -15.1462997064932541 0.674004077911376953 2.76080012321472168 45.5
28.3546060984124999 -15.0379972456682225 0.533963263034820557 2.67960023880004883 46
26.9560162853696035 -17.3845505635439004 1.24930739402770996 2.19239997863769531 47
27.0523555963542144 -17.2361360801910806 1.22306478023529053 2.11120009422302246 47.5
28.3460108821659702 -15.2178737835149356 0.388255178928375244 2.76080012321472168 47
28.3486229628311399 -15.2178737835149356 0.0526454560458660126 2.67960023880004883 48
26.9634696561783436 -17.393004488107163 2.38444137573242188 2.19239997863769531 46.5
27.0880775259881332 -17.2764078329626614 1.72991037368774414 2.11120009422302246 48.5
28.7654442558492036 -14.5722843787151444 0.510077059268951416 2.92320013046264648 45.5
28.4619680790920988 -15.1646864261905669 0.105537600815296173 2.67960023880004883 45
28.2865437195717 -15.4749922605824519 0.677153587341308594 2.59840011596679688 48
24.9879321626547011 20.5997348537668969 1.007110595703125 1.29920005798339844 45
27.3637734740290597 -17.4861895408086383 0.287823706865310669 2.19239997863769531 46
27.3905719156481986 -17.4374927957425641 0.562338054180145264 2.11120009422302246 49.5
24.9016887216237386 20.777277894857324 1.68413496017456055 1.29920005798339844 48
24.8620918293173041 20.777277894857324 2.19245171546936035 1.21800005435943604 48
27.5519354201396851 -17.3313369190641815 -0.135367870330810547 2.11120009422302246 45
25.0962576660018719 20.6951049622620431 1.18033301830291748 1.29920005798339844 46.5
24.9339615810932749 20.8252628551064554 2.02700042724609375 1.21800005435943604 46.5
25.0159577593745688 21.1453239393184802 1.13043391704559326 1.21800005435943604 45.5
31.1949113935839115 -9.83128801013480391 3.05712103843688965 3.97880029678344727 53
31.259014033540641 -9.72045511816251206 2.74033856391906738 3.89760017395019531 56
31.2745509047867323 -9.68351082083841419 2.69346427917480469 3.81640005111694336 56
31.2362247366805867 -9.77381910318620761 2.80951762199401855 3.73520016670227051 52.5
25.0562078799226313 21.2429709613559972 0.212762579321861267 1.21800005435943604 45.5
31.2810539816419215 -9.74264816227773522 3.26072311401367188 4.06000041961669922 45.5
31.2974147590942948 -9.70561951639069775 3.21381258964538574 3.97880029678344727 58.5
31.3146055909253711 -9.70561951639069775 3.04175066947937012 3.89760017395019531 63.5
31.3854430070832571 -9.61099075467938668 2.57655096054077148 3.81640005111694336 63
31.3936027380831568 -9.65624798854131861 2.29225420951843262 3.73520016670227051 56.5
31.3628543918697638 -9.8184477300609263 2.99490928649902344 4.06000041961669922 47
31.407468595403067 -9.67824310056824721 2.98370456695556641 3.97880029678344727 59.5
31.4424774806435181 -9.63288277926179148 2.75285148620605469 3.89760017395019531 65
31.483392825086483 -9.63288277926179148 2.23687171936035156 3.81640005111694336 64.5
31.5533603361264205 -9.57515146123539473 1.30456674098968506 3.73520016670227051 58
31.5380079745211255 -9.59691339047337877 2.68494701385498047 3.97880029678344727 56
31.5284268849612275 -9.65477591737545637 2.58828902244567871 3.89760017395019531 60.5
31.5598745835110144 -9.70023933136994643 1.95840811729431152 3.81640005111694336 60.5
31.6317713541438437 -9.59691339047337877 1.13401913642883301 3.73520016670227051 56
31.7091878024371745 -9.6186753197113628 0.964912593364715576 3.81640005111694336 51.5
31.6869595772351786 -9.72223556217164742 0.580806612968444824 3.73520016670227051 49.5
32.1663295205353847 -9.79276853989983387 2.91400027275085449 3.89760017395019531 46.5
25.9941122852856736 21.5170995222088521 0.618926525115966797 1.38040006160736084 50.5
26.0717257885348985 21.4116648910729808 0.931776106357574463 1.29920005798339844 49.5
32.2384995693157421 -9.920199401837408 2.52971673011779785 3.89760017395019531 50
32.2241194296217515 -9.920199401837408 2.70675206184387207 3.81640005111694336 48.5
26.25678159165005 21.2817230456972055 1.34179031848907471 1.46160006523132324 45.5
26.1687647822716016 21.4085257649367122 1.00069427490234375 1.38040006160736084 52
26.1862021572922572 21.4085257649367122 0.297482311725616455 1.29920005798339844 49.5
32.2955705305163789 -9.94219563263910722 2.7127537727355957 3.89760017395019531 50.5
32.2927452237507353 -9.83629239837580371 3.10420799255371094 3.81640005111694336 50
26.3151685500805605 21.3628004155939593 0.593946993350982666 1.38040006160736084 50.5
26.4933269242473948 21.1467578176968161 -0.3582305908203125 1.29920005798339844 45
32.3022609922855324 -9.78163530181832996 3.89670729637145996 3.89760017395019531 48
32.3283410004453344 -9.85805432761378775 3.4638063907623291 3.81640005111694336 50.5
26.4074100885569791 21.3760997155621943 0.108865983784198761 1.38040006160736084 46
32.2861966255485129 -10.0372465761900624 4.03211736679077148 3.89760017395019531 48
32.3596482204644218 -9.87981625685177178 3.82689118385314941 3.81640005111694336 51
32.4195444081820057 -10.0593541472473795 3.50687098503112793 3.89760017395019531 50.5
32.4032389939867542 -9.96127651037298989 3.91391110420227051 3.81640005111694336 51.5
32.5228082440565203 -9.92333900847003925 3.6652977466583252 3.89760017395019531 48.5
32.4344973155386569 -9.92333900847003925 4.3784489631652832 3.81640005111694336 50.5
30.5171707515372397 -15.3935689528462873 1.17492175102233887 2.92320013046264648 46
32.6138002199362091 -9.94510093770802328 3.49439167976379395 3.81640005111694336 49.5
32.6134060994511401 -10.1256802339042338 3.70931363105773926 3.81640005111694336 47.5
32.5949741725958191 -10.1477889294565173 4.43518590927124023 3.81640005111694336 45.5
29.8709927731725102 -18.5663934880963737 -0.541953682899475098 2.27360010147094727 46
28.7095680020451987 -20.8303887126380687 -0.575595557689666748 1.62400007247924805 46
30.553546248239094 -17.9892567644025583 -3.4652702808380127 2.35480022430419922 46
31.0956216160422194 -17.5364130554502822 0.163070529699325562 2.51719999313354492 46
31.0697731377860258 -17.5587183378917082 -0.922350227832794189 2.43600010871887207 48
31.0675177348857794 -17.7386604897099183 0.00731668295338749886 2.51719999313354492 48
30.9595566738845349 -17.904066346090783 -0.89502871036529541 2.43600010871887207 50
30.845709752098994 -18.065001773920816 -1.43132603168487549 2.35480022430419922 47.5
34.7778327883611311 -13.1738371893816506 0.890116572380065918 3.49160003662109375 45
37.2802050288208093 1.19481342915183664 1.94457542896270752 0.649600028991699219 51
37.273965992062088 1.04546175050785717 2.14035511016845703 0.568400025367736816 47.5
36.8255428924891248 -2.27283344180408786 6.27251529693603516 0.649600028991699219 46
37.4319252221993324 -2.80312733414669824 1.69530403614044189 0.730800032615661621 50.5
37.4185947807855044 -2.60592239606602583 2.22230052947998047 0.649600028991699219 52.5
37.5688553502170137 -2.20651730590282735 1.11128878593444824 0.730800032615661621 50
37.5313690891873719 -2.40882059834167883 1.76535272598266602 0.649600028991699219 50.5
37.7550220834867503 -2.21970357434450793 -2.03637313842773438 0.649600028991699219 46
34.0769682658521091 -16.924929307962973 3.92040061950683594 3.00440025329589844 46
34.2081598663881721 -17.7031788667016272 1.58174514770507812 2.84200000762939453 47
34.1038349181979967 -17.8814149532507294 1.81280374526977539 2.76080012321472168 47.5
34.6878856487674483 -16.6806021227441086 3.22470736503601074 3.08560013771057129 45.5
34.3873193819428735 -17.5638631726463572 0.955804765224456787 2.84200000762939453 48
34.1139168317351249 -18.0947851152105521 0.842602670192718506 2.67960023880004883 45.5
34.4397021383178981 -17.641491524851844 0.612092435359954834 2.84200000762939453 50.5
30.7144895280639751 23.5219886998024563 -1.01304852962493896 1.62400007247924805 46
34.3362322618324214 -17.9857804723456525 1.01765608787536621 2.84200000762939453 47
30.5280337399824369 23.7759226233297731 -2.49907469749450684 1.62400007247924805 45.5
34.3793332960458855 -18.0205695685262697 1.62581169605255127 2.84200000762939453 46.5
35.6926400076182659 -16.3435124751806633 1.84807229042053223 3.16680002212524414 46
38.2818229196161752 11.5090762983484645 -0.209854334592819214 4.14120006561279297 46.5
38.3056268590602329 11.4191616397676174 0.531433403491973877 4.06000041961669922 50
38.3302753352766885 11.2942801695164405 1.10908663272857666 3.97880029678344727 49.5
38.3385468630258828 11.2343370637958753 1.39510738849639893 3.89760017395019531 47.5
29.6513511213192942 26.7645967042322397 1.56668639183044434 0.893200039863586426 45
29.6679187818584431 26.6946630808915799 2.28262233734130859 0.812000036239624023 45
38.3339242383088532 11.5306695304605729 1.24763023853302002 4.14120006561279297 51.5
38.3658899290825914 11.3705213425375096 1.66511571407318115 4.06000041961669922 57
38.3790188206129059 11.3154704029389563 1.73604583740234375 3.97880029678344727 56
38.3955337583421823 11.3154704029389563 1.32131755352020264 3.89760017395019531 50
38.4459161454341682 11.4620096200429664 0.741305947303771973 4.14120006561279297 52.5
38.4355697144214048 11.4620096200429664 1.15973246097564697 4.06000041961669922 57.5
38.4115745986195734 11.4620096200429664 1.78575491905212402 3.97880029678344727 56
38.403962640192475 11.3366595585814309 2.57516288757324219 3.89760017395019531 48.5
38.5514775052148124 11.3578497920039467 0.907101631164550781 4.14120006561279297 50
38.5316864756633919 11.4131069117350563 1.04409456253051758 4.06000041961669922 53.5
38.4410847852788677 11.5738548964073811 2.09021925926208496 3.97880029678344727 48.5
38.6645176809838418 11.273352347171727 0.205938056111335754 4.06000041961669922 46
37.2177226464236597 -15.2995496140187708 1.68544566631317139 3.4104001522064209 45.5
37.1691199874283669 -15.3297460935201233 2.35183501243591309 3.32920026779174805 48.5
37.2631023178228915 -15.3986303452121973 1.57039093971252441 3.49160003662109375 52
37.2312552520539057 -15.3986303452121973 2.19966030120849609 3.4104001522064209 56
37.280356596114423 -15.272577379059511 2.24635791778564453 3.32920026779174805 55.5
37.3097984957207771 -15.2120719553062216 2.16669702529907227 3.24800014495849609 47.5
37.3563375433868359 -15.3565317543146129 1.69172298908233643 3.5728001594543457 45
37.3726463846654156 -15.300965356519395 1.82939243316650391 3.49160003662109375 54
37.3364636864052315 -15.300965356519395 2.45963692665100098 3.4104001522064209 58
37.3372329832584668 -15.2403474680155231 2.80065822601318359 3.32920026779174805 56.5
29.7077608755290825 27.2477408824911258 3.03156638145446777 0.812000036239624023 45.5
29.4166489788768573 27.5861907599710889 2.80065822601318359 0.730800032615661621 48
29.3714540616905815 27.6164997042230205 2.9711005687713623 0.649600028991699219 46
37.4057307395468328 -15.3293518901067696 2.46420001983642578 3.49160003662109375 50.5
37.333506220417199 -15.2686215425725074 3.65082263946533203 3.4104001522064209 53.5
37.4357377942467124 -15.2686215425725074 2.38426685333251953 3.32920026779174805 53.5
37.4189431597885971 -15.3293518901067696 2.25470876693725586 3.24800014495849609 47
37.503980833202057 -15.4135124454944297 1.48516106605529785 3.32920026779174805 49.5
31.1787117326910845 25.9639682160203833 3.50516104698181152 1.21800005435943604 45
31.5246667110473773 25.8843257155257227 0.915077805519104004 1.29920005798339844 45.5
32.9739068971828289 25.5121446842723216 0.861361324787139893 1.54280006885528564 46.5
32.8845540026730205 25.6319934031731123 0.705025315284729004 1.46160006523132324 46.5
32.9950725707056378 25.6154523477163565 0.5695992112159729 1.54280006885528564 47
32.8282825639945486 25.8347001566839651 -0.15094931423664093 1.46160006523132324 46.5
32.7420502225266574 26.1527388240651888 1.30318248271942139 1.46160006523132324 45.5
32.9283026106511798 25.9738448102402089 2.25529789924621582 1.46160006523132324 45
33.4671198546051372 26.2313039973657531 3.60922122001647949 1.46160006523132324 45
31.8788638538731348 27.9857457568968222 4.65746164321899414 1.05560004711151123 45.5
31.2667091810402553 27.9857457568968222 7.76831722259521484 0.974400043487548828 45
32.4821959418150144 28.0106371923334123 2.67620086669921875 1.05560004711151123 47.5
32.4813607398430335 28.2316661765417365 1.11224722862243652 1.05560004711151123 46
46.3076546545866421 -5.43879642221417647 1.49773764610290527 4.54720020294189453 52.5
46.3322865235952293 -5.41834687727640407 2.68077349662780762 4.38479995727539062 56
46.5489107648661076 -5.465028380542722 0.773349940776824951 4.62840032577514648 47
42.0547432491947433 21.8147164152448383 -1.50889384746551514 3.00440025329589844 47.5
42.2436955353399526 21.6415977780176263 -0.993595123291015625 3.08560013771057129 47.5
42.4517205904908579 21.4024629928801708 -0.888206005096435547 3.08560013771057129 47
46.8302815520541529 -10.1568138810491373 0.754736483097076416 4.22240018844604492 52
46.9022190696463994 -10.202698385756106 0.294521182775497437 4.30360031127929688 47.5
46.9501771261542018 -9.98077020217411004 0.255251437425613403 4.14120006561279297 51.5
42.554623308035417 23.2844658312473705 -1.27023720741271973 2.76080012321472168 47
43.0436318643484839 22.5431060663864145 1.0072019100189209 2.92320013046264648 46.5
43.1753412140385464 22.3832581353035245 -2.03365468978881836 3.00440025329589844 49
43.002765945468937 22.8029442253404646 0.209067568182945251 2.92320013046264648 50
42.9509746566957773 22.839438667952372 1.68215358257293701 2.84200000762939453 47.5
43.0194426951709303 22.8380800878353831 -2.07663702964782715 2.92320013046264648 51
43.000580188918164 22.9233649961388508 -1.42563307285308838 2.84200000762939453 48.5
42.939280015575207 22.8732141632461001 -4.11277198791503906 2.92320013046264648 47.5
52.3499658288346623 -12.9378140291137562 0.00735168810933828354 4.06000041961669922 45
52.3942416988816362 -13.2238178069134769 2.01982522010803223 4.14120006561279297 47
52.506862920491173 -12.9917961941628537 2.54270148277282715 4.14120006561279297 47.5
52.5863510194302819 -13.2266203968272169 0.288354367017745972 4.14120006561279297 46
52.4295291039727971 -13.5857448235853333 -2.63115358352661133 4.06000041961669922 45
52.5305214251783497 -14.3089135566141685 0.775834083557128906 4.06000041961669922 46
52.6085609354657677 -14.3286230041539966 -0.07434806227684021 4.06000041961669922 46
53.115299592983277 -14.3840398426885141 1.53858518600463867 4.14120006561279297 46
53.0977902249628855 -14.4665881344686476 1.35850131511688232 4.06000041961669922 47.5
52.9556471420662334 -14.714233009809055 3.11344218254089355 3.97880029678344727 47
53.1619396867824037 -14.4862975820084756 1.64962923526763916 4.14120006561279297 54
53.1425007041541448 -14.5482931494065166 1.72851479053497314 4.06000041961669922 59
53.0580365193273451 -14.6929494733352755 2.77992510795593262 3.97880029678344727 58.5
53.0980466481857079 -14.4862975820084756 3.08391451835632324 3.89760017395019531 52
53.204733125739196 -14.5680859387549919 2.01671624183654785 4.14120006561279297 56.5
53.1445987296940032 -14.7129390659869319 2.49425983428955078 4.06000041961669922 63.5
53.1798133957194068 -14.5680859387549919 2.59200596809387207 3.97880029678344727 64
53.0999382487894138 -14.7543256737674842 3.12192559242248535 3.89760017395019531 57.5
53.3065958087447527 -14.525715474623988 1.65411806106567383 4.14120006561279297 57
53.2857556886932997 -14.525715474623988 2.22656965255737305 4.06000041961669922 63.5
53.2024099159160073 -14.7329296754032182 2.78748941421508789 3.97880029678344727 63.5
53.1542626473402393 -14.7743725155590653 3.41583132743835449 3.89760017395019531 57.5
53.4047555143418222 -14.4624267771015411 1.54696989059448242 4.14120006561279297 53
53.4573519025567379 -14.2895139748884681 1.32063424587249756 4.06000041961669922 57.5
53.3844627229271254 -14.3863451441277892 2.59904956817626953 3.97880029678344727 58
53.2072251243816012 -14.7944193573506446 3.70666289329528809 3.89760017395019531 53
53.484666200986652 -14.4820237598907848 1.2619779109954834 3.97880029678344727 46
52.2947168178897996 20.0154578768538691 -1.85599422454833984 3.65400028228759766 49.5
51.946864292929277 21.4664923550532158 -2.18537235260009766 3.49160003662109375 46
52.2712878575452677 20.9813138128599377 -0.0499177761375904083 3.5728001594543457 49.5
52.2569584291773452 20.9813138128599377 -1.22488582134246826 3.49160003662109375 49.5
52.6955622837356472 21.6814841169318946 3.2629389762878418 3.5728001594543457 49
52.8063128069949954 21.4532579683326148 2.96764326095581055 3.49160003662109375 46.5
52.717923194873606 21.9385012416806546 2.37606382369995117 3.5728001594543457 48.5
52.9058832077741599 21.5457220853354663 1.69464707374572754 3.49160003662109375 47.5
53.654312006712054 19.7433899132255881 -2.47273135185241699 3.73520016670227051 45.5
53.6352319595743268 19.7692661779224323 -3.96587157249450684 3.73520016670227051 48
53.1687438134726662 21.5942123552022593 -2.69765639305114746 3.5728001594543457 45.5
59.9363514562243225 -0.194936930404968539 2.75610232353210449 2.03000020980834961 52
59.9110747481823083 0.134956336434208984 3.26270031929016113 1.94880008697509766 55
59.9186294150094199 -0 3.12381601333618164 1.86760008335113525 47
60.0455884514578102 -0 1.87963390350341797 2.03000020980834961 63
60.0227151866663533 -0 2.5058588981628418 1.94880008697509766 67.5
60.016773054511404 0.135125024979792591 2.64089369773864746 1.86760008335113525 60
60.0822378241422115 -0.683984928423101546 2.77118659019470215 2.03000020980834961 67
60.085350792089919 -0.638887021054545423 2.71384000778198242 1.94880008697509766 71
60.0586610071423337 -0.578756477896470556 3.26266598701477051 1.86760008335113525 63
60.1933494983066666 -1.92657662907085192 0.316154241561889648 2.11120009422302246 48.5
60.1644707349379004 -1.7911142098393078 2.01975250244140625 2.03000020980834961 67.5
60.1530321690321941 -1.7911142098393078 2.33570384979248047 1.94880008697509766 70.5
60.1423135231244643 -1.60297196090660754 2.7172238826751709 1.86760008335113525 61.5
60.2745717961828547 -1.73306426456703488 -0.25077366828918457 2.11120009422302246 48.5
60.2721490134079048 -1.5145474659911915 1.03183043003082275 2.03000020980834961 68
60.2707837267222715 -1.28849560539549124 1.36475598812103271 1.94880008697509766 70.5
60.2627895048192599 -1.28849560539549124 1.68120670318603516 1.86760008335113525 62
60.3722571466270139 -0.414943874532293255 -0.399267792701721191 2.03000020980834961 62.5
60.3605971998233102 -0.641276897004453228 1.15246081352233887 1.94880008697509766 68.5
60.3467813042826435 -0.414943874532293255 1.79850673675537109 1.86760008335113525 63
60.4407999677969912 -0.642073481803042467 0.836596250534057617 2.03000020980834961 63.5
60.4275690148034315 -0.483443562769349577 1.57415831089019775 1.94880008697509766 69
60.3996742701726177 -0.415459311754909799 2.4309086799621582 1.86760008335113525 62.5
60.5139646184447102 -0.96808674954492735 0.631332516670227051 2.03000020980834961 60
60.4647463714637183 0.196886294627578479 -4.04175710678100586 2.03000020980834961 53.5
60.6052056430393691 0.197129968253843602 2.90281057357788086 2.03000020980834961 48.5
60.6015599008158148 0.136474593406507111 2.98131203651428223 1.94880008697509766 53.5
60.643355657627005 0.485242998778691925 1.89840686321258545 1.86760008335113525 48
61.2584802798071308 0.137824153252929377 1.41606271266937256 2.03000020980834961 51
61.2445115773627151 0.245020716894096657 1.91717970371246338 1.94880008697509766 56.5
61.1795509672865023 0.329246588326442435 3.40294742584228516 1.86760008335113525 49
61.3291991956801255 -0 1.59759485721588135 2.03000020980834961 56
61.3153377422568227 0.13799285037880521 2.05748128890991211 1.94880008697509766 61
61.2820328049423964 0.245320622895653706 2.87661051750183105 1.86760008335113525 54
61.4116363302526622 -0 1.28136634826660156 2.03000020980834961 49
61.365466853298102 0.13816154750468107 2.70023989677429199 1.94880008697509766 55
61.2613281893062975 -0 4.48111915588378906 1.86760008335113525 49
55.2805214144243493 26.889862553462148 1.80268466472625732 3.16680002212524414 45.5
61.3537665195113249 -1.16043705217856075 4.07667970657348633 1.94880008697509766 47
61.5419632159415073 -1.63890404258432953 1.17536675930023193 2.03000020980834961 60.5
61.5312144012987048 -1.83126367199563567 1.42719316482543945 1.94880008697509766 64.5
61.5161005042893905 -1.63890404258432953 2.13634800910949707 1.86760008335113525 56
61.6048222901064833 -1.72564162153620337 1.60960948467254639 2.03000020980834961 68.5
61.6012888549021653 -1.64090029190719355 1.81967997550964355 1.94880008697509766 72
61.5860941555016126 -1.54845520503918266 2.34056854248046875 1.86760008335113525 64
61.6821074580293143 -1.55033898961146299 1.69990777969360352 2.03000020980834961 65
61.6610171714594415 -1.55033898961146299 2.34341597557067871 1.94880008697509766 68.5
61.6480408979151733 -1.55033898961146299 2.66297650337219238 1.86760008335113525 60.5
61.7679082548999361 -1.21243271416342124 1.57983231544494629 2.03000020980834961 48.5
61.7241151444798675 -0.988480174604572714 2.89771032333374023 1.94880008697509766 52
61.7151518142647504 -1.64489279055292204 2.7882845401763916 1.86760008335113525 46
61.9321681376680857 -1.4863190424024264 0.00422152085229754448 1.94880008697509766 45.5
61.9970839495484825 -1.65088143698805623 0.858393430709838867 1.94880008697509766 50
52.921261416117197 32.4910745191728765 -0.283658534288406372 2.51719999313354492 47.5
52.9778051072292442 32.5303153450641105 -0.928286075592041016 2.43600010871887207 47
60.042460687027905 -16.3586760514733918 1.53617990016937256 4.06000041961669922 45.5
59.7174944802811538 -17.8036076838379387 1.12171292304992676 3.89760017395019531 45
62.2623585213719153 -1.85356895396038013 2.0901796817779541 1.94880008697509766 46.5
59.6148623756282632 -18.3942480333360514 1.21663939952850342 3.89760017395019531 45.5
62.5254969554645896 -1.66485508071464716 0.541581451892852783 2.03000020980834961 47.5
62.5246329364886151 -1.75083351211305605 0.328359454870223999 1.94880008697509766 51.5
56.7680639818032304 26.3800743359457783 1.83566057682037354 3.32920026779174805 46.5
56.7535023855524869 26.4739814531309889 -0.243361920118331909 3.24800014495849609 47.5
62.5700649919394465 -1.89379352990177341 1.81431841850280762 2.03000020980834961 51.5
62.5650991638333878 -1.6668513300375114 2.17277789115905762 1.94880008697509766 54.5
62.5791100638040803 -1.7529328541239555 1.63506567478179932 1.86760008335113525 47
57.1712624082119021 25.737858989020765 -0.54715341329574585 3.4104001522064209 49
56.8592637957655924 26.4116659518992378 0.859185159206390381 3.32920026779174805 50.5
56.709115235244937 26.7407344686538408 -0.54715341329574585 3.24800014495849609 49
57.0854229637167094 26.1059526946219336 -0.659080386161804199 3.4104001522064209 49.5
57.0744050406052494 26.1059526946219336 1.30096912384033203 3.32920026779174805 50
57.3003292327661669 25.7994334399654477 1.08831238746643066 3.32920026779174805 48.5
62.8354837976150407 -1.29586195360557044 0.381353199481964111 2.03000020980834961 50
62.8326622299897295 -1.29586195360557044 0.707001090049743652 1.94880008697509766 52
56.0801632989189613 28.5193943237573393 -1.10247933864593506 3.08560013771057129 47.5
56.0214083090504928 28.6137512942246914 -1.55283534526824951 3.00440025329589844 47.5
62.9125095941897641 -0.715540359377424329 -1.02956259250640869 1.94880008697509766 54.5
62.982641487968074 -1.45640379294318856 0.257708549499511719 1.94880008697509766 48.5
63.5001109576583787 -1.77812463792383779 0.00432884786278009415 2.03000020980834961 47
63.5497488271973623 -1.69280226663437072 1.87723672389984131 2.03000020980834961 47.5
63.5391649922119299 -1.69280226663437072 2.20660567283630371 1.94880008697509766 51.5
63.8221036584095174 -0.510434828340132873 -0.330706208944320679 2.03000020980834961 48.5
63.8840522641208253 -0.511034640343247082 1.33299648761749268 1.94880008697509766 47.5
63.8871647832395766 -1.7027834117152334 2.88641571998596191 1.94880008697509766 49.5
64.0054924978320656 -1.60873573647257073 1.763938307762146 2.03000020980834961 50
64.0001984508029977 -1.53670279304842583 2.00400424003601074 1.94880008697509766 54
64.07109667452265 -1.43433272197240891 2.20297837257385254 1.94880008697509766 46
60.7019624459435505 -20.1195991090161748 6.46139001846313477 3.89760017395019531 49.5
60.5288291504029061 -19.7902962892678076 8.71096229553222656 3.81640005111694336 46
60.9720596646500326 -19.7902962892678076 4.69339752197265625 3.73520016670227051 46
60.7854900370910087 -20.561346794044475 3.69205260276794434 3.65400028228759766 49.5
60.9880055523219866 -19.8133902259343735 5.36806058883666992 3.89760017395019531 54.5
60.9574471179551338 -19.8133902259343735 5.704620361328125 3.81640005111694336 58
61.0081098566501367 -19.5560734697534073 6.04102373123168945 3.73520016670227051 55
60.8361966913178804 -19.8535959690876496 6.76131439208984375 3.65400028228759766 48.5
61.0453981637573904 -19.5788651665789217 6.38032102584838867 3.65400028228759766 48.5
61.0024488345322169 -19.6016568634044397 7.39772224426269531 3.89760017395019531 54.5
61.2686104290156095 -19.6016568634044397 4.70982742309570312 3.81640005111694336 58.5
61.0783699705167962 -20.2867476666073117 4.25799560546875 3.65400028228759766 49
60.5293321042963584 -22.2533612663896641 1.11249399185180664 3.5728001594543457 47
60.4936861008472562 -22.3500799680183064 -1.11249196529388428 3.49160003662109375 46
60.8951665472101098 -19.6244508788155976 8.75162124633789062 3.89760017395019531 47.5
61.2842171646170826 -20.0359833602381308 3.56862926483154297 3.73520016670227051 48
60.9043505857260641 -21.343204183580287 2.24923443794250488 3.65400028228759766 46.5
60.3609078292805563 -22.8682951441461384 1.87961494922637939 3.5728001594543457 48.5
60.5137319912258889 -22.5132475131149334 1.0829695463180542 3.49160003662109375 46.5
64.7785179298617777 -1.62945707932786354 3.13908743858337402 2.03000020980834961 51.5
64.8077495450022525 -1.62945707932786354 2.46300697326660156 1.94880008697509766 55
64.7859267999913868 -1.7267380989892287 2.92702174186706543 1.86760008335113525 47
64.9209297581672473 -1.33916048931697595 1.40802609920501709 2.03000020980834961 50
64.8826763717029706 -1.6313409597134072 2.46585440635681152 1.94880008697509766 53.5
64.8792000102415471 -1.50148297287054899 2.63399577140808105 1.86760008335113525 45.5
64.9773489743407424 -1.8201110510339451 1.69772684574127197 1.94880008697509766 47
65.0650725763083102 -1.45614142619689657 1.55770409107208252 1.94880008697509766 47
64.4701193513391502 -11.8496810437705538 3.13515830039978027 4.38479995727539062 47
64.5117616545500852 -11.8496810437705538 2.11141872406005859 4.30360031127929688 49.5
64.2790620306631695 -12.1448980109509979 5.22916412353515625 4.22240018844604492 47
64.5958583823608308 -11.8632243629601586 1.76908266544342041 4.38479995727539062 51
64.5263720812402255 -11.8632243629601586 3.4787294864654541 4.30360031127929688 52.5
64.4940671208262017 -11.9124834260589569 3.88569927215576172 4.22240018844604492 49
64.6176194398816932 -12.271288645448104 0.573989570140838623 4.22240018844604492 49
65.6184500042086682 -7.10055865841225753 4.42991399765014648 4.46600008010864258 45
65.6606401143385199 -7.40640344346610302 3.10618114471435547 4.38479995727539062 46.5
65.6928518789511173 -7.10860966961216789 4.4349370002746582 4.62840032577514648 46
65.7546252466365218 -7.10860966961216789 3.39831304550170898 4.54720020294189453 53.5
65.786658432796159 -7.10860966961216789 2.70825433731079102 4.46600008010864258 55.5
65.6928518789511173 -7.10860966961216789 4.4349370002746582 4.38479995727539062 53.5
66.1875492223749262 -1.66336501000238157 1.48080480098724365 1.94880008697509766 46
65.8611589713057271 -7.11665986187085142 2.71132135391235352 4.54720020294189453 56.5
65.8217759267385105 -7.15808395885496651 3.45633125305175781 4.46600008010864258 59
65.7524958877205279 -7.42319817955329864 4.14676904678344727 4.38479995727539062 55
65.9870174712089295 -7.16618100904297872 0.0045230579562485218 4.62840032577514648 47
65.9204063040752715 -7.12471005412953584 3.06250143051147461 4.54720020294189453 54
65.8846483083849961 -7.12471005412953584 3.75394582748413086 4.46600008010864258 55.5
65.8562960678503231 -7.16618100904297872 4.15145969390869141 4.38479995727539062 53
65.6977874003958959 -7.17427888293904736 6.92339038848876953 4.38479995727539062 46.5
60.5649065614103463 -27.5468383116279583 2.93680644035339355 3.24800014495849609 48.5
60.6481170616135188 -27.2389129286883112 3.92532801628112793 3.16680002212524414 49
60.5997808617159137 -27.7278284870355058 2.09522390365600586 3.32920026779174805 47.5
60.5954316584771746 -27.5778582608436089 3.63475489616394043 3.24800014495849609 53.5
60.6931113790654067 -27.2695861292269299 4.27456569671630859 3.16680002212524414 52.5
60.6402596450864664 -27.2695861292269299 4.96837997436523438 3.08560013771057129 46
60.9947635061520188 -27.0500278052030758 1.87013673782348633 3.32920026779174805 49.5
60.858773641171318 -27.3002593297655487 2.5432887077331543 3.24800014495849609 53
60.5342200312092515 -27.6088782100592596 5.37777090072631836 3.16680002212524414 50.5
61.3496847733636628 -26.4123890812925808 2.04529213905334473 3.32920026779174805 48
61.0224183130148887 -27.0804229499310267 2.91487026214599609 3.24800014495849609 50
65.3766861381598403 -15.4606069906824164 5.74366331100463867 4.14120006561279297 45
65.6004293141910608 -15.4778038507460778 3.64297008514404297 4.14120006561279297 45
65.242748477069938 -16.5574544735774118 5.04821491241455078 4.06000041961669922 45
66.4451362204885783 -11.5769200942689601 4.17133617401123047 4.38479995727539062 47.5
65.0550574971718873 -16.8291770589920056 7.14139938354492188 4.06000041961669922 46.5
66.549086745006079 -11.6320361115707485 3.52670884132385254 4.38479995727539062 50.5
66.4814815153257257 -11.9025485792816941 3.88131237030029297 4.30360031127929688 50
66.6159094925382504 -11.4206982461715683 2.90016961097717285 4.22240018844604492 45
66.5926296974554504 -11.9157451145197317 3.18013787269592285 4.38479995727539062 47.5
66.5749681168798304 -11.9157451145197317 3.53061914443969727 4.30360031127929688 47
65.7003218017400172 -16.2487433379814519 2.47431373596191406 4.06000041961669922 48
66.2437877418430787 -15.3856777581697752 -1.56277823448181152 4.14120006561279297 47.5
66.0577046486639148 -15.7001916128947929 4.15745449066162109 4.06000041961669922 47.5
62.1590554907637127 -27.2311903720289941 5.68550395965576172 3.32920026779174805 52.5
62.2683161411574631 -26.9163297333524127 5.98156023025512695 3.24800014495849609 51
62.4009065023435525 -26.945972059445797 5.27944660186767578 3.4104001522064209 53
62.3696974984636796 -26.945972059445797 5.63618993759155273 3.32920026779174805 57
62.2548964212533136 -26.8948573479830486 6.98753786087036133 3.24800014495849609 53
62.6336480651997505 -26.6685887396715202 4.88619661331176758 3.4104001522064209 52
62.5637554969053582 -26.7453451511384337 5.34091377258300781 3.32920026779174805 57.5
62.3701592694401725 -26.9756143855391812 6.35155248641967773 3.24800014495849609 50.5
62.339748733137796 -27.6578935985784256 2.61904263496398926 3.16680002212524414 47
62.4253383230242278 -27.3211606471108226 4.99377727508544922 3.32920026779174805 56.5
62.332690868448303 -27.594372253581934 4.63598966598510742 3.24800014495849609 56
62.4784631511839024 -27.3211606471108226 4.27807331085205078 3.16680002212524414 54
62.5214770270236642 -27.3511497218812423 4.64107847213745117 3.24800014495849609 58.5
62.3637942649034258 -27.3511497218812423 6.42122745513916016 3.16680002212524414 54.5
66.3130347308368329 -16.9763079454017856 1.79246985912322998 4.14120006561279297 45.5
66.0985162580132624 -17.6779497052419821 2.70231103897094727 4.06000041961669922 45
62.533076253333256 -27.381141847422235 5.35852146148681641 3.24800014495849609 53
62.2182525949151142 -27.7490759409969741 6.90682363510131836 3.16680002212524414 49.5
66.6742271790874099 -16.1135242043562918 3.819976806640625 4.14120006561279297 47
68.1239271779411837 -13.3300872351794624 2.17769336700439453 4.22240018844604492 46.5
68.2263518374942066 -13.118598832366267 2.60639309883117676 4.30360031127929688 46.5
68.0494888585017748 -13.5008626394021061 4.5518794059753418 4.22240018844604492 49
67.888825003574496 -14.0981390498464929 6.0424046516418457 4.22240018844604492 46
65.7944958881794832 -22.5636310921550844 6.12358951568603516 3.73520016670227051 46
65.9161139866605481 -22.6159829044338707 4.3719940185546875 3.65400028228759766 46
70.3966243763943993 0.484015267641792868 1.939505934715271 1.94880008697509766 48
70.4480312965434194 0.845726321217878274 2.57089328765869141 2.03000020980834961 45.5
70.4604082958972526 0.845726321217878274 2.20581245422363281 1.94880008697509766 51
70.6252071107472403 -0.750413430878268284 1.71457552909851074 2.03000020980834961 50
70.6126280740488284 -0.803383790704969569 2.15273237228393555 1.94880008697509766 53
70.7149846594248714 -1.13123402799126715 0.371274560689926147 1.94880008697509766 51
70.7871431176835131 -1.13243359098208396 -0.73368072509765625 2.03000020980834961 46.5
70.8625453950976123 -0.159417162277439156 1.31907355785369873 2.03000020980834961 56
70.8547578836308674 -0.159417162277439156 1.68622446060180664 1.94880008697509766 59.5
70.8631823211797354 -0.380829887662771316 1.23693764209747314 1.86760008335113525 50.5
70.9360531888404466 0.381232906849728437 1.35432040691375732 2.03000020980834961 58
70.9182097260607662 0.381232906849728437 2.08934593200683594 1.94880008697509766 61.5
70.9214143460472144 0.487623485505466581 1.9539644718170166 1.86760008335113525 53
70.9777598980561777 -0 2.59003829956054688 2.03000020980834961 54.5
70.9631857441491292 -0 2.96260738372802734 1.94880008697509766 58
70.9561605266707716 0.15975455652919085 3.12225508689880371 1.86760008335113525 50
71.0870408136989909 -1.13723208700699696 0.74163973331451416 2.03000020980834961 47
71.0284042692339881 -0.684116177340146625 3.11586570739746094 1.94880008697509766 51
71.6584025747980036 0.815323711635671633 2.30198907852172852 2.03000020980834961 46
71.6247653711604357 0.68988929446095304 3.21053075790405273 1.94880008697509766 50.5
72.2936050604171925 1.81783362029062245 2.91045522689819336 1.94880008697509766 50.5
72.3885428571794591 1.49379794831625556 2.58276820182800293 1.94880008697509766 50
74.2200646774716404 -0.398964644218141373 2.07014250755310059 1.94880008697509766 47.5
74.3119437160299157 -0.167177161425390047 1.38328254222869873 2.03000020980834961 49
74.2880210524371165 0.297203842534026763 2.32548975944519043 1.94880008697509766 54.5
74.2725532283735816 0.241478122058896738 2.78127360343933105 1.86760008335113525 49
74.3579633478698696 0.167345849970973654 2.49513626098632812 1.94880008697509766 50.5
72.6114651963541746 29.8868297199196498 4.91007089614868164 3.5728001594543457 45
72.8363758045745868 29.9153193409515445 1.22406995296478271 3.5728001594543457 48
72.7535611491072416 29.9153193409515445 3.68174266815185547 3.49160003662109375 47.5
72.775492327443402 30.2590098797967038 1.22523581981658936 3.5728001594543457 48.5
72.9476776826940068 29.8354625409844481 1.36493599414825439 3.49160003662109375 45.5
76.1260877362289818 23.5455212457548555 5.51747703552246094 3.97880029678344727 45
76.2264069329970084 23.5676310658021073 5.10932016372680664 3.97880029678344727 48.5
76.3715651260131949 23.5897386368594262 3.86124515533447266 3.97880029678344727 48
82.1643925049903174 -3.505837443811882 2.42845368385314941 4.62840032577514648 49
82.1277298856878986 -3.19740599714221529 3.74008488655090332 4.54720020294189453 48.5
82.2686917690171384 -3.57077600425916719 0.797232866287231445 4.70960044860839844 46.5
82.2320213377761036 -3.07683580770458498 3.15450906753540039 4.62840032577514648 52
82.1582193098990103 -3.62222810806693607 4.2930450439453125 4.54720020294189453 52.5
81.9544662706170897 -3.57077600425916719 7.22761440277099609 4.46600008010864258 47
82.3256244284731764 -3.95512026140910766 -0.854147374629974365 4.70960044860839844 47
82.2781851516446636 -2.78094393380327931 4.05562829971313477 4.62840032577514648 48.5
82.155847692250731 -3.62552690629168195 5.58148813247680664 4.54720020294189453 51.5
82.2131290026716925 -4.5422084252120225 3.77497601509094238 4.46600008010864258 52
82.3264181089591602 -5.27829193384207684 0.866177558898925781 4.54720020294189453 52.5
82.3591553705447268 -5.85061017991706489 1.1709449291229248 4.62840032577514648 48.5
82.3653158637524712 -5.28309067392863607 2.58361673355102539 4.54720020294189453 53.5
82.4299725313750287 -4.83939360561041099 0.714965462684631348 4.46600008010864258 51.5
82.1012995404560968 -7.13658446834239246 6.28239297866821289 4.54720020294189453 51.5
82.4671180145982277 -5.01936331637395483 2.23675704002380371 4.46600008010864258 49
81.4951545099890069 -10.5853753319569233 9.48240566253662109 4.54720020294189453 48.5
82.6763670023031949 -3.97311443845629642 2.16181135177612305 4.62840032577514648 51.5
82.7407437375146912 -2.77290278517262356 1.45634758472442627 4.54720020294189453 55
82.6865852895316493 -3.97311443845629642 1.72726309299468994 4.46600008010864258 53
82.7089695458279124 -3.5935402479629559 3.81815600395202637 4.62840032577514648 56
82.7585378212263976 -3.5935402479629559 2.52523255348205566 4.54720020294189453 57.5
82.8042026709274808 -3.31392760619062221 0.864463984966278076 4.46600008010864258 54
78.5374776718306862 -24.5230642858106052 9.9372711181640625 3.89760017395019531 50
78.2583499776373799 -24.854457046429669 11.2317543029785156 3.81640005111694336 48.5
82.8114085636591426 -3.31692681874472139 3.46002531051635742 4.70960044860839844 49.5
82.7821750544649433 -3.98031218249366603 3.46002531051635742 4.62840032577514648 55.5
82.7100989608446469 -3.18217666673321764 5.44211721420288086 4.54720020294189453 54.5
82.8666314367246173 -3.53460014122484401 1.15364015102386475 4.46600008010864258 51.5
78.8772810549186971 -24.7629317811910639 6.77312850952148438 3.97880029678344727 47.5
78.7563902469497918 -24.4519698919337465 8.95742511749267578 3.89760017395019531 53.5
78.4337481623368262 -24.5452584587109435 11.2419195175170898 3.81640005111694336 52.5
82.9344267902830268 -3.65191829884393959 1.30184066295623779 4.62840032577514648 51
79.1884374226468424 -24.5674503740410515 4.33388710021972656 3.97880029678344727 47.5
79.0955655423302915 -24.3495802482577481 6.64384603500366211 3.89760017395019531 51
78.8275956549924643 -24.4740774629910618 8.96552371978759766 3.81640005111694336 50.5
70.6283719264317398 49.2860518026733772 6.89043045043945312 2.03000020980834961 46
71.3807221179320663 48.8101552542709882 -0.536492049694061279 2.11120009422302246 45
70.8916520383514097 49.4477021128058496 2.68795943260192871 2.03000020980834961 45.5
