
X Y Z V_r Mag
5.57656736217910165 -8.53846257476397597 -0.191225394606590271 -2.03000020980834961 46
6.57355760075124262 -8.75716677311937985 -0.0537503249943256378 -1.21800005435943604 45.5
6.6771262896963206 -8.77306147468445729 0.00375836598686873913 -1.13680005073547363 46
6.61786810468763242 -8.81714721073814722 -0.111242093145847321 -1.21800005435943604 48.5
6.57198703958245289 -8.84194543726834858 -0.423825711011886597 -1.29920005798339844 46
10.8818211615352602 -2.07086743421826158 -0.712381184101104736 4.79080009460449219 48
10.8679565924174621 -2.22170921324801718 -1.35357081890106201 4.87200021743774414 51
10.9097532963560351 -2.17004155712597058 -1.07183456420898438 4.79080009460449219 53
10.917224739054241 -2.14490594063416351 -1.04604721069335938 4.70960044860839844 47.5
6.83292645262360487 -8.93663933507654917 0.100475065410137177 -1.13680005073547363 45
10.8997888727424854 -2.28722859810752643 -1.58923852443695068 4.87200021743774414 46
10.9623974016518648 -2.21975043418056828 -1.2087404727935791 4.79080009460449219 50.5
11.0146222706069654 -2.15930124566266768 -0.760274767875671387 4.70960044860839844 46.5
11.3039619827541404 2.66562177429515801 -0.505491912364959717 0.487200021743774414 46
11.3917684436542608 2.64626883456142847 -0.33896210789680481 0.487200021743774414 54.5
11.3947297259204845 2.64626883456142847 -0.217751473188400269 0.406000018119812012 52.5
7.22201308884833981 -9.29188420378822855 0.392488181591033936 -0.974400043487548828 45
11.4647924098725351 2.66323205207548597 -0.341134935617446899 0.568400025367736816 63
11.4677726746678754 2.66323205207548597 -0.21914730966091156 0.487200021743774414 72
11.4687869412131729 2.66323205207548597 -0.15734100341796875 0.406000018119812012 69
11.4745240099589552 2.63674687144711095 0.183027610182762146 0.324800014495849609 48
11.5276093157129278 2.71721454126895745 -0.39175879955291748 0.568400025367736816 66.5
11.5394789330537044 2.68019526958954346 -0.281929224729537964 0.487200021743774414 75.5
11.5425158178021459 2.68019526958954346 -0.0969468280673027039 0.406000018119812012 72.5
11.5409820642511285 2.68019526958954346 0.21165814995765686 0.324800014495849609 52
8.53174580830564544 8.32840816818896634 -0.229254499077796936 -0.812000036239624023 46
7.26653641472019451 -9.45495613296814952 0.0829261466860771179 -1.13680005073547363 47.5
7.18930033993105244 -9.51009141695866589 0.278836488723754883 -1.21800005435943604 46.5
7.07285027892453044 -9.60099012840248811 -0.0373977236449718475 -1.29920005798339844 48.5
11.6366919170686387 2.60625977565977829 0.0211382266134023666 0.568400025367736816 50.5
11.6526308995926637 2.52728220670039105 0.186172202229499817 0.487200021743774414 60
11.6497370447338042 2.51834134983706415 0.383674949407577515 0.406000018119812012 57.5
8.43078855851676678 8.50974622856641716 -0.711349964141845703 -0.730800032615661621 46
8.45811285087165743 8.50974622856641716 -0.21106448769569397 -0.974400043487548828 46.5
8.38314282204617811 8.57272584823157935 -0.480926960706710815 -1.05560004711151123 46
7.22477077727251604 -9.56990315959663107 0.468666017055511475 -1.13680005073547363 47.5
7.28880227398230307 -9.53241529074831995 -0.0801758021116256714 -1.21800005435943604 48.5
7.19456076782637854 -9.59689442516741309 -0.371367812156677246 -1.29920005798339844 47
11.6703477700538301 2.71412170461765889 -0.660708427429199219 0.568400025367736816 61.5
11.6623438066381588 2.75160957346596913 -0.646821677684783936 0.487200021743774414 70.5
11.6656629013659625 2.75160957346596913 -0.583909213542938232 0.406000018119812012 68
11.6632636971044779 2.76960375051315832 -0.545499682426452637 0.324800014495849609 48.5
8.76342280881456759 8.30491303791179014 -0.190983399748802185 -0.324800014495849609 53.5
8.759773581701225 8.30491303791179014 -0.316909909248352051 -0.406000018119812012 50.5
8.76183643976995796 8.30491303791179014 -0.253538519144058228 -0.487200021743774414 46.5
8.76456319055840716 8.30491303791179014 -0.12842172384262085 -0.568400025367736816 50.5
8.71950321713712562 8.35319741603918331 -0.00246918853372335434 -0.649600028991699219 51
8.51203338329587922 8.5629326835300521 0.164641797542572021 -0.812000036239624023 53
8.53964577641929168 8.49805055042136459 0.814385652542114258 -0.893200039863586426 48.5
8.42163781503522557 8.63535925072114274 -0.55877763032913208 -0.974400043487548828 47.5
8.47948576663928044 8.59461930667615448 -0.190983399748802185 -1.05560004711151123 52.5
8.44872979186575002 8.62630592982225686 -0.107019521296024323 -1.13680005073547363 49.5
11.7353503881634644 2.70392517513407071 -0.880903422832489014 0.568400025367736816 57
11.7263545909399891 2.73108513783073015 -0.916204273700714111 0.487200021743774414 66.5
11.7263545909399891 2.73108513783073015 -0.916204273700714111 0.406000018119812012 64
8.92363736752369974 8.24566332479422215 0.01573915034532547 -0.162400007247924805 50
8.87255479252366897 8.30032064014914717 0.0704097971320152283 -0.243600010871887207 52.5
8.88132664910606273 8.2912110875899927 0.019051622599363327 -0.324800014495849609 52.5
8.76021377177307059 8.41267178837871299 -0.328815102577209473 -0.406000018119812012 47.5
8.69418546220342314 8.48554820885194516 -0.170634433627128601 -0.487200021743774414 49.5
8.75719161814738456 8.42178134093786568 -0.0878042429685592651 -0.568400025367736816 54.5
8.77345287816670272 8.40508049457941731 0.0604696236550807953 -0.649600028991699219 55.5
8.63142438214604013 8.55083333552588165 -0.0654386058449745178 -0.730800032615661621 55
8.6314600615324828 8.55083333552588165 0.0604696236550807953 -0.812000036239624023 61
8.65579216616139213 8.52350467784842003 0.222813546657562256 -0.893200039863586426 57.5
8.41938148170618206 8.74517045678783411 -0.508458077907562256 -0.974400043487548828 47
8.43373031985361088 8.74517045678783411 -0.129219368100166321 -1.05560004711151123 51.5
8.41115210136078417 8.74517045678783411 0.630092084407806396 -1.13680005073547363 47
11.8548786774477666 2.63266068959550426 -0.391741722822189331 0.568400025367736816 46.5
9.02803479080693627 8.2400400132600069 0.216689243912696838 -0.0812000036239624023 47.5
9.02410638115393482 8.2400400132600069 0.343341469764709473 -0.162400007247924805 51
9.10292306562768871 8.14685454036255408 0.464960336685180664 -0.243600010871887207 47.5
9.02934700497560883 8.2400400132600069 0.152520045638084412 -0.324800014495849609 47
8.81519247893534086 8.46460172663583599 0.305848747491836548 -0.406000018119812012 49.5
8.77983848013947821 8.50584775562323259 0.125017568469047546 -0.487200021743774414 50.5
8.76673979316034924 8.51959643195236538 0.106682218611240387 -0.568400025367736816 51.5
8.77870815213420741 8.50584775562323259 0.188355296850204468 -0.649600028991699219 56
8.71205558943870173 8.57611876797213313 -0.0300040878355503082 -0.730800032615661621 59
8.71204434208910428 8.57611876797213313 0.0333388447761535645 -0.812000036239624023 62
8.68291152269888933 8.60361612063039694 0.188355296850204468 -0.893200039863586426 59.5
8.61929615098800639 8.66930424086958595 0.0391725264489650726 -0.974400043487548828 54.5
8.54415886798104651 8.74263051462495788 -0.120015859603881836 -1.05560004711151123 52.5
8.63603885604862498 8.65250030313397822 0.0608428940176963806 -1.13680005073547363 49
8.54415886798104651 8.74263051462495788 -0.120015859603881836 -1.21800005435943604 47
8.36180501616671989 8.91066989198101922 0.361670017242431641 -1.46160006523132324 47.5
11.5390372815806135 4.03447268724873531 0.155854150652885437 0.487200021743774414 53.5
11.5321363074708607 4.0283621644357881 0.482449799776077271 0.406000018119812012 51
9.03142541121723497 8.34746137376532538 0.207957103848457336 -0.162400007247924805 48
9.02973334911274961 8.34746137376532538 0.271676510572433472 -0.243600010871887207 53
8.9286260213387596 8.45966256696820906 0.0612161606550216675 -0.324800014495849609 54
8.87385445895353087 8.51653166489296076 0.115721985697746277 -0.406000018119812012 51
8.86683331464101698 8.51653166489296076 0.371432393789291382 -0.487200021743774414 45
8.86272945642306809 8.52575368077264883 0.231432795524597168 -0.649600028991699219 49.5
8.76550364564535656 8.62873285809584445 -0.0301881618797779083 -0.730800032615661621 53.5
8.65353765780985462 8.74093405129872991 -0.0486367307603359222 -0.812000036239624023 56
8.65353765780985462 8.74093405129872991 -0.0486367307603359222 -0.893200039863586426 55
8.63748819520630917 8.75476707511826469 -0.194542080163955688 -0.974400043487548828 51
8.63938259346992332 8.74093405129872991 -0.497140288352966309 -1.05560004711151123 51.5
8.70334650682641531 8.68406495337397999 -0.358859807252883911 -1.13680005073547363 49.5
8.53674955725279716 8.85313524450161538 0.189510837197303772 -1.29920005798339844 45.5
8.5815345080200327 8.7870441306971756 0.659642636775970459 -1.38040006160736084 46
11.6053704083861344 4.07459401617600392 -0.0553463399410247803 0.487200021743774414 53.5
11.5962685307209821 4.10072306116845642 -0.025157388299703598 0.406000018119812012 51
9.1611846414021354 8.31331043646309276 0.319722652435302734 -0.243600010871887207 46.5
9.0887726809071161 8.39836104546708739 -0.0489332973957061768 -0.324800014495849609 48.5
8.78291297016951056 8.70918236200895457 -0.388876974582672119 -0.812000036239624023 53
8.75885203677401059 8.73701710677389798 -0.296106934547424316 -0.893200039863586426 54
8.63087117248269031 8.84990246054283425 -0.572660326957702637 -1.13680005073547363 48.5
8.47799448800104472 8.99526168320420538 0.591201364994049072 -1.46160006523132324 49.5
8.52871558133023555 8.96433418902093671 -0.205849945545196533 -1.70520007610321045 50
8.59066095217999504 8.90711832478188548 -0.0666504353284835815 -1.78640007972717285 48.5
11.7288384399140426 3.93088451069367206 -0.350927799940109253 0.487200021743774414 55.5
11.726715199072407 3.93088451069367206 -0.415860593318939209 0.406000018119812012 53
9.2988043691565192 8.27812793817307835 -0.0857276692986488342 -0.0812000036239624023 45
8.89285563894856779 8.71218125423214396 -0.132409974932670593 -0.568400025367736816 49
8.92864367179114282 8.67639908122368908 0.0441381558775901794 -0.649600028991699219 53
9.02947239716740491 8.56282957558816449 0.38614305853843689 -0.730800032615661621 51
8.9104589223682833 8.69506804105418674 -0.0449866913259029388 -0.812000036239624023 52.5
8.87240043768757403 8.73396170736772426 -0.0305563118308782578 -0.893200039863586426 52.5
8.59169907797433474 9.0046616249099376 -0.318266808986663818 -1.05560004711151123 47.5
8.62757330078864904 8.96110071863877522 0.515923798084259033 -1.46160006523132324 47
8.5322939979731629 9.06066850440142879 -0.326751857995986938 -1.62400007247924805 51.5
8.55992535738055693 9.0404437979183907 0.0237667113542556763 -1.70520007610321045 53
8.43060227564640208 9.16023629016408236 -0.132409974932670593 -1.78640007972717285 49.5
8.41927319882519498 9.16023629016408236 -0.45655357837677002 -1.86760008335113525 47
11.9200190365776955 3.58444028745551035 -0.259714901447296143 0.568400025367736816 49.5
11.9258045263154155 3.5439908744894324 -0.466732323169708252 0.487200021743774414 58.5
11.9115328554402815 3.58444028745551035 -0.519316196441650391 0.406000018119812012 55.5
9.23493387342703187 8.33569056431711175 -0.484544068574905396 0.324800014495849609 47.5
9.26146064493578614 8.31391011118153145 -0.326751857995986938 0.243600010871887207 46
9.08836434681656513 8.61441275194030354 -0.2629871666431427 -0.568400025367736816 46.5
9.03694083883892318 8.67232213998932089 -0.0128083266317844391 -0.649600028991699219 49.5
9.02747529733649579 8.68171285156483741 -0.0905142500996589661 -0.730800032615661621 50
8.9625245070414028 8.74744783259345127 -0.175900936126708984 -0.812000036239624023 46.5
8.99599016118861705 8.71458034207914345 0.0623359717428684235 -0.893200039863586426 47
8.81076359736429993 8.90082945499355205 0.146016508340835571 -1.46160006523132324 46.5
8.50545612982870658 9.18724615804679878 -0.356888890266418457 -1.62400007247924805 52
8.57498691829249893 9.12933676999778143 -0.02134733647108078 -1.70520007610321045 49.5
11.962401627110367 3.63420537972481572 -0.754405438899993896 0.568400025367736816 48.5
11.971016474936361 3.57786111027171794 -0.877106308937072754 0.487200021743774414 58.5
11.9660972913345667 3.57786111027171794 -0.941833853721618652 0.406000018119812012 56
9.35647329365184355 8.31390998152378202 -0.459303885698318481 0.324800014495849609 47.5
8.67573069126519414 9.13676859954234111 0.105659015476703644 -1.46160006523132324 45
8.6163803928318341 9.18400331572126127 -0.414836257696151733 -1.62400007247924805 47
8.49438431159756391 9.29894112508996606 -0.367612510919570923 -1.78640007972717285 49
8.4015113860529933 9.37136768989764235 -0.593369543552398682 -1.86760008335113525 46.5
8.53089999937001942 9.27060029538261432 -0.199287012219429016 -2.11120009422302246 46
8.56774057087199381 9.22966354136088363 -0.408825337886810303 -2.19239997863769531 47.5
8.3965696792725435 9.39183606690850681 -0.225912854075431824 -2.27360010147094727 46.5
9.23740112611703523 -8.56522853377741633 -0.259408056735992432 0.974400043487548828 47
11.9465656030467962 3.60558333499086014 -1.74337196350097656 0.487200021743774414 49.5
11.9680063113502797 3.59928537283367111 -1.60374045372009277 0.406000018119812012 48.5
9.50112373151337941 8.26292635023233046 -0.461195617914199829 0.324800014495849609 46.5
9.14516739505279652 8.77618201650356866 -0.0129617191851139069 -0.730800032615661621 45.5
8.6676682393757627 9.23866986144474112 -0.417305529117584229 -1.54280006885528564 47
8.72321730824834063 9.19115398696448338 -0.289462089538574219 -1.62400007247924805 46.5
8.57142834228734252 9.3257822979918803 -0.464804530143737793 -1.70520007610321045 49
8.50202251546378207 9.39388838474691568 -0.355115443468093872 -1.78640007972717285 52
8.47293325861728874 9.41289473453901948 -0.51229703426361084 -1.86760008335113525 50.5
8.39910485792992567 9.47783309632870363 -0.530428469181060791 -1.94880008697509766 48.5
8.45595263585260426 9.42714949688309645 -0.530428469181060791 -2.03000020980834961 49
8.41858084225993686 9.46991378391532734 -0.322290599346160889 -2.11120009422302246 49
8.48839169573665409 9.41289473453901948 0.0155549580231308937 -2.19239997863769531 47.5
9.61063261480621556 8.26142670963411163 -0.200473248958587646 0.568400025367736816 45
9.61923748567550874 8.25350739722073534 0.074316464364528656 0.324800014495849609 47.5
8.85021107465301604 9.1770309804897181 -0.135600581765174866 -1.46160006523132324 45.5
8.71552766615761598 9.2933371022910638 -0.485796332359313965 -1.54280006885528564 47.5
8.65518211872022469 9.35228678046434858 -0.43020021915435791 -1.62400007247924805 46.5
8.57375299888953712 9.42238910045420042 -0.521407604217529297 -1.78640007972717285 47
8.46993178227402588 9.516389938622412 -0.510984957218170166 -1.86760008335113525 49.5
8.53498899999781457 9.46859290226569428 -0.24946102499961853 -1.94880008697509766 50.5
8.4736742429735159 9.52594934589375519 -0.125169917941093445 -2.03000020980834961 48
12.1513842988512231 3.81579673581126322 -0.58827674388885498 0.487200021743774414 52
12.1594118371563464 3.81579673581126322 -0.388496965169906616 0.406000018119812012 50
9.71318831532843419 8.259327882440747 -0.00260721775703132153 0.324800014495849609 47
9.57890494872322584 8.4122783987822416 -0.201659485697746277 0.162400007247924805 45
8.58806219933927473 9.52429036176074639 -0.117163054645061493 -1.86760008335113525 46.5
9.74095390566097485 8.34156677317258755 -0.112792223691940308 0.649600028991699219 49
9.73848627404998268 8.34156677317258755 -0.246556743979454041 0.568400025367736816 49
12.2100019566318903 3.78054870661174514 -1.05068755149841309 0.487200021743774414 51.5
12.220405262280746 3.81580604936098577 -0.762874245643615723 0.406000018119812012 49.5
8.70409954547757536 9.5203446192725476 -0.108174286782741547 -1.70520007610321045 45
9.88850045778491982 8.28234518351208138 -0.174132660031318665 0.649600028991699219 48.5
12.306169738924007 3.74301391905703618 -0.978802025318145752 0.487200021743774414 47.5
12.3282501294694651 3.74301391905703618 -0.643513321876525879 0.406000018119812012 45.5
9.41791067487200451 -8.92391246596881871 -0.13180224597454071 0.812000036239624023 46.5
9.94455935852899842 8.33049822858789746 -0.243249937891960144 0.730800032615661621 46
8.39433260298103434 -10.1343210987247385 1.03476262092590332 -0.487200021743774414 48.5
8.39761406413445499 -10.1046307048808188 1.27143394947052002 -0.568400025367736816 50
9.89628030455186725 -8.72732632378785667 0.370724529027938843 1.21800005435943604 46.5
9.74770704971294677 -8.89722135522806745 0.248366907238960266 1.13680005073547363 46
8.55866803345255889 -10.1205722733130283 0.740849435329437256 -0.406000018119812012 52
8.52854521696441203 -10.1388194942614707 0.833002209663391113 -0.487200021743774414 57
8.49053941702529258 -10.1620432300140333 0.932336926460266113 -0.568400025367736816 55
8.37318277819830215 -10.2350321138077991 1.16600894927978516 -0.649600028991699219 49
9.80580369420400189 -8.94777361780863423 -0.0959342643618583679 1.13680005073547363 46
9.06565693161127939 -9.79239394102421556 0.381306886672973633 0 46.5
8.99284741250486697 -9.85244950863526547 0.529575765132904053 -0.0812000036239624023 48.5
8.93144023128274789 -9.91417328645773566 0.401321828365325928 -0.162400007247924805 47.5
8.66644306028038791 -10.1427180854220147 0.490467548370361328 -0.406000018119812012 53.5
8.617929806655372 -10.1777504998617943 0.605959475040435791 -0.487200021743774414 56
8.64332480184824803 -10.1577319773247776 0.57959139347076416 -0.568400025367736816 49
9.04207196375503308 -9.90108987760615022 0.663304746150970459 0 48.5
9.0647619979876346 -9.87760372743900561 0.702610433101654053 -0.0812000036239624023 47.5
9.03179387225815056 -10.0255689136794626 0.405831098556518555 0 46.5
10.5825514204548252 8.3588581469429144 -0.623800814151763916 1.21800005435943604 46.5
10.579190455634393 8.36729291802963715 -0.564953446388244629 1.13680005073547363 47.5
10.6432840287607622 8.29812779511850529 -0.334067285060882568 1.05560004711151123 45.5
10.5899067885295786 8.3588581469429144 -0.483100622892379761 0.974400043487548828 46
10.6320638342222313 8.40529612638056989 -0.768679916858673096 1.21800005435943604 47
10.6539974557568673 8.39511816941623223 -0.543123722076416016 1.13680005073547363 48
13.1047212125927786 3.30105070876621376 1.284523606300354 0.487200021743774414 47
11.5790821174097971 -7.01724200026966205 -1.73369276523590088 2.84200000762939453 45
10.6795793521472042 8.4517341058182236 -0.91503751277923584 1.29920005798339844 45
10.6732132708737755 8.4517341058182236 -0.986520707607269287 1.21800005435943604 49.5
10.6881917667188961 8.46026259633872613 -0.713456094264984131 1.13680005073547363 45.5
10.5767114465559029 8.62400961433237967 -0.286608755588531494 1.05560004711151123 47.5
10.6096548462860536 8.58818995414626762 -0.0269878040999174118 0.974400043487548828 51
10.4987000537118718 8.70247172712100614 0.605632424354553223 0.893200039863586426 47
13.1202390774659268 3.75935862143761179 0.221476942300796509 0.487200021743774414 49
10.5397412113367945 -8.72627640157051765 -1.06845510005950928 1.54280006885528564 47.5
10.8752173743718963 8.34210071093533756 -0.717376232147216797 1.29920005798339844 49
10.2956751079156774 -9.0744356212086501 0.171234160661697388 1.13680005073547363 45.5
10.7235139316920858 8.56162967701258459 0.283505618572235107 1.05560004711151123 49
10.6297557412321968 8.63537768905415781 0.902326464653015137 0.974400043487548828 50
10.5742380006282808 8.68682979047851234 1.04886388778686523 0.893200039863586426 48.5
10.5996832088330901 8.70741063104825486 0.450940310955047607 0.812000036239624023 46
13.1202117251799315 4.00640363090973484 -0.429429054260253906 0.487200021743774414 45.5
10.9888232823963161 8.33250369981819539 -0.505118966102600098 1.29920005798339844 48.5
10.1516631611989929 -9.34475114845091248 0.243665426969528198 1.05560004711151123 46
10.6351434722694798 8.718778705770033 1.14744150638580322 0.893200039863586426 45.5
10.9803167666577703 8.46448020872356466 -0.54851067066192627 1.46160006523132324 45
11.0205410067696672 8.40206290280098322 -0.684593081474304199 1.38040006160736084 46
11.0545741175101551 8.33791178282499423 -0.889532268047332764 1.29920005798339844 47.5
11.1006312444027504 8.42307473645548122 -0.655994713306427002 1.38040006160736084 45.5
11.0946129903878692 8.3829814585294713 -1.11251866817474365 1.29920005798339844 45
11.2004406563497767 8.37547439602912114 -1.04986011981964111 1.46160006523132324 47
11.1529545955570271 8.41227811277250126 -1.24331426620483398 1.38040006160736084 45
11.2877074606918981 8.40969133413102732 -0.821441113948822021 1.70520007610321045 46
11.2102097129361908 8.40969133413102732 -1.55508875846862793 1.46160006523132324 46
11.4213643196082106 8.32334728468205398 -1.09770607948303223 1.54280006885528564 46.5
11.488633738895123 8.36738660659819899 -1.02988433837890625 1.62400007247924805 54
11.4665930398663143 8.36738660659819899 -1.25164759159088135 1.54280006885528564 49.5
13.9997607896195078 2.62115196529315764 -0.445855319499969482 0.487200021743774414 50.5
14.0086235000631643 2.59800320473010693 -0.267153143882751465 0.406000018119812012 47
12.4016364714656042 -7.00086925225051004 -1.54689669609069824 3.08560013771057129 45.5
11.6098581034151476 8.30581266439334343 -1.1959606409072876 1.86760008335113525 45
11.57616708880178 8.36309413104433297 -1.12100636959075928 1.70520007610321045 50.5
11.7060043589135496 8.32410663279985208 -1.01918208599090576 1.70520007610321045 48.5
14.1626757555076761 2.53358022891962609 -0.599673807621002197 0.487200021743774414 45
10.8400716340101866 9.44334448960951534 0.822257936000823975 0.324800014495849609 45.5
11.8010148763040128 8.36746124286616677 -0.4972800612449646 1.70520007610321045 46.5
11.8114480157514699 8.36746124286616677 0.0305934268981218338 1.62400007247924805 45
10.8458351830017001 9.55040971948407957 0.826540529727935791 0.406000018119812012 45.5
10.9069199516399991 9.49252844845690547 0.675753474235534668 0.324800014495849609 45.5
10.7069574212890384 9.80716401009896366 0.939737796783447266 -0.243600010871887207 46.5
11.8343291346529238 8.41081585293248146 -0.953594207763671875 2.43600010871887207 45.5
11.8482629492299854 8.3780889429988914 -1.06244885921478271 2.35480022430419922 46.5
11.817505921341219 8.34536203306530311 -1.55048239231109619 2.27360010147094727 45.5
10.7744299586374854 9.85771691548642615 0.792297601699829102 -0.162400007247924805 45
10.7187059614294498 9.90340525862457177 0.960500419139862061 -0.243600010871887207 45
11.9093370900582016 8.42127540722310819 -1.06792545318603516 2.76080012321472168 45
11.9825278250233822 8.36279432800628264 -0.611036479473114014 2.67960023880004883 46.5
11.8866252383448181 8.42127540722310819 -1.29650425910949707 2.43600010871887207 50
11.8096110262304457 8.4998593574207213 -1.47517001628875732 2.35480022430419922 45
11.9181888904772535 8.34269145702549686 -1.49897634983062744 2.19239997863769531 46
11.970597595837738 8.32076105231918817 -1.16635024547576904 1.94880008697509766 46
11.970597595837738 8.32076105231918817 -1.16635024547576904 1.86760008335113525 45.5
11.9970153312817747 8.4056803409037002 -1.22726857662200928 2.67960023880004883 47.5
11.864771196251823 8.46446132230862069 -1.91575396060943604 2.59840011596679688 47
11.893182822537792 8.36343151051891454 -2.16685080528259277 2.51719999313354492 47.5
11.9565271185783271 8.36343151051891454 -1.78451597690582275 2.43600010871887207 45.5
12.0631657245361694 8.36343151051891454 -0.789353907108306885 2.27360010147094727 49
12.0073973518721946 8.36343151051891454 -1.40194964408874512 2.19239997863769531 47
11.9970153312817747 8.4056803409037002 -1.22726857662200928 1.94880008697509766 50.5
12.0161187420023854 8.36343151051891454 -1.32511305809020996 1.86760008335113525 49
11.8882440826996216 8.54344826607148455 -1.33010256290435791 1.62400007247924805 45.5
11.222658375556259 -9.46373800619227801 -0.761332154273986816 1.38040006160736084 47.5
12.1073753035413745 8.42825730006602036 -0.822550654411315918 2.27360010147094727 46
11.9902491850018009 -8.58703717472224781 -0.892942547798156738 2.19239997863769531 46.5
12.0796245498786501 8.44856635380111953 -1.00251305103302002 1.94880008697509766 47.5
14.311834122856725 3.38791941853694389 -1.41210925579071045 0.487200021743774414 46
14.3244162824732619 3.56284714686651904 -1.62472403049468994 0.487200021743774414 52.5
14.3557769856030149 3.50346636108541087 -1.46965956687927246 0.406000018119812012 51
12.3176221288050254 8.41497700365755108 -0.469009160995483398 2.11120009422302246 48
12.2846456754432953 8.47465769162675464 0.152628809213638306 2.03000020980834961 47.5
14.3967616334107937 3.5808412781521497 -1.63292968273162842 0.406000018119812012 48.5
12.4045386131941697 8.39728315590633834 -0.782996296882629395 2.19239997863769531 45.5
12.4091952916085404 8.39728315590633834 -0.705370664596557617 2.11120009422302246 47
12.1780762801163736 8.75716671973089511 -0.0807884037494659424 1.78640007972717285 45.5
12.3705473914252515 8.59938953016142982 -0.525082111358642578 2.19239997863769531 47.5
12.3669876493382702 8.59938953016142982 -0.603137373924255371 2.11120009422302246 47
12.3610803066627533 8.72357736196040001 -0.790826261043548584 2.19239997863769531 45.5
12.4640740889644839 -9.04620733716880565 -1.95923960208892822 2.11120009422302246 47.5
13.8728385079014398 -7.36861594699905176 -1.14471995830535889 3.32920026779174805 45.5
12.8845927761148573 -9.19120103926126575 -1.52286791801452637 2.27360010147094727 46
12.9743220582875498 -9.16269140302931362 -1.70666420459747314 2.27360010147094727 50
15.8973578839168255 -2.16404361537423462 -0.439828813076019287 5.19680023193359375 48
15.8831687936076538 -2.11791478946727718 -0.917567133903503418 5.1156001091003418 50
15.8810651169217572 -2.05373555342281389 -1.08465874195098877 5.03439998626708984 49.5
15.8877483724394768 -2.11791478946727718 -0.834527313709259033 4.95320034027099609 45.5
14.4120962400533532 -7.00556473447840755 -0.903364598751068115 3.5728001594543457 45.5
12.9731051702934064 -9.17763075435820141 -2.25214838981628418 2.27360010147094727 48.5
15.9699283956356091 -2.12781143583008747 -0.670411169528961182 5.19680023193359375 50
15.9637801940802042 -2.09960181452173389 -0.874654293060302734 5.1156001091003418 53.5
15.9522820343923719 -2.12781143583008747 -1.00635337829589844 5.03439998626708984 53
15.9725477191120451 -2.02706278830025388 -0.885633170604705811 4.95320034027099609 46.5
16.0463881234007779 -2.10936750369743553 -0.709943473339080811 5.19680023193359375 47.5
16.0380310898292748 -2.10936750369743553 -0.878722488880157471 5.1156001091003418 52.5
16.0362316138877823 -2.13770833388147041 -0.842326641082763672 5.03439998626708984 52.5
16.0171148359506184 -2.33204545514342199 -0.673529386520385742 4.95320034027099609 46
13.3559214928888803 -9.06906565889108585 -1.34589529037475586 2.43600010871887207 47
13.3794212402481545 -8.92128847293147764 -1.96003246307373047 2.35480022430419922 45
16.1241843881903044 -2.11913319287313762 -0.628974318504333496 5.1156001091003418 48
16.1258393402774196 -2.13540292947868959 -0.522522151470184326 5.03439998626708984 47
13.3733332030642931 -9.17613144553128102 -1.35212624073028564 2.43600010871887207 45.5
13.8505054718632046 -8.91948863507844791 -0.925322532653808594 2.59840011596679688 46
13.8324987011992988 -9.0138835037432905 -1.46374249458312988 2.59840011596679688 45
14.3355356515105097 -9.1224487746297136 -1.06020474433898926 2.67960023880004883 45
14.6208789657050851 -8.97318123313980465 -0.832210898399353027 2.92320013046264648 45
14.5896269993445475 -9.10505358587758451 -1.34286701679229736 2.84200000762939453 45
14.7142436086761812 -9.54411212818618893 -0.635204195976257324 2.76080012321472168 47
15.1949524036647112 -8.80964917935289904 -1.46428406238555908 3.08560013771057129 46.5
15.1704658272886235 -8.88012637278772132 -1.28099608421325684 3.00440025329589844 47.5
14.8324293561356075 -9.39769326207470534 -1.52414989471435547 2.76080012321472168 45.5
15.2183577552545355 -8.91791452898391057 -1.47051513195037842 3.08560013771057129 48
15.2630301991990542 -8.85819635133446504 -1.36466419696807861 3.00440025329589844 47.5
14.7750886139516044 -9.72079225071535014 -0.702133595943450928 2.59840011596679688 46.5
15.2820960498354417 -8.97569309295952067 -1.35836422443389893 3.08560013771057129 48
15.2577498445145068 -9.02677969061803864 -1.29189825057983398 3.00440025329589844 47.5
14.953445418531663 -9.57096301350224543 -0.861283779144287109 2.67960023880004883 45.5
15.3165767411384515 -9.04033097351055659 -1.51571989059448242 3.08560013771057129 45
15.325530710523708 -9.04033097351055659 -1.42233216762542725 3.00440025329589844 47.5
15.5843199836459458 -9.51292219384746218 -1.23422372341156006 2.84200000762939453 46.5
16.5601701724079113 -8.57605342213476618 -0.983731985092163086 3.49160003662109375 47
16.5160712521715318 -8.66239736135081628 -0.968474209308624268 3.4104001522064209 48.5
16.2366565036604769 -9.18512823660474531 -0.871828615665435791 3.16680002212524414 45.5
16.6007016486859733 -8.69718557280796745 -0.581540107727050781 3.49160003662109375 47.5
16.6007016486859733 -8.69718557280796745 -0.581540107727050781 3.4104001522064209 49.5
16.6269001257119093 -8.62220983511134698 -0.875329911708831787 3.32920026779174805 45.5
16.3018629605157876 -9.22201573668431074 -0.875329911708831787 3.16680002212524414 45.5
16.7018468567671086 -8.66610848075268159 -0.572321295738220215 3.49160003662109375 45
16.702581450120924 -8.65669902529040947 -0.682634294033050537 3.4104001522064209 45.5
17.2390020959494699 -8.58905249505551005 -0.755418598651885986 3.5728001594543457 45.5
17.1455986712479493 -9.58609866332712102 -0.507680177688598633 3.24800014495849609 47
17.259027202360862 -9.52902282290315839 -0.631942868232727051 3.32920026779174805 47
17.2296489207264329 -9.57092488911871797 -0.782462418079376221 3.24800014495849609 47.5
17.3469894793629393 -9.50092603005444047 -0.924348413944244385 3.24800014495849609 45.5
17.2702221937015175 -9.63700700183907699 -0.952664315700531006 3.16680002212524414 45
17.3745417260719606 -9.64370740139174032 -0.373963266611099243 3.24800014495849609 45.5
17.2586348253952337 -9.76291882432936653 -1.35667073726654053 3.16680002212524414 48.5
17.207494912818742 -9.85481096284378744 -1.34179997444152832 3.08560013771057129 47.5
17.3732703346643369 -9.78480274196564714 -0.655464470386505127 3.24800014495849609 47
17.2350511769262269 -9.89199930703686192 -1.76178956031799316 3.16680002212524414 46
17.7151093683454874 -9.43138566319655425 -1.11079216003417969 3.4104001522064209 47.5
17.6418766544617434 -9.59966870965039298 -0.787751615047454834 3.32920026779174805 49
17.5825163884150619 -9.64487908033948393 -1.35699009895324707 3.24800014495849609 45
17.6970668029035458 -9.63548873271136408 -1.00093138217926025 3.4104001522064209 46
17.7294029254444858 -9.60019390218861268 -0.731588184833526611 3.32920026779174805 49
18.0049994815210255 -9.42774951481322354 -0.207850649952888489 3.49160003662109375 45.5
17.9551744933089239 -9.52172223357617931 0.23279145359992981 3.4104001522064209 46.5
20.8160724987365775 -2.04475717422646497 -0.604794442653656006 -5.03439998626708984 45.5
20.8043788116181396 -2.20948825092245915 -0.38944011926651001 -5.1156001091003418 47.5
20.8348496265714367 -1.94016601441948477 0.0213990062475204468 5.19680023193359375 48
20.8880935458315946 -2.12818631451857065 -0.397991865873336792 -5.03439998626708984 49
20.8984126286466676 -2.06258254403402752 -0.0458155125379562378 -5.1156001091003418 54.5
20.8936709567047849 -2.09932065550537139 -0.217617154121398926 5.19680023193359375 54.5
20.8959534876735447 -2.01534782928515677 -0.545421838760375977 5.1156001091003418 49
20.9731180749251429 -2.02254557332252594 0.439638525247573853 -5.03439998626708984 49
20.9725166270808323 -2.06994898519727277 -0.156613469123840332 -5.1156001091003418 56
20.9774491076378879 -2.02254557332252594 -0.107762075960636139 5.19680023193359375 56.5
20.9756274130852773 -1.98567625297550099 -0.485605031251907349 5.1156001091003418 50
19.3155452487475969 -8.42727322217719177 -0.215520411729812622 3.89760017395019531 46
21.0430707189260389 -2.06674384658260202 0.490217417478561401 -5.03439998626708984 46.5
21.0523800699662686 -2.02974331735989555 0.00144124566577374935 -5.1156001091003418 54.5
21.0512389369533359 -2.02974331735989555 -0.219171583652496338 5.19680023193359375 55
19.3379837505120165 -8.55505093527862215 -0.419576883316040039 3.89760017395019531 46.5
21.122809617460085 -2.07407261311263769 0.160620793700218201 -5.1156001091003418 50
21.1193131554448925 -2.10589981433687257 0.201138213276863098 5.19680023193359375 50
22.1424017301321534 8.01912413470243024 0.101151332259178162 -4.62840032577514648 46.5
22.1392245632566969 8.01912413470243024 -0.38853028416633606 -4.70960044860839844 46.5
22.1969566224049402 8.06237537369789514 -0.65868377685546875 -4.38479995727539062 49
22.1827697403412643 8.12437093680578926 0.244820058345794678 -4.46600008010864258 53.5
22.1837925205838111 8.12437093680578926 0.120801642537117004 -4.54720020294189453 55
22.208171957448684 8.044662355667068 0.47028765082359314 -4.62840032577514648 55
22.2358455627426537 7.93543207781030446 0.85830312967300415 -4.70960044860839844 53.5
22.2154549633448077 8.02990150730804686 0.367220968008041382 -4.79080009460449219 50.5
22.2429709278883081 8.17681672854887331 -0.282757669687271118 -4.38479995727539062 54.5
22.2531919479448952 8.15016285293969567 0.245597273111343384 -4.46600008010864258 58.5
22.2531919479448952 8.15016285293969567 0.245597273111343384 -4.54720020294189453 59.5
22.232723953576297 8.15016285293969567 0.985349357128143311 -4.62840032577514648 57.5
22.2739928653828763 7.960624181941097 1.47910618782043457 -4.70960044860839844 55
22.3144712937872995 7.960624181941097 -0.618778526782989502 -4.79080009460449219 55.5
22.334750243236126 7.865854846441799 -0.988577783107757568 -4.87200021743774414 53
22.3564526533217176 8.0808855275727467 -0.372793704271316528 -4.30360031127929688 48.5
22.3235779338928708 8.17595476907360208 -0.249615877866744995 -4.38479995727539062 57
22.3151318653573369 8.20269299324571932 -0.0372792705893516541 -4.46600008010864258 61.5
22.3164320628070811 8.17595476907360208 0.617496252059936523 -4.54720020294189453 61.5
22.4364016247153479 7.85806699280511634 -0.330653756856918335 -4.70960044860839844 63
22.4520112325294789 7.79567780307017877 -0.62073671817779541 -4.79080009460449219 63.5
22.4847954977668465 7.70060856156932338 -0.62073671817779541 -4.87200021743774414 58
22.6289473842238955 7.2252623540650438 0.988467574119567871 -4.95320034027099609 46.5
22.4612195397728058 8.01100774954086248 -0.373969703912734985 -4.30360031127929688 51.5
22.3784402895453454 8.20174602929183472 -0.871352255344390869 -4.38479995727539062 58.5
22.3818069441843122 8.22856859988181633 -0.409737318754196167 -4.46600008010864258 62
22.4476158795222922 8.01100774954086248 0.866477429866790771 -4.54720020294189453 62
22.5345010446459959 7.79344689919990863 0.530039131641387939 -4.62840032577514648 64.5
22.5071778323886917 7.8828554678331777 -0.331696838140487671 -4.70960044860839844 67
22.533049851714047 7.79344689919990863 -0.588559746742248535 -4.79080009460449219 65.5
22.5359709498853356 7.79344689919990863 -0.463386893272399902 -4.87200021743774414 58
22.3242889061059273 8.39248430904280696 0.121952138841152191 -4.95320034027099609 48.5
22.5336124704579213 8.03619985367165413 0.247928887605667114 -4.30360031127929688 53.5
22.4721984573976741 8.1468171879669864 -1.01751947402954102 -4.38479995727539062 59.5
22.4321437277408577 8.25444486457866233 -1.03381562232971191 -4.46600008010864258 60.5
22.5437385181810725 7.90764457327437853 1.28634357452392578 -4.54720020294189453 60
22.6267440005076246 7.7491927160405254 0.621392130851745605 -4.62840032577514648 65
22.623947850831339 7.78207895056075838 -0.0440400280058383942 -4.70960044860839844 66
22.5936639309089529 7.8448617619175689 -0.624653041362762451 -4.79080009460449219 65
22.5834403176531566 8.06139131714062707 -1.00109148025512695 -4.38479995727539062 59.5
22.4357486161018151 8.25332920564397554 -2.12596654891967773 -4.46600008010864258 58.5
22.7138314688860667 7.73149807127549771 0.55300295352935791 -4.62840032577514648 61.5
22.6747667837065023 7.8424621630664948 -0.592261314392089844 -4.70960044860839844 63
22.6850444008043155 7.80647380897211818 -0.669139087200164795 -4.87200021743774414 57
22.6042132206024178 8.06139131714062707 -0.251978158950805664 -4.95320034027099609 52
22.5124782960667034 8.31630882530913595 0.165258914232254028 -5.03439998626708984 49
22.6943024619303522 7.9752725631661221 -0.984540164470672607 -4.38479995727539062 57
22.4755283613240735 8.08658342127141871 -3.01055741310119629 -4.46600008010864258 54.5
22.1246702940785553 8.19789427937671888 -4.78530645370483398 -4.54720020294189453 51.5
22.5977841730936433 7.99031457101818887 -2.2584679126739502 -4.62840032577514648 57.5
22.6591956166975237 8.08658342127141871 -0.879572570323944092 -4.79080009460449219 57.5
22.5225835128893657 8.47165882228434342 -0.754901647567749023 -4.87200021743774414 56.5
22.4218229457500655 8.72737295576949101 -0.836923301219940186 -4.95320034027099609 51.5
22.2738143180350718 9.11244835678241571 0.66794896125793457 -5.03439998626708984 48
22.2528487705048867 9.18765839604275136 -0.0574461929500102997 -5.1156001091003418 50.5
22.2813106998475305 9.11244835678241571 -0.334826052188873291 5.19680023193359375 50.5
22.0485178357805012 8.22343314982181184 -5.42775630950927734 -4.62840032577514648 48.5
22.6935350598159502 8.22343314982181184 -0.775355398654937744 -4.70960044860839844 53
22.5997840457355395 8.49805055042136459 -0.505430698394775391 -4.79080009460449219 57.5
22.3563744252367336 9.07746308795009504 -1.00734829902648926 -4.87200021743774414 54.5
22.3214021030362062 9.21628067506635418 0.194282606244087219 -4.95320034027099609 53
22.4046111935571197 9.01408984165789029 -0.0461009256541728973 -5.03439998626708984 54
22.3201016577500724 9.21628067506635418 -0.309529513120651245 -5.1156001091003418 53.5
22.244693171445693 9.40036486667704274 -0.171231105923652649 5.19680023193359375 50.5
22.5964143418072325 8.69093460753317437 -0.84874117374420166 -4.79080009460449219 55
22.4779844764095706 9.02392060782180216 -0.399666488170623779 -4.87200021743774414 55
22.4753629957199763 9.02392060782180216 -0.526815116405487061 -4.95320034027099609 55.5
22.4225029077491413 9.16922358976592911 -0.0858825072646141052 -5.03439998626708984 53.5
22.1864974814744116 9.68686546294188666 0.880101263523101807 -5.1156001091003418 50
22.0892785524946298 9.9441728268012799 0.166808217763900757 5.19680023193359375 49
22.1543178409162884 9.77162553574262738 -0.743097424507141113 5.1156001091003418 48
22.1981580347708167 9.68686546294188666 -0.507000327110290527 5.03439998626708984 46.5
22.4654814642755554 9.23101325994271171 -0.76195681095123291 -4.87200021743774414 54.5
22.4879698468030185 9.16117335698919888 -0.92421489953994751 -4.95320034027099609 55
22.3680640828730475 9.49519028415817878 0.0331352613866329193 -5.03439998626708984 52
22.3144852539123413 9.61968750246661664 0.124253123998641968 -5.1156001091003418 54.5
22.3184208246356768 9.60450491486802704 -0.362804204225540161 5.19680023193359375 56.5
22.2636534060120823 9.71685606309759109 -0.634443819522857666 5.1156001091003418 54.5
22.3090343344700237 9.61968750246661664 -0.508570015430450439 5.03439998626708984 51
22.6567178876877477 8.96709893019303372 -0.636402010917663574 -4.87200021743774414 55
22.6567178876877477 8.96709893019303372 -0.636402010917663574 -4.95320034027099609 56
22.5017226876483818 9.3569727967231664 -0.510139703750610352 -5.03439998626708984 53.5
22.387305537006835 9.63414874870943194 -0.363923996686935425 -5.1156001091003418 56
22.3381357083796495 9.74684666325329729 -0.383863657712936401 5.19680023193359375 58
22.3381357083796495 9.74684666325329729 -0.383863657712936401 5.1156001091003418 57
22.4371020167284563 9.52449672374783241 0.0332375317811965942 5.03439998626708984 51
22.7648818322275517 8.8969212156518882 -0.638360142707824707 -4.87200021743774414 50
22.7706019540745075 8.8969212156518882 -0.383377760648727417 -4.95320034027099609 52.5
22.3112962500146921 9.95098640088536968 -0.993215322494506836 -5.03439998626708984 45.5
22.4522000671449291 9.67906813570919589 -0.130017936229705811 5.19680023193359375 59.5
22.5061381948762751 9.55380241804376773 0.0333397984504699707 5.1156001091003418 57.5
22.5216426585304106 9.51713928116608088 -0.0466736070811748505 5.03439998626708984 50
22.3013332799636999 9.99987058338895274 -0.675019264221191406 4.95320034027099609 53.5
22.2924845484146381 10.0365337202666378 -0.340041399002075195 4.87200021743774414 51.5
22.8433453238562976 8.92421266179357886 0.125403612852096558 -4.87200021743774414 47.5
22.8314995425588982 8.90888949444846823 0.911051511764526367 -4.95320034027099609 46.5
22.6216610346766629 9.35939061439477804 -1.4621654748916626 -5.03439998626708984 48
22.6460122871206089 9.41455401683718307 -0.0016704523004591465 -5.1156001091003418 55.5
22.6229371166460389 9.4697174192795881 0.0535067617893218994 5.19680023193359375 56.5
22.6617383358598232 9.35939061439477804 -0.568442821502685547 5.1156001091003418 55
22.5123457841063903 9.7087588298633456 -0.64031827449798584 5.03439998626708984 54.5
22.374394757389144 10.0029636428895063 -0.896013200283050537 4.95320034027099609 55
22.3478826931196828 10.1010319138982272 -0.130416765809059143 4.87200021743774414 55
22.3022490488564564 10.199100184906948 0.252474337816238403 4.79080009460449219 48.5
18.660342442404378 13.729557941220893 -8.04776859283447266 4.38479995727539062 48
18.8427931828359654 13.6314896702121704 7.78506946563720703 4.14120006561279297 48
22.87167711174828 9.04987158326831675 0.382376134395599365 -4.87200021743774414 50.5
22.8242965933572002 9.1636097791178166 0.489696353673934937 -4.95320034027099609 50.5
22.9001014415691415 8.85313524450161538 -1.53861939907073975 -5.1156001091003418 47.5
22.6152552909335469 9.31116203319284352 -2.64811253547668457 5.19680023193359375 49
22.5744613689943776 9.72307874248562776 -1.00768578052520752 5.03439998626708984 51.5
22.4747616468094584 9.96899916594400537 -0.814947903156280518 4.95320034027099609 54
22.3948844235360767 10.1749575205903966 -0.315297126770019531 4.87200021743774414 54.5
22.9270951541284234 9.07746293541156568 0.896449923515319824 -4.87200021743774414 48
22.8962683296547453 9.19154789757536683 0.363356798887252808 -4.95320034027099609 50.5
22.6614422422344397 9.52763602935521092 -2.13045740127563477 -5.1156001091003418 45
22.5260343822772278 9.99939276478930417 -1.20234394073486328 5.19680023193359375 51
22.4849491552232799 10.1628117646455571 -0.00336320092901587486 5.1156001091003418 52.5
22.4992176743924297 10.1288946137319957 -0.215327128767967224 4.95320034027099609 56.5
22.4645111572787499 10.2059790476264549 0.198506131768226624 4.87200021743774414 55.5
22.2998285546376209 10.3940650663289365 1.88062942028045654 4.79080009460449219 50
22.4565808485931235 10.3483395537222869 1.08463680744171143 5.1156001091003418 49
22.6050488375922498 10.0545283589812193 0.693421542644500732 5.03439998626708984 50
22.5312957613315668 10.2370005746625132 0.32734254002571106 4.95320034027099609 56.5
22.5223691843618035 10.2370005746625132 0.713662147521972656 4.87200021743774414 57.5
22.4500268061428194 10.3483395537222869 1.21273887157440186 4.79080009460449219 54.5
22.4785360923289268 10.2926700641924 1.1571192741394043 4.70960044860839844 50
22.5400032575805866 10.3796976775196015 0.700599074363708496 5.19680023193359375 47
22.6267211766042102 10.060179189538573 1.76209366321563721 5.1156001091003418 50.5
22.3895121688106968 10.1532428268146013 3.44994330406188965 5.03439998626708984 48.5
22.5438052151285149 10.2680213127883686 1.62025606632232666 4.95320034027099609 55.5
22.5749364848852707 10.2680213127883686 1.10483157634735107 4.87200021743774414 59
22.5584824736033731 10.3238594951539842 0.901899456977844238 4.79080009460449219 57
22.5891158228009488 10.2804297977585044 0.570320069789886475 4.70960044860839844 52.5
22.4974750630114997 10.2990428398244269 2.79345798492431641 5.03439998626708984 51.5
22.591443938002886 10.3550497193159181 1.55230307579040527 4.95320034027099609 56.5
22.6491528285437624 10.2990428398244269 0.977568745613098145 4.87200021743774414 58.5
22.6656069325751908 10.2990428398244269 0.458327800035476685 4.79080009460449219 56.5
22.679716986738697 10.2741508933837622 -0.286887973546981812 4.70960044860839844 51
22.6889345704125276 10.3300635779502805 1.50089430809020996 5.03439998626708984 53
22.7046459093716742 10.3300635779502805 1.24076974391937256 4.95320034027099609 55.5
22.7539183244863032 10.2520419497180288 0.951590061187744141 4.87200021743774414 54.5
22.7271165908082118 10.3300635779502805 0.7201499342918396 4.79080009460449219 51.5
23.2373753542890995 9.33123706887138304 -0.67451244592666626 -4.95320034027099609 46
23.2407785303671304 9.33123706887138304 -0.544756174087524414 -5.03439998626708984 47
23.0995534923735342 9.67243292278180888 -0.597684621810913086 -5.1156001091003418 49.5
23.2978712034048527 9.35917518732893328 -0.938475608825683594 -4.95320034027099609 48
23.3071566638939132 9.3780128428552576 -0.308321386575698853 -5.03439998626708984 50.5
23.3027480327857859 9.35917518732893328 -0.80837094783782959 -5.1156001091003418 49.5
23.1175756522334268 9.77988282741684856 -1.09422647953033447 5.19680023193359375 47.5
23.2188517653306086 -9.58836666289921524 -0.462468534708023071 4.06000041961669922 47.5
23.1274775862762496 -9.81755813846949721 -0.0325462110340595245 3.97880029678344727 48.5
23.3893422622554006 9.37136768989764235 -0.395137786865234375 -4.95320034027099609 49.5
23.3746047268667141 9.40600648176218357 -0.44151732325553894 -5.03439998626708984 51.5
23.2663399570479719 9.61698821402802473 -1.10950660705566406 -5.1156001091003418 49.5
23.2692962857022287 -9.67366987344272644 0.0034355593379586935 3.97880029678344727 45
23.9548471116820352 8.02853368478625917 0.730523109436035156 -4.38479995727539062 47.5
23.4413343250741271 9.43400083259502509 -0.573765456676483154 -4.95320034027099609 49
23.2874351404920219 9.7593112061327858 -1.13002312183380127 -5.03439998626708984 49
23.0093792357469304 10.4541488971843091 -0.323948591947555542 5.19680023193359375 48.5
23.0767487742281574 10.3088646526917191 0.129238590598106384 5.1156001091003418 50
23.0223879785008343 10.4099319532083037 0.654732167720794678 5.03439998626708984 49.5
23.0643565236654808 10.3372898309620087 -0.0396312735974788666 4.95320034027099609 51.5
23.075583834313349 10.3088646526917191 -0.265364527702331543 4.87200021743774414 48
24.0758626884269162 7.93515103820300904 0.0933287590742111206 -4.30360031127929688 46.5
24.0594786688612778 7.97316373778721577 0.438961327075958252 -4.38479995727539062 50.5
24.010607032770185 8.05235686192097866 1.1281965970993042 -4.46600008010864258 50
23.1130664283169267 10.4059765111764015 -0.352558255195617676 5.19680023193359375 49.5
23.0535598404877717 10.5421886846864723 -0.134803861379623413 5.1156001091003418 53
23.1000382259915611 10.4408214857952579 -0.00345520325936377048 5.03439998626708984 56.5
23.1327957022919364 10.3679638115921957 -0.0397488735616207123 4.95320034027099609 56.5
23.1308301839917121 10.3679638115921957 -0.304171770811080933 4.87200021743774414 53
23.14214307511482 10.3394542869040418 -0.399218171834945679 4.79080009460449219 46.5
24.1198311751461816 8.03170128652907778 0.395199745893478394 -4.30360031127929688 48.5
24.1036380044733463 8.07618064491966692 0.469724714756011963 -4.38479995727539062 51
24.184180226564866 7.84425256188302811 -0.154269754886627197 -4.46600008010864258 47
24.0511910317929889 8.21597291414722974 0.68461078405380249 -4.54720020294189453 45.5
23.0934004247657931 10.6305666553505933 -0.341469794511795044 5.19680023193359375 53
23.1679880813922807 10.4717118039556336 -0.135202690958976746 5.1156001091003418 58
23.1992652879410777 10.3986385723139545 -0.30507168173789978 5.03439998626708984 59.5
23.2416384360914172 10.303325661476979 -0.313736379146575928 4.95320034027099609 58.5
23.2106116494962365 10.370044699062861 -0.400399297475814819 4.87200021743774414 55
23.2519390960124497 10.2842630793095839 0.109204784035682678 4.79080009460449219 48
24.1794862342668182 8.07451267519477334 0.636228501796722412 -4.30360031127929688 46.5
23.9375144635982373 8.66719592601806887 1.4578176736831665 -4.70960044860839844 48.5
23.3722144478421967 10.1967010894330201 0.130389079451560974 -5.1156001091003418 49
23.3121654299537013 10.3337192603222761 0.0851871222257614136 5.19680023193359375 55
23.2690762519837726 10.4293133330357115 -0.172112345695495605 5.1156001091003418 58.5
23.311620103159516 10.3337192603222761 -0.180803030729293823 5.03439998626708984 59.5
23.2764270144575249 10.4006351112216819 -0.533684611320495605 4.95320034027099609 58.5
23.3202620034474606 10.3146004457795897 -0.156463593244552612 4.87200021743774414 54
24.0227292129655865 8.47217426475047297 2.28285074234008789 -4.46600008010864258 48
24.0234102434116394 8.72784153792287576 0.883843421936035156 -4.54720020294189453 47.5
24.0317396687625511 8.72784153792287576 0.617182314395904541 -4.62840032577514648 48
24.0523812251554112 8.59042037859270913 1.32978498935699463 -4.70960044860839844 48.5
23.3807295710444727 10.3641120862262479 0.0854376703500747681 5.19680023193359375 52
23.3340152895708108 10.4599873136659003 -0.439372390508651733 5.1156001091003418 55.5
23.3801826403725457 10.3641120862262479 -0.181334793567657471 5.03439998626708984 57
23.3891183226595238 10.3449370407383192 0.109849058091640472 4.95320034027099609 55.5
23.3807295710444727 10.3641120862262479 0.0854376703500747681 4.87200021743774414 50
24.0401650535081259 8.84959303005937237 1.29526305198669434 -4.54720020294189453 48
24.0998618759727812 8.73420536288003824 0.912648320198059082 -4.62840032577514648 49
24.0825390158217445 8.75343664074326 1.15377891063690186 -4.70960044860839844 47.5
23.3485158407207862 10.609254954544193 -0.46164277195930481 5.1156001091003418 49.5
23.4574396561101111 10.3752744072083249 -0.157383963465690613 5.03439998626708984 51
23.4579562246870985 10.3752744072083249 -0.0227321963757276535 4.95320034027099609 50.5
24.1213182450940131 8.77903109265314185 1.69299602508544922 -4.54720020294189453 46.5
23.9848013893182532 -9.49132900749691011 -0.532927751541137695 4.14120006561279297 46
24.1010659514155492 9.71394149321978162 1.4417717456817627 -4.95320034027099609 46
23.903395362159241 10.2407772889685607 1.02705574035644531 5.19680023193359375 48
23.782969315692231 10.5269596965357994 0.924217581748962402 5.1156001091003418 52
23.8525512573171206 10.3025666724205784 1.48783159255981445 4.95320034027099609 50
24.4839794049966919 8.97549564232095776 -1.08868694305419922 -4.70960044860839844 45.5
24.3807444428109257 9.24293410259360293 -1.1651301383972168 -4.79080009460449219 48
24.0417667733144249 10.0778639297862505 1.28066563606262207 -5.1156001091003418 52
23.8300476217218176 10.5409890683071712 1.4921191930770874 5.1156001091003418 55.5
23.9037186217302065 10.4366228399080896 0.948220610618591309 5.03439998626708984 56
23.9677803149696835 10.3322566115090098 -0.0017777289031073451 4.95320034027099609 54.5
23.9673788152007496 10.3322566115090098 -0.138792142271995544 4.87200021743774414 49
24.4913894196734461 9.21061982725614037 -0.683397829532623291 -4.70960044860839844 47.5
24.3333223004145296 9.48863924675783643 -1.72795331478118896 -4.79080009460449219 47
24.2760401876556209 9.76992948295955088 -0.59419625997543335 -4.95320034027099609 49
23.8460540502213441 10.5712795744644357 2.17817592620849609 -5.1156001091003418 50
23.8344127769149559 10.6072585581646539 2.13015556335449219 5.19680023193359375 51.5
23.8637990033699978 10.5876336579645347 1.88461816310882568 5.1156001091003418 55
24.0799360357736916 10.2572811712625214 -0.274813681840896606 4.95320034027099609 56
24.0911354020573683 10.2278438209623417 -0.372955262660980225 4.87200021743774414 51
24.3780237268528452 9.65687571700194169 -1.23261070251464844 -4.79080009460449219 45.5
24.4388547938413474 9.53550873278690503 -0.937573552131652832 -4.87200021743774414 50
24.4076088455811906 9.65687571700194169 -0.275601118803024292 -4.95320034027099609 49.5
24.0352423789780438 10.496604040219502 1.09136795997619629 -5.03439998626708984 51.5
23.98858610165831 10.6179710244345404 0.932207942008972168 -5.1156001091003418 53.5
23.9155311429176933 10.7754200850378332 1.00016975402832031 5.19680023193359375 54.5
23.9006915042237083 10.7360578198870105 1.59895336627960205 5.1156001091003418 53
24.1505068297787417 10.2866719594151128 -0.00178794586099684238 5.03439998626708984 54
24.1039514987328971 10.3916379998173074 -0.275601118803024292 4.95320034027099609 55
24.0957832009964292 10.3916379998173074 -0.685355961322784424 4.87200021743774414 50.5
24.068582673589038 10.6318598164593894 0.82007145881652832 -5.03439998626708984 50.5
24.0738365875877953 10.6187015741122863 0.836215794086456299 -5.1156001091003418 55.5
24.0662231664964388 10.6483076193932682 0.660401284694671631 5.19680023193359375 55.5
24.0571238682922477 10.6483076193932682 0.934871375560760498 5.1156001091003418 50
24.1728188757335651 10.4213279389057387 -0.276388555765151978 5.03439998626708984 48.5
24.351811414031495 10.1937018864125797 0.1943855881690979 -5.03439998626708984 50.5
24.2356849888504691 10.4345239698132648 0.843995928764343262 -5.1156001091003418 54.5
24.1878259510736022 10.5565844778382694 0.683874547481536865 5.19680023193359375 52.5
24.2582028255768556 10.4147303739173189 0.18178480863571167 5.1156001091003418 46
24.2791459644953846 10.4641670497806594 1.39640843868255615 -5.1156001091003418 48
24.2626504665985863 10.5865743153013305 -0.416934967041015625 5.03439998626708984 48
24.1861831705057888 10.7089815808220035 -1.12777352333068848 4.95320034027099609 48.5
24.3286320720868652 10.6165649154570367 -0.555659830570220947 4.95320034027099609 48.5
24.5476651193291566 10.3071965585525884 -0.254125744104385376 -5.1156001091003418 46.5
24.5789283935370548 10.2206932949882336 0.551785051822662354 5.19680023193359375 47.5
24.5817273345558149 10.3929496171347289 0.784445583820343018 -5.1156001091003418 50.5
24.4313511115651494 10.8303302751907502 1.64732992649078369 -5.1156001091003418 46
24.6143021373942368 10.4924052341668812 0.972743570804595947 5.1156001091003418 45.5
24.648792181240271 10.6123847112396668 0.858382165431976318 -5.1156001091003418 47
24.3256343092887626 -11.3505208593499169 -0.593049108982086182 3.73520016670227051 45.5
24.413635166048163 -11.6926165747465696 -0.559264302253723145 3.73520016670227051 48
24.4196058300938681 -11.6926165747465696 0.145823925733566284 3.65400028228759766 49.5
24.2043312113227564 -12.1256764478853309 -0.417154103517532349 3.5728001594543457 46.5
24.0331789609750501 -12.4132552698915397 -1.17177367210388184 3.49160003662109375 45.5
25.5719237344946428 9.01088456575854302 -1.4153745174407959 -4.62840032577514648 48.5
25.5818481573851777 9.02106252272288067 -1.14543235301971436 -4.70960044860839844 50.5
25.5863772900466486 8.99392130415131774 -1.25268340110778809 -4.79080009460449219 47
24.8845019628012381 10.8564874286247512 -0.144375741481781006 -5.1156001091003418 47.5
24.6510582034804138 -11.3518146675557556 -0.764362633228302002 3.81640005111694336 46.5
24.5974301389939356 -11.4773428034492291 -0.599675416946411133 3.73520016670227051 51
24.2745964037012669 -12.1592659200597204 -0.13697388768196106 3.5728001594543457 45.5
25.5547462835554455 9.14464090351376235 -2.12864804267883301 -4.54720020294189453 49.5
25.6415997809483684 9.01876601012462231 -1.53975331783294678 -4.70960044860839844 52.5
25.6570568078227126 9.01876601012462231 -1.25614380836486816 -4.79080009460449219 49.5
24.8362878355770249 -11.1348250287204422 0.612468540668487549 3.89760017395019531 46
24.6143787615950025 -11.5838922159465643 -1.07070183753967285 3.73520016670227051 46
25.6592486692195152 9.07090251760672395 -2.14749956130981445 -4.54720020294189453 50.5
25.6859888709231114 9.06066832898212127 -1.8505021333694458 -4.62840032577514648 52.5
25.7033704856753076 9.04361134794111621 -1.68520355224609375 -4.70960044860839844 52.5
25.7290248747254537 9.02314297069190907 -1.37486803531646729 -4.79080009460449219 49.5
24.9120924082929776 -11.1654997894421992 -0.0967840030789375305 3.89760017395019531 49.5
24.4087098473804822 -12.2264440101927399 -0.137730658054351807 3.65400028228759766 45.5
24.2506004299403415 -12.5368810651390419 -0.158203870058059692 3.5728001594543457 46.5
24.235731463156899 -12.5539380461800469 -0.563911974430084229 3.49160003662109375 47.5
24.0511594755012368 -12.9121346480411621 0.329428613185882568 3.32920026779174805 45
25.670254068196936 9.1950251117753492 -2.42493057250976562 -4.54720020294189453 49
25.7459711906902378 9.08556052711135642 -1.99707913398742676 -4.62840032577514648 50.5
25.751834540178475 9.0479320761331099 -2.0901343822479248 -4.70960044860839844 49
25.718826702525547 8.945309028010616 -2.81320357322692871 -4.79080009460449219 45.5
25.3313093333103438 10.3204578728520193 1.09711551666259766 -4.95320034027099609 47
25.2828546773263589 10.3991355430792627 1.42337691783905029 -5.03439998626708984 47.5
25.1943348936956504 10.6967423826344916 0.464697748422622681 -5.1156001091003418 48.5
25.3495939452366414 10.4756478499985697 1.07768118381500244 -4.95320034027099609 50.5
25.3666069830897527 10.4276258886691728 1.14125907421112061 -5.03439998626708984 52.5
25.340527880623668 10.5373903717077937 0.568882584571838379 -5.1156001091003418 50
25.3784554534952207 10.6280925666923736 0.776797175407409668 -4.87200021743774414 47
25.4245153096923353 10.5042701290221707 0.938102900981903076 -4.95320034027099609 53
25.4610271583796752 10.4182823250845313 0.906220674514770508 -5.03439998626708984 53.5
25.4294339094903172 10.5042701290221707 0.793678820133209229 -5.1156001091003418 50
25.5049069614055206 -10.3460525697769121 0.290861815214157104 4.14120006561279297 48.5
25.5408524070138903 -10.2531857415242609 -0.403447508811950684 4.06000041961669922 50
25.5304021917379806 10.4466695806081606 0.90868985652923584 -4.87200021743774414 48
25.442826876951866 10.6570515034926441 0.921853125095367432 -4.95320034027099609 52.5
25.49379085724809 10.5328916801509802 0.940658986568450928 -5.03439998626708984 53
25.6104148054269665 10.2811231494859445 0.406429469585418701 -5.1156001091003418 49
25.9949084430467252 -9.27060014284408496 -0.28412926197052002 4.38479995727539062 47
26.0445203241098042 -9.12229813163043346 -0.476043075323104858 4.30360031127929688 46.5
25.5446161107320577 10.6237625679712888 0.716902554035186768 -4.95320034027099609 48.5
25.6044783886733711 10.4750575580680465 0.767829179763793945 -5.03439998626708984 49.5
25.6322388389710412 10.4335584855369081 -0.186792507767677307 -5.1156001091003418 48.5
25.6003994287194665 10.5130983745549216 -0.00188500573858618736 5.19680023193359375 48
25.5857065889998481 10.7427118748978323 0.168377906084060669 -5.1156001091003418 47
25.6832020287405172 10.5034455355279306 0.336750835180282593 5.19680023193359375 47.5
25.9876301861846706 -9.94074280277861 -0.235226690769195557 4.22240018844604492 45
26.1152157838372609 -9.8176235338818838 -0.140757709741592407 4.30360031127929688 45.5
26.0895711631936855 -9.88037822976607316 -0.349983960390090942 4.22240018844604492 48
26.0537475407621137 -9.92918743767599743 -1.01171302795410156 4.14120006561279297 46.5
26.1290066752872399 -9.95587839301812316 -0.869564473628997803 4.14120006561279297 47.5
26.079381026659938 -10.9176863535455713 0.381675392389297485 4.06000041961669922 45
26.1514955534973197 -10.882878424576834 -1.17674493789672852 4.14120006561279297 46
26.203400228434429 -10.8191115588078297 -0.226136907935142517 4.06000041961669922 49
26.3524704452671195 -10.6097514648338187 -0.980398237705230713 4.06000041961669922 45
27.1651687059865878 -11.6278564021502291 0.221609100699424744 3.97880029678344727 45
27.7870781713340449 10.6641929314968706 2.27504706382751465 -4.79080009460449219 51
27.8107594381352534 10.6641929314968706 1.96446776390075684 -4.87200021743774414 50.5
30.4088311618777141 -1.58288781391106759 0.0020749848335981369 -5.1156001091003418 45
30.1778806133828574 3.96482957234454947 -0.882170617580413818 0.649600028991699219 48.5
30.1702552835408397 4.05995504193055101 -0.689166843891143799 0.568400025367736816 53
30.1702552835408397 4.05995504193055101 -0.689166843891143799 0.487200021743774414 46
30.2412317367797989 3.97459526152025111 -1.20256376266479492 0.649600028991699219 67
30.2412317367797989 3.97459526152025111 -1.20256376266479492 0.568400025367736816 72.5
30.2471759179254782 3.97459526152025111 -1.042427659034729 0.487200021743774414 66
30.321688475396865 3.91553297428063374 -1.27430689334869385 0.649600028991699219 70
30.3279312941257011 3.91553297428063374 -1.11587619781494141 0.568400025367736816 75
30.3334138657847099 3.91553297428063374 -0.955330014228820801 0.487200021743774414 69
30.4799347806038803 4.00389208069556446 0.710631251335144043 0.649600028991699219 61
30.4507750327395712 4.09995475057789438 1.22609472274780273 0.568400025367736816 66
30.482858427379508 4.5798836785860404 -0.0252166297286748886 0.649600028991699219 58
30.4825723039867782 4.5798836785860404 0.134500578045845032 0.568400025367736816 63.5
30.4764020850491697 4.60299495030304318 0.426601827144622803 0.487200021743774414 57.5
30.5438166652520131 4.44816078572057716 -1.44885420799255371 0.649600028991699219 49
30.5239891145719469 4.61419456504868997 -1.34363019466400146 0.568400025367736816 55.5
30.5165293836537188 4.61419456504868997 -1.50356626510620117 0.487200021743774414 49.5
30.6779858988920004 4.2615553793882075 -0.388557463884353638 0.568400025367736816 45.5
30.8347409036250397 3.64331490010787373 -0.21803709864616394 0.649600028991699219 51
30.815772844593301 3.80627467199768255 0.0550391562283039093 0.568400025367736816 58
30.8035508343434543 3.90327453621780762 0.0910282358527183533 0.487200021743774414 52.5
30.8849531125392822 3.73379196609948982 -0.971720516681671143 0.649600028991699219 55
30.8913950013252681 3.76879626578167271 -0.532598018646240234 0.568400025367736816 60
30.8810198119410479 3.8154686653579164 -0.755358755588531494 0.487200021743774414 53.5
30.7892878282274935 3.99230817849430197 -3.08565258979797363 0.649600028991699219 50
30.8664479851328295 4.15995393208341824 -1.84313881397247314 0.568400025367736816 54.5
30.9011247934181448 4.20673879355014879 -0.929413676261901855 0.487200021743774414 48.5
30.8146538907512983 5.17043021545886905 -1.35993635654449463 0.568400025367736816 46
28.3804882449076601 10.0527472764553334 -9.00116062164306641 1.29920005798339844 48.5
28.1383117712895796 10.1548454909818329 -9.62523937225341797 1.21800005435943604 51.5
31.076570756513032 4.52373627440490012 -1.14596116542816162 0.568400025367736816 52.5
31.0869248973397383 4.52373627440490012 -0.818326950073242188 0.487200021743774414 47
28.2077165361182871 10.2459974946787025 -9.57049560546875 1.29920005798339844 50.5
28.1124849328313076 10.2932322122876698 -9.79733085632324219 1.21800005435943604 53.5
28.0837952850036743 10.3286582504943976 -9.84222316741943359 1.13680005073547363 46.5
31.5318860876308023 -1.64136888931443159 -0.163604363799095154 -5.03439998626708984 52
31.5155652240208504 -1.80313841927090213 0.706023514270782471 -5.1156001091003418 52.5
31.5985651736425979 -1.74414192618892061 0.459594845771789551 -5.03439998626708984 54
31.6003127793230689 -1.64526766733467333 0.660240054130554199 -5.1156001091003418 54.5
31.3203498359339783 4.55612584800371057 -1.38346547373657813e-06 0.568400025367736816 46.5
31.6815441203915569 -1.52230739649680435 0.661804616451263428 -5.03439998626708984 51
31.3728684931485304 4.71360285009036506 -0.0259528830647468567 0.568400025367736816 51.5
31.438558755751572 4.74858851790627501 -0.554984807968139648 0.649600028991699219 47
31.422958937853398 4.86779994513404723 -0.377228140830993652 0.568400025367736816 53.5
31.4129351145060092 4.91548451602515613 0.552817761898040771 0.487200021743774414 47.5
31.4752493083042353 5.0266549149847064 -0.239044338464736938 0.568400025367736816 45
33.0262607464644802 4.26102151527296513 -1.45558931308187312e-06 0.568400025367736816 48
32.4216339084441927 8.31151075639210468 1.91887986660003662 -3.81640005111694336 46.5
32.4042729166301697 8.3492141822023509 2.04436945915222168 -3.89760017395019531 46
32.5140332243498662 8.21674160536908893 2.06952428817749023 -3.81640005111694336 46.5
32.5283137807427138 8.19574839738398708 1.9231727123260498 -3.89760017395019531 46
33.1193163966683102 8.38911045375826347 1.54070150852203369 -3.89760017395019531 45.5
31.4466363660312105 13.3636008094254137 1.470816969871521 -4.95320034027099609 50
31.4544180463055447 13.3636008094254137 1.29375696182250977 -5.03439998626708984 53.5
31.5030049797824887 13.2054769750957881 1.67811369895935059 -5.1156001091003418 54.5
31.5030049797824887 13.2054769750957881 1.67811369895935059 5.19680023193359375 53
31.4805541362369254 13.3123174036968859 1.18191373348236084 5.1156001091003418 50
33.2278048654585589 8.36039493126875932 0.890207469463348389 -3.89760017395019531 45.5
33.1626090659822381 8.46746966143357582 1.82181799411773682 -3.97880029678344727 45.5
31.4968678952999888 13.3929072490150674 1.8311532735824585 -4.87200021743774414 48.5
31.5341523406663136 13.3415113785359569 1.54174554347991943 -4.95320034027099609 54.5
31.5811531524046529 13.2344366483711422 1.50205755233764648 -5.03439998626708984 58
31.5811531524046529 13.2344366483711422 1.50205755233764648 -5.1156001091003418 59
31.6084199040929796 13.1573428426524739 1.60243475437164307 5.19680023193359375 57.5
31.6169177550633762 13.1573428426524739 1.42501473426818848 5.1156001091003418 53.5
33.290173587289388 8.42590517132429362 0.831284403800964355 -3.73520016670227051 47
33.2906833946878749 8.40015100370944623 1.04431641101837158 -3.81640005111694336 48
33.3448098585718853 8.24133363675121977 0.355960607528686523 -3.89760017395019531 47.5
33.2776209294803778 8.40015100370944623 1.40005385875701904 -3.97880029678344727 47.5
31.6937075664801284 13.1861338188019506 1.24794554710388184 -4.87200021743774414 51
31.6502592202526642 13.2633963216464945 1.50534439086914062 -4.95320034027099609 56.5
31.6775856372097984 13.1861338188019506 1.60594117641448975 -5.03439998626708984 59.5
31.6937075664801284 13.1861338188019506 1.24794554710388184 -5.1156001091003418 60
31.7348252341815495 13.1088713159574084 0.990476548671722412 5.19680023193359375 59
31.7002119469150827 13.1861338188019506 1.07006478309631348 5.1156001091003418 55
31.6861020832284161 13.1861338188019506 1.42813289165496826 5.03439998626708984 46.5
33.3775250517914728 8.39698346345872082 0.715781569480895996 -3.73520016670227051 48.5
33.3633712109035372 8.41849213011716913 1.04659664630889893 -3.81640005111694336 50
33.4022348206425121 8.25932799684464314 1.07474756240844727 -3.89760017395019531 49.5
33.3573017572065353 8.41849213011716913 1.22487008571624756 -3.97880029678344727 48.5
31.726540881755966 13.214924794951429 1.96805393695831299 -4.87200021743774414 50
31.7273388676014392 13.2923559949218486 1.33041214942932129 -4.95320034027099609 55
31.7552864113934596 13.214924794951429 1.4312511682510376 -5.03439998626708984 57.5
31.7629085006716174 13.214924794951429 1.25067031383514404 -5.1156001091003418 59
31.8091793783833019 13.1374935949810112 0.814330041408538818 5.19680023193359375 57.5
31.8132461967402804 13.1374935949810112 0.635998964309692383 5.1156001091003418 53.5
33.4803375238292844 8.27732144170689388 0.896051287651062012 -3.73520016670227051 47.5
33.4687775088908239 8.27732144170689388 1.25574588775634766 -3.81640005111694336 50
33.4058729765200866 8.43683232365645353 1.76565670967102051 -3.89760017395019531 50
33.4615993680848192 8.27732144170689388 1.43436920642852783 -3.97880029678344727 47.5
31.7793464197888511 13.3213141952470338 1.69283390045166016 -4.95320034027099609 50.5
31.8386386985650525 13.2437143067310288 1.074737548828125 -5.03439998626708984 53
31.8519378966065325 13.1661144182150274 1.5354154109954834 -5.1156001091003418 54.5
31.8145308813070358 13.3213141952470338 0.792589783668518066 5.19680023193359375 53.5
31.7517623112628122 13.4808250771965916 0.585646450519561768 5.1156001091003418 49.5
33.5344087134743631 8.4162891572432379 0.200363680720329285 -3.73520016670227051 45
33.5229586587296993 8.4335710651636564 0.718900442123413086 -3.81640005111694336 48
33.4957057028605902 8.29531580180031725 2.15780997276306152 -3.89760017395019531 46.5
32.2658047653008353 13.2002752387030515 0.96758955717086792 -5.1156001091003418 49
32.1673135383209328 13.4661110886736317 0.439858913421630859 5.19680023193359375 47.5
32.2031007332755124 13.495070761948984 1.531638503074646 -4.95320034027099609 51
32.2539259943710803 13.416458699258019 1.08875584602355957 -5.03439998626708984 52
32.3292595560420182 13.2286632161629374 1.15067791938781738 -5.1156001091003418 53.5
32.2677242582622483 13.416458699258019 0.543253898620605469 5.19680023193359375 51
32.2902382668017296 13.4452496754074957 1.82114255428314209 -4.87200021743774414 52.5
32.3533586570678935 13.2570511936228215 2.06433343887329102 -4.95320034027099609 56
32.3835816806303853 13.2570511936228215 1.51822733879089355 -5.03439998626708984 57
32.4101949309283839 13.2045306870782611 1.40370666980743408 -5.1156001091003418 56
32.4554956571126141 13.07322942071686 1.57548177242279053 5.19680023193359375 51.5
32.4226384993868422 13.2854391710827073 2.06875395774841309 -4.87200021743774414 54
32.4702799404220741 13.1363124190797986 2.26460790634155273 -4.95320034027099609 57.5
32.5051842635417074 13.1012237715497015 1.94452214241027832 -5.03439998626708984 58.5
32.5500104473323759 13.07490728590213 1.24649524688720703 -5.1156001091003418 57
31.1167496211395509 16.1188474591379816 -1.98513650894165039 3.65400028228759766 47.5
32.444048919498556 13.4237134736378589 2.11387228965759277 -4.87200021743774414 52.5
32.5506619849752425 13.129218122382543 2.31491327285766602 -4.95320034027099609 55.5
32.593796763823434 13.1028454043596785 1.80020236968994141 -5.03439998626708984 57
32.6102240880878043 13.129218122382543 1.21560871601104736 -5.1156001091003418 55.5
32.6272675216515893 13.0808681393406268 1.27791810035705566 5.19680023193359375 51
31.2540806561865381 15.9950534808671154 -2.14977431297302246 3.73520016670227051 49.5
31.1832390744044829 16.153289789004301 -1.98937833309173584 3.65400028228759766 51.5
32.572317649291243 13.3422136821299659 1.89523959159851074 -4.95320034027099609 50
32.6440931787306425 13.1572110493635552 1.95283198356628418 -5.03439998626708984 51
32.6067632181257494 13.3422136821299659 1.16055500507354736 -5.1156001091003418 51
32.5443713291414554 13.4523342968718769 1.56879401206970215 5.19680023193359375 48.5
31.2686876693803306 16.0688001031396865 -2.5739741325378418 3.73520016670227051 50
31.2108677721435264 16.1613014195228928 -2.6938021183013916 3.65400028228759766 50.5
24.6222763222643088 25.3076588977337167 3.42660951614379883 0.730800032615661621 46.5
24.852040055561492 25.2101253662683895 3.26012563705444336 0.812000036239624023 46
25.4400074588204035 24.7974671714770487 4.21216821670532227 1.05560004711151123 45
26.8648186403177078 24.3908081034711408 4.17680454254150391 1.46160006523132324 47
30.4434343120132134 -21.6586162271112208 3.21739768981933594 2.35480022430419922 46.5
30.5738556518724316 -21.838099214600156 0.466226637363433838 2.35480022430419922 47.5
30.5012573146642438 -21.9367016836404929 -0.578931331634521484 2.27360010147094727 48
30.5692379784384585 -21.838099214600156 -0.707002222537994385 2.19239997863769531 46.5
22.2566426537390427 30.2608087666673455 2.53926467895507812 -0.812000036239624023 45
30.7204842337526038 -21.7640704842355639 0.31571921706199646 2.35480022430419922 47.5
30.626376464965464 -21.8816886775139672 0.85982358455657959 2.27360010147094727 49.5
30.7204842337526038 -21.7640704842355639 0.31571921706199646 2.19239997863769531 46
29.5888582658820916 -23.0142351927689504 4.24503755569458008 2.03000020980834961 46.5
29.7694081070533585 -22.9293813964826221 3.34687924385070801 1.94880008697509766 47
30.0829077592034864 -22.7718578189012604 2.30249285697937012 2.03000020980834961 46.5
30.0105621126162276 -22.8899446153070976 2.06322216987609863 1.94880008697509766 47
32.7996644529661197 -19.8219828351912817 0.276963979005813599 3.08560013771057129 50.5
32.789152940480669 -19.8219828351912817 0.875238776206970215 3.00440025329589844 51
32.7832543393156683 -19.8219828351912817 1.07375264167785645 2.92320013046264648 47
33.0407790784359889 -19.5008902468359118 1.6069798469543457 3.16680002212524414 50.5
32.9832399627573949 -19.6544405637401276 0.607347548007965088 3.08560013771057129 55
32.9356718661536121 -19.7408126169987526 0.319390088319778442 3.00440025329589844 54.5
32.7379439353510691 -20.0623085930169616 0.539290308952331543 2.92320013046264648 48.5
33.1852164935675447 -19.4283984613201284 1.26673352718353271 3.16680002212524414 49
33.1345321899732781 -19.5389783090336593 0.810478389263153076 3.08560013771057129 54.5
33.0527094210157415 -19.6928285319394334 -0.191485926508903503 3.00440025329589844 52.5
32.7732195289699533 -20.1543792006567628 0.207223474979400635 2.92320013046264648 45.5
33.1226229667926617 -19.6637758187417759 1.52659797668457031 3.08560013771057129 48.5
32.9815912196746552 -19.6441118748751506 4.26779985427856445 3.00440025329589844 47
33.2098472647587002 -19.3969359940188433 4.30755376815795898 3.00440025329589844 45.5
34.8361115034339406 -19.2177825507676197 4.59618234634399414 3.24800014495849609 46
34.8465203502025815 -19.7100436642121188 2.69253921508789062 3.32920026779174805 46.5
34.8764076668406346 -19.5295395757075063 3.49985218048095703 3.24800014495849609 50.5
34.7214879454464338 -19.8955617551751907 2.93267917633056641 3.16680002212524414 47
34.4165884554112367 -20.62760611411057 0.125836372375488281 3.08560013771057129 46
34.2671062015959436 -20.8582502271998003 0.845235705375671387 3.00440025329589844 47.5
34.2853655757467379 -20.752956175572109 1.96064603328704834 2.92320013046264648 46
34.9854333336592518 -19.7167449949648343 1.81921017169952393 3.32920026779174805 48.5
34.9151811896565931 -19.7167449949648343 2.86709141731262207 3.24800014495849609 51
34.8337975462585803 -19.9327500993682669 2.30914855003356934 3.16680002212524414 47.5
34.4043446780160238 -20.7917471424610056 0.290514081716537476 3.08560013771057129 49
34.4019536101704659 -20.7917471424610056 0.498797357082366943 3.00440025329589844 54
34.3795733894694919 -20.7917471424610056 1.3372199535369873 2.92320013046264648 52
34.1828089276975078 -21.0328691194694919 2.27904987335205078 2.84200000762939453 45
35.0807521956735258 -19.6025479429615537 2.67520833015441895 3.24800014495849609 47.5
34.2970118645582431 -21.0419134658593663 -1.74031031131744385 3.08560013771057129 47.5
34.4681061816709189 -20.8305381093499022 -0.337730199098587036 3.00440025329589844 53.5
34.4437150358577284 -20.8305381093499022 1.33971488475799561 2.92320013046264648 52.5
34.3841915515965511 -20.8909310683526073 1.83632147312164307 2.84200000762939453 45.5
34.5295672192914935 -20.8693290762387988 -0.550168216228485107 3.00440025329589844 47
34.5380802536167906 -20.7432761100861107 2.22712802886962891 2.92320013046264648 48
36.5674376057913335 -19.0424784396958344 5.73124837875366211 3.5728001594543457 47.5
36.6032672547608584 -19.0840899741174574 5.3515472412109375 3.49160003662109375 50
36.5654515695085891 -19.3077519716336887 4.77693080902099609 3.4104001522064209 46
36.5442242565287074 -18.8423029367501442 6.95537853240966797 3.5728001594543457 47.5
36.6471046342660927 -19.1497409547999951 5.40065956115722656 3.49160003662109375 51
36.7568989536227733 -19.3425410678143059 3.69953250885009766 3.4104001522064209 46.5
36.6803263275422822 -19.1841832846663145 5.62775373458862305 3.49160003662109375 47.5
35.3164311254213175 -22.3964259761375537 2.97586226463317871 2.84200000762939453 45
40.0977634215944292 -19.304153465707472 4.19632816314697266 3.73520016670227051 51
40.1212294686617952 -19.304153465707472 3.96568584442138672 3.65400028228759766 47.5
40.2699504251616034 -19.3365433138756337 3.03807425498962402 3.81640005111694336 53.5
40.2515767919278673 -19.3365433138756337 3.27254128456115723 3.73520016670227051 56.5
40.296614140828666 -19.1575012461545668 3.73815608024597168 3.65400028228759766 52.5
40.2605675278701725 -19.5314618257299308 3.02180981636047363 3.81640005111694336 53
40.3190005521965418 -19.368933162043799 3.27802300453186035 3.65400028228759766 49.5
40.4097434226724275 -19.609033933643051 -0.891228914260864258 3.73520016670227051 46.5
34.6696318253448155 28.4814083575036818 3.43889760971069336 2.03000020980834961 48.5
34.6551478419827887 28.6107415050303509 2.33367419242858887 1.94880008697509766 46.5
34.6838882734523537 28.4781848828044772 4.2162322998046875 2.11120009422302246 45.5
34.7707394620071426 28.5288778543126327 2.97564578056335449 2.03000020980834961 50
35.0104875934201587 28.3599012826187789 1.31816363334655762 1.94880008697509766 46.5
34.2317600395390897 29.0363614935176919 5.51154041290283203 1.86760008335113525 45
33.9838108668170804 29.6580041101558685 3.28698301315307617 1.78640007972717285 46.5
34.2280499264423241 29.245459464568718 4.2947239875793457 1.70520007610321045 48.5
33.9750748019268656 29.8883300888893402 2.11479330062866211 1.86760008335113525 50
34.1661519535744276 29.4637799455812583 4.08043670654296875 1.78640007972717285 56.5
34.2542862596070563 29.2939598882580228 4.53851890563964844 1.70520007610321045 56
34.4274174510339108 29.0845151508926989 4.57539224624633789 1.62400007247924805 48.5
34.2996674229388105 29.5125590500125163 3.38118076324462891 1.86760008335113525 53
34.3109963426229356 29.3424578451133051 4.54603242874145508 1.78640007972717285 57.5
34.2093628954973994 29.3424578451133051 5.25644826889038086 1.70520007610321045 55.5
34.0485921891614112 29.2744173631536242 6.52628612518310547 1.62400007247924805 48
42.2369595568639227 -15.6808571555872494 5.98770999908447266 4.30360031127929688 45.5
34.4430901057577685 29.4420729788353128 3.54125356674194336 1.86760008335113525 48
34.2192110039164419 29.5613406355782793 4.56896400451660156 1.78640007972717285 49.5
33.9616228423849691 29.3228053220923464 7.24457693099975586 1.70520007610321045 45
42.233794122721477 -16.0460082842833458 6.18000650405883789 4.22240018844604492 46.5
43.1087782292310848 -15.3922193024301119 2.15490865707397461 4.38479995727539062 45
43.008123985943314 -15.6842591775878279 2.05816173553466797 4.30360031127929688 47
42.7889515420086539 -16.2813758739956391 4.20991039276123047 4.30360031127929688 49
42.8925955864105219 -16.0745552912631595 3.94141197204589844 4.22240018844604492 49
42.8904301980777802 -16.1007783222743051 4.6667633056640625 4.30360031127929688 50
42.7535659209170404 -16.3079362992585359 5.17557525634765625 4.22240018844604492 48
41.8993074971936821 -19.4190909421131686 5.44030380249023438 3.89760017395019531 46.5
42.0456232411579549 -19.5236820961999555 3.63886427879333496 3.81640005111694336 46.5
42.1407667361193958 -19.2641726396616093 4.71996736526489258 3.81640005111694336 45
39.5104573250515685 -24.5836450845711916 1.94909071922302246 2.84200000762939453 49
39.5950750762991461 -24.6232326767767233 1.4659496545791626 2.84200000762939453 50.5
39.4512298729478061 -25.0364993639668327 0.00955617055296897888 2.92320013046264648 48.5
40.194819870251699 -23.7023814065800416 3.5796360969543457 3.00440025329589844 45.5
41.6310567311466357 -25.5089112874184956 0.176425248384475708 3.00440025329589844 47
41.590453274246201 -25.5455181919208911 1.24148786067962646 2.92320013046264648 49.5
41.6366184442095815 -25.5480958809344365 2.21291995048522949 3.00440025329589844 51
41.5435043113984079 -25.5847590178121251 3.28137493133544922 2.92320013046264648 53.5
41.2389039696531583 -25.6153116318768603 5.86675024032592773 2.84200000762939453 47.5
47.7397593512346035 -10.703696137243174 2.21297788619995117 4.95320034027099609 45.5
41.7250337693755711 -25.4587626820649575 3.06983327865600586 3.00440025329589844 50
41.633729957505075 -25.5872804744503739 3.23643827438354492 2.92320013046264648 53
41.5141898287469218 -25.6239998437033556 4.30504322052001953 2.84200000762939453 50
47.8093046086150579 -10.8733195480919029 1.3942950963973999 4.95320034027099609 45
47.7399453472884332 -10.8733195480919029 2.92767119407653809 4.87200021743774414 46
41.8515734200692862 -25.4977504622673727 2.05266571044921875 2.92320013046264648 49
41.7682111293556346 -25.5774309324619544 2.66725754737854004 2.84200000762939453 47
45.1438982166199878 -19.7336150769816641 2.83473825454711914 3.97880029678344727 45
43.5863268278754035 -23.1191634136263353 1.0765681266784668 3.32920026779174805 45
45.1957266743766439 -19.7636056771373703 3.09467649459838867 3.89760017395019531 45
42.8968458899414316 -30.3165903677257838 3.57599091529846191 2.43600010871887207 48
42.9238678596681353 -30.2244826712960588 4.00561237335205078 2.35480022430419922 47.5
42.9892140066470034 -30.3165903677257838 2.20332002639770508 2.27360010147094727 46
43.1118210881827579 -30.2411839537001974 2.6014552116394043 2.43600010871887207 53
43.2659898641569356 -30.0764716227976905 1.84007596969604492 2.35480022430419922 55
43.1535825941131037 -30.2411839537001974 1.77900612354278564 2.27360010147094727 52
43.3150442668505917 -30.1192550883323129 2.11608028411865234 2.43600010871887207 53.5
43.3867733787280656 -30.0400807047485259 1.73836326599121094 2.35480022430419922 55.5
43.2729115173353307 -30.1918316066174555 1.93622899055480957 2.27360010147094727 51
43.4075063355113784 -30.0827517055325693 2.56564950942993164 2.43600010871887207 49.5
43.4484029415463837 -30.0827517055325693 1.74083256721496582 2.35480022430419922 49.5
46.0283532448976089 27.8516320885808177 -2.34523749351501465 3.24800014495849609 46.5
46.2426676470164111 27.7219619352989568 -1.00728726387023926 3.24800014495849609 47
46.0750366238643281 27.9712843931516737 -1.61371731758117676 3.16680002212524414 46
46.1788974815040945 27.9292140223586074 1.86249983310699463 3.16680002212524414 46
46.9278580750449947 27.0766265910458799 -2.23229312896728516 3.32920026779174805 45
46.4152585171599057 27.7542198490800587 -3.95953893661499023 3.24800014495849609 46
46.5620785406921769 27.7926078172793609 -2.83444666862487793 3.24800014495849609 47.5
46.5380642081914857 27.9147433008513914 -1.86174404621124268 3.16680002212524414 48
46.6214652672886416 27.9532999661765729 -1.30107593536376953 3.24800014495849609 46.5
46.6702841844939442 27.8309957854786667 -1.99027872085571289 3.16680002212524414 49.5
46.707003265485227 27.8693818011848009 -2.56049537658691406 3.16680002212524414 46.5
47.4495843621329527 27.110028652477002 -1.71440279483795166 3.32920026779174805 45.5
47.3675037252770039 27.4003538487055565 -1.76152467727661133 3.32920026779174805 50
47.261815644614849 27.5850753353260458 -1.71675455570220947 3.24800014495849609 48.5
47.4849621874411838 27.4036325094610831 -0.00747264409437775612 3.32920026779174805 49
47.2215929338503315 27.8420906296124642 0.848447918891906738 3.24800014495849609 49
35.3793317484669316 41.8244678352683721 5.43319272994995117 0 45.5
52.4516689435072152 -20.9416243702020139 7.12227487564086914 4.14120006561279297 45.5
62.0453193377112839 2.32023675214537617 1.18538820743560791 1.78640007972717285 51
62.0506890836628884 2.32023675214537617 0.859431445598602295 1.70520007610321045 61.5
62.0521996578898367 2.23487687163166671 0.969500541687011719 1.62400007247924805 61
62.0506890836628884 2.32023675214537617 0.859431445598602295 1.54280006885528564 46
62.1211879657801873 2.23757602564568048 1.2970118522644043 1.78640007972717285 57
62.1271426875980808 2.23757602564568048 0.970671415328979492 1.70520007610321045 69
62.120254057769877 2.32303899884742515 1.18681991100311279 1.62400007247924805 68
62.1367981282967889 2.12880496884345982 0.466279029846191406 1.54280006885528564 54
62.2034915643850752 2.13137291398179229 1.1161191463470459 1.78640007972717285 53.5
62.2042030329637754 2.32584124554947369 0.538984000682830811 1.70520007610321045 65.5
62.2042030329637754 2.32584124554947369 0.538984000682830811 1.62400007247924805 65
62.2096788454113891 2.2402751796596938 -2.72103397946921177e-06 1.54280006885528564 51.5
62.390903356135901 2.10784922289099264 2.46126890182495117 1.70520007610321045 49
62.4269109946702301 2.2483725044170586 0.975355029106140137 1.62400007247924805 49
62.7718806025730416 2.34825893410948838 -2.07352614402770996 1.70520007610321045 47.5
59.4725418740843637 2.26726644523047716 -20.6609916687011719 1.62400007247924805 47
63.1111974911955258 2.16218786380843397 0.473590999841690063 1.70520007610321045 49.5
63.0021671899239877 2.73824521438513324 3.33941006660461426 1.62400007247924805 49.5
63.1831972559764168 2.27536376998784196 -0.327597320079803467 1.70520007610321045 48.5
63.2331175768504679 2.36787451849564157 3.51525759696960449 1.70520007610321045 46.5
63.1882038197410409 2.74800153149828663 4.01125717163085938 1.62400007247924805 45.5
63.3179730213025422 5.96057136138862909 0.515987634658813477 -2.35480022430419922 53.5
63.3090889390511293 5.96057136138862909 1.17934060096740723 -2.43600010871887207 59
63.2407582680261768 5.96057136138862909 3.16834092140197754 -2.51719999313354492 53.5
63.3890347260923122 5.96760040830012262 0.850845992565155029 -2.35480022430419922 63.5
63.3834494647656825 5.85620520067852013 1.65813946723937988 -2.43600010871887207 68.5
63.3574407220029983 5.96760040830012262 2.17450118064880371 -2.51719999313354492 61.5
63.469255875079071 5.97462945521161615 -0.143429785966873169 -2.35480022430419922 61
63.4877490304635543 5.77547514003789608 0.113003097474575043 -2.43600010871887207 64.5
63.4680649639596908 5.6798810687545096 1.89904439449310303 -2.51719999313354492 57.5
63.4960348522955798 6.46816634037262261 0.217570394277572632 -2.35480022430419922 58.5
63.4902603859932881 6.46816634037262261 0.883304476737976074 -2.43600010871887207 62.5
63.4907314047583853 6.26877773555225826 1.80558836460113525 -2.51719999313354492 56.5
63.5907631877946784 6.27614417671550306 -0.187331438064575195 -2.35480022430419922 56
63.6050601201232908 6.13241568411896409 -2.79315781881450675e-06 -2.43600010871887207 62
63.6041991746814688 6.13241568411896409 0.331096827983856201 -2.51719999313354492 56.5
63.7665937930845601 5.11634452346361179 0.667319238185882568 -2.43600010871887207 48
63.7938424765868959 5.63457690784422827 0.999943792819976807 -2.43600010871887207 46
63.8306042454420464 5.71329179199065695 2.24229979515075684 -2.35480022430419922 50
63.8505871522666268 5.71329179199065695 1.5737079381942749 -2.43600010871887207 54.5
63.8306042454420464 5.71329179199065695 2.24229979515075684 -2.51719999313354492 47
63.890370172338713 6.01680337916840102 1.85994803905487061 -2.35480022430419922 48
63.9110620817532933 5.81624326652945367 1.78557324409484863 -2.43600010871887207 52
63.8198628776272159 6.01680337916840102 3.53042149543762207 -2.51719999313354492 45.5
63.9783292433702826 6.16840403821334249 -2.80954964182456024e-06 -2.43600010871887207 46.5
64.135666430309513 6.03789016239070442 0.860867738723754883 -2.35480022430419922 55.5
64.135666430309513 6.03789016239070442 0.860867738723754883 -2.43600010871887207 60
64.1267703925473995 6.18279952628808083 0.333817124366760254 -2.51719999313354492 53
64.2014201690666937 6.18999690423298077 -0.334203660488128662 -2.35480022430419922 57
64.2022891984825179 6.18999690423298077 -2.8193844627821818e-06 -2.43600010871887207 61.5
64.2014201690666937 6.18999690423298077 -0.334203660488128662 -2.51719999313354492 54.5
64.2606431058642329 6.34244177251194863 -0.523895800113677979 -2.35480022430419922 51
64.2569840635750325 6.34244177251194863 -0.862870097160339355 -2.43600010871887207 55
64.2374981266477789 6.45541147329460419 -1.34267318248748779 -2.51719999313354492 48
64.3262402669385125 6.34980783900243306 -1.19880878925323486 -2.43600010871887207 47
53.957437559656114 -35.8408043686288948 4.74710369110107422 2.67960023880004883 50.5
53.9839875183897959 -35.7677592510297799 4.98996305465698242 2.59840011596679688 49
53.8149940328453908 -36.1422051562454811 5.09296131134033203 2.76080012321472168 46.5
53.9442296155515351 -36.0528247028464932 4.29707813262939453 2.67960023880004883 53.5
54.1915560178833715 -35.622173427378641 4.75258493423461914 2.59840011596679688 53.5
54.1373839005540276 -35.9235784250586363 4.08057498931884766 2.67960023880004883 50.5
54.1899861722507268 -35.6632626393698047 5.43946504592895508 2.59840011596679688 51.5
66.7059670161758902 5.96721641543454151 0.598161637783050537 -2.43600010871887207 47
77.638621448656906 -4.98078859716052058 2.83892297744750977 5.19680023193359375 46
77.7070114740650268 -5.40429824465566888 2.17260432243347168 5.19680023193359375 48.5
77.5661107518234161 -5.92608230754087728 5.69030952453613281 5.19680023193359375 48
77.562296299336225 -5.82446240855595221 6.77286815643310547 -5.1156001091003418 45.5
77.2607659319817941 -5.82446240855595221 9.62060165405273438 5.19680023193359375 48
77.4570213914000618 -7.08005276860202848 7.59640789031982422 5.19680023193359375 52
77.9360251777307127 -6.25597604152929954 2.44751334190368652 5.19680023193359375 53.5
77.2945056200949239 -9.59843180189093559 8.01998043060302734 -5.1156001091003418 54
75.9493375418875303 -12.5479401930913301 15.1211948394775391 -5.1156001091003418 47
77.813407914550524 -6.27397009654566506 -7.75331306457519531 5.19680023193359375 49.5
77.6735538355843431 -5.01917607723653258 -9.79948902130126953 5.1156001091003418 47
77.8458447748643039 -6.27996791149974865 -8.17082405090332031 5.19680023193359375 45
75.8796181299927497 -14.5461189758068308 14.4448814392089844 5.1156001091003418 48
75.6614234779784169 -15.7299103789050783 14.7538175582885742 5.19680023193359375 46
75.4825411961197972 -15.9363654526282073 15.4328927993774414 5.1156001091003418 47
72.2174541401234507 -21.0890634435487385 23.7718544006347656 4.95320034027099609 48.5
78.2535113496988259 -4.62841196915783382 -9.59256649017333984 5.03439998626708984 45.5
77.8550722444897332 -5.49792409128071924 -13.8883638381958008 4.95320034027099609 45
73.1697838837989565 40.8112651120728813 -3.38332891464233398 3.49160003662109375 48.5
73.1612764621927312 40.570274329639588 -5.683685302734375 3.4104001522064209 49
73.3687211524110552 40.7219206587200588 -1.47041034698486328 3.49160003662109375 49
73.0673233770531425 40.8477674390199965 -6.0027003288269043 3.4104001522064209 50.5
73.2515733029169667 40.4597398664285279 -6.37360954284667969 3.32920026779174805 45.5
70.8537873983984952 45.1039042835329127 1.17397034168243408 3.00440025329589844 45.5
71.0641267758109194 44.9130466166422337 -1.14635419845581055 3.00440025329589844 47.5
71.0641267758109194 44.9130466166422337 -1.14635419845581055 2.92320013046264648 46.5
87.9263355802450519 47.5064585581150141 -6.09204721450805664 3.5728001594543457 47
88.1117374633740553 47.35631963193714 -4.32646989822387695 3.49160003662109375 46.5
87.7550826148337109 48.0804432666435488 -5.23041534423828125 3.5728001594543457 46
99.9947496337466362 7.56143481414880192 3.74146485328674316 -1.86760008335113525 50.5
99.9246270565551669 7.3106409562997543 5.63447904586791992 -1.94880008697509766 52
100.219379018922155 7.49738689947718573 -0.342587113380432129 -1.86760008335113525 51.5
100.228548788220749 7.12063378895069476 -1.94578516483306885 -1.94880008697509766 52
100.31999518348421 7.12594747813657747 0.671976685523986816 -1.86760008335113525 58
100.301852638732441 7.23905775556731612 1.57016932964324951 -1.94880008697509766 59
100.289043953734662 7.57838858785953384 0.0822793543338775635 -2.03000020980834961 46.5
100.387593597847015 7.24445578902599152 -0.521513164043426514 -1.86760008335113525 54.5
100.388946938795385 7.24445578902599152 -4.3995514715788886e-06 -1.94880008697509766 55.5
100.327038562134845 6.98553676432460247 5.58697175979614258 -1.86760008335113525 50
100.381928150119947 6.67087294611178283 4.94919919967651367 -1.94880008697509766 50
100.496462963858946 6.9907379944800967 3.49726176261901855 -1.86760008335113525 51.5
100.481034632594017 6.67583988662063277 4.43116283416748047 -1.94880008697509766 52
100.831782230880123 6.87257643512781158 2.63271141052246094 -1.94880008697509766 46.5
