
X Y Z V_r Mag
8.25963864370788237 -4.53957500696198846 -1.37704908847808838 1.29920005798339844 45
6.37823573344927386 -7.27324650585997023 0.153682753443717957 -1.54280006885528564 46.5
6.43048550935578422 -7.22851410547486051 -0.0554070509970188141 -1.62400007247924805 48
6.37839907945199069 -7.32962811722161156 -0.809367001056671143 -1.70520007610321045 47
5.33027774410871036 -8.28733118168420724 -0.958278477191925049 -3.24800014495849609 47.5
5.80709342273901274 -8.09708007793743079 -0.464316666126251221 -2.76080012321472168 46
5.65189397477327482 -8.2167413598773944 -0.20468468964099884 -2.84200000762939453 50.5
5.96603980064980632 -8.62164751707862287 0.568828999996185303 -2.84200000762939453 46.5
7.83860235529196192 -7.03142199978646154 -0.97265470027923584 -0.487200021743774414 45
7.81788757021946346 -7.10410161075963398 -0.492965817451477051 -0.568400025367736816 47.5
7.72794377005124478 -7.21642464589999388 -0.180954992771148682 -0.649600028991699219 47
7.94503579200664856 -7.05999699985056051 -0.67480546236038208 -0.406000018119812012 46.5
7.78124143924296074 -7.26760482868688307 -0.238135859370231628 -0.649600028991699219 46
6.4441379894383628 -8.66149727463191965 -0.302583575248718262 -2.51719999313354492 49.5
6.39493655554232898 -8.69523635719125387 -0.371027618646621704 -2.59840011596679688 51
6.32103317276582466 -8.75191801589093288 -0.297431856393814087 -2.67960023880004883 46
7.29529470062981833 -8.0448966548473706 0.569153726100921631 -1.38040006160736084 45.5
6.50958430334941163 -8.67272473838444569 -0.821455776691436768 -2.59840011596679688 47
10.3685565459813791 -3.20572824472718709 -0.694242119789123535 2.43600010871887207 46
8.43913945167386892 -6.87437591689871308 -1.19431793689727783 0 49
10.4075430214379718 -3.17720956987237546 -1.22102963924407959 2.51719999313354492 47.5
10.428290610490917 -3.19636587218857393 -0.967741072177886963 2.43600010871887207 47.5
10.4713048886045232 -3.14937476933553206 -1.40849113464355469 2.51719999313354492 47
10.4854166949997847 -3.19897122239593434 -1.17186009883880615 2.43600010871887207 46.5
7.48502973020291318 -8.16695743648836192 0.696521580219268799 -1.29920005798339844 45
7.48502973020291318 -8.16695743648836192 0.696521580219268799 -1.38040006160736084 46.5
8.79871319507861038 -6.65784573626768594 -1.2106783390045166 0.324800014495849609 48
8.76495056116856475 -6.70223137450947082 -1.2106783390045166 0.243600010871887207 48
7.30014345628999628 -8.46092779576978948 -0.0350456647574901581 -1.62400007247924805 45.5
7.23046695152660845 -8.51957756758400642 -0.13332560658454895 -1.70520007610321045 47
7.80992492745252864 -8.09737967123500546 0.0030679553747177124 -1.13680005073547363 46.5
7.30003116842986888 -8.55988625315103135 0.0199417229741811752 -1.62400007247924805 48.5
7.30912117308183706 -8.54723409741472651 -0.289889723062515259 -1.70520007610321045 50
7.13070155135501249 -8.69765417116857265 0.25768628716468811 -2.03000020980834961 45.5
7.96331924015749149 -8.0155067056566871 0.769964993000030518 -0.893200039863586426 45
7.90222544759725309 -8.09900156717394459 0.465447694063186646 -0.974400043487548828 45
7.4049284330595464 -8.55893088909103916 -0.409126371145248413 -1.70520007610321045 47.5
7.0274275895341507 -8.87592832942774379 0.297998398542404175 -2.03000020980834961 45
8.04875173605827321 -8.0486458457209622 0.63000190258026123 -0.893200039863586426 48.5
8.03925014632260648 -8.06858939294929733 0.477848798036575317 -0.974400043487548828 49.5
7.96649371670894357 -8.15263719912585216 0.171757951378822327 -1.05560004711151123 45
8.11322365681473201 -8.11306861405520863 0.171324566006660461 -0.893200039863586426 45
8.10279382187333397 -8.12167208024190579 0.242503896355628967 -0.974400043487548828 45.5
5.84631951767494673 9.87391136026584704 0.0453748740255832672 -3.16680002212524414 49
5.88416781504428243 9.84953487273687323 0.197138130664825439 -3.24800014495849609 50.5
5.98320558429628502 9.78931060942999487 0.215128928422927856 -3.32920026779174805 45
5.95469375800543688 9.89659135610596152 0.0401598811149597168 -3.08560013771057129 47
5.92434722538265035 9.91391075179989123 0.13779999315738678 -3.16680002212524414 54.5
5.85886935674559517 9.94999282616224434 0.271642744541168213 -3.24800014495849609 55
5.84280233075475053 9.94999282616224434 0.511671364307403564 -3.32920026779174805 48
5.93005418360424574 9.99426583495950105 0.299553066492080688 -3.16680002212524414 51
5.88570293561480806 10.0146030038097091 0.45481225848197937 -3.24800014495849609 51
7.24383871418405256 -9.28305581024543791 -0.0481665767729282379 -2.11120009422302246 46.5
7.2239570045988577 -9.28305581024543791 -0.538479864597320557 -2.27360010147094727 46.5
6.53615409714730511 -9.79363123680355407 -0.11880958080291748 -3.00440025329589844 51
6.53476059517470365 -9.79363123680355407 -0.179815977811813354 -3.08560013771057129 54
6.49683344349658309 -9.82011641743192953 -0.0842913463711738586 -3.16680002212524414 49.5
9.16361232833567207 -7.39230819316422139 -0.180618792772293091 0.0812000036239624023 47
9.20823277947387453 -7.45568131623389618 0.209234446287155151 0 47.5
7.21756492849835052 -9.38216421443057946 -0.551594257354736328 -2.19239997863769531 47
6.69310223027505202 -9.77456849423236385 -0.287582367658615112 -2.92320013046264648 48.5
6.57437770462962767 -9.85601089192707214 -0.243159249424934387 -3.00440025329589844 54.5
6.57437770462962767 -9.85601089192707214 -0.243159249424934387 -3.08560013771057129 55.5
6.53033106300248711 -9.88266476753625156 -0.332001417875289917 -3.16680002212524414 48.5
9.30452441038917399 -7.33721964685977301 0.116334773600101471 0.243600010871887207 46.5
9.26156246829840235 -7.39200816894530544 0.0646312311291694641 0.162400007247924805 51
9.21679523744512608 -7.44679669103083786 0.135723426938056946 0.0812000036239624023 52.5
9.20568487277063774 -7.54757333545842091 0.703657567501068115 0 46.5
6.64825641638170151 -9.89156797646061214 -0.403989046812057495 -3.00440025329589844 48.5
6.55684060120238854 -9.93925254639835387 -0.65170896053314209 -3.08560013771057129 47.5
9.32040624836944964 -7.43879291028794398 0.00325203267857432365 0.162400007247924805 51
9.23313655120345267 -7.5341620501634301 0.437301695346832275 0.0812000036239624023 51
9.12088596896710868 -7.87035363476524186 0.82013469934463501 -0.162400007247924805 50.5
9.10193536884893284 -7.87035363476524186 1.00893294811248779 -0.243600010871887207 46
7.95037830838304327 -9.07746308795009504 0.443625152111053467 -1.46160006523132324 48.5
7.94664279662536366 -9.07746308795009504 0.506142497062683105 -1.54280006885528564 47
9.20847317608304827 -7.90253684506608955 0.613545656204223633 -0.0812000036239624023 47.5
9.12308802640363226 -7.96782197174002604 0.951626002788543701 -0.162400007247924805 49
8.06620390082056282 -9.08526041899624914 0.130048185586929321 -1.46160006523132324 46
9.78090517855130237 -7.19047348669221886 -0.503491520881652832 0.487200021743774414 47.5
9.8467873493793352 -7.23485901053010672 0.38499683141708374 0.568400025367736816 45.5
9.85352834531231991 -7.23485901053010672 -0.124183617532253265 0.487200021743774414 49
9.88393320009329557 -7.19208535083947265 -0.180021360516548157 0.406000018119812012 45
7.41922620481686312 -9.80915089069605983 0.160163402557373047 -2.35480022430419922 51.5
7.33498514725163009 -9.86448298597419537 0.424236029386520386 -2.43600010871887207 52
9.94140639488383648 -7.23620846026277853 -0.309401631355285645 0.487200021743774414 49.5
9.83853197506897459 -7.37761270375134526 -0.253231674432754517 0.406000018119812012 46.5
7.51657792430621097 -9.83030402615250765 -0.0826813057065010071 -2.35480022430419922 49.5
7.46280503853905497 -9.8689633938815966 0.225252360105514526 -2.43600010871887207 49.5
7.15767549860785479 -10.0947341014194691 0.0683384537696838379 -2.76080012321472168 45.5
9.92860551746030673 -7.37311461329167095 -0.44790041446685791 0.487200021743774414 48
7.76636465009964105 -9.70008037859596683 0.771067798137664795 -2.03000020980834961 48
7.69289236845378888 -9.75764300474000024 0.781233727931976318 -2.11120009422302246 48
7.63579669961733565 -9.88372393323092524 0.939279317855834961 -2.27360010147094727 50.5
7.45978119696306319 -9.98858687915752519 1.20641744136810303 -2.35480022430419922 46
7.59362331744600194 -9.99014247184148907 1.13752138614654541 -2.27360010147094727 52
7.46028383478988566 -10.0767394515028403 1.25040245056152344 -2.35480022430419922 45
8.85924377056731949 -9.06444498835046453 -0.0725875347852706909 -0.974400043487548828 51.5
8.85116082321866671 -9.07236430076383904 0.0691308677196502686 -1.05560004711151123 53.5
8.85364518016838353 -9.06444498835046453 0.323155015707015991 -1.13680005073547363 46
11.6708227123242114 -4.83711602209021763 -1.02461767196655273 2.03000020980834961 48
11.6580803463847236 -4.93373163353340782 -0.634878814220428467 1.94880008697509766 46
8.91166586381074666 -9.11808130231643332 -0.0730170458555221558 -0.974400043487548828 52.5
8.91086558934756034 -9.11808130231643332 -0.139947280287742615 -1.05560004711151123 53
12.3512253795180307 -3.00006064865662125 -1.00468647480010986 2.76080012321472168 46.5
11.732329013844911 -4.92309474474188047 -0.823481261730194092 2.03000020980834961 46.5
10.1306326105061171 -7.86399003956923881 0.092682667076587677 0.324800014495849609 49
10.1028101634328866 -7.88322131743246057 0.51836007833480835 0.243600010871887207 47
10.7655645820220958 -7.01533013597597765 -1.13920223712921143 0.893200039863586426 50
10.7803711069804198 -6.98631452420034282 -1.17686724662780762 0.812000036239624023 47.5
10.2208838976157335 -7.86967870492525812 0.108174711465835571 0.324800014495849609 47
10.8500036957451815 -6.91830205165133449 -1.66287660598754883 0.893200039863586426 48.5
10.7910808754993166 -7.02693252680030156 -1.58915698528289795 0.812000036239624023 47
10.7256154079208557 -7.145291104201414 -1.50220441818237305 0.730800032615661621 46
9.44301189843714894 -9.09760353298399593 0.573397934436798096 -0.812000036239624023 48.5
11.1922160918499269 -6.89641870341278196 -1.18900096416473389 1.13680005073547363 45
11.1513878812895584 -6.91456283298406671 -1.44062042236328125 1.05560004711151123 48
11.1295986561301294 -7.68605383423417887 -1.15639889240264893 0.649600028991699219 45.5
10.3214740699485343 -9.26550230139670994 0.365097403526306152 -0.324800014495849609 52
10.3634542837849484 -9.22562457816839299 -0.0482435747981071472 -0.406000018119812012 54
10.4610252123174039 -9.22319710897888001 0.319531023502349854 -0.324800014495849609 54
10.4747469886884481 -9.21273799299818386 0.0874976292252540588 -0.406000018119812012 52
10.5083017273757697 -9.27278406139152089 0.54010850191116333 -0.324800014495849609 51
11.136167484950958 -8.52444182094279945 -0.14246833324432373 0.243600010871887207 46.5
8.90374400458870419 -10.9010601894549897 0.836796462535858154 -1.94880008697509766 47
11.3977211314592566 -8.27930852274915097 -0.595824360847473145 0.487200021743774414 48
11.3167908004869879 -8.40969133413102732 -0.131695061922073364 0.406000018119812012 49
11.2308008798813379 -8.52421677656105281 -0.12977224588394165 0.324800014495849609 51.5
11.1217792347878 -8.66693309712770166 -0.0173032935708761215 0.243600010871887207 49
12.8478516703281933 -5.86300904709461612 -1.22002792358398438 1.86760008335113525 45
11.4024934185371816 -8.388885452277977 -0.735106945037841797 0.487200021743774414 47.5
11.255970709221728 -8.61561208612332585 -0.070547446608543396 0.324800014495849609 47
11.1765936840701841 -8.71303368660375099 -0.312123864889144897 0.243600010871887207 46.5
12.957902669852654 -5.82814564022045278 -1.08995270729064941 1.86760008335113525 47.5
12.4528886432322832 -6.83778773554736752 -1.11029362678527832 1.54280006885528564 45
12.5427966053035238 -6.70067584605852762 -0.917452394962310791 1.46160006523132324 46.5
12.590762577851736 -6.79680402730636324 -0.694114744663238525 1.54280006885528564 45
12.5981055180815513 -6.79680402730636324 -0.544830381870269775 1.46160006523132324 47.5
12.3827361527363653 -7.17987383553484904 -0.568252205848693848 1.29920005798339844 46
12.6977331804282763 -6.94575252326114878 -0.223021447658538818 1.46160006523132324 49
12.7828190289809225 -6.94901387589882091 -0.115067578852176666 1.46160006523132324 46.5
12.4103782604251549 -7.47991708148816059 -1.31751811504364014 1.21800005435943604 46
12.4131665785775223 -7.50537134476984136 -1.13366818428039551 1.13680005073547363 48.5
13.1731999062056495 -6.31595655541733159 -0.682757377624511719 1.78640007972717285 45
12.5474679356317989 -7.45268253269440972 -0.953535914421081543 1.21800005435943604 47.5
12.4604405725809695 -7.60254029818753008 -0.910748541355133057 1.13680005073547363 50.5
12.3937152435124496 -7.71950245662118384 -0.834109663963317871 1.05560004711151123 47.5
12.629994715246049 -7.4762060724383872 -0.824378311634063721 1.21800005435943604 49.5
12.4705845872782994 -7.7590895454495703 -0.609162569046020508 1.13680005073547363 48
12.3763066789511651 -7.82705505519901035 -1.28618085384368896 0.974400043487548828 45.5
12.3093722440673456 -7.89318365927954613 -1.50566637516021729 0.893200039863586426 46.5
12.7516888701911491 -7.42018972376020436 -0.7974051833152771 1.29920005798339844 47.5
12.6118968056829246 -7.66389836858139173 -0.710889637470245361 1.21800005435943604 50.5
12.5668181251868063 -7.73959575068494132 -0.688753604888916016 1.13680005073547363 47
12.3908106554546809 -7.97591928505700132 -1.07385635375976562 0.974400043487548828 46
11.6409056433299565 -9.08183957481374726 -0.556911706924438477 0.324800014495849609 46.5
11.6968117303508006 -9.01352730315932327 -0.491477757692337036 0.243600010871887207 51
12.6306089154377226 -7.77888293732523373 -0.692249834537506104 1.21800005435943604 47
11.7226929582235488 -9.10567236962188176 -0.433257579803466797 0.324800014495849609 49
11.7617465528926353 -9.02587943872851461 -0.846942126750946045 0.243600010871887207 50.5
13.6430458282017515 -6.04826472137886562 -0.203500866889953613 1.94880008697509766 45
12.9994126503902372 -7.33139951271671908 0.14652290940284729 1.46160006523132324 47
12.9846880524428911 -7.32020938372249486 0.753676414489746094 1.38040006160736084 48
10.8786173846823537 10.3166621629706441 -0.471366018056869507 -0.487200021743774414 45.5
10.7684912240921928 -10.397261086118851 0.967781186103820801 -0.730800032615661621 45.5
14.0842648641080164 -5.15833108148532204 0.158507809042930603 2.35480022430419922 46.5
13.7638434906582248 -5.93807880310519565 -0.543931722640991211 2.03000020980834961 47.5
13.7102043508955997 -6.07865832022416352 -0.28325730562210083 1.94880008697509766 47
10.7441525098891546 -10.5057602211851684 1.20326125621795654 -0.649600028991699219 47
10.8149470634792433 -10.4492472560362426 1.05157935619354248 -0.730800032615661621 49
13.8405034632728459 -5.94704769917187992 -0.573355555534362793 2.03000020980834961 45
13.1975560793713669 -7.06223687811066725 -1.79024553298950195 1.46160006523132324 48
13.1144862679867309 -7.43056448474274678 -1.52298760414123535 1.46160006523132324 46
13.2131711639416825 -7.54915726634509188 -0.472210586071014404 1.46160006523132324 47
13.4085262585091716 -7.34162432677618693 -0.63402634859085083 1.46160006523132324 49.5
13.4378185404306105 -7.2804441240530533 -0.71426922082901001 1.38040006160736084 47
14.4496917072275544 -5.16432913287412454 0.962683916091918945 2.43600010871887207 47.5
13.4909300538633961 -7.34303048580539564 -0.682167947292327881 1.46160006523132324 48.5
13.470920100220976 -7.34303048580539564 -1.00243520736694336 1.38040006160736084 45.5
14.5463436307688596 -5.1180877790560988 0.954764306545257568 2.43600010871887207 49.5
14.5342203042504714 -5.18952091667400683 0.726532220840454102 2.35480022430419922 48
13.5947351297366463 -7.30741691577794583 -0.698123037815093994 1.46160006523132324 48
14.9583516168202877 -4.14965419133692315 0.231792062520980835 2.76080012321472168 45.5
14.9790000723508623 -4.07981428909843391 -0.101610273122787476 2.67960023880004883 48
14.6234722758754589 -5.02847296117125087 1.3762894868850708 2.43600010871887207 47.5
14.6220104342260715 -5.13129281724458242 0.944609999656677246 2.35480022430419922 45
13.6959727036673957 -7.28468980293134472 -0.615854501724243164 1.46160006523132324 48
15.0355566516788564 -4.15800456285563858 0.0553056374192237854 2.76080012321472168 48
15.03527398051083 -4.15800456285563858 -0.107417799532413483 2.67960023880004883 50
14.7276466146392693 -5.07420809991243615 0.841930866241455078 2.43600010871887207 46.5
14.7982033490636731 -5.1652004683445778 0.198768779635429382 2.43600010871887207 46.5
14.6285958989947336 -5.5510724790627739 0.946268558502197266 2.27360010147094727 46.5
14.7558782606951002 -5.5067808279122179 -0.0440253391861915588 2.19239997863769531 46.5
14.4076272945876216 -6.29796234786243669 0.904703736305236816 2.03000020980834961 45.5
14.0148624479908932 -7.1619640574598149 -0.59366220235824585 1.62400007247924805 46.5
14.0597443408509282 -7.08914386781265549 -0.360760331153869629 1.54280006885528564 45.5
15.4298435429201781 -3.29053533466934667 -1.23408603668212891 2.84200000762939453 45.5
15.0827573916693041 -4.64115771061836391 1.18352603912353516 2.59840011596679688 48.5
14.9859846262699108 -4.80924395067058352 1.64987146854400635 2.51719999313354492 48.5
14.9715429669356404 -5.09795678652498552 0.542580544948577881 2.43600010871887207 48.5
14.7994109839420442 -5.60419299185873143 -0.0334461964666843414 2.35480022430419922 52
14.7886898449454272 -5.63187778433792108 0.085232265293598175 2.27360010147094727 54.5
14.8128782679315343 -5.56859825867120151 0.00215744948945939541 2.19239997863769531 50
13.4695775787590097 -8.27973043645465978 -0.668717741966247559 1.13680005073547363 50
13.3924503405510809 -8.41617691367352094 -0.490819871425628662 1.05560004711151123 52
15.2130734258094051 -4.61348223371479893 0.29700314998626709 2.59840011596679688 48.5
15.1142786701949259 -4.75852280350858958 1.31341052055358887 2.51719999313354492 50
14.8067053057971592 -5.79367536326974797 -0.069376923143863678 2.35480022430419922 51
14.8647190831746467 -5.63075307939179215 0.380453050136566162 2.27360010147094727 54.5
14.7943986558687079 -5.74797764949910128 0.946866452693939209 2.19239997863769531 48
14.6341401602943293 -6.2129022156874143 0.22763429582118988 2.03000020980834961 46
14.3737192549723023 -6.78114335213979746 0.471476614475250244 1.86760008335113525 47
13.484318655830883 -8.39248447683518961 -0.741196811199188232 1.13680005073547363 49.5
13.4501434022605206 -8.46599819029231782 -0.48014378547668457 1.05560004711151123 53
13.3978168054268068 -8.56136733207453382 -0.107317104935646057 0.974400043487548828 48
8.69919234043339351 -13.3966932474356675 0.230886414647102356 -3.24800014495849609 49.5
8.67408581383421584 -13.4146593090102364 0.0882187262177467346 -3.32920026779174805 49
15.1125649513156013 -5.11034640343247037 0.833891570568084717 2.43600010871887207 46.5
14.9197922035250397 -5.62138104377571768 1.00025200843811035 2.27360010147094727 47.5
14.8127263507092515 -5.97870604620322244 -0.197126403450965881 2.11120009422302246 49.5
14.7501054024212532 -6.13241568411896409 0.168810799717903137 2.03000020980834961 48.5
14.4475616440330601 -6.81312979488868109 0.223264008760452271 1.86760008335113525 49
14.4023991978412287 -6.89896764463383505 0.419266402721405029 1.78640007972717285 48.5
14.3309782093646785 -6.97282811999594543 1.09697520732879639 1.70520007610321045 45.5
13.5128974543460494 -8.51790941540873092 -0.217817515134811401 1.05560004711151123 47
13.4370076211934713 -8.63568693017533917 0.269001483917236328 0.974400043487548828 45
8.73739231714388787 -13.4595891591997123 0.316214412450790405 -3.16680002212524414 47
8.74184508495734036 -13.4595891591997123 0.148814350366592407 -3.24800014495849609 50.5
8.64957100447630545 -13.5197571929913973 0.0601822994649410248 -3.32920026779174805 48.5
14.8050985917217854 -6.16120666026844166 0.671667397022247314 2.19239997863769531 47
14.8418857380219702 -6.1090610309823159 0.018602399155497551 2.11120009422302246 53.5
14.7983741229555505 -6.2133522895545692 0.0700319334864616394 2.03000020980834961 47
14.5766231570553373 -6.71074136889915618 0.300899296998977661 1.86760008335113525 49
14.4051061879638471 -7.0777663750284292 0.0262613687664270401 1.70520007610321045 50.5
14.9932939606001998 -5.93208036655660731 -0.164899960160255432 2.19239997863769531 46.5
15.0234778220718006 -5.85752636738453081 -0.0109940506517887115 2.11120009422302246 47.5
14.5481450174211542 -6.91135722054659052 0.774746239185333252 2.03000020980834961 47.5
14.7158384520266079 -6.53455727878501236 0.871362984180450439 1.94880008697509766 52
14.5015272455963089 -7.05039035413776105 0.115431331098079681 1.78640007972717285 47.5
14.5127416151825148 -7.02822565168119784 0.00329787586815655231 1.70520007610321045 47.5
13.1938888531019529 -9.24872584323873248 -0.630868136882781982 0.812000036239624023 46
15.1031356780544765 -5.83011363785855519 -0.587446272373199463 2.19239997863769531 47
14.9751825978643982 -6.16615491004067984 -0.403087407350540161 2.11120009422302246 48.5
14.8113425238041962 -6.55280480755143913 0.353402286767959595 2.03000020980834961 52.5
14.7337413955971037 -6.6256812280246713 1.20716536045074463 1.94880008697509766 51.5
14.9777369416627248 -6.35943329569510585 0.317320644855499268 2.03000020980834961 46.5
14.7170799682068196 -6.80481733527208998 1.40630137920379639 1.94880008697509766 46.5
14.8170772016557439 -6.91176974836574765 0.06465177983045578 1.94880008697509766 48
14.8451119108174598 -6.83617545906940371 -0.460306763648986816 1.86760008335113525 47
14.8381056128512832 -6.86477870366802101 -0.16720089316368103 1.78640007972717285 45
14.8744047660306062 -6.96194758462990748 -0.253065794706344604 1.94880008697509766 50
14.894967733479783 -6.91884590441846026 -0.223953232169151306 1.86760008335113525 52
14.9175352996577821 -6.8675343803572142 -0.291134119033813477 1.78640007972717285 48
14.2915910210229296 -8.05590927761568132 -0.795869827270507812 1.38040006160736084 45.5
14.1419167308938736 -8.29399474925986269 -0.998251616954803467 1.29920005798339844 48
14.0381895863188024 -8.49513592357994973 -0.736585080623626709 1.21800005435943604 48
14.9730273981938673 -6.9277581631677263 -0.254221320152282715 1.86760008335113525 47
12.6819787984743133 -10.6708473831078674 0.176281273365020752 0 48.5
12.768977369257863 -10.567287140647581 0.127692133188247681 -0.0812000036239624023 50
12.7359505955249084 -10.6045688279332833 0.263285964727401733 -0.162400007247924805 46
15.5638425987297069 -5.69995574501414026 0.0892717093229293823 2.27360010147094727 46.5
12.8238431243264994 -10.6151034037708349 0.301931679248809814 0 55.5
12.7642807699740146 -10.6900041725939925 0.139620855450630188 -0.0812000036239624023 54.5
12.74059345497799 -10.7191322493585535 0.00454057427123188972 -0.162400007247924805 48.5
15.6318366395591664 -5.66957208453067896 -0.850988924503326416 2.27360010147094727 46
14.5713936598728466 -8.043510340842424 -0.446058809757232666 1.38040006160736084 46
12.7535905941392809 -10.6525537881824128 1.04478240013122559 0.162400007247924805 45
12.8185790924729925 -10.6151034037708349 0.475562542676925659 0.0812000036239624023 51.5
12.9186783063445478 -10.6106697324769641 0.497079968452453613 0 52.5
12.9280905069728469 -10.6106697324769641 0.061574891209602356 -0.0812000036239624023 49
11.6103977562173029 -12.038104719138726 0.0912200212478637695 -1.13680005073547363 46.5
10.7701948039874598 -12.7256978532700877 1.336098313331604 -1.78640007972717285 45.5
15.4793485683188017 -6.33045472122763897 -0.20182172954082489 2.11120009422302246 46.5
12.9107902843760076 -10.6106697324769641 0.671432018280029297 0.0812000036239624023 49
15.6797852132306552 -6.02715001252290605 0.240519270300865173 2.35480022430419922 45.5
15.6156746207145201 -6.18040043081415291 0.439773529767990112 2.27360010147094727 50
15.6480463012008428 -6.11322216526182594 -0.0847573280334472656 2.19239997863769531 51
15.7211441062018125 -6.12996945423962458 -0.186374932527542114 2.27360010147094727 52
15.7219376298925013 -6.12996945423962458 -0.0989414975047111511 2.19239997863769531 51.5
15.7226211534744174 -6.11731729850332062 -0.378478318452835083 2.11120009422302246 45.5
15.8130746702319609 -6.05554693517580045 -0.761283576488494873 2.27360010147094727 48.5
15.3987096951885203 -7.04891927256560447 -0.703556537628173828 1.86760008335113525 47.5
15.3311442920717713 -7.22895477081322468 -0.0277334302663803101 1.78640007972717285 46.5
15.2129227381077108 -7.4555876921366977 0.532644093036651611 1.70520007610321045 45.5
15.0853614800668563 -7.72669997185075896 0.180269539356231689 1.62400007247924805 45.5
15.3167625032631491 -7.43113656011697543 -0.160175636410713196 1.78640007972717285 45.5
15.1788497809809879 -7.83995065074861586 -0.740067601203918457 1.70520007610321045 45
15.810089999465486 -6.66174468970723677 -0.801802217960357666 2.03000020980834961 45
14.8720598094046395 -8.73645411542657335 0.242259308695793152 1.21800005435943604 45.5
14.7443977885327033 -8.92183162688146858 0.752435564994812012 1.13680005073547363 45
14.7021811727232876 -9.70603098335205772 0.528633713722229004 0.974400043487548828 45.5
14.6374462682741129 -9.79632988744042343 0.646326422691345215 0.893200039863586426 46
15.092226554375447 -9.20102292672943278 0.925141513347625732 1.21800005435943604 53
15.0998926262756417 -9.13024582729305223 1.38631939888000488 1.13680005073547363 53.5
14.7611332632943792 -9.76723972222047543 0.00361999403685331345 0.974400043487548828 53.5
14.7647442822170927 -9.7473336630039924 0.530883252620697021 0.893200039863586426 55
14.8004340536300809 -9.69646262278409488 0.464539319276809692 0.812000036239624023 51
16.4243784342189798 -6.7834117064831414 -0.419258803129196167 2.19239997863769531 47.5
16.3886906527056126 -6.88114258896030595 -0.10664241760969162 2.11120009422302246 49
16.3333716839793119 -7.01219081773650288 -0.0290832873433828354 2.03000020980834961 48
15.6998560348006322 -8.32711541833834268 -0.352623134851455688 1.62400007247924805 46
15.1938244580874571 -9.22002029915243071 -0.299310952425003052 1.29920005798339844 46
15.1927925731266296 -9.22002029915243071 0.347776472568511963 1.21800005435943604 51.5
15.2147309636979191 -9.13783751161481561 0.981095433235168457 1.13680005073547363 51.5
14.9178831316375682 -9.6087226726411501 1.03917074203491211 1.05560004711151123 49.5
14.8346854583373897 -9.78863634265592886 0.255689889192581177 0.974400043487548828 54.5
14.8303318207639112 -9.78863634265592886 0.441067516803741455 0.893200039863586426 55.5
14.8870542945370872 -9.70645355511831376 0.333238959312438965 0.812000036239624023 51.5
16.4651549985174732 -6.89233227440109086 -0.130213469266891479 2.19239997863769531 45.5
16.4801030818340024 -6.85218276600652043 -0.276238292455673218 2.11120009422302246 47.5
16.4910599769371551 -6.81203325761195089 -0.513484537601470947 2.03000020980834961 46.5
16.3597854129022373 -7.13769038125679156 -0.182540416717529297 1.94880008697509766 46
15.7806796696889844 -8.27972084225787874 -1.01925671100616455 1.62400007247924805 46
15.7864449844974803 -8.27972084225787874 -0.925690174102783203 1.54280006885528564 47
15.3087450869316832 -9.17639319640326434 0.242166474461555481 1.21800005435943604 46
14.9087303968551534 -9.80317163300737704 0.500104010105133057 0.893200039863586426 48
14.1260284686031774 10.8894388879048947 -0.705651521682739258 0.487200021743774414 45.5
16.5605023432702971 -6.84065553663555281 0.510757744312286377 2.03000020980834961 46.5
14.1748179223914281 10.9351932972674426 -0.895404934883117676 0.487200021743774414 45.5
14.1537949315541116 10.9665519015611217 -0.842917978763580322 0.406000018119812012 45
16.5629657258883682 -7.03347395331996061 0.445423603057861328 2.11120009422302246 45.5
16.4885892405203762 -7.19767081887555982 0.565639734268188477 2.03000020980834961 47
15.0841350462265549 -10.3178617640960919 -0.949026942253112793 0.812000036239624023 45.5
16.9573661174763188 -7.05371740249804802 0.57742387056350708 2.11120009422302246 47
16.000285203068362 -9.01231797031407744 0.6400260329246521 1.46160006523132324 46
17.1150888992804262 -6.88654053613937567 0.227667704224586487 2.27360010147094727 50.5
17.0579707225790571 -6.93495612075903622 1.155220627784729 2.19239997863769531 51.5
17.0713881710384996 -6.98337170537869767 0.450270801782608032 2.11120009422302246 48
15.5143445683523407 -9.5424811781321992 -2.94086718559265137 1.29920005798339844 45.5
15.7689248421167889 -9.5424811781321992 -0.827396929264068604 1.21800005435943604 47
9.26298283168764591 16.0420913179502733 -0.155343309044837952 -3.00440025329589844 45.5
9.32827279119317332 16.0004235482932593 0.381392240524291992 -3.08560013771057129 46.5
16.7060121462846602 -8.00021177414662965 -0.285421252250671387 1.78640007972717285 46
15.9227427935252148 -9.44006470340565862 -0.726024866104125977 1.29920005798339844 51
15.9099646857232564 -9.48173247306267086 -0.381391614675521851 1.21800005435943604 49.5
14.3485672369905775 -11.8257733979488062 -0.479284346103668213 0 49.5
14.2949787982535597 -11.9001493312692386 0.00507235294207930565 -0.0812000036239624023 48.5
16.6922847159384169 -8.20227089649397278 0.22444586455821991 1.78640007972717285 46
9.2345696091281706 -16.2303269526387197 0.234264060854911804 -3.89760017395019531 48
9.32324357182791985 -16.1719864531684152 0.547400593757629395 -3.97880029678344727 48.5
17.1008507346527736 -7.36723827311005675 1.42841243743896484 2.19239997863769531 45.5
16.9367611007078906 -7.86663294857586326 0.133685603737831116 1.86760008335113525 46
15.2803652360239681 -10.7113157027479122 -0.730633378028869629 0.649600028991699219 46.5
9.44889099330819704 -16.1947593424700074 0.103543102741241455 -3.89760017395019531 47.5
9.51524952555901926 -16.1525854900156602 0.341291427612304688 -3.97880029678344727 46.5
18.3481606864820037 -3.76518782745215619 -0.854897618293762207 2.92320013046264648 48.5
18.3033185577849551 -3.99948700775409538 -0.745063126087188721 2.84200000762939453 48
17.3756832888022714 -6.99851651561891153 0.817864775657653809 2.27360010147094727 46
17.3062952395461274 -7.15549696642121091 0.923849403858184814 2.19239997863769531 53.5
17.3266858642338697 -7.12269508117893935 0.784658133983612061 2.11120009422302246 51
16.9102982769217576 -8.09737967123500368 -0.191744133830070496 1.86760008335113525 45
16.8144406378375066 -8.29653397449165375 0.0677516311407089233 1.78640007972717285 48
16.7541328076546776 -8.39728262202148557 0.589208066463470459 1.70520007610321045 45.5
18.4314426699524851 -3.74261091011876124 -0.809593796730041504 2.92320013046264648 50
18.4127605366381601 -3.83905782860705136 -0.78266608715057373 2.84200000762939453 49.5
17.4375834700326742 -7.07591050762868257 0.492781937122344971 2.27360010147094727 50.5
17.461362254536084 -7.02651086645175393 0.331108003854751587 2.19239997863769531 55.5
17.4155224347183939 -7.12531014880561209 0.55692744255065918 2.11120009422302246 53
17.2541636347489415 -7.52756436981774701 0.101390041410923004 2.03000020980834961 46.5
16.9178503456920701 -8.24974007654713759 -0.329823970794677734 1.78640007972717285 45
18.5217201665622682 -3.6701376322933581 -0.828267455101013184 2.92320013046264648 48.5
18.4854694263292423 -3.82837393947717741 -0.917082607746124268 2.84200000762939453 47.5
17.5137502981317326 -7.10410167177504626 0.101793989539146423 2.27360010147094727 50.5
17.5053821516221539 -7.12535729512809723 0.0309246033430099487 2.19239997863769531 54
17.4695050564536345 -7.21274152446841477 -0.0528304092586040497 2.11120009422302246 52
17.3506869275718252 -7.45600032506443533 0.756172895431518555 2.03000020980834961 47.5
17.5571590061042855 -7.18208538178912637 0.463083386421203613 2.27360010147094727 46.5
17.5018031642255387 -7.32672295468088475 -0.238026723265647888 2.19239997863769531 47
17.4891912276142563 -7.35991846321342003 0.102197930216789246 2.03000020980834961 45.5
17.5500578959583891 -7.4443878557335017 1.53042519092559814 2.11120009422302246 48.5
17.3170141671473239 -8.08486809500688075 -0.72217869758605957 1.86760008335113525 45
17.7107715880425225 -7.37041521140254829 0.803489923477172852 2.11120009422302246 46
17.9187154866322302 -6.98733631187774407 1.27375912666320801 2.27360010147094727 45.5
15.5368698136905099 -11.4071095391427075 -0.0959296002984046936 0.568400025367736816 48.5
15.5368099510944973 -11.4071095391427075 0.105128012597560883 0.487200021743774414 47
15.6597636631163084 -11.3620296978178192 -0.313961207866668701 0.568400025367736816 49.5
15.65129553669445 -11.3741195357597409 -0.29813230037689209 0.487200021743774414 47.5
19.120890720803601 -3.78664963236781427 -0.550318896770477295 2.92320013046264648 45.5
17.8496084086908127 -7.79747672044852269 0.916982412338256836 2.11120009422302246 46.5
18.2308901723379968 -7.07651967453376063 0.859182476997375488 2.27360010147094727 46.5
17.899976317777103 -7.8274673206042289 1.22566092014312744 2.11120009422302246 48
17.8673046931266093 -7.8274673206042289 1.63426923751831055 2.03000020980834961 47
18.3410276577209679 -7.04961302828180347 0.179513618350028992 2.35480022430419922 45
18.3009043160038622 -7.13800942989035381 0.498307019472122192 2.27360010147094727 49
18.2165776145072691 -7.31971314430792663 0.837045013904571533 2.19239997863769531 48.5
18.1302503781510715 -7.54315960392953677 0.719246208667755127 2.11120009422302246 46.5
17.9752305511381358 -7.85745792075993421 1.12872564792633057 2.03000020980834961 45.5
10.9656486852834618 16.5753549309524786 -0.166663870215415955 -2.59840011596679688 47.5
16.5631778540415944 -10.9674509102616362 0.625915110111236572 0.974400043487548828 47.5
16.5298685628144142 -11.0196059077968442 0.589345753192901611 0.893200039863586426 49
18.3639068841673065 -7.79543392971377713 -0.0258426610380411148 2.03000020980834961 46
16.6363135879618298 -11.0088379384765087 -0.202655479311943054 0.974400043487548828 49.5
16.6513596994773181 -10.9864014481127654 0.183614566922187805 0.893200039863586426 48.5
19.6166417179938648 -3.73595694639271603 -1.49355161190032959 2.92320013046264648 45.5
18.9192233398126675 -6.54355486591892355 0.495533794164657593 2.35480022430419922 45.5
18.5458226276349052 -7.54948567131066639 0.241641327738761902 2.19239997863769531 47
18.577734279467375 -7.47441620822173025 0.0395926386117935181 2.11120009422302246 47
16.7412888834257636 -10.9701508727298513 -0.621084868907928467 0.974400043487548828 49.5
16.7412888834257636 -10.9701508727298513 -0.621084868907928467 0.893200039863586426 49
12.5675506504763081 15.5699493278709546 1.90876603126525879 -1.54280006885528564 47.5
12.5735305249214644 15.5925545132155019 1.66990756988525391 -1.62400007247924805 50
18.6901698622023744 -7.39440729492693816 -0.101406082510948181 2.11120009422302246 46
16.9549808108836402 -10.7701149730457573 0.737087130546569824 1.05560004711151123 46.5
16.7885107637753812 -10.9760733284071748 -1.29682612419128418 0.974400043487548828 47
16.8650633054427921 -10.930862957718082 -0.309687823057174683 0.893200039863586426 51.5
13.174139565044003 15.2750984383825639 0.379606246948242188 -1.29920005798339844 47
12.5053581682044914 15.731410175855288 1.78028964996337891 -1.54280006885528564 48.5
12.5053581682044914 15.731410175855288 1.78028964996337891 -1.62400007247924805 46.5
12.5195208284787771 15.8120840741930095 0.519869565963745117 -1.78640007972717285 50
12.4949655397045625 15.8120840741930095 0.94048154354095459 -1.86760008335113525 46
16.8950338560565108 -11.0170292417448099 -0.462116807699203491 0.893200039863586426 46.5
12.5699787798312741 15.8708641556206089 0.416906446218490601 -1.70520007610321045 50
12.5660610853025805 15.8708641556206089 0.521802127361297607 -1.78640007972717285 52.5
12.4575466090543117 15.9644901080692652 0.0842156708240509033 -1.86760008335113525 45.5
19.3169655453704401 -6.0603825976899488 -0.434849828481674194 2.51719999313354492 46
18.9823162956646634 -7.01688557135458435 0.705334842205047607 2.35480022430419922 50
18.9201553002397986 -7.05990290085801941 1.49932014942169189 2.27360010147094727 48
20.0324482980563801 -3.39063728509581219 -0.556979477405548096 3.00440025329589844 46.5
20.1549247459958636 -3.04626445046811511 -0.812018632888793945 3.00440025329589844 47
19.564950020175381 -5.76368529080201508 0.390793681144714355 2.59840011596679688 46.5
20.2634469466990517 -2.86557274815331731 -0.637832701206207275 3.00440025329589844 46
18.656783350928599 -8.18735070900947726 2.02912783622741699 2.03000020980834961 45
15.8520565361164714 -12.9590410441040653 0.0348977930843830109 0.0812000036239624023 46.5
12.2998399544262043 16.4346826183303669 0.957962572574615479 -1.94880008697509766 49.5
12.270683174619105 16.4346826183303669 1.2783205509185791 -2.03000020980834961 51
12.2329278397770906 16.4346826183303669 1.59976398944854736 -2.11120009422302246 45.5
20.3458335698636894 -2.8272789941846459 -0.596757173538208008 3.00440025329589844 46.5
19.9059015167809825 -5.09475161168241364 -0.318022251129150391 2.84200000762939453 45
18.6722898585181767 -8.3277618330070915 2.07280349731445312 2.03000020980834961 46
15.8822720939914035 -13.0373255708223876 0.290005713701248169 0.162400007247924805 46.5
12.2592548121331824 16.5410535309562761 1.22263336181640625 -1.94880008697509766 46.5
11.9868272171211991 16.7137320268388052 1.53550040721893311 -2.19239997863769531 45
20.0615086594779726 -4.78345206504438192 -0.212324842810630798 2.92320013046264648 46.5
20.0909730522237417 -4.61850544211181724 -0.642505466938018799 2.84200000762939453 50
16.4064163857521166 -12.4895521051751501 0.48086082935333252 0.406000018119812012 47
16.3747792457087513 -12.5359433428749334 0.327618271112442017 0.324800014495849609 46
15.8899255916338955 -13.1132565231389115 0.971290051937103271 0.162400007247924805 50
15.9217817579920791 -13.0539788305225208 1.2170177698135376 0.0812000036239624023 51.5
15.9798621375896222 -13.0238484359553741 1.87440800666809082 0 45.5
13.6162703173633375 15.5613648839538286 0.964954972267150879 -1.29920005798339844 46.5
20.2172328303631446 -4.39991384102484417 -0.627914547920227051 2.84200000762939453 51
19.2911436401664673 -7.50390949606882618 0.18205125629901886 2.19239997863769531 46
19.0210287164752607 -8.14540193144458158 0.585596203804016113 2.11120009422302246 51
18.9618783254759471 -8.27732174678395083 0.650485694408416748 2.03000020980834961 52
19.0770988333738742 -7.99278881173825351 0.818319201469421387 1.94880008697509766 46
16.5219781782997615 -12.4703025441391961 0.0762092843651771545 0.406000018119812012 47.5
16.5006388669247457 -12.4987558376437669 0.00564503809437155724 0.324800014495849609 47
16.0425580096056031 -13.0238484359553741 1.22707939147949219 0.0812000036239624023 52
20.2927700004092344 -4.40287554387801805 -0.647178292274475098 2.92320013046264648 47
20.2522847887765742 -4.56902179081681137 -0.754761159420013428 2.84200000762939453 51
20.1998593476558206 -4.76372442394820972 -0.934492766857147217 2.76080012321472168 49
19.476997409911931 -7.2273617418375018 0.11189260333776474 2.27360010147094727 45
19.0566123128855516 -8.11780178402509556 1.59609675407409668 2.03000020980834961 45.5
20.2756964516550973 -4.81218660455994396 -0.679350495338439941 2.92320013046264648 46
20.2596185294965778 -4.90598125413447494 -0.449155658483505249 2.84200000762939453 49
20.3361617894118396 -4.92362884791359789 -0.23253166675567627 2.84200000762939453 46
18.6848546003809979 -9.51779502189747895 1.13479828834533691 1.86760008335113525 46
18.8023512855738417 -9.32098371044384955 0.768660008907318115 1.78640007972717285 50
18.8259060358763293 -9.26062824159807185 0.908855557441711426 1.70520007610321045 49
14.3926737068977939 15.3929412448830281 0.252877205610275269 -0.812000036239624023 46
14.3240537713503056 15.4587793169312882 0.0574737153947353363 -0.893200039863586426 45
18.822637472920924 -9.43854600883845407 0.881955742835998535 1.86760008335113525 47.5
18.8536067616289458 -9.39114259696370901 0.709660053253173828 1.78640007972717285 54
18.9062138490202578 -9.27000054439491095 0.881955742835998535 1.70520007610321045 52.5
14.6626175789849356 15.2230748801992171 0.766944468021392822 -0.812000036239624023 48
18.862683584837928 -9.51970759001346956 0.947039425373077393 1.86760008335113525 46.5
18.9408152959408937 -9.38756284278951725 0.664626717567443848 1.78640007972717285 52.5
18.960378161182728 -9.32677625906650043 0.915347456932067871 1.70520007610321045 48
14.6150222921572759 15.2770565876327282 1.87438583374023438 -0.730800032615661621 46
14.4193260578284725 15.6025268286989576 1.52782022953033447 -0.730800032615661621 45
19.1649871695523899 9.19862380074779828 -1.33366882801055908 1.94880008697509766 47
14.6432630253475971 15.4838487695978682 1.64800596237182617 -0.730800032615661621 49
14.2257868748082608 15.7749889310410563 2.38062047958374023 -1.05560004711151123 45.5
14.7596207317502515 15.5247767026024821 1.11238479614257812 -0.649600028991699219 45
14.3082208029781039 15.867865690505301 1.89425575733184814 -0.974400043487548828 45.5
14.3578567142895661 15.8303403324534315 1.83161067962646484 -1.05560004711151123 47
13.5434502915215891 16.4682714193352311 2.33955478668212891 -1.54280006885528564 45.5
13.5512854625995764 16.4774377855844776 2.86049342155456543 -1.54280006885528564 46
18.805803930336161 10.6308572691339887 -1.76983129978179932 1.54280006885528564 46
19.0213770739698482 10.626274556257048 -2.20897245407104492 1.62400007247924805 45.5
14.4894015624241579 16.4182529295851296 1.84359836578369141 -1.13680005073547363 47
14.7066648747017297 16.513734246533069 0.725417792797088623 -1.13680005073547363 48.5
14.6743307820332909 16.5441462801362604 0.686218023300170898 -1.21800005435943604 46.5
14.8497350313080911 16.486490504432858 0.721825003623962402 -1.13680005073547363 47.5
19.9158642452020231 9.97597243833413394 -0.118451923131942749 1.94880008697509766 48.5
20.0198329080027051 9.76164490547930086 -0.303717374801635742 1.86760008335113525 51
18.6898442151865432 -12.1136808179771638 0.352309048175811768 0.974400043487548828 46.5
16.2585476574221737 15.282454827018416 1.27621281147003174 -0.243600010871887207 47.5
16.0707710938720574 15.4919182977834708 1.11949121952056885 -0.406000018119812012 47.5
20.0136160954991169 9.88946866638746691 1.08448731899261475 1.94880008697509766 49
20.0208515413694741 9.85595451106505749 1.24426519870758057 1.86760008335113525 51.5
16.3699129223561535 15.3029143515510988 0.852902710437774658 -0.243600010871887207 45.5
16.2639290306423341 15.4234097401459884 0.695522725582122803 -0.324800014495849609 50.5
16.2751267813940181 15.4234097401459884 0.345510631799697876 -0.406000018119812012 48
16.2408712976864891 15.5649631458183979 0.464763283729553223 -0.324800014495849609 47
21.9362879003610729 -4.98776095026767319 -0.414150893688201904 2.84200000762939453 46.5
14.8017915457684257 17.0272910809430194 2.0002281665802002 -1.21800005435943604 46
21.8878646364974756 -5.79652462329975116 -0.586732566356658936 2.76080012321472168 45
15.0412289544953541 16.9019307841461988 2.12411165237426758 -1.21800005435943604 46.5
15.1753097379863977 16.9320715968565239 1.6896740198135376 -1.13680005073547363 48
16.501152699445754 15.8129453982499708 0.963516533374786377 -0.324800014495849609 46
14.5734155808572492 17.4708463980664881 2.37712860107421875 -1.38040006160736084 46
16.966380678866674 15.4174114065609054 1.07140183448791504 -0.0812000036239624023 47.5
17.1887347620838042 15.3095499379595381 0.561923325061798096 0 47
17.1922604153133065 15.3095499379595381 0.441079616546630859 -0.0812000036239624023 50
18.7737821844843857 -13.3936660033051389 1.32847130298614502 0.730800032615661621 48.5
18.7564938360785582 -13.4254182287440091 1.24985098838806152 0.649600028991699219 48.5
18.6944970350192996 -13.6080127162115847 1.5551302433013916 0.487200021743774414 47
18.5235523529487018 -13.7151624226384481 2.41930580139160156 0.406000018119812012 47
17.6026037986219812 14.9507244147388345 2.68079161643981934 -0.0812000036239624023 45
17.4351079386645971 15.4623874704427688 0.993591547012329102 0.0812000036239624023 45.5
17.4444551349332464 15.5939797731669589 0.280774682760238647 0 45.5
17.7575247715031956 15.2197008661792665 0.768816292285919189 0.162400007247924805 46
22.7351927039242341 -5.84631758960178782 -0.0848243013024330139 2.84200000762939453 45
17.9335842134526899 15.0719416835795226 1.51617491245269775 0.162400007247924805 48
17.7947644047497242 15.286081765888067 0.870446681976318359 0.0812000036239624023 51.5
17.834289682937019 15.3172627967435417 1.38640701770782471 0 48
17.3828712642732768 15.8204812286826648 1.46653938293457031 -0.162400007247924805 47
17.8658721416134121 15.2289788613156247 1.86851930618286133 0.162400007247924805 50.5
17.851662959887534 15.3172627967435417 1.14111077785491943 0.0812000036239624023 53
17.8149958149895866 15.4929864376296429 0.85669320821762085 0 51
17.4699810420020327 15.7439208597330182 2.25153040885925293 -0.162400007247924805 45.5
17.2286354696634376 15.8708641556206089 3.07090497016906738 -0.243600010871887207 45
17.9271525715816473 15.3040475786341599 1.59497058391571045 0.162400007247924805 53.5
17.9020669807912434 15.3837561597728794 0.998323440551757812 0.0812000036239624023 55.5
17.8852819225257562 15.5421710218850002 -0.49762842059135437 0 47
17.433815204369921 15.731709692883598 3.20397114753723145 -0.162400007247924805 46
17.4379011331032849 15.6517480660560651 3.55421352386474609 -0.243600010871887207 45.5
17.8652292581475578 15.5421710218850002 0.982119977474212646 0.162400007247924805 46
17.4001682605187931 15.9716325721437808 2.71878242492675781 -0.162400007247924805 50.5
17.2772291168750591 15.9181561237995499 3.65517950057983398 -0.243600010871887207 48.5
17.3354506268507969 16.1859312082427174 2.51402497291564941 -0.162400007247924805 48
17.2335837829033736 16.117384638957212 3.47217535972595215 -0.243600010871887207 46
16.6598786369530707 16.8386137592655771 2.78065848350524902 -0.568400025367736816 47
16.6198321981278632 16.9131208997933022 2.55929684638977051 -0.649600028991699219 48.5
16.514230274937205 16.9663073547569354 3.43951821327209473 -0.649600028991699219 48
16.6609082818600278 17.0021832469608292 2.39699912071228027 -0.730800032615661621 46.5
18.0462822118889115 15.5791061895398055 2.00719404220581055 0.0812000036239624023 48.5
18.0667853387740962 15.7389068572745572 1.37042975425720215 0 45
18.2071902308970479 15.6279427654835601 0.515378355979919434 0.0812000036239624023 46
18.2273394221730278 15.6767805834246161 1.26818537712097168 0.243600010871887207 46.5
17.9796094378667206 15.9489336502048733 2.36383628845214844 0 47.5
18.0923537194364741 15.9833280138541109 2.01261258125305176 0 46
18.5460859615311797 15.4989847407070176 1.63547778129577637 0.162400007247924805 47.5
18.3898011738687224 15.6291519953653015 2.09653878211975098 0.0812000036239624023 47
18.6950211724723552 15.4498011403251727 1.51324450969696045 0.243600010871887207 48.5
18.5638385443542653 15.6016270163110722 1.56945908069610596 0.162400007247924805 51
18.5407240039607188 15.6016270163110722 1.82231438159942627 0.0812000036239624023 48.5
18.9713096207942939 15.3025492613076768 0.249268174171447754 0.406000018119812012 46.5
18.8732327308895336 15.4000177279402113 0.883889913558959961 0.324800014495849609 50
18.7313043911153372 15.5401286487244779 1.33542954921722412 0.243600010871887207 49.5
18.5555802929625919 15.7624785882299445 1.17278838157653809 0.162400007247924805 49.5
18.4590583402582631 15.8538552756979438 1.43497550487518311 0.0812000036239624023 48
19.106053157747251 15.2518649411175211 0.376710593700408936 0.406000018119812012 49
19.0993232377743389 15.2518649411175211 0.631694436073303223 0.324800014495849609 50.5
18.8875174939504156 15.5115621606678005 0.675020039081573486 0.243600010871887207 47.5
19.08924656251234 15.396718548369142 -0.132089048624038696 0.406000018119812012 46.5
19.0897029255739952 15.396718548369142 -0.00501505983993411064 0.324800014495849609 47
18.5083648259534961 16.1323797788696091 1.53192639350891113 0 45.5
24.1921109621993722 -4.46038168047633476 -0.082179732620716095 3.00440025329589844 45
18.5436553762779646 16.1323797788696091 1.01941561698913574 0.0812000036239624023 45
24.226878607858616 -4.6373995430906918 -0.639188766479492188 3.00440025329589844 47
24.2475589721046596 -4.49864756208066385 -0.820792794227600098 2.92320013046264648 46
24.8198867311812279 0.307110003010890753 -0.399410128593444824 -0.324800014495849609 47
19.6263704726031705 15.1879856034476894 0.641382992267608643 0.487200021743774414 46.5
19.3601012241879111 15.4857892427309771 1.28741037845611572 0.324800014495849609 45
24.89198835921216 0.497838928813265302 -0.388736158609390259 -0.243600010871887207 55.5
24.89198835921216 0.497838928813265302 -0.388736158609390259 -0.324800014495849609 58.5
24.8954787523722594 0.398271143050612231 -0.258031785488128662 -0.406000018119812012 49
19.7273157333198164 15.1903103154147576 0.312352091073989868 0.568400025367736816 45.5
19.6945277596938375 15.23387122168592 0.254637032747268677 0.487200021743774414 49
19.5595442662543597 15.3987803668553109 0.558466613292694092 0.406000018119812012 46
18.9059451676206187 15.9868526015159826 2.64496254920959473 0.162400007247924805 46.5
24.9500659612837339 0.399470736549134731 1.04176163673400879 -0.243600010871887207 56.5
24.9500659612837339 0.399470736549134731 1.04176163673400879 -0.324800014495849609 60
24.9487940685970919 0.514942746332868961 1.02134609222412109 -0.406000018119812012 51.5
19.6111559302762757 15.4638867156325208 0.146434217691421509 0.568400025367736816 45
19.7287289693734671 15.3140851894265957 0.081730283796787262 0.487200021743774414 45.5
19.0892854404536756 15.8976869686038462 2.57164883613586426 0.162400007247924805 45
25.0057251601937303 0.400670360555362925 -1.43379306793212891 -0.406000018119812012 55.5
24.5880608404545882 -4.75170005721125754 -0.592561781406402588 3.00440025329589844 47.5
24.5756829939100108 -4.80804432666435488 -0.64890289306640625 2.92320013046264648 47.5
19.4676109459483904 15.626144061659156 2.0828559398651123 0.406000018119812012 45
25.113310536742766 0.401869984561591176 -0.652558326721191406 -0.162400007247924805 55.5
25.1163555737105817 0.401869984561591176 -0.522410571575164795 -0.243600010871887207 73
25.1163555737105817 0.401869984561591176 -0.522410571575164795 -0.324800014495849609 75.5
25.120438265339903 0.401869984561591176 -0.260363399982452393 -0.406000018119812012 66
19.5848597050506967 15.6729293979020579 1.43466877937316895 0.406000018119812012 48.5
19.7953667357749516 15.4437379223317741 0.948745429515838623 0.324800014495849609 45.5
25.194625491482423 0.503836972575142039 -0.130572602152824402 -0.162400007247924805 48
25.1913286197460309 0.40306957806011362 -0.52397000789642334 -0.243600010871887207 64.5
25.1913286197460309 0.40306957806011362 -0.52397000789642334 -0.406000018119812012 57
25.2255598502236289 0.751688047592104391 1.38989722728729248 -0.243600010871887207 60
25.2040201085069562 0.808538404132683741 1.71152091026306152 -0.324800014495849609 63.5
25.1910579198912785 0.751688047592104391 1.91605138778686523 -0.406000018119812012 55
25.3491275146367308 -0.044348149514907037 -0.205664068460464478 -0.243600010871887207 57.5
25.339833638251136 -0.174224873094277644 -0.696410775184631348 -0.324800014495849609 59
25.319118796195518 -0.161553973232875653 -1.24041426181793213 -0.406000018119812012 45.5
24.9747612129236742 -4.34295092749553913 -0.150360643863677979 3.00440025329589844 46
20.2528395503979546 15.233589358370569 0.618664741516113281 0.649600028991699219 46.5
20.2068449586286505 15.3064470325736313 -0.136532396078109741 0.568400025367736816 46.5
20.1284523991240896 15.4078142314648456 0.259238868951797485 0.487200021743774414 45.5
25.4155542869517497 0.0826045227253781739 0.68807685375213623 -0.243600010871887207 57.5
25.413607429320404 0.136615172199663931 0.74871903657913208 -0.324800014495849609 59.5
25.3905187431816941 -0 1.32371699810028076 -0.406000018119812012 46.5
20.2464431622850647 15.3707954209761404 0.500919103622436523 0.649600028991699219 46
25.4931264802437632 0.0573564436280607354 0.589303970336914062 -0.243600010871887207 52
25.499659923380456 -0 -0.132127046585083008 -0.324800014495849609 54.5
20.3790665167617462 15.3237298559635615 0.35638388991355896 0.649600028991699219 45
19.9872899417888803 15.7889543431689425 1.21128582954406738 0.406000018119812012 46
18.9584746727413531 16.953936052244913 2.68718886375427246 -0.0812000036239624023 46
25.5686539086798099 0.20453381853792163 -0.531767189502716064 -0.243600010871887207 46.5
25.4992059942710902 0.175771250306026416 -1.9596560001373291 -0.324800014495849609 51.5
25.2263143564975501 0.162987886647406321 -4.20561361312866211 -0.406000018119812012 47
20.1712387631981116 15.7664426348649211 -1.56938493251800537 0.487200021743774414 45.5
20.1959682275888213 15.9089801821824963 -0.896035611629486084 0.487200021743774414 47
20.0848327922090846 15.9282676909909622 2.15995359420776367 0.406000018119812012 46.5
25.7953148972406368 0.412666478586822205 -0.267358243465423584 -0.243600010871887207 62
25.7953148972406368 0.412666478586822205 -0.267358243465423584 -0.324800014495849609 65
25.7953148972406368 0.412666478586822205 -0.267358243465423584 -0.406000018119812012 56
21.4981061886235807 14.2595612092930857 0.369368880987167358 0.974400043487548828 47
25.8703020372305801 0.413866102593050456 -0.26813545823097229 -0.243600010871887207 63.5
25.8713447803418681 0.413866102593050456 -0.134070083498954773 -0.324800014495849609 66.5
25.8716918378837342 0.413866102593050456 -1.13103226340172114e-06 -0.406000018119812012 57.5
21.5095049748974958 14.381847065108504 -0.139359995722770691 1.05560004711151123 50
21.5033139278505132 14.381847065108504 0.534477829933166504 0.974400043487548828 50.5
25.9483136702727961 0.295085768315102637 0.0212294235825538635 -0.324800014495849609 62.5
21.5008114811480517 14.5272993632050529 -0.274220764636993408 1.05560004711151123 47
21.5324344862353456 14.4332610414343048 1.19908452033996582 0.974400043487548828 47.5
20.8062629220017001 15.4968668876689613 -0.590857565402984619 0.649600028991699219 45
20.2804085117844899 16.1875621475713452 0.265374720096588135 0.406000018119812012 47
26.0184014146360845 0.520331650122251466 -0.269689857959747314 -0.243600010871887207 53
26.0213138896081979 0.41626532009780115 0.136619582772254944 -0.324800014495849609 56
26.0184294607490152 0.556104451068156203 -0.180976361036300659 -0.406000018119812012 47.5
20.7893415267210884 15.639218158986921 -0.720275998115539551 0.730800032615661621 45
26.0817860134277808 0.29679146200988632 -0.928658783435821533 -0.243600010871887207 50
26.096760282530159 0.25113123708528845 -0.325624763965606689 -0.324800014495849609 53
26.1733732587110097 0.27801941950169462 -0.0892260447144508362 -0.243600010871887207 52
26.1737994313729239 0.179894918501096512 0.174884304404258728 -0.324800014495849609 55.5
26.1741640728230394 0.209332268801275923 -1.14414558538555866e-06 -0.406000018119812012 47
26.2472256414357652 0.232893402142370198 -0.302442163228988647 -0.243600010871887207 46
26.2459343202609112 0.209932080804390048 0.411602765321731567 -0.324800014495849609 48.5
20.3472971792295709 16.5846343835468133 -0.00536780105903744698 0.324800014495849609 46
26.2895120181614175 0.542777496818007132 -1.2540595531463623 -0.324800014495849609 46.5
21.3725231321847993 15.3688270614165443 -0.141783654689788818 0.730800032615661621 48
21.5075923292410955 15.3070474928654914 -0.27897605299949646 0.812000036239624023 49.5
21.3807146545636648 15.4818909232796855 -0.36896127462387085 0.730800032615661621 50.5
21.6004362054485135 15.3042164945574868 -0.357376903295516968 0.812000036239624023 52
21.6863319026877583 15.1851175335103488 -0.202154695987701416 0.730800032615661621 50.5
20.325244937774297 16.7962618121202674 2.38655638694763184 0.324800014495849609 46
21.6644401402659526 15.3475716559075792 -0.0814524814486503601 0.812000036239624023 50
21.7459063531296266 15.2281353006086899 0.349339038133621216 0.730800032615661621 50.5
20.5371566790376043 16.704501359164432 2.02172946929931641 0.324800014495849609 45.5
21.6654600250842364 15.4741030322233968 0.225082993507385254 0.893200039863586426 45.5
21.7191561920358147 15.5176913866111157 -0.607934355735778809 0.974400043487548828 45
21.7529194376286128 15.4609722394228992 -0.811738550662994385 0.893200039863586426 49.5
21.7840096262647833 15.4342808760402104 -0.360414117574691772 0.812000036239624023 47
21.8866689136624473 15.4174117726533737 -0.4216594398021698 0.893200039863586426 48
21.7878520443557839 15.5612808495249251 -0.191668868064880371 0.812000036239624023 49
21.560905991571726 15.8456732107826372 0.97091907262802124 0.730800032615661621 46
21.3510120472754288 15.9895422876541833 2.31722736358642578 0.649600028991699219 45
21.9826386640144591 15.3532318806932402 -1.40156328678131104 0.893200039863586426 47
21.8897579893239893 15.547831410649577 0.161089390516281128 0.812000036239624023 48
21.578528196870959 15.8900581702279684 1.67204165458679199 0.730800032615661621 49
21.429131943692191 16.1047886860418572 1.53316843509674072 0.649600028991699219 45.5
22.1248611897543412 15.318734102356661 -0.884630680084228516 0.893200039863586426 47
22.1088695126428831 15.1807881110988916 -2.38689732551574707 0.812000036239624023 45.5
21.9109791273373347 15.692048129740261 1.63361179828643799 0.893200039863586426 45
21.9941059884432093 15.6549351369586773 -0.427043616771697998 0.812000036239624023 48.5
21.6566816313152231 16.1239084093804976 0.0883570685982704163 0.730800032615661621 45
21.6181674163023132 16.150899676858014 0.896292805671691895 0.649600028991699219 45
27.0628400836894194 0.72063869514497092 -0.37285691499710083 -0.243600010871887207 48
27.067803572892565 0.578540924271314649 0.234425544738769531 -0.324800014495849609 49.5
22.1759098200933984 15.5292563883352877 0.356246858835220337 1.05560004711151123 46
22.1095968540157664 15.4040750187561137 2.6336061954498291 0.974400043487548828 50.5
21.9891026268167593 15.5292563883352877 2.89435195922851562 0.893200039863586426 47
27.1408421893251912 0.681923116610492208 -0.179546505212783813 -0.324800014495849609 46.5
22.3375995833592107 15.4162121486471477 0.70330280065536499 1.05560004711151123 48
22.3383059430691411 15.3246105359681266 1.81078803539276123 0.974400043487548828 52
22.3263246590729061 15.3246105359681266 1.952972412109375 0.893200039863586426 49.5
27.5230550110396202 0.441457149659242154 -2.01161623001098633 -0.243600010871887207 47.5
27.562792809161099 0.569065856982616802 -1.31479752063751221 -0.324800014495849609 50.5
27.6653806868078256 0.570612247303145415 -0.454698085784912109 -0.243600010871887207 45.5
27.6136146363438151 0.570612247303145415 -1.75166034698486328 -0.324800014495849609 48
23.0034441285651852 15.1990353145292385 2.39511728286743164 1.05560004711151123 45
22.6674618476974636 15.8733952431602283 -0.356592923402786255 0.893200039863586426 50
22.6098338939088812 15.9356438519569341 -0.869670271873474121 0.812000036239624023 46
22.7225490145447964 15.9164130102585695 -0.645083844661712646 0.893200039863586426 50.5
27.8109742636183839 0.667583986755331593 -0.578550219535827637 -0.243600010871887207 49.5
27.8109742636183839 0.667583986755331593 -0.578550219535827637 -0.324800014495849609 52.5
27.8929559690527213 0.596169610899787705 -0.194015011191368103 -0.243600010871887207 49.5
27.8865253947677481 0.596169610899787705 -0.62955474853515625 -0.324800014495849609 52
27.2652893745721414 -5.80132299729384115 1.16567051410675049 2.92320013046264648 48
27.2141695668695363 -6.05582815282416043 1.06113648414611816 2.84200000762939453 48.5
23.0200464944626404 15.7479422949376708 0.699912488460540771 0.974400043487548828 45.5
27.292652688018741 -6.07210701147207832 0.917223155498504639 2.92320013046264648 47
27.2784519557710432 -6.17348358218750093 0.612177193164825439 2.84200000762939453 46.5
22.8400000811490571 16.2427069894115697 -1.14518558979034424 0.812000036239624023 45.5
22.956400306842923 16.1947604407474159 -1.32256996631622314 0.812000036239624023 46
22.7707993849342749 16.4934919158914113 -0.686387538909912109 0.730800032615661621 45
23.6977065689962814 15.3130267496008106 1.84542763233184814 1.21800005435943604 46
23.910225543608469 15.2225679005229999 0.54502105712890625 1.21800005435943604 48.5
23.9035617729078886 15.2225679005229999 -0.784623384475708008 1.13680005073547363 50.5
23.7797231655976447 15.4174111014838484 -0.742116928100585938 1.05560004711151123 48.5
23.3974327216054903 16.0019407043663939 -0.469653993844985962 0.974400043487548828 46.5
26.1052485513892591 -10.9756049636211923 2.45616698265075684 2.11120009422302246 46
23.6746849575467238 15.8017000951164945 -1.43724262714385986 1.05560004711151123 45.5
23.43715404009194 16.1827643074621044 1.03347122669219971 0.893200039863586426 45
26.4990459462879464 10.6443151369547593 1.01477491855621338 2.51719999313354492 48
26.4592087738144492 10.7407245662394892 1.03813803195953369 2.43600010871887207 54.5
26.475841822032109 10.7407245662394892 0.444162517786026001 2.35480022430419922 57.5
26.5190181468148438 10.6264615389390684 0.592197418212890625 2.27360010147094727 56.5
26.5707176045912483 10.5121985116386476 0.14611247181892395 2.19239997863769531 53
23.251249715803926 16.5681389585609118 1.18608510494232178 0.812000036239624023 45
26.4768079477909772 10.6937338054064295 2.33352160453796387 2.51719999313354492 51
26.5320090604699601 10.6937338054064295 1.58719539642333984 2.43600010871887207 63
26.5685979536396601 10.6722532554123095 1.01743841171264648 2.35480022430419922 68
26.6304653683565817 10.5397898637818965 0.744112193584442139 2.27360010147094727 67.5
26.6392272541245241 10.5397898637818965 0.294939428567886353 2.19239997863769531 60.5
24.100466461371397 15.4659959957669155 0.890546858310699463 1.21800005435943604 45.5
23.966974148752076 15.6450005790512545 -1.28091645240783691 1.13680005073547363 45
26.5773215595927574 10.7001906633739932 2.06821990013122559 2.51719999313354492 51
26.5461179020675431 10.7217274443133554 2.339630126953125 2.43600010871887207 65
26.6084814346555376 10.7001906633739932 1.61872577667236328 2.35480022430419922 71.5
26.6632308549621939 10.6822433459245225 0.295711517333984375 2.27360010147094727 71.5
26.7068005169424119 10.5673805142479136 -0.450410038232803345 2.19239997863769531 64
24.0307377537329394 15.7362079396952641 0.144920796155929565 1.21800005435943604 47.5
24.0050897727371897 15.7756920380840988 0.0940020978450775146 1.13680005073547363 46
28.7841503365453448 0.827732177061809682 -0.47710883617401123 -0.324800014495849609 48
26.6170044920254618 10.8252973417474934 1.94630444049835205 2.51719999313354492 50
26.5443459537959363 10.7281287818315416 3.12170243263244629 2.43600010871887207 62.5
26.6347154760087825 10.7281287818315416 2.22242927551269531 2.35480022430419922 68.5
26.7765317750047984 10.5949718663911625 -0.451586067676544189 2.27360010147094727 69.5
24.2097973062396363 15.5973532842864504 -0.219907656311988831 1.21800005435943604 48.5
28.8557888573125467 1.0175145474275491 -0.271663516759872437 -0.243600010871887207 53
28.852689088655648 1.07885407688240131 -0.352370738983154297 -0.324800014495849609 56.5
28.8480257216196883 1.0175145474275491 -0.722402632236480713 -0.406000018119812012 48
26.604954223225846 10.8534885058938571 2.85375380516052246 2.51719999313354492 46.5
26.1837701868686921 10.7777161459790403 5.65833282470703125 2.43600010871887207 53.5
26.7892743009006224 10.6225632185344132 -1.80600142478942871 2.19239997863769531 58.5
26.8396054921776681 10.6225632185344132 0.749956011772155762 2.11120009422302246 48
26.6326852600325559 10.5343913269460767 -4.22246360778808594 2.35480022430419922 45
26.9206715730130917 10.4439518409661147 2.07457518577575684 2.11120009422302246 49.5
24.7567815323708054 15.3994173210368359 -1.06788742542266846 1.21800005435943604 46.5
25.3902478631809991 14.3863454873394776 -1.98268091678619385 1.54280006885528564 55
25.0984797917031273 14.9711562795077491 -1.22207295894622803 1.38040006160736084 46
24.7866260645484857 15.4390049132423677 -1.68016314506530762 1.29920005798339844 47.5
24.7503362595166223 15.5413468018718142 -1.20414149761199951 1.21800005435943604 48.5
25.47734839820356 14.423232987419043 -1.68247497081756592 1.62400007247924805 53.5
25.4788167903172464 14.4049107910427487 -1.81219720840454102 1.54280006885528564 56
25.5327929465520285 14.3059709306107585 -1.83614253997802734 1.46160006523132324 52
25.4939188997102129 14.577683388420402 -1.38252651691436768 1.62400007247924805 47.5
25.5079637768551066 14.460121425610561 -2.1468040943145752 1.54280006885528564 49.5
25.5079637768551066 14.460121425610561 -2.1468040943145752 1.46160006523132324 47
24.7993800420390862 15.9113512599037996 -0.77156597375869751 1.13680005073547363 45
24.9832114951395674 15.9071815527206262 -0.664439737796783447 1.21800005435943604 45.5
25.2238587697934946 15.6765274462126865 0.305748730897903442 1.13680005073547363 45.5
25.3051873630170938 15.7557016238694594 -1.55816256999969482 1.38040006160736084 48
25.4694049797802791 15.5169788719926505 -1.24714112281799316 1.29920005798339844 49
25.3687688817540327 15.7952892160749911 -1.56207764148712158 1.38040006160736084 45.5
25.5080487776572902 15.6045790479831759 -1.15854012966156006 1.29920005798339844 48
25.5392897628687514 15.5223119166494534 -1.51929068565368652 1.21800005435943604 46.5
25.3585307026964912 15.9960746545769386 1.03472208976745605 1.13680005073547363 45.5
25.3322778301531137 16.1939069042590376 -0.733977079391479492 1.29920005798339844 46.5
25.7386608589078776 15.6993017183713786 0.275436937808990479 1.29920005798339844 48
25.7580778043967449 15.6390212222125271 0.982371151447296143 1.21800005435943604 47
25.720049425722177 15.8138921665255214 -1.39662063121795654 1.38040006160736084 45.5
25.936050287230703 15.5085819768184887 -2.21252250671386719 1.38040006160736084 45
25.8840788009704887 15.8923738183079841 -0.296131432056427002 1.29920005798339844 47.5
25.5818970116916944 16.3554427473343935 0.840668916702270508 1.21800005435943604 46
29.7534152753584777 -7.21779270175806165 1.89562416076660156 2.84200000762939453 47.5
29.9415807607782085 -6.88577217716549939 1.28474438190460205 2.92320013046264648 46.5
29.6365947903448301 -7.65811604301944282 2.93056344985961914 2.76080012321472168 49.5
26.4682975873501434 15.5275699597800134 -1.97139573097229004 1.54280006885528564 47
29.7487248078687792 -7.72301663209841127 2.35564494132995605 2.84200000762939453 52
29.6994209682901165 -7.81931359758592226 2.64261054992675781 2.76080012321472168 54
29.6137626338408531 -7.95798122788793982 3.14265847206115723 2.67960023880004883 48
26.5171058138063636 15.5307745938258321 -2.41221761703491211 1.54280006885528564 48
29.8419178916345267 -7.83833888455969863 1.68239450454711914 2.84200000762939453 50
29.7731282182498198 -7.90784139683658172 2.41598725318908691 2.76080012321472168 54
29.7986891666635927 -7.83833888455969863 2.32566428184509277 2.67960023880004883 51
29.8806165344701355 -7.92703489281294171 1.93945574760437012 2.76080012321472168 49.5
29.8710149749239804 -7.85736368770032811 2.33130908012390137 2.67960023880004883 48
29.9510389545190705 1.4971155669353633 8.61010837554931641 -0.162400007247924805 45.5
27.7722716860830445 15.4776169684058083 -0.620017170906066895 1.62400007247924805 47
27.752562821880165 15.6575122589579099 -0.80832141637802124 1.62400007247924805 47
27.8377729908018416 15.5141211520328319 -0.621479511260986328 1.54280006885528564 48
27.459355184917861 16.0956517523400962 -1.71160924434661865 1.46160006523132324 50.5
27.3453157307746295 16.1872627373200082 -2.49438571929931641 1.38040006160736084 46
27.6956627505838746 15.8420738506406575 -1.66778206825256348 1.54280006885528564 48.5
27.5866250305269958 15.9897948013648765 -2.02659058570861816 1.46160006523132324 49.5
27.7862495130350808 15.8792621948337338 -1.17220556735992432 1.46160006523132324 45.5
27.871511094060633 15.9164505390268083 -0.505518913269042969 1.62400007247924805 45.5
27.9002338716688421 15.9536388832198845 -1.51302015781402588 1.62400007247924805 46
28.3924351164534308 15.7574550909630862 0.445008605718612671 1.62400007247924805 47.5
28.4324056908797118 15.6884680354528179 -0.309961825609207153 1.54280006885528564 46.5
29.2510603607273119 14.6047308091438488 -2.29741168022155762 2.03000020980834961 48.5
29.4327158116867125 14.3303289683663291 -1.5992664098739624 1.94880008697509766 55.5
29.4549967073703733 14.305755669192223 -1.39613890647888184 1.86760008335113525 56
29.6913927337346841 13.8552451843336062 -0.808806955814361572 1.78640007972717285 48
29.4817135745409367 14.3959611906232805 -1.64542567729949951 2.03000020980834961 52
29.5000682461179835 14.3631218152240834 -1.60292613506317139 1.94880008697509766 60
29.4936642209077071 14.3384922836746842 -1.91154694557189941 1.86760008335113525 60
29.454929728047027 14.3631218152240834 -2.28703165054321289 1.78640007972717285 52.5
29.5164434406590566 14.51934348170529 -1.42271184921264648 2.03000020980834961 50.5
29.5469380760093046 14.3959146620818377 -1.94728446006774902 1.94880008697509766 57.5
29.5367919141103776 14.3712288981571472 -2.25866127014160156 1.86760008335113525 57.5
29.4566002633724935 14.4823148358182525 -2.57431578636169434 1.78640007972717285 50.5
29.8395791879462067 14.7804183811030985 0.170272812247276306 1.70520007610321045 45
29.5653769952740255 15.4809903195981828 0.343581259250640869 1.70520007610321045 48.5
29.562700076777606 15.4809903195981828 -0.525597870349884033 1.62400007247924805 47.5
29.4830850416460493 15.7289541868468845 -1.50007736682891846 1.70520007610321045 50.5
29.4987579138775224 15.7289541868468845 -1.15143442153930664 1.62400007247924805 48.5
29.4624043796699659 16.2934288898517217 -0.70477759838104248 1.62400007247924805 48.5
29.5925296586337936 16.0493640975967118 0.840195894241333008 1.54280006885528564 45.5
30.2124264711529555 16.021790673020746 -0.389375180006027222 1.70520007610321045 47.5
30.2792523638763598 16.0355115894827023 -0.897215425968170166 1.70520007610321045 47.5
33.2912328215110804 9.60793502564698443 -0.0637821033596992493 2.76080012321472168 46.5
31.5331093244862366 14.5190338180047149 -0.828526914119720459 2.19239997863769531 52.5
31.5668093033144608 14.4409278381110848 -0.906628072261810303 2.11120009422302246 56.5
31.6346061349227021 14.3020727627446327 -0.726752817630767822 2.03000020980834961 56
31.7623031693036246 14.0243626120117266 -0.546858072280883789 1.94880008697509766 49.5
31.6146186729084029 14.4721180622730188 -1.45395350456237793 2.19239997863769531 56.5
31.6621196688311599 14.393843385253513 -1.16945040225982666 2.11120009422302246 62.5
31.69251710894412 14.3329630809050084 -1.09119749069213867 2.03000020980834961 61.5
31.7995925810223525 14.1024876430142427 -0.972619593143463135 1.94880008697509766 52.5
31.7303542131359322 14.4248633344691637 -1.17197072505950928 2.19239997863769531 55.5
31.7148428621815768 14.4248633344691637 -1.53547775745391846 2.11120009422302246 61
31.7303542131359322 14.4248633344691637 -1.17197072505950928 2.03000020980834961 60.5
31.7457871931738964 14.4248633344691637 -0.627672135829925537 1.94880008697509766 54
31.8056703589342185 14.3947421460789151 -1.64113306999206543 2.19239997863769531 50
31.8390644600509916 14.3467014411011053 -1.39593720436096191 2.11120009422302246 52.5
31.8010722648639366 14.420946166975904 -1.49355077743530273 2.03000020980834961 53
31.8585860662715596 14.254987367961645 -1.82438135147094727 1.94880008697509766 48.5
31.2818622501006658 15.6861246213087444 -1.46335399150848389 1.78640007972717285 45
31.3041498420651152 15.7986635504258537 -1.5692903995513916 1.78640007972717285 49
31.2869717588546195 15.9950534808671154 -1.60139203071594238 1.78640007972717285 46.5
35.369991222591473 -2.51347742074181424 1.05918025970458984 3.24800014495849609 45.5
35.4672788885177894 -2.41661818488986846 0.186621576547622681 3.16680002212524414 48.5
35.5205502062566225 -2.56417022922441795 -0.925269186496734619 3.24800014495849609 46
35.4634815347892527 -2.72443086855094441 -2.01482868194580078 3.16680002212524414 46.5
34.1342246151050972 10.1765505972344101 0.658168792724609375 2.76080012321472168 48
34.2226402118396678 9.99276653375950907 1.8562394380569458 2.84200000762939453 49.5
34.1662899611990767 10.0329160421540777 2.54857659339904785 2.76080012321472168 51.5
34.2380942349286812 10.2193996672068739 1.77975547313690186 2.84200000762939453 49.5
33.5567671435046719 10.3803350950369051 6.78548526763916016 2.76080012321472168 46
34.2484876780085656 10.1076389534360214 -2.17427396774291992 2.59840011596679688 46.5
34.4281320034803144 9.94067756109645906 1.05327248573303223 2.84200000762939453 47
34.0593882577157316 9.89139975434924779 -5.22885417938232422 2.67960023880004883 50.5
34.5633012280706353 9.76843974282687633 -0.749418318271636963 2.84200000762939453 45
34.1151928824093602 9.57540531776182569 -5.92208957672119141 2.67960023880004883 47.5
33.7517263921004655 14.330704372359369 -0.712566673755645752 2.27360010147094727 51.5
33.7552025123591619 14.330704372359369 -0.522564828395843506 2.19239997863769531 52
33.8413408955058941 14.304902154154572 -0.834258317947387695 2.27360010147094727 51.5
33.8104805764548857 14.3600093213615878 -1.09724676609039307 2.19239997863769531 52
33.8019573682115109 14.4013396967668488 -0.769133627414703369 2.11120009422302246 46
33.4070848105885858 16.3956949906664811 -2.13859343528747559 1.86760008335113525 46.5
33.4823043953812984 16.5266966899478689 -0.908976554870605469 1.86760008335113525 49.5
33.9009674514094357 15.8209784642453286 1.02558338642120361 1.94880008697509766 47
33.6473792668394367 16.3634654585853987 -0.849581480026245117 1.86760008335113525 47
33.7772994525674477 16.1947593424700074 1.75321078300476074 1.94880008697509766 46.5
32.974383878191837 17.7364479488567675 2.08769321441650391 1.70520007610321045 46
33.6987518482944566 16.5699101544450542 1.30878794193267822 1.86760008335113525 46
33.7191630351208786 16.7258138429224985 -3.47929000854492188 1.94880008697509766 46
37.8176921177128236 -2.05878689731313624 0.315023422241210938 3.32920026779174805 50
37.8029993278482976 -1.99252708912374787 1.21600890159606934 3.24800014495849609 45.5
37.865205221794227 -2.12451254608222406 1.38390648365020752 3.24800014495849609 61
37.8541808288325967 -1.99647272745673288 1.8104325532913208 3.08560013771057129 53.5
37.9458709409987094 -2.00041836578971788 1.41772985458374023 3.32920026779174805 59
37.9467240984448537 -2.12871123010402297 1.18973088264465332 3.16680002212524414 64
37.9671642154938169 -2.00041836578971788 0.627341508865356445 3.08560013771057129 55.5
38.0207156262524322 -2.00436400412270288 1.42052626609802246 3.32920026779174805 56.5
38.0420508997421152 -2.00436400412270288 0.628578841686248779 3.24800014495849609 62.5
38.0448278365595272 -2.00436400412270288 0.428587794303894043 3.16680002212524414 61.5
38.0308233364306645 -2.23289006635046983 0.529881715774536133 3.08560013771057129 54.5
38.1046734049504536 -1.98445798399421913 1.19442415237426758 3.32920026779174805 50
38.1110137480855897 -2.1657305883013831 0.437235623598098755 3.08560013771057129 48
35.4239793384900779 -14.2921758646932489 7.08505964279174805 2.27360010147094727 45
35.2339271416066353 16.6622330670084366 -1.39296627044677734 1.94880008697509766 47.5
37.8429238664968395 -12.3632655548665156 3.61435151100158691 2.51719999313354492 46
36.477281491386826 16.3045247559936577 -1.25346601009368896 2.11120009422302246 49
36.3393287538247804 16.6242213198366713 -1.04369926452636719 2.03000020980834961 48
37.8453161181387614 -12.5366003358523148 3.81688022613525391 2.51719999313354492 49
36.4587843709713155 16.525291141311115 -1.29402637481689453 2.11120009422302246 46.5
36.4517619527177317 16.5653281882918826 -0.928282797336578369 2.03000020980834961 49.5
37.7856641240629543 -12.8358462936614153 4.18332338333129883 2.51719999313354492 47
37.7840140952880787 14.3563365940006999 0.666937053203582764 2.43600010871887207 47.5
37.8051237300403358 14.3159246683314514 0.0881961584091186523 2.35480022430419922 48
37.4358359741269098 16.7789240548392726 -0.276898384094238281 2.19239997863769531 47.5
37.4302242151526627 16.7789240548392726 -0.70479971170425415 2.11120009422302246 50
37.6558091708189977 16.4346826183303669 -1.07307159900665283 2.11120009422302246 46.5
37.7373616573440813 16.4646732184860731 -0.432300060987472534 2.11120009422302246 46.5
37.9819116806529635 16.8378837132033183 -0.512713789939880371 2.11120009422302246 47.5
38.5438181428807169 15.9138255444786907 0.119407057762145996 2.19239997863769531 48
38.5273013160001767 16.1303745169031068 -0.780332386493682861 2.19239997863769531 48
39.6305261487897482 14.5681896187163638 0.374237298965454102 2.51719999313354492 46.5
39.7712716746361039 14.4037774474107181 -0.259545475244522095 2.59840011596679688 51.5
39.7721002754951201 14.4037774474107181 -0.0374881848692893982 2.51719999313354492 56.5
39.7810451879020377 14.3773484979659276 -0.224939003586769104 2.43600010871887207 55.5
39.7717034073348259 14.4037774474107181 0.181685835123062134 2.35480022430419922 49
39.8405817415420458 14.4293150188949006 0.404454976320266724 2.59840011596679688 52
39.8516244230347496 14.4028392115207833 0.21667596697807312 2.51719999313354492 59
39.910628328592054 14.2333940443264186 0.43912169337272644 2.43600010871887207 58
39.9124572093284371 14.2333940443264186 0.21667596697807312 2.35480022430419922 50
39.9127356543915397 14.4548538893399954 0.182330101728439331 2.59840011596679688 50
39.920324074529006 14.4283312216531332 0.439898908138275146 2.51719999313354492 55
39.9782422689207877 14.2585861484572121 0.659832000732421875 2.43600010871887207 54
40.0284749548634906 14.0888410752612927 -1.10831844806671143 2.35480022430419922 48
39.8659388426070507 16.1116311354311179 2.10357165336608887 2.19239997863769531 46
40.1672364199554579 16.6985962997912978 -0.00296288146637380123 2.27360010147094727 47
40.164740090380505 16.6985962997912978 0.44781377911567688 2.19239997863769531 47
40.2358749781556497 16.7273872759407745 0.222811922430992126 2.27360010147094727 50
40.1831364471163752 16.8253993107607442 1.0010753870010376 2.19239997863769531 49
40.326785373939984 16.6579975201444128 1.25864052772521973 2.35480022430419922 47
40.3448933455844809 16.6579975201444128 0.351156741380691528 2.27360010147094727 47.5
40.3489237209419187 16.7152420781916149 3.31741976737976074 2.27360010147094727 47
40.3011567520931209 16.5784113473616266 4.40606594085693359 2.19239997863769531 49
40.5548708472494681 16.6067978809489993 2.12894320487976074 2.27360010147094727 49
40.4600563108007663 16.6671064899587194 3.19483160972595215 2.19239997863769531 50
41.749248447361559 14.625423432807624 -1.07689988613128662 2.59840011596679688 51
41.8640033939549525 14.3323620180859592 0.22626340389251709 2.51719999313354492 50.5
41.8889337336509229 14.4175815641064986 -1.46839702129364014 2.67960023880004883 49
41.8432552316486834 14.4840475567185916 -2.01493954658508301 2.59840011596679688 55.5
41.8536747929214457 14.4840475567185916 -1.78548383712768555 2.51719999313354492 55.5
41.8200106052305074 14.6502125382488249 -1.07872509956359863 2.43600010871887207 49
41.8592857869407808 14.5085555002833324 -2.94316220283508301 2.59840011596679688 53
41.8592857869407808 14.5085555002833324 -2.94316220283508301 2.51719999313354492 53
41.9410347562869035 14.4419770429206569 -1.9336777925491333 2.43600010871887207 46.5
45.8827448633058594 14.3517528460068391 0.08193950355052948 2.59840011596679688 51
45.9422027900634049 14.4102435222805436 0.285597771406173706 2.76080012321472168 49.5
45.8664554444477517 14.6328652384911404 -0.754995465278625488 2.59840011596679688 54
45.773402847447656 14.9397221986733157 -0.15100213885307312 2.51719999313354492 46
46.0090707590126726 14.4326896120845802 -0.716721594333648682 2.67960023880004883 52
48.772179040648993 -10.8581647318008798 2.42395186424255371 2.92320013046264648 46
48.690150285121014 -10.8581647318008798 3.72428655624389648 2.84200000762939453 48
47.0205261728543533 17.0717604390029933 -0.354692995548248291 2.51719999313354492 45
48.67037244650394 -11.2187700955501626 3.91718316078186035 2.84200000762939453 47.5
47.0910224293103283 17.0973555418233794 -0.355224758386611938 2.51719999313354492 46.5
50.8637255207147803 0.579084516769575175 2.42941451072692871 0.324800014495849609 49
50.9810787654653552 0.407868043577320816 1.32807409763336182 0.324800014495849609 49
52.1650409565375952 9.62789730770510133 2.39214181900024414 3.08560013771057129 46.5
52.1581801845563149 9.76723972222047365 1.93275690078735352 3.00440025329589844 48
52.1468017676376476 9.90658213673584775 1.47685253620147705 2.92320013046264648 45.5
52.270167944501658 9.64149617046320451 1.56590509414672852 3.16680002212524414 46
52.2091953213130537 9.99366660260279716 1.3810877799987793 3.08560013771057129 54.5
52.2233806961996763 9.84083792450448414 1.85940432548522949 3.00440025329589844 56
52.220456188519826 9.9205746261209935 1.47893857955932617 2.92320013046264648 51
52.3247799794584125 9.85471794913904553 0.751474618911743164 3.16680002212524414 47
52.2970392419581032 9.85471794913904553 1.86202692985534668 3.08560013771057129 55
52.2970392419581032 9.85471794913904553 1.86202692985534668 3.00440025329589844 57
52.313857971742749 9.85471794913904553 1.30682194232940674 2.92320013046264648 52.5
52.2975280880001634 10.2350880508780335 1.94094645977020264 3.08560013771057129 47.5
52.4186690540975349 9.59539504769815643 1.94094645977020264 3.00440025329589844 50.5
52.4312357006506531 9.62871239161377446 1.34500586986541748 2.92320013046264648 50
52.5669798933908226 9.3953599107067074 -2.33418813877506182e-06 3.00440025329589844 46
50.6326516282259078 17.4181956789135128 0.737452805042266846 2.59840011596679688 45.5
46.4416505986089447 -26.3414620979744427 4.99414634704589844 1.38040006160736084 45.5
52.1885759660855726 -12.3478484857564137 4.86886358261108398 2.92320013046264648 45
52.2685364944381092 -11.4865271744883906 5.99019479751586914 2.84200000762939453 45
52.1212194351604907 -12.0752930938395053 6.74327611923217773 2.92320013046264648 46.5
52.203931066504623 -11.9540010873165663 6.30534601211547852 2.84200000762939453 47.5
53.8760495793409362 14.4056890774147561 1.86754941940307617 2.84200000762939453 48
53.8268561225848714 14.5800076770930556 1.93218159675598145 2.76080012321472168 47
53.9235238365855736 14.5996046598822993 1.0589444637298584 2.84200000762939453 51
53.9027561585628163 14.6833900524784671 0.952302038669586182 2.76080012321472168 50.5
53.9837779601962566 14.6192006459275952 -1.55993056297302246 2.84200000762939453 48.5
57.0844491771083895 10.7707896914768746 3.54906201362609863 3.08560013771057129 47
57.1348396176799938 10.8580614512997791 2.22545027732849121 3.00440025329589844 49.5
57.205886869827502 10.5089744120081594 2.07080435752868652 2.92320013046264648 47
57.192514070869116 10.7846697161114378 2.94671511650085449 3.08560013771057129 54
57.2505152062823868 10.7846697161114378 1.43014168739318848 3.00440025329589844 58
57.2572589997376582 10.7846697161114378 1.12826681137084961 2.92320013046264648 55.5
57.3080407696353404 10.8860464300700723 -1.41607010364532471 3.08560013771057129 57
57.340755955149433 10.7985497407460009 -0.389854848384857178 3.00440025329589844 62
57.3416761256537839 10.7985497407460009 0.214821815490722656 2.92320013046264648 58.5
57.3571084938145361 10.579808017435818 1.71829915046691895 2.84200000762939453 46.5
57.225398864402834 10.9803473106903215 -4.26225948333740234 3.08560013771057129 57
57.383952559019086 10.8124297653805623 -1.91161119937896729 3.00440025329589844 60
57.4144594731522986 10.8124297653805623 -0.390355974435806274 2.92320013046264648 57.5
57.3991250217941982 10.9000389194552199 0.10356401652097702 2.84200000762939453 47.5
57.220477036945951 10.9140314088403656 -5.38064289093017578 3.08560013771057129 50
57.3630677731644454 10.9140314088403656 -3.55143499374389648 3.00440025329589844 50.5
57.3930686364232869 11.0967847813929517 -2.26880121231079102 2.92320013046264648 52.5
57.8161228007779044 14.3053716677463481 2.79166674613952637 2.92320013046264648 46.5
57.8702038139048156 14.3053716677463481 1.23975241184234619 2.84200000762939453 45.5
57.8834595326269294 14.5620878644854095 1.24131178855895996 3.00440025329589844 49
57.942993556504824 14.3233651126085988 1.24131178855895996 2.92320013046264648 55
57.8678903063575163 14.5993882944661593 1.5017317533493042 2.84200000762939453 55.5
57.8559751966231275 14.5620878644854095 2.17298650741577148 2.76080012321472168 50
57.9316016919972512 14.6177294208738839 1.81729292869567871 3.00440025329589844 49
58.0083254079372779 14.3413594727020222 1.5525062084197998 2.92320013046264648 56.5
58.0157870015332477 14.3413594727020222 1.24287128448486328 2.84200000762939453 57
57.9487089164603759 14.5803821305803893 1.5525062084197998 2.76080012321472168 51.5
58.1019081569284239 14.3593538327954455 -0.00407651625573635101 3.00440025329589844 45
58.0414105970810894 14.5986763966753692 0.310111820697784424 2.92320013046264648 52
58.0944591283500529 14.3593538327954455 0.930293142795562744 2.84200000762939453 51.5
57.9819544050131412 14.7407741689790743 1.68089878559112549 2.76080012321472168 49.5
59.5967956175542213 17.4522155704847854 0.228627845644950867 2.76080012321472168 46
61.9913963027769555 14.0987381268045713 -1.80355620384216309 2.92320013046264648 46.5
61.997507958483645 14.4018089853642959 -1.84473609924316406 3.00440025329589844 47
61.9426611585014726 14.6007289989743008 -2.10508370399475098 2.92320013046264648 50.5
61.9165431181784243 14.6007289989743008 -2.76879143714904785 2.84200000762939453 46
61.9886010689431188 14.7135208050344737 -2.23352956771850586 2.92320013046264648 48
64.1732440824572308 -4.85446369056212568 2.96814131736755371 3.24800014495849609 47
62.1026545327032906 16.8336377727452842 3.23576450347900391 2.76080012321472168 46.5
62.2478096375278014 16.3615803588449893 4.21411705017089844 2.76080012321472168 46.5
66.2812431850353647 10.3758454799992386 2.21456766128540039 3.16680002212524414 49.5
66.3211661658807401 10.2751905521415274 1.29961228370666504 3.08560013771057129 48.5
66.3607019884659053 10.2110963639538177 2.79848027229309082 3.16680002212524414 49.5
66.3974852264494331 9.98436971771471171 2.74354815483093262 3.08560013771057129 48.5
66.4227318236012962 9.98436971771471171 2.0430295467376709 3.00440025329589844 45
73.078924894924242 -2.17699565589970723 3.60172295570373535 3.4104001522064209 50
73.0755990491168745 -2.21358381818373617 3.64658117294311523 3.32920026779174805 58
73.1264319773420368 -2.17699565589970723 2.45489215850830078 3.24800014495849609 59.5
73.0987994111941788 -2.34164238617783615 3.05333137512207031 3.16680002212524414 58
73.1354708402845546 -2.0489370879056068 2.29029059410095215 3.08560013771057129 53.5
73.0939604658204445 -2.34404151215946976 4.58302402496337891 3.4104001522064209 53.5
73.1410054836035499 -2.50885693098318274 3.65031719207763672 3.32920026779174805 64.5
73.1410054836035499 -2.50885693098318274 3.65031719207763672 3.24800014495849609 68.5
73.1568633959877559 -2.34404151215946976 3.43575596809387207 3.16680002212524414 67
73.2013535468936425 -2.17922609333575723 2.45740747451782227 3.08560013771057129 58.5
73.181875656106854 -2.63974599247809305 4.20334815979003906 3.4104001522064209 53
73.1340146424289514 -2.63974599247809305 4.96696615219116211 3.32920026779174805 65.5
73.181875656106854 -2.63974599247809305 4.20334815979003906 3.24800014495849609 70.5
73.248593547340235 -2.34644088220274938 3.05958843231201172 3.16680002212524414 69
73.2765355261176268 -2.34644088220274938 2.29498386383056641 3.08560013771057129 60
73.1701587276504029 -2.51399282125984724 5.57120704650878906 3.4104001522064209 50
73.0732379553246005 -2.74337172830910347 6.63375663757324219 3.32920026779174805 61.5
73.2335866407812546 -2.64244500920743075 4.59240579605102539 3.24800014495849609 66
73.3249149799052304 -2.51399282125984724 2.89265584945678711 3.16680002212524414 65
73.3066230808652364 -2.34884000818438254 3.44278931617736816 3.08560013771057129 59.5
73.1396457607311845 -3.23295380947827216 6.51077461242675781 3.32920026779174805 50.5
73.3273350014767118 -2.47982252431572059 4.38202667236328125 3.24800014495849609 54
73.3036337512470766 -2.47982252431572059 4.76212358474731445 3.16680002212524414 54
73.461513694625765 -2.18591763254496829 0.937037229537963867 3.08560013771057129 53
73.9179315225082547 14.0623087828699429 4.4476466178894043 3.00440025329589844 47
74.0305484736234831 14.4817145661995514 1.5687936544418335 3.08560013771057129 46
73.9962246072959857 14.4817145661995514 2.7462618350982666 3.00440025329589844 49.5
73.7579243205082093 14.7268477554711605 5.96588802337646484 2.92320013046264648 47
81.9011893040398746 14.951999823699655 -3.41890573501586914 3.16680002212524414 45.5
82.0943796263099159 14.6736518445487842 -0.869937598705291748 3.08560013771057129 47.5
82.080675073360851 14.6736518445487842 1.73409378528594971 3.00440025329589844 47.5
82.8340633951110021 10.5124419021152704 4.59862089157104492 3.16680002212524414 47
82.8317968106601086 10.8886326660080623 3.67045378684997559 3.08560013771057129 46
82.9060899518819099 10.8983988518873485 3.67374587059020996 3.16680002212524414 46.5
85.2898738868069728 15.8992623336179264 -3.97171783447265625 3.00440025329589844 46.5
85.6446011496242647 14.8267806688968395 1.0607759952545166 3.08560013771057129 51
85.5677871249363164 15.29385141524304 -0.456324875354766846 3.00440025329589844 53
85.4869194159529684 15.6414389474076554 -1.81331062316894531 2.92320013046264648 47.5
85.7343483260191448 14.6112717623173864 2.26553797721862793 3.16680002212524414 49.5
85.768068079990627 14.5134284246232976 1.48277890682220459 3.08560013771057129 55.5
85.7535162193505585 14.6112717623173864 1.35823738574981689 3.00440025329589844 56
85.7769817651557247 14.9720557992123329 0.451177746057510376 3.16680002212524414 51.5
85.8369972907648986 14.6238684550446028 -0.457112342119216919 3.08560013771057129 56.5
85.8370288803389201 14.6238684550446028 0.451177746057510376 3.00440025329589844 55.5
85.8251447268900591 14.7000344365812943 -0.10091959685087204 2.92320013046264648 47.5
85.7202857911320564 14.930499970908075 -4.9229741096496582 3.08560013771057129 51
85.8533423882796427 14.6364638664481781 -3.17805933952331543 3.00440025329589844 50.5
84.3887362581932194 22.0352208928616378 -8.17016220092773438 3.00440025329589844 45.5
86.0085103256442522 12.6211162202092559 11.4083242416381836 3.00440025329589844 47.5
83.9344645023380309 22.8209939988679551 -11.0051898956298828 2.92320013046264648 45.5
86.1441070720951529 12.7963903116985698 10.7474708557128906 3.00440025329589844 46.5
87.9409886903727909 -2.20965697879438228 1.04960644245147705 3.24800014495849609 46
87.981756982788454 -1.88145997090363792 2.9109196662902832 3.32920026779174805 51
87.9480020289239235 -2.11251645855847059 3.67275714874267578 3.24800014495849609 54.5
87.9963349079795876 -2.46460253498488235 1.83678162097930908 3.16680002212524414 53
88.0449807608838029 -1.81699014324153518 3.28566575050354004 3.32920026779174805 51.5
88.0336482258701096 -2.21342435631241585 3.345703125 3.24800014495849609 56.5
88.0706145330350125 -1.88306251208668196 2.45698738098144531 3.16680002212524414 54.5
88.0889819170471498 -2.11431580304469557 -1.369789719581604 3.08560013771057129 45.5
88.1156358725097704 -2.34756544485903174 3.0601041316986084 3.24800014495849609 52.5
88.1812181849444841 -1.81853661221474283 0.0781696587800979614 3.16680002212524414 51.5
86.6643594475666106 16.7447628997198521 1.17354047298431396 3.08560013771057129 50
86.6347464600851538 16.7447628997198521 2.55141162872314453 3.00440025329589844 51.5
86.6034329336833366 16.5903316213298133 4.13307094573974609 2.92320013046264648 47.5
86.7219156118763692 16.758990414273363 -2.04176211357116699 3.08560013771057129 49.5
86.7429891958813926 16.758990414273363 0.71678471565246582 3.00440025329589844 51.5
86.7513948527204377 16.3505038231481201 3.54684734344482422 2.92320013046264648 49
86.8495794209502208 16.4969777385079333 1.99528515338897705 3.00440025329589844 46
86.8376818585139034 16.4969777385079333 2.4593350887298584 2.92320013046264648 45.5
87.8241070845009375 15.2774223426104534 2.38902950286865234 3.16680002212524414 49
87.8101331330658752 15.2774223426104534 2.85696101188659668 3.08560013771057129 54.5
87.9712795698510064 14.9891494803083525 1.39336419105529785 3.16680002212524414 49.5
87.9921391614879553 15.3031205381188737 1.46760571002960205 3.08560013771057129 49.5
86.9183650790043743 20.3050233477892839 -9.61531734466552734 2.92320013046264648 45.5
95.4038330284671048 -2.4476767549542906 4.68190670013427734 3.24800014495849609 46
95.6077836266988612 -0.848397331873320337 1.60370051860809326 3.24800014495849609 47
94.627523001863878 -1.80999871328462025 -15.6192903518676758 3.08560013771057129 45.5
93.4506704968778337 -2.41121972432331244 -21.8439388275146484 3.08560013771057129 46.5
92.8779009558371058 -2.14730512763120851 -24.1885185241699219 3.00440025329589844 46.5
92.2199882326202243 -2.85730675582441673 -26.7902278900146484 3.00440025329589844 46.5
88.9099980838624333 -22.0472720572813294 29.2190456390380859 3.00440025329589844 46
