
X Y Z V_r Mag
3.74722177530055367 -4.49134688385232472 0.092924460768699646 -1.13680005073547363 48.5
3.73169851245413398 -4.50450512667611047 0.0797643512487411499 -1.21800005435943604 47.5
3.80533670606434615 -4.53560116616175257 0.231000140309333801 -1.05560004711151123 46
3.81081556268211807 -4.53560116616175257 0.107848100364208221 -1.13680005073547363 48
3.86733945765938847 -4.96673040621339279 -0.255491286516189575 -1.62400007247924805 47
3.69059325074894318 -5.10528557367155678 -0.0747338756918907166 -2.11120009422302246 46.5
3.96441490247031592 -4.97089178109859731 -0.46290549635887146 -1.54280006885528564 47.5
3.73452905095740029 -5.16606301288852698 -0.0756235718727111816 -2.11120009422302246 46
4.63789094483390585 -5.10434829293498726 -0.213536486029624939 -0.730800032615661621 48.5
4.64064506292004886 -5.10434829293498726 -0.141586393117904663 -0.812000036239624023 47
4.73290619719988648 -5.11625090055812048 -0.272411912679672241 -0.649600028991699219 45.5
4.70095088988640075 -5.14762824850021428 -0.231542080640792847 -0.730800032615661621 46
7.21225111807429542 -2.43000117690951445 0.775260329246520996 3.73520016670227051 48.5
7.22409036809266247 -2.43000117690951445 0.65583038330078125 3.65400028228759766 51
7.23667453973698915 -2.38602790620226113 0.678171634674072266 3.5728001594543457 51
7.23484556960495961 -2.40610266022078978 0.624646544456481934 3.49160003662109375 52
7.17684073463232153 -2.43000117690951445 1.05382716655731201 3.4104001522064209 47.5
7.30577569782219705 -2.42969199167940397 0.630770564079284668 3.73520016670227051 58.5
7.30217418147712927 -2.42969199167940397 0.671179533004760742 3.65400028228759766 64
7.30104393840977828 -2.44031043105503898 0.644417524337768555 3.5728001594543457 65
7.30104393840977828 -2.44031043105503898 0.644417524337768555 3.49160003662109375 61.5
7.31470276126848695 -2.40942042559864644 0.604521036148071289 3.4104001522064209 52
7.36427273373696245 -2.46400270391445231 0.732245206832885742 3.81640005111694336 48
7.37834555132555181 -2.44158495779497731 0.662331581115722656 3.73520016670227051 63.5
7.3943881292552982 -2.42014189628939302 0.553118228912353516 3.65400028228759766 69.5
7.38517722585951475 -2.44158495779497731 0.581227779388427734 3.5728001594543457 69.5
7.3682132896809085 -2.46400270391445231 0.691469132900238037 3.49160003662109375 63.5
7.3745702257687169 -2.44158495779497731 0.703121423721313477 3.4104001522064209 49.5
7.46234945166439001 -2.43554012671242681 0.630175113677978516 3.81640005111694336 50
7.4567359078825115 -2.45620531566635059 0.616259336471557617 3.73520016670227051 64.5
7.4630538521341645 -2.45620531566635059 0.534334719181060791 3.65400028228759766 69.5
7.46218524908040859 -2.46506182521803163 0.504869937896728516 3.5728001594543457 67.5
7.44929145052800745 -2.46506182521803163 0.668700158596038818 3.49160003662109375 60
7.42744230598465816 -2.45620531566635059 0.903210282325744629 3.4104001522064209 46.5
7.52046587504977015 -2.47959768633766986 0.704766631126403809 3.81640005111694336 51
7.53036002762964962 -2.48853854337975244 0.550778806209564209 3.73520016670227051 60.5
7.54064242329541745 -2.48853854337975244 0.38521575927734375 3.65400028228759766 62
7.54147352402762383 -2.50045968610253011 0.276367455720901489 3.5728001594543457 58
7.52424638101611443 -2.47959768633766986 0.663186967372894287 3.49160003662109375 53
7.62534056268436711 -2.48193139390696516 0.307953387498855591 3.73520016670227051 49.5
7.60525473926053497 -2.48995379841252307 -0.600722134113311768 3.65400028228759766 47
7.54537425034513909 -3.19996448489175966 -0.943425774574279785 2.92320013046264648 46.5
7.62658595813761853 -3.25298200152796912 -0.747619926929473877 2.92320013046264648 46
5.8921219664718727 -6.45631114553771646 -0.774326503276824951 -0.730800032615661621 46
5.74566182559872107 -6.63175438318819754 -0.0885396227240562439 -1.05560004711151123 47
5.69060162298488859 -6.67671171283613418 0.198005408048629761 -1.13680005073547363 47
5.28035606616149877 -7.48251332776710498 -1.10926175117492676 -2.19239997863769531 47
5.28035606616149877 -7.48251332776710498 -1.10926175117492676 -2.27360010147094727 47.5
6.40161643511090439 -6.74380532903861241 -0.174352556467056274 -0.487200021743774414 45.5
6.39601595949579416 -6.74380532903861241 -0.319496005773544312 -0.568400025367736816 45
6.13970775676685676 -7.55258721719693682 -0.57000887393951416 -1.38040006160736084 47.5
7.94622328104003106 -5.81313169469086244 -1.03684520721435547 1.38040006160736084 50
7.96484618438783265 -5.77973000161645345 -1.07979428768157959 1.29920005798339844 48.5
7.95962712471878042 -5.85717045662376723 -1.35591936111450195 1.38040006160736084 47
8.13752778362405671 -5.84092872430455046 -0.8165169358253479 1.46160006523132324 46.5
6.38076551178049023 -8.05299448298188025 -0.103674605488777161 -1.46160006523132324 45.5
6.43118391689254221 -8.01190777643605401 -0.157610028982162476 -1.54280006885528564 45
9.04344560089706384 -5.02200630355657562 0.343578904867172241 2.43600010871887207 45
8.85783516874850463 -5.35309917342793451 0.0747965350747108459 2.19239997863769531 46
9.80707067713867708 -3.50166691744914171 0.490232914686203003 3.49160003662109375 47
9.84629477248810936 -3.41829389560511476 -0.215340003371238708 3.4104001522064209 48
9.1738451538585597 -4.94636506159017575 -0.233815506100654602 2.51719999313354492 45.5
9.01285124298024165 -5.21732738258326378 -0.478163570165634155 2.35480022430419922 47
9.01285124298024165 -5.21732738258326378 -0.478163570165634155 2.27360010147094727 52
9.00834106048695027 -5.23556523111164474 -0.34535902738571167 2.19239997863769531 50.5
9.92245517792806098 -3.43107719634159158 0.150324538350105286 3.49160003662109375 47.5
9.94692410731980203 -3.35891304880859431 -0.162493109703063965 3.4104001522064209 46
9.05534218924906398 -5.26273446827002811 -0.744581878185272217 2.27360010147094727 48.5
9.02542080940691882 -5.33227446498364444 -0.598847925662994385 2.19239997863769531 52
9.02789841339209431 -5.34014691744178904 -0.479457885026931763 2.11120009422302246 48.5
9.08680992419471067 -5.32807620806972615 -0.933880925178527832 2.19239997863769531 49
9.08437849557442334 -5.35582660498675533 -0.787292599678039551 2.11120009422302246 47.5
9.06323008655703433 -5.33996923531988177 -1.08315789699554443 2.03000020980834961 46.5
9.96495767695800083 -3.74758747437873252 0.278785020112991333 3.4104001522064209 46
9.95783170098119719 -3.77154222385984728 0.198936060070991516 3.32920026779174805 48.5
9.42660331468094448 -4.88277643590041599 -0.84861832857131958 2.59840011596679688 46.5
9.22062041095482599 -5.28069144117003209 -0.719002246856689453 2.19239997863769531 45.5
9.10682989647329855 -5.3938110914975157 -1.18108272552490234 2.11120009422302246 47
9.09329154461838129 -5.40845010506930812 -1.21787703037261963 2.03000020980834961 46.5
10.0474110874683991 -3.73109274344313846 0.392565667629241943 3.49160003662109375 46
10.0630579224565224 -3.70026834218624501 -0.261742442846298218 3.4104001522064209 49
10.0376382563038931 -3.77397886693099061 0.168900340795516968 3.32920026779174805 51.5
10.0052974349753256 -3.79810231139290755 0.7029075026512146 3.24800014495849609 46.5
9.57314562488547871 -4.8032458306394421 -0.55619204044342041 2.67960023880004883 46
9.28555418888651118 -5.31787931249366785 -0.724065661430358887 2.19239997863769531 46
9.14190112692033452 -5.46530036198316083 -1.25768327713012695 2.11120009422302246 45
10.1913340789963218 -3.56959493477741185 -0.186277732253074646 3.4104001522064209 46
10.147158424796423 -3.68565737878151678 0.301847785711288452 3.32920026779174805 49
10.0752643694810455 -3.82466239892596827 0.707822918891906738 3.24800014495849609 45
9.65446073803408389 -4.79364885003000651 -0.672552764415740967 2.76080012321472168 47.5
9.65920680599497139 -4.81254273626323226 -0.423269540071487427 2.67960023880004883 47.5
9.49736452030395739 -5.05276500408568285 -0.953750729560852051 2.51719999313354492 45
10.273707809701218 -3.55361566763950565 -0.297273576259613037 3.32920026779174805 47.5
9.75065077662038959 -4.81198970520515878 -0.187571316957473755 2.76080012321472168 45.5
9.69389071662765645 -4.92885813633976611 0.0215016193687915802 2.67960023880004883 45
10.2608133705955407 -3.77789647821603269 0.587988436222076416 3.49160003662109375 50.5
10.2850476018271006 -3.72863741511723612 0.466444939374923706 3.4104001522064209 51
10.292343905504584 -3.7368472589670354 0.0783859342336654663 3.32920026779174805 46
10.4698787101109581 -3.28453722989205854 -1.67435634136199951 3.49160003662109375 46.5
9.73030177514581673 -5.32627658901414769 -0.402509480714797974 2.43600010871887207 47.5
9.72482720753022356 -5.32627658901414769 -0.51819533109664917 2.35480022430419922 45
7.95711756095079803 -7.84510519172052856 -0.138657867908477783 -0.0812000036239624023 45.5
9.80017311057237173 -5.36226485158540811 -0.288718879222869873 2.51719999313354492 46.5
9.78354699575938547 -5.38740046807721562 -0.372488409280776978 2.43600010871887207 49
9.66538908332452351 -5.54100701330492296 -0.870703935623168945 2.27360010147094727 48.5
8.00518612292630749 -7.89213358929050646 -0.440140575170516968 -0.0812000036239624023 48
7.97872495009279081 -7.91743790076311527 -0.465430706739425659 -0.162400007247924805 47
7.19694521965588052 -8.63720498265067071 -0.406416893005371094 -1.21800005435943604 47
10.3591349991748825 -4.27361704870736325 -0.993490278720855713 3.08560013771057129 45
9.8314711868180833 -5.44323855677464241 -0.525197923183441162 2.43600010871887207 48.5
9.81428331028032197 -5.48822399939261452 -0.348924070596694946 2.35480022430419922 46
9.71901344989479909 -5.57819488462855873 -0.993490278720855713 2.27360010147094727 47
8.05855457329891145 -7.94474834843867317 -0.443074852228164673 -0.0812000036239624023 46
8.07799735234086036 -7.90936916982966576 -0.665940403938293457 -0.162400007247924805 45.5
9.89252028884599177 -5.51207602728333335 0.103460140526294708 2.51719999313354492 45.5
9.93535350563453967 -5.43424183434351615 -0.115813463926315308 2.43600010871887207 47.5
9.85401935705772303 -5.55453104161414224 -0.548750400543212891 2.35480022430419922 46.5
9.83320703043563249 -5.55453104161414224 -0.84312891960144043 2.27360010147094727 48
10.014687975635745 -5.44458839333548905 -0.149998322129249573 2.51719999313354492 51
10.0338110114375514 -5.40897491614203396 0.160101801156997681 2.43600010871887207 49
9.94587246704675287 -5.49587180049406498 -0.913802802562713623 2.27360010147094727 45
10.088931783325366 -5.44456018514804363 -0.495842576026916504 2.59840011596679688 47
10.1046630574550687 -5.42735325277464931 -0.33948129415512085 2.51719999313354492 50.5
10.0668911148643367 -5.506218359486037 0.122040882706642151 2.43600010871887207 48.5
10.3912127109239236 -5.46183280514044434 -0.917453169822692871 2.59840011596679688 45
10.6172518518295824 -5.24340964067214088 -0.450697392225265503 2.76080012321472168 45
10.5773217036671472 -5.30708278796073163 -0.614533841609954834 2.67960023880004883 46.5
10.5119794565367304 -5.43294831167073777 -0.635509014129638672 2.59840011596679688 46.5
8.1861809329107178 -8.64729872964762336 0.645215272903442383 -0.487200021743774414 47
8.13182665195080112 -8.67859172866926798 0.87239229679107666 -0.568400025367736816 47
11.4104828623749732 -3.33791989564202618 -0.929951131343841553 3.65400028228759766 47.5
11.1103865355405205 -4.26031829537524676 -0.783988237380981445 3.32920026779174805 46
11.095408775967174 -4.3229042934185351 -0.640343189239501953 3.24800014495849609 49
11.08890074843805 -4.33184515028186112 -0.690672039985656738 3.16680002212524414 49.5
11.0334680579377213 -4.44211571826289298 -0.857796788215637207 3.08560013771057129 47
9.99110861931481686 -6.42102537067923684 -1.07415425777435303 1.86760008335113525 48
9.7323791516449969 -6.83975550044504477 -0.839144885540008545 1.54280006885528564 47
9.66736462898233917 -6.93065421188886788 -0.84482121467590332 1.46160006523132324 47
8.6642978059934439 -8.15406145935409121 -0.804268717765808105 0.0812000036239624023 48
8.58848455884145601 -8.38078795972823087 -0.0179992131888866425 -0.0812000036239624023 45
11.4931835407782401 -3.32742323897601411 -0.91377556324005127 3.65400028228759766 45.5
11.2075736411998061 -4.22263354707366112 -0.748097479343414307 3.32920026779174805 51.5
11.1893057626895072 -4.30510685853994435 -0.515259623527526855 3.24800014495849609 53.5
11.2151991496079777 -4.24962481264444492 -0.399987548589706421 3.16680002212524414 48.5
10.0739977674711696 -6.38943236650599289 -1.2998955249786377 1.94880008697509766 45.5
9.72422061315312014 -6.9367552516913209 -1.14933419227600098 1.46160006523132324 46.5
8.40371839979980351 -8.64290368480354765 0.695250213146209717 -0.324800014495849609 45
11.2732807553099548 -4.2490252752106823 -0.815206825733184814 3.32920026779174805 50.5
11.2696569698446893 -4.27618523790734262 -0.717439770698547363 3.24800014495849609 51
10.8649430845047341 -5.2147128377585652 -0.751951396465301514 2.84200000762939453 45.5
8.25509893492084146 -8.91217892037232318 0.221156865358352661 -0.730800032615661621 45.5
11.1800023914971494 -4.74759514207908939 0.300660938024520874 3.16680002212524414 46.5
10.9014617506725457 -5.32453347082550899 -0.655734241008758545 2.76080012321472168 45.5
10.1012763190431727 -6.60746212290636237 -1.38858592510223389 1.78640007972717285 47.5
10.0231442916032556 -6.80179924416831483 -0.945845484733581543 1.70520007610321045 48.5
10.0288698605190163 -6.80179924416831483 -0.883069694042205811 1.62400007247924805 47.5
11.287639428195666 -4.69288152034385231 0.129183858633041382 3.24800014495849609 47
11.2975303538358851 -4.66538416768558761 -0.225021988153457642 3.16680002212524414 47
8.81643786017263942 -8.46460172663583599 0.26751980185508728 0.162400007247924805 47.5
8.69551184556862466 -8.79423297101294921 0.436097770929336548 -0.162400007247924805 46
11.0040792730778403 -5.66127781024765309 0.0286849886178970337 2.67960023880004883 48
11.045085351906156 -5.57004170240700525 -0.348397344350814819 2.59840011596679688 47.5
11.3313151615698615 -5.14952141991221346 -0.293658047914505005 2.92320013046264648 50
11.0873997809061162 -5.66136206859835145 -0.145141750574111938 2.76080012321472168 45
11.1349194426120395 -5.54779256296282508 -0.487935721874237061 2.67960023880004883 51
11.1485704739309828 -5.50889889664928933 -0.603262066841125488 2.59840011596679688 46.5
10.3488221370925366 -6.87017721762306177 -0.839676797389984131 1.86760008335113525 46
10.3250806909968098 -6.91218237724168105 -0.785469591617584229 1.78640007972717285 48
10.3250806909968098 -6.91218237724168105 -0.785469591617584229 1.70520007610321045 49
11.4033529600488581 -5.18054255249316942 -0.0341565795242786407 3.00440025329589844 48
11.4022131314439257 -5.18054255249316942 -0.164800792932510376 2.92320013046264648 49.5
12.1009055026392538 -3.3678352635569655 -0.992866635322570801 3.73520016670227051 46
12.0746781981794555 -3.48434756346496721 -0.906351327896118164 3.65400028228759766 46.5
11.2145170759383674 -5.74374148735661993 -0.0635679960250854492 2.76080012321472168 49
11.1919581833160375 -5.78625273191764755 -0.13915996253490448 2.67960023880004883 50
10.8071345611989784 -6.47745407866917056 -0.0919153913855552673 2.19239997863769531 45.5
12.2145558493636663 -3.31185645127395079 -0.701325118541717529 3.73520016670227051 45.5
11.2259047303129105 -5.87929753569053304 -0.261816263198852539 2.67960023880004883 47
10.7440078760544591 -6.84612884082713968 -0.509247541427612305 1.94880008697509766 48
10.7122718180232184 -6.88277323536728947 -0.661207318305969238 1.86760008335113525 48.5
10.8211999320093586 -6.8719766231246977 -0.397773444652557373 1.94880008697509766 46
10.7958137828491942 -6.88640008152211447 -0.713117539882659912 1.86760008335113525 46.5
10.5601782171069978 -7.29097844784451876 -1.3169255256652832 1.62400007247924805 46
11.1450726850350623 -6.87527564634377342 -0.885201454162597656 2.11120009422302246 46.5
11.0696729663363236 -6.98844215865239082 -0.943223416805267334 2.03000020980834961 48
11.3838594101681405 -6.61600942822020333 -0.93604588508605957 2.27360010147094727 45.5
11.2675269661579396 -6.808996988205684 -0.959384381771087646 2.19239997863769531 48
11.2059414000592721 -6.89641870341278196 -1.05180871486663818 2.11120009422302246 51.5
11.1812531188322843 -6.96734575537325806 -0.822008967399597168 2.03000020980834961 51
11.1569020693824665 -7.02837600938576124 -0.604545414447784424 1.94880008697509766 47
11.5655618240104516 -6.46117505401643211 -0.846550881862640381 2.35480022430419922 48
11.300508535175469 -6.88583765063471365 -1.05327320098876953 2.19239997863769531 46.5
11.2723306174333757 -6.90076719504707459 -1.24081730842590332 2.11120009422302246 50
11.2540326919168407 -6.95385001962435911 -1.10288631916046143 2.03000020980834961 48
13.0261421074873791 -3.69120572573241512 -0.987562835216522217 3.73520016670227051 47
13.2644955540037373 -3.36668250320026097 -1.04606401920318604 3.89760017395019531 48.5
13.2815068928413158 -3.38040306358008857 -0.741671383380889893 3.81640005111694336 47
13.3369789499161815 -3.38507962805114193 -1.051780104637146 3.89760017395019531 49.5
13.3424797544167308 -3.38507962805114193 -0.979532003402709961 3.81640005111694336 50
13.3987545596919784 -3.39307410251372721 -1.21493959426879883 3.89760017395019531 46
13.4149939679858967 -3.40347698683415789 -0.984855592250823975 3.81640005111694336 45.5
10.3253739828091025 10.0191581780003389 -0.602616965770721436 0.243600010871887207 45
14.5588866608597396 -2.89852460594036643 -0.399860680103302002 4.06000041961669922 46
14.5498442204957108 -2.95233844305449589 -0.329011589288711548 3.97880029678344727 45
12.8185396391235376 -7.55893213559930377 1.14158260822296143 2.27360010147094727 46.5
10.5984406510629512 10.5038010825796384 -0.31439739465713501 0.162400007247924805 45.5
14.6032588448874741 -3.25582161647529222 -1.06980991363525391 3.97880029678344727 46.5
14.5839003383798627 -3.35891326236253462 -1.01369976997375488 3.89760017395019531 46
12.8875585952902174 -7.61753543428646385 0.940224647521972656 2.27360010147094727 45.5
12.8419795343642633 -7.64377694414867115 1.28695917129516602 2.19239997863769531 45.5
14.6669680400974585 -3.34180000580643499 -0.983901262283325195 3.97880029678344727 46.5
14.6448971751512698 -3.4567097016092494 -0.913125455379486084 3.89760017395019531 47
13.6270904302158851 -6.78434849087363823 0.275052666664123535 2.76080012321472168 45.5
11.2276753911965663 10.4112721618470552 -1.39117872714996338 0.649600028991699219 45.5
11.2829858614330085 10.4112721618470552 -0.830834090709686279 0.568400025367736816 45.5
14.0123418454676596 -6.50813802459377921 0.0305471289902925491 2.92320013046264648 45
13.9340864682653258 -6.67224117858086618 -0.157997176051139832 2.84200000762939453 45
14.02803068286069 -6.63285071537210857 -0.495268553495407104 2.92320013046264648 45
13.9155706733507873 -7.20816750986274091 -0.323784589767456055 2.59840011596679688 47
13.9414497483263595 -7.30563632352042625 -0.571128308773040771 2.59840011596679688 46.5
13.9664085689503281 -7.23281613387326772 -0.829653501510620117 2.51719999313354492 45
14.0768719367611794 -7.15058640033915793 -1.06837654113769531 2.59840011596679688 45
9.58213345128238281 -12.6801221427940778 0.455222636461257935 -1.62400007247924805 47
9.52211358452035839 -12.7158855709624081 0.667556583881378174 -1.70520007610321045 50.5
9.36997977005176352 -12.8251627125878667 0.727119863033294678 -1.78640007972717285 51
9.46420446683075411 -12.7516489991307402 0.796416580677032471 -1.86760008335113525 47
14.4434303753513085 -6.64802392506878448 -0.0336047075688838959 2.92320013046264648 46
14.334970636437987 -6.86657820831970067 -0.410794645547866821 2.84200000762939453 47
14.2574857516196403 -7.03546106355904577 -0.190782293677330017 2.76080012321472168 47.5
9.4644042853137389 -12.8617038583263312 0.449749797582626343 -1.70520007610321045 52.5
9.52653566734773172 -12.8117981317303116 0.550989508628845215 -1.78640007972717285 53.5
14.5278592574755248 -6.6434503244622114 -0.0805951356887817383 2.92320013046264648 46
14.4488765962673966 -6.81312979488868109 -0.108910679817199707 2.84200000762939453 45.5
14.3012339010270484 -7.1185528416563244 0.0392083041369915009 2.76080012321472168 45
12.3919419101814565 10.5244858667163985 -0.742051184177398682 0.974400043487548828 45.5
13.7955111074750789 -9.71685560548200478 0.179471880197525024 1.70520007610321045 48
13.851059187867337 -9.62618182270515632 0.500387907028198242 1.62400007247924805 48
13.9126200771479045 -9.66896528823978052 0.502611875534057617 1.70520007610321045 51.5
13.8813675190539776 -9.72191690537143316 0.30737188458442688 1.62400007247924805 53.5
13.8841564915541067 -9.72191690537143316 0.130581095814704895 1.54280006885528564 49.5
13.9444640386371415 -9.76493467246977431 0.22052881121635437 1.70520007610321045 47.5
13.9455914344901633 -9.76493467246977431 0.131158903241157532 1.62400007247924805 49.5
13.6071303744123195 10.2118081656930038 -1.72481405735015869 1.54280006885528564 45.5
13.4983832957623715 10.3015541257179279 -2.02030801773071289 1.46160006523132324 45.5
14.0081358009182058 10.0950430429454467 -1.42052721977233887 1.70520007610321045 45
13.9579467993575879 10.2530825330022815 -0.453515917062759399 1.54280006885528564 45
14.0776017718135869 10.1387449706098387 -1.33680260181427002 1.70520007610321045 46.5
14.0410593254908811 10.2278911305487199 -0.999481737613677979 1.62400007247924805 46
15.5057532034162442 -7.94636933701170722 1.34256505966186523 2.76080012321472168 47
15.5057532034162442 -7.94636933701170722 1.34256505966186523 2.67960023880004883 47.5
15.5723021759381712 -7.98047427262627362 1.34832727909088135 2.76080012321472168 48.5
15.5602028514978841 -8.04626548674520414 1.06782007217407227 2.67960023880004883 50
15.5670156110549236 -8.07038893192214601 0.734440028667449951 2.59840011596679688 46
14.2973207738121566 10.0660557601963738 -1.50455152988433838 1.78640007972717285 45.5
15.7232707440091684 -7.93308908600728557 0.696757256984710693 2.76080012321472168 46.5
15.6543953388643349 -8.09386518353047535 0.264347255229949951 2.67960023880004883 46.5
14.3675454882863036 10.1487158546145384 -1.10356390476226807 1.78640007972717285 45
14.334831439707262 10.2059785742803317 -0.995610058307647705 1.70520007610321045 46
14.4059500532338003 10.306165788500909 -1.48399317264556885 1.70520007610321045 46
14.2916233798026049 10.5193968048147219 -1.02102231979370117 1.62400007247924805 45
16.6255163588159576 -6.47076243625811109 -0.586468219757080078 3.32920026779174805 45.5
11.3492754345392388 13.963481388618586 0.46382412314414978 -0.812000036239624023 45.5
11.4736408061776878 13.8600148705972508 0.505533456802368164 -0.893200039863586426 46
11.4000061957595893 14.0216631529206559 0.372127622365951538 -0.730800032615661621 45
11.4806798442164197 13.9493865387303426 0.560605287551879883 -0.812000036239624023 52
11.4699278820663846 13.9493865387303426 0.74902188777923584 -0.893200039863586426 50.5
16.7492942687607034 -6.79400173388938988 -0.0911898016929626465 3.16680002212524414 45
11.4534065891491004 14.0798449172227258 -0.00371145107783377171 -0.730800032615661621 46.5
11.4499928153184083 14.0798449172227258 0.27964407205581665 -0.812000036239624023 50
11.6274953498671927 13.8938675842310602 1.08826935291290283 -0.893200039863586426 45.5
16.8125062212747451 -6.82219289803575357 -0.468925982713699341 3.24800014495849609 46.5
16.8364654515175047 -6.77456455665983892 -0.247473433613777161 3.16680002212524414 47.5
15.1177190709171256 -10.0155597864780219 -0.75212937593460083 1.78640007972717285 46.5
16.9060365553688072 -6.80255819556676578 -0.24849604070186615 3.16680002212524414 45
15.1567765768325522 -10.1184352403425297 -0.200042277574539185 1.86760008335113525 47
15.1666177363656285 -10.0865518072196867 -0.621141135692596436 1.78640007972717285 48
15.1562838067339936 -10.2446854395280358 -0.472801387310028076 1.86760008335113525 45.5
15.2037904245795499 -10.1463547533897067 -0.88672250509262085 1.78640007972717285 46.5
15.224143954196748 10.5823007627478205 -1.48335826396942139 1.86760008335113525 46
15.7680448224677789 10.3207860058699978 -1.43534386157989502 2.03000020980834961 46
9.64495893841845664 16.4110278437314925 0.745305299758911133 -2.27360010147094727 45
15.9679560541078676 10.2289217645074295 -1.81551921367645264 2.11120009422302246 45.5
9.99471202722410013 16.3011780301631504 0.378101348876953125 -2.27360010147094727 47.5
9.90452458160466342 16.3489750629447457 0.61402428150177002 -2.35480022430419922 50.5
9.87173592763624086 16.3489750629447457 1.01264381408691406 -2.43600010871887207 48.5
10.0394822555000616 16.3651048688075491 0.179330050945281982 -2.27360010147094727 46.5
10.0243310118492577 16.3651048688075491 0.579796910285949707 -2.35480022430419922 49
9.97166629281874073 16.3651048688075491 1.1786651611328125 -2.43600010871887207 48
16.0156186507118861 -10.7134339590597047 -0.497991621494293213 1.86760008335113525 45
16.076138367088511 -10.7285221896611329 -0.937600016593933105 1.86760008335113525 46
16.2054989612417799 -10.6972858416615413 -0.529668092727661133 1.94880008697509766 45
19.6723747080978377 -4.47235923909732147 -0.162303775548934937 3.97880029678344727 45
17.3422334683454302 10.565581352807925 -0.849184036254882812 2.35480022430419922 47
17.4286229958688565 10.4030339473801092 -1.06095993518829346 2.27360010147094727 46
17.3727073732229798 10.5510364522908198 -1.73917877674102783 2.35480022430419922 49.5
17.553954029516472 10.3697913823798178 -1.88461530208587646 2.35480022430419922 47
12.6533210562215501 16.2601288137742515 0.944602727890014648 -1.05560004711151123 45.5
12.8114800488082441 16.2235506236965463 1.07349014282226562 -1.05560004711151123 47.5
12.3521620364364733 16.6146246938793141 1.72598671913146973 -1.21800005435943604 45
17.8253274731103382 10.3971206092166639 -2.39963793754577637 2.51719999313354492 47
20.5676064120698996 -3.41829389560511476 -0.106611587107181549 4.14120006561279297 47.5
15.2522429508488457 14.2072840036087573 0.494632065296173096 0.812000036239624023 45.5
15.4708243823189786 13.9597703450093036 0.707764744758605957 0.730800032615661621 48.5
20.6553007280171741 -3.34691711382336976 0.111273676156997681 4.22240018844604492 45
20.6218729491104256 -3.5482550964518067 -0.0627712756395339966 4.14120006561279297 49
15.5810772696947915 13.9446163812656501 0.795852363109588623 0.730800032615661621 47
20.7182662455136182 -3.42714097011251928 0.0901986360549926758 4.22240018844604492 46.5
20.709014953706518 -3.47175153404200865 -0.289196491241455078 4.14120006561279297 51.5
20.7052651859540759 -3.50324134387458885 -0.13887573778629303 4.06000041961669922 47.5
18.1751426370487543 -10.5097240316237652 0.458114057779312134 2.27360010147094727 45
13.6422467883601648 16.0355208280740378 0.952292203903198242 -0.649600028991699219 48.5
13.4284667017484161 16.2277679984549543 0.701042592525482178 -0.730800032615661621 46
20.7895511542800442 -3.43938088380106688 -0.347697466611862183 4.22240018844604492 46.5
20.7579258338318091 -3.5947587338349587 -0.584714770317077637 4.14120006561279297 51
20.7744013098565539 -3.5157530473770473 -0.468367278575897217 4.06000041961669922 47.5
13.6736301200082266 16.0925873169328177 1.17601907253265381 -0.649600028991699219 45.5
12.972467162065346 16.6608097299958118 1.20625150203704834 -1.05560004711151123 46
19.1479108764052555 -8.90919885783881327 1.14290404319763184 2.84200000762939453 45
18.0877148861299624 -11.7873862000690721 1.92295849323272705 1.94880008697509766 49.5
18.140904017500656 -11.6384187733678335 2.29357671737670898 1.86760008335113525 47.5
18.0558684267421015 -11.8770940478658815 2.44596338272094727 1.94880008697509766 46
21.4052111031703021 -4.25995286942789342 -0.0193423070013523102 4.06000041961669922 45.5
17.2587844595784254 -13.3143981488777055 1.09170818328857422 1.21800005435943604 48.5
17.1631308020664761 -13.415306123377599 1.33683991432189941 1.13680005073547363 48
21.3130358060699798 -5.02168782146064441 0.383700281381607056 3.97880029678344727 45
20.2722629406372974 -8.19616077671641996 1.21175789833068848 3.24800014495849609 48.5
20.1328753290348885 -8.45613916529340237 1.66466319561004639 3.16680002212524414 48.5
19.9615955511199488 -8.6559120323051868 2.49398517608642578 3.08560013771057129 46
19.2598793861296755 10.2759878853322721 -1.75248634815216064 2.76080012321472168 45.5
20.2616852886333163 -8.38624259022461693 1.42676854133605957 3.24800014495849609 50.5
20.19211526475409 -8.4850981020936711 1.78387629985809326 3.16680002212524414 51
20.1816296844010097 -8.4850981020936711 1.89883077144622803 3.08560013771057129 47.5
19.2823361281482306 10.3935586784545446 -1.7510223388671875 2.67960023880004883 45.5
13.5411875206023478 -17.4000889486910637 0.275097519159317017 -1.54280006885528564 47.5
20.3386440129671762 -8.41486486924821975 1.3161090612411499 3.24800014495849609 45.5
20.3055905157802954 -8.46446132230862069 1.49613714218139648 3.16680002212524414 46.5
21.7872378148492452 -4.26102127121131868 0.00151279685087502003 4.06000041961669922 47
21.806589158659321 -4.10844563975518451 -0.658287405967712402 3.97880029678344727 45
17.891470055343536 -13.1381489195682342 0.352636396884918213 1.46160006523132324 45.5
21.894635917021688 -4.09727439431580542 -0.113897994160652161 4.06000041961669922 48
21.8491801066575775 -4.32551929943394153 -0.28094145655632019 3.97880029678344727 47
18.0216629291073325 -13.0795464530502521 0.566393136978149414 1.54280006885528564 50
18.0128655964232784 -13.0795464530502521 0.798634648323059082 1.46160006523132324 51
15.1004209795705631 16.4442788781952558 1.04187166690826416 -0.162400007247924805 47
21.9434837190657639 -4.23954064828471466 -0.179801195859909058 4.14120006561279297 48.5
21.9637831946166564 -4.13620533604062057 -0.0807592347264289856 4.06000041961669922 49
18.0951490776496158 -13.1068275773387111 0.546973526477813721 1.54280006885528564 54.5
18.1553112118186633 -13.0230421890326902 0.554591178894042969 1.46160006523132324 55
18.1463005531629413 -13.1676239769160599 0.454044044017791748 1.54280006885528564 50.5
18.2033457431593853 -13.0919640817518275 -0.345509916543960571 1.46160006523132324 50
14.9475354956690492 16.7092803424130665 1.90292835235595703 -0.243600010871887207 45.5
20.0501871977915087 10.0767391464257834 -1.64296209812164307 2.84200000762939453 46.5
15.1220078496825838 16.7311269634256803 1.01238477230072021 -0.324800014495849609 47
21.7566260633445658 -6.0171124284247135 -0.272414088249206543 3.81640005111694336 46
15.1560538618334544 16.8206766778664161 0.617605984210968018 -0.324800014495849609 47
21.8491281773203845 -5.91822899771473665 -0.782757937908172607 3.81640005111694336 45.5
21.8523100247602642 -5.95219300917938288 -0.265597403049468994 3.73520016670227051 45
21.8687705072143501 -6.17920050173086732 0.00309813814237713814 3.73520016670227051 45
22.8000011444091797 -0 -9.96619746729265898e-07 1.54280006885528564 46.5
22.0708343892115266 -6.01132034933472248 0.088893398642539978 3.81640005111694336 46.5
22.8748439657305909 -0.0514520999943057569 0.0670618638396263123 1.62400007247924805 61.5
22.8746850394381163 -0 0.120083488523960114 1.54280006885528564 67
22.8721870167988186 -0 0.358682394027709961 1.46160006523132324 60.5
15.7341337833965049 16.5186550784581136 2.5047156810760498 0 47
15.5394120659503123 16.7939659964324157 1.78659772872924805 -0.0812000036239624023 47
20.0289662196785692 -11.1357530676480643 1.24017250537872314 2.51719999313354492 46
19.9731752368491655 -11.1959773309549444 1.55720388889312744 2.43600010871887207 46
22.9462531041828228 0.0516207971201816038 0.411484867334365845 1.62400007247924805 69.5
22.9450066033383102 -0 0.478752255439758301 1.54280006885528564 75.5
22.943812878802202 0.0516207971201816038 0.530373573303222656 1.46160006523132324 69.5
23.0119917262424565 0.0517894942460574506 0.772184312343597412 1.62400007247924805 74.5
23.0119917262424565 0.0517894942460574506 0.772184312343597412 1.54280006885528564 80.5
23.0026845378076992 0.0517894942460574506 1.01217782497406006 1.46160006523132324 74.5
23.079710723475273 0.0923701103676216329 0.96355128288269043 1.62400007247924805 73
23.0720393311286287 0.0519581870817871702 1.13503599166870117 1.54280006885528564 78.5
23.0589457276874228 0.0519581870817871702 1.37563610076904297 1.46160006523132324 72.5
21.1656543153114072 9.41469447550624849 -0.677724063396453857 3.16680002212524414 47.5
21.0132370217290898 9.68980858660224875 -1.27757108211517334 3.08560013771057129 50
20.8433607887661125 10.0083617678712997 -1.57089328765869141 3.00440025329589844 46.5
23.158646485756865 0.0752943882999576874 0.867218494415283203 1.62400007247924805 64
23.151839814958354 -0.0521268842076630171 1.03455603122711182 1.54280006885528564 70
23.1409749583766171 -0.124525334496083884 1.24917519092559814 1.46160006523132324 63.5
16.0146073323277847 16.8275545686294841 0.963472068309783936 0 47
21.1535694754239536 9.61657555631277638 -0.781313776969909668 3.16680002212524414 49.5
21.0147677610590549 9.79379945629316317 -1.73882889747619629 3.08560013771057129 50
23.2492564693972561 -0.185939829487618613 0.0015843480359762907 1.62400007247924805 60.5
23.2470257349029588 -0.371879658975237226 0.0015843480359762907 1.54280006885528564 66.5
16.2137666392535102 16.6270881899631462 1.10282397270202637 0.162400007247924805 45.5
16.2950966984255885 16.5486448243980604 1.08382618427276611 0.0812000036239624023 49
16.0047409819526116 16.8964109644027793 1.55409002304077148 0 45.5
15.755052848212884 17.1091827429781453 1.76346766948699951 -0.0812000036239624023 45
15.7409112923400212 17.1091827429781453 1.88553965091705322 -0.162400007247924805 45.5
23.3153883066038574 -0.480922513218295322 -0.465905129909515381 1.62400007247924805 56
23.3154549697223814 -0.498410604608051533 -0.443645477294921875 1.54280006885528564 61
23.3040353147916051 -0.620827244336344952 -0.769530534744262695 1.46160006523132324 55
22.2857514945240212 -0.247747961354879448 6.88037490844726562 1.21800005435943604 50
15.9925652873169248 16.8818375549113107 1.81579041481018066 0.0812000036239624023 45.5
21.4352222238567194 9.35697267469234184 -0.733736217021942139 3.24800014495849609 45.5
21.3374613240851758 9.6055172613638593 -0.0829577147960662842 3.16680002212524414 47
23.3851382170739122 0.160822967846274645 -0.818242073059082031 1.62400007247924805 59
23.3961277154026739 0.125734320316178372 -0.406789690256118774 1.54280006885528564 63.5
23.3884081089989486 0.0935697267469234317 -0.730546534061431885 1.46160006523132324 58
22.4654857058440207 -0.160822967846274645 6.54493618011474609 1.21800005435943604 50.5
23.4337575770858173 0.126137308757088257 -1.38518679141998291 1.62400007247924805 52.5
23.4746596028960788 -0.0762690704112626572 0.100829191505908966 1.46160006523132324 48.5
23.5317216070833872 0.0529703612567499968 -0.926171839237213135 1.62400007247924805 51
23.5152086194587255 0.0411991698663611086 -1.27900564670562744 1.54280006885528564 56
23.365358003527664 -0.0941695311231111054 -2.94172048568725586 1.46160006523132324 50.5
15.4219904752016728 17.7602527455754426 2.20823478698730469 -0.406000018119812012 45.5
21.8681868286995282 -8.69118751379223831 2.09435343742370605 3.32920026779174805 48
21.9262927491137418 -8.69118751379223831 1.35705554485321045 3.16680002212524414 49
23.6127281878273863 0.188938858995483433 -0.73757094144821167 1.62400007247924805 54.5
23.6182906590209427 0.0531390540924797164 -0.560463607311248779 1.54280006885528564 59.5
23.5091772847456149 -0 -2.33649158477783203 1.46160006523132324 54
23.2195920345255189 -0.0531390540924797164 -4.35756492614746094 1.29920005798339844 46.5
21.6823412626719012 9.39104883963363868 1.83692741394042969 3.4104001522064209 45.5
21.7410132878022644 9.36735650575881351 1.12739741802215576 3.32920026779174805 55
21.7410132878022644 9.36735650575881351 1.12739741802215576 3.24800014495849609 57.5
21.7642374466406601 9.36735650575881351 0.510551810264587402 3.16680002212524414 54
23.6964161087467566 0.251731047420012399 -0.326378911733627319 1.62400007247924805 53.5
23.6994934383752991 0.0947693354992987791 -0.122800424695014954 1.54280006885528564 59.5
23.6794416088977009 -0 -0.986963152885437012 1.46160006523132324 53.5
23.2828444832982377 -4.79208395440251511 -0.442482143640518188 4.06000041961669922 45
23.2188344188210607 -5.09511716168649276 -0.419792413711547852 3.97880029678344727 46.5
21.7844754922948454 9.37917485681880869 1.6487576961517334 3.4104001522064209 51
21.8098146604255021 9.39700033960022019 1.13096511363983154 3.24800014495849609 59
21.8368194493623164 9.37917485681880869 0.659625589847564697 3.16680002212524414 54
23.7736206876927447 0.252527672736648334 0.0437646694481372833 1.62400007247924805 54.5
23.7746741734050531 -0 0.124808095395565033 1.54280006885528564 60.5
23.7698278375045966 -0 0.495962321758270264 1.46160006523132324 54
21.7809684156421852 9.53691398754864572 1.85990285873413086 3.4104001522064209 48.5
21.827252424191812 9.42664341956761476 1.87935531139373779 3.32920026779174805 53.5
21.8317760450532568 9.53691398754864572 1.11504209041595459 3.24800014495849609 55.5
23.8419131156054647 -0 0.621069908142089844 1.62400007247924805 56
23.8478605437131073 -0.128152281707684917 0.292675971984863281 1.54280006885528564 62.5
23.8416302923320487 -0.253324277794260921 0.578805744647979736 1.46160006523132324 57
15.7066107564500825 17.9857806248841818 1.48989188671112061 -0.487200021743774414 47.5
15.55538071571792 18.0963979591795123 1.71936213970184326 -0.568400025367736816 46
19.438182412004398 13.9407737788954353 -0.466475188732147217 1.86760008335113525 48
19.4255592512885329 13.9407737788954353 -0.841491222381591797 1.78640007972717285 52.5
19.4477918646668115 13.9048978866915451 -0.918103337287902832 1.70520007610321045 51.5
23.9143506916523556 0.254120903110896856 0.667045950889587402 1.62400007247924805 55
23.9215647838384875 0.0777310997750978588 0.397977292537689209 1.54280006885528564 60.5
23.9223049940846053 -0.0777310997750978588 0.350681275129318237 1.46160006523132324 55
15.7672685685818958 18.0421615193147389 1.36879599094390869 -0.487200021743774414 47.5
19.5342577202424152 13.9154969164927493 -0.878467798233032227 1.86760008335113525 51.5
19.5713482677574824 13.8735105033826418 -0.698578476905822754 1.78640007972717285 56
19.539450566185554 13.9154969164927493 -0.75418555736541748 1.70520007610321045 54
23.9903288863442228 0.164946622932564901 0.66096043586730957 1.54280006885528564 57.5
23.9992700900005325 0.164946622932564901 -0.0883578211069107056 1.46160006523132324 52
15.9413108013014249 17.9872329895021643 1.39273762702941895 -0.406000018119812012 47.5
15.7330295254104957 18.0985438476074627 2.12607026100158691 -0.487200021743774414 45
19.6081673865979553 13.9168656647327342 -1.20261502265930176 1.86760008335113525 49.5
19.6275947953813947 13.9168656647327342 -0.827082395553588867 1.78640007972717285 51.5
19.6423233478015575 13.9168656647327342 -0.32498013973236084 1.70520007610321045 48.5
24.0689600308545302 0.385075401012924756 0.377498537302017212 1.62400007247924805 49.5
24.0677857336474297 0.273764542907626196 0.521912634372711182 1.54280006885528564 55
24.0738332001269377 0.231646920921837557 -0.0508826002478599548 1.46160006523132324 48
24.2114573148853509 0.166493000144313674 0.792620003223419189 1.54280006885528564 51
24.5895352545989638 0.27973448168390519 0.660719394683837891 1.54280006885528564 45
22.3888602307780751 -10.5759657439768056 2.62639379501342773 3.00440025329589844 46.5
22.3887169305356046 -10.5261818510954779 2.82044792175292969 2.92320013046264648 46
22.6247616695196498 -10.3300635779502805 2.27168965339660645 3.00440025329589844 49.5
22.6286741445583139 -10.3862391502775022 1.95442235469818115 2.92320013046264648 47
24.9714414968946521 -0.0811424933615429861 -0.413742810487747192 1.62400007247924805 45
24.9679076494692467 0.0561755723272220689 -0.592490136623382568 1.54280006885528564 50
22.7199414992907514 -10.2452663288883059 2.51820802688598633 3.00440025329589844 47
25.0486379102839116 -0 0.26129499077796936 1.62400007247924805 49
25.0500011444091797 -0 -1.09497034372907365e-06 1.54280006885528564 54
25.0486379102839116 -0 0.26129499077796936 1.46160006523132324 47.5
24.3911528393734898 -6.02804976842386786 0.00342533458024263382 3.89760017395019531 45.5
23.6165364265089863 -8.57427287373207392 -0.0822203680872917175 3.49160003662109375 45.5
21.8706180774195538 -12.2790117939092429 1.4722905158996582 2.43600010871887207 46
25.1244550934739799 0.100467496140397794 0.131894990801811218 1.54280006885528564 47
24.4969913686270289 -5.91063748452213567 -0.0429503284394741058 3.89760017395019531 47
22.0233961102231568 -12.2274935281829791 0.706029176712036133 2.43600010871887207 46.5
21.8081781528906014 -12.3597507334839563 2.58456158638000488 2.35480022430419922 45.5
17.908468936175769 17.5996552482654316 2.13984060287475586 0.487200021743774414 45
21.8314098434599124 -12.2291433625068429 3.55854988098144531 2.35480022430419922 46.5
25.5312306072192676 0.306800727806882445 -1.46384263038635254 1.62400007247924805 46
25.5462693991658192 0.290821523233607326 -1.17652976512908936 1.54280006885528564 53.5
25.5559505352971641 0.226904704940506824 -0.960512042045593262 1.46160006523132324 49.5
25.4317230558797078 0.102566815270517878 -3.33759284019470215 1.62400007247924805 45.5
25.5274186214281507 0.176286713746202611 -2.49847602844238281 1.54280006885528564 53
25.5234268182223758 0.205133630541035755 -2.53676247596740723 1.46160006523132324 49.5
25.7572329973493623 0.293380074620318898 -1.45565032958984375 1.62400007247924805 47.5
25.7983965808546643 0.274036333436561641 -0.0879477337002754211 1.54280006885528564 53
18.600086715178584 17.9872610642183979 1.97427630424499512 0.406000018119812012 46.5
19.0961424749585724 17.6229825750780051 1.43822801113128662 0.649600028991699219 47
19.2306737403263774 17.4831434441076468 1.34964168071746826 0.568400025367736816 45
18.3272187697842952 18.3742113949420052 1.94990670680999756 0.324800014495849609 45
26.0794306451193592 0.25113123708528845 -1.00512087345123291 1.54280006885528564 47.5
19.084054870599811 17.7422588278437559 1.49034249782562256 0.812000036239624023 45.5
19.140380219065019 17.6737684904568582 1.57915794849395752 0.730800032615661621 51.5
19.1939753705460596 17.5922323745200764 1.82064485549926758 0.649600028991699219 52.5
19.196583285001168 17.6183239316198446 1.51521074771881104 0.568400025367736816 48
24.7258078696091737 -8.37329075205103734 1.91131365299224854 3.65400028228759766 47
24.5766530739373614 -8.67093507175285083 2.43592524528503418 3.5728001594543457 46.5
24.377530657063577 -8.79195528965358797 3.68349647521972656 3.49160003662109375 47
18.9055229365975492 18.0025751169097319 1.90241634845733643 0.812000036239624023 45
19.185558433616535 17.6885767137078176 2.03943490982055664 0.730800032615661621 51.5
19.2614858475288031 17.6427852799075353 1.6905592679977417 0.649600028991699219 52
19.3787276400187451 17.5250358787068201 1.5712277889251709 0.568400025367736816 47.5
24.7590859024299412 -8.45632662990183626 2.13091039657592773 3.65400028228759766 46
24.6763157932408355 -8.5776936141168747 2.56226515769958496 3.5728001594543457 48.5
24.5519611118527941 -8.69578040956934473 3.26300811767578125 3.49160003662109375 47.5
19.290787966422716 17.7392608279709592 1.49890768527984619 0.812000036239624023 46.5
19.0992760181927288 17.814705169510038 2.62993645668029785 0.730800032615661621 45.5
20.3145130105993488 16.5432001908955044 2.57851481437683105 1.29920005798339844 45.5
19.9928445469598302 16.9478161430689269 2.46239185333251953 0.974400043487548828 45.5
19.6665119761367357 17.4183643884331438 2.60556364059448242 0.893200039863586426 50
19.5959363585515618 17.4348590516797692 2.99750542640686035 0.812000036239624023 48
19.9703032097715898 17.3619818770941841 0.821135461330413818 0.974400043487548828 50.5
19.9190633426414649 17.3619818770941841 1.6486891508102417 0.893200039863586426 51.5
19.7105646646071762 17.4843891426148552 2.59141039848327637 0.812000036239624023 47.5
25.6971954931379294 -6.58227024758336299 1.10926711559295654 3.89760017395019531 47
25.4072533169893831 -7.64392673912906684 0.971805930137634277 3.73520016670227051 46.5
20.1257085253779948 17.2884124295145689 0.984466850757598877 1.05560004711151123 50.5
20.141705061116344 17.2884124295145689 0.570137321949005127 0.974400043487548828 51
20.3425575597930219 17.1775519147214375 -0.0526410490274429321 1.05560004711151123 48
20.9617868024984908 16.5319631951533168 0.433218628168106079 1.38040006160736084 45
26.7685276386207178 -0.0869906046200060179 -0.58226931095123291 1.62400007247924805 49.5
26.7667722124984699 -0.143869076871548429 -0.647965371608734131 1.54280006885528564 55
26.2320088153082835 -5.7272654764736366 0.0512559190392494202 4.06000041961669922 49
26.1797069947239578 -5.95206148521630407 0.344132930040359497 3.97880029678344727 48.5
26.8441959588294914 -0 -0.558277547359466553 1.62400007247924805 57
26.8478435792896448 -0.258347651838588155 -0.221495091915130615 1.54280006885528564 62
26.8478359617651918 -0.285188966315324588 -0.186713367700576782 1.46160006523132324 55.5
26.3361161010815721 -5.59858852324214418 0.143180102109909058 4.14120006561279297 45
26.2714143527867847 -5.88457411487410464 0.374463647603988647 4.06000041961669922 49.5
26.2102348968693555 -6.13691434278465842 0.563508987426757812 3.97880029678344727 49
26.9129882176810185 -0.14467506400205063 -0.79105842113494873 1.62400007247924805 52
26.921300698949107 -0.259069300654834855 -0.363451302051544189 1.54280006885528564 57
26.9215766390716986 -0.306172809864804774 -0.301043272018432617 1.46160006523132324 51
26.3678131811131919 -5.75926169801475485 0.754619479179382324 4.06000041961669922 45
21.5798285398476075 16.2251256624211813 0.237458169460296631 1.54280006885528564 47.5
22.3115109724190255 -15.3025766109892167 1.0408245325088501 1.70520007610321045 47
22.3119932011960458 -15.282276929435838 1.2971649169921875 1.62400007247924805 49
21.4700469060960693 16.45627517927295 -1.13304543495178223 1.54280006885528564 45.5
21.3478344365383883 16.6423555935122636 0.598019659519195557 1.38040006160736084 47
22.3413491724752902 -15.4162121486471477 0.571916520595550537 1.70520007610321045 46
22.3816239688470695 -15.3246105359681266 1.15837752819061279 1.62400007247924805 49.5
21.4463592889352874 16.6104257657958705 1.12693655490875244 1.38040006160736084 47.5
23.3453505485821715 13.9346909005924005 -1.42113828659057617 2.43600010871887207 46
23.4099879242054421 13.8258261279315242 -1.42113828659057617 2.35480022430419922 45
21.8186243041691057 16.2582733920730185 -0.903760969638824463 1.62400007247924805 47
21.7200637187624217 16.4011584061904223 -0.664423108100891113 1.54280006885528564 46.5
21.4501898527898547 16.7651749897752325 0.137353137135505676 1.46160006523132324 45
21.4426843127236033 16.7345567724643622 1.16899299621582031 1.38040006160736084 46
21.0128682539670777 17.2312522977296183 1.65648996829986572 1.21800005435943604 46.5
23.4900197019169319 13.86391419012927 -1.14060139656066895 2.51719999313354492 49.5
23.4744789041913897 13.86391419012927 -1.42505323886871338 2.43600010871887207 53
23.4554924978197619 13.86391419012927 -1.7093501091003418 2.35480022430419922 50
21.8266889486319648 16.3030624789930556 -1.75950324535369873 1.62400007247924805 46
21.429398640433341 16.9034682116364472 0.586242854595184326 1.38040006160736084 45
21.1029455048835146 17.1763799082925352 2.21985435485839844 1.21800005435943604 46
23.6055586551047973 13.8233245820997723 -1.04116809368133545 2.51719999313354492 51
23.5640415560900394 13.8643738013487692 -1.38050937652587891 2.43600010871887207 54
23.5842901198603592 13.7925376676630229 -1.71404612064361572 2.35480022430419922 49.5
21.1580669150699734 17.3261912913475236 1.23696327209472656 1.29920005798339844 45.5
23.6190854105928345 13.9400893459051058 -1.14686846733093262 2.51719999313354492 47.5
23.5920654297729655 13.8611961237210934 -2.18728375434875488 2.43600010871887207 47.5
21.2999146645716237 17.2981964988679735 0.767196416854858398 1.29920005798339844 46.5
21.248794607941484 17.3736595809570247 0.383636742830276489 1.21800005435943604 45
21.3791172073140849 17.3179437130408083 0.804935276508331299 1.29920005798339844 46.5
22.1567128168505398 17.1996036247394422 0.237129688262939453 1.46160006523132324 46
22.9497056453845509 16.2580212237190871 0.0594431906938552856 1.78640007972717285 46.5
22.9685657189452108 16.350709319240714 0.582503318786621094 1.86760008335113525 45.5
22.9025147957540582 16.4317580938835022 -0.84389108419418335 1.78640007972717285 45.5
27.2286416879828792 -7.53638349259310747 1.13125860691070557 3.81640005111694336 45
22.972397536882518 16.4754600215478959 -0.551288843154907227 1.86760008335113525 45.5
23.3754766956534752 16.1401776552410041 1.03075158596038818 1.86760008335113525 46
23.367392253090209 16.2575526108196549 1.38096213340759277 1.86760008335113525 48
23.3479553367185417 16.2575526108196549 1.67781746387481689 1.78640007972717285 46.5
26.7210281707780268 10.0551464024369679 1.18803191184997559 3.65400028228759766 51
26.7150617732497899 10.1194193552934539 0.658419132232666016 3.5728001594543457 53
26.7140395505733679 10.0551464024369679 1.33594667911529541 3.49160003662109375 50.5
26.740868331735328 10.0551464024369679 0.592197418212890625 3.4104001522064209 53.5
23.4371569074133106 16.3003349883255524 1.23669278621673584 1.86760008335113525 47.5
26.7762199632167537 10.1459797805563525 0.95692366361618042 3.73520016670227051 49
26.7460093021868026 10.2354820721985202 0.841736555099487305 3.65400028228759766 60.5
26.7564087984362473 10.1459797805563525 1.40578830242156982 3.5728001594543457 65
26.7675639659570415 10.0815381305739891 1.63790106773376465 3.49160003662109375 64.5
26.7864883967053373 10.0170964805916274 1.72174668312072754 3.4104001522064209 59.5
23.5179991625217788 16.3431184538601784 0.792927265167236328 1.86760008335113525 46
23.0819728421116181 16.955314128692617 -0.749970018863677979 1.62400007247924805 46
26.8585895988812808 10.1725395303595754 0.511111617088317871 3.73520016670227051 51
26.8405039388938711 10.1725395303595754 1.11012601852416992 3.65400028228759766 64.5
26.8090588051522225 10.1725395303595754 1.70865714550018311 3.5728001594543457 69.5
26.7813653231509363 10.1079291875414832 2.39037632942199707 3.49160003662109375 68
26.7961652103444408 9.99306635586487602 2.68883347511291504 3.4104001522064209 61
23.0564955543846999 17.1325092372640277 -0.0274160914123058319 1.62400007247924805 47
26.8806462804538491 10.3322568710628495 0.3396778404712677 3.73520016670227051 51.5
26.9040630023671632 10.2494836533566698 0.748008012771606445 3.65400028228759766 64
26.8512912693692769 10.1343209156785043 2.39661765098571777 3.5728001594543457 67
26.6642482456394347 10.0695418757345365 4.13064384460449219 3.49160003662109375 65
26.7558619114609471 10.1343209156785043 3.29536557197570801 3.4104001522064209 59.5
26.6981027176236871 10.5949718663911625 2.09712028503417969 3.32920026779174805 49
26.9988447553402686 10.225660380885369 0.513780653476715088 3.73520016670227051 50.5
27.0036595523521754 10.225660380885369 0.0629972591996192932 3.65400028228759766 58.5
26.9578339875954249 10.2761752874952474 1.20050477981567383 3.5728001594543457 55.5
25.5288428760123445 10.0957649067456821 8.95094585418701172 3.49160003662109375 52.5
23.795454777501714 16.2982737969157441 -1.38143551349639893 1.86760008335113525 46
26.7890850745927516 10.3426596166685556 -3.6710813045501709 3.65400028228759766 47.5
23.8614635320127988 16.391252439008472 -0.244737207889556885 2.03000020980834961 46.5
23.976432748469847 16.2067558876093507 -0.75782310962677002 1.94880008697509766 48
23.9711484200032459 16.2067558876093507 -0.909736394882202148 1.86760008335113525 48.5
24.0428292961790007 16.248742727827338 -0.609437346458435059 2.03000020980834961 50
24.0462072430564788 16.248742727827338 -0.457093030214309692 1.94880008697509766 50.5
23.9509714650906673 16.3829399333919845 -0.633178174495697021 1.86760008335113525 47
28.8287320317747486 -3.9235928687047763 0.565391242504119873 4.22240018844604492 47
24.1049545188347558 16.2907285002756232 -0.611012101173400879 2.03000020980834961 48.5
24.1122496739919221 16.2907285002756232 0.146812707185745239 1.94880008697509766 48.5
28.9037023856183524 -3.79881459482016615 1.1513679027557373 4.22240018844604492 46
24.1673311386662952 16.3327153404936141 0.602643072605133057 2.03000020980834961 46
24.036952987842362 16.4676060698682249 1.49114823341369629 1.94880008697509766 45.5
23.483457725327316 17.5636574463159221 0.0279896855354309082 1.62400007247924805 45
22.8107861775027807 18.428465115277028 0.123956359922885895 1.46160006523132324 46.5
23.6909291709876335 17.3991704958566125 0.607290744781494141 1.62400007247924805 45.5
23.2747902949378904 17.9355469511765158 0.97997051477432251 1.54280006885528564 46
22.9864162832178884 18.222104235525503 1.98485243320465088 1.46160006523132324 49
22.3834268137168344 19.9472962824007247 1.04289615154266357 0.893200039863586426 45.5
24.8311537526741084 16.9568131705771101 0.621233582496643066 1.86760008335113525 46
23.8292465240187425 18.3473319811075939 0.21939423680305481 1.54280006885528564 45
24.8160888408733271 17.1196609091143621 -0.318603336811065674 1.94880008697509766 47.5
24.7932923403532328 17.1535686882037197 0.265161603689193726 1.86760008335113525 52
24.6011832580440135 17.4285984519284867 0.219941362738609314 1.78640007972717285 50
24.3868631095119888 17.7224658707028979 0.466588318347930908 1.70520007610321045 48
24.4592039692227807 17.6282775954546906 0.11716441810131073 1.62400007247924805 46.5
24.9316070225889774 17.0829315187950641 -0.372966855764389038 1.86760008335113525 48.5
24.3637260359196901 17.8874118224659355 -0.00411966536194086075 1.70520007610321045 48.5
24.1628895163825597 18.0271572273289529 2.17416524887084961 1.54280006885528564 46
24.4718287817688918 17.8106371140024855 1.41453063488006592 1.70520007610321045 45.5
24.3734508209093867 17.9317979106963818 1.57340037822723389 1.62400007247924805 49
24.0312395689123726 18.5303484549748205 1.32907581329345703 1.38040006160736084 45.5
24.2151379991611471 16.6279320836330911 -8.02131843566894531 2.84200000762939453 47
24.3929112675809563 16.5594417455311707 -7.61402130126953125 2.76080012321472168 47
24.5324841166249641 18.0205689583721558 0.786711454391479492 1.54280006885528564 46.5
24.2492659927376479 18.343995554964561 1.63509106636047363 1.46160006523132324 47
24.2747818014309864 16.668887996970728 -8.04107570648193359 2.84200000762939453 48.5
24.6227883895315074 16.5315699265151359 -7.22503471374511719 2.76080012321472168 48
23.7390542741370716 19.0414391031757155 2.37836670875549316 1.29920005798339844 45
27.405362931305163 13.8253394494651047 -1.83538913726806641 2.92320013046264648 46.5
27.4165488496168521 13.9707637529281481 -1.82518208026885986 3.00440025329589844 48.5
27.4120104037592327 13.8744667874406371 -2.50229668617248535 2.92320013046264648 49.5
30.5752837467841729 -5.76015198103473391 0.859304666519165039 4.14120006561279297 46.5
30.5595727817073062 -5.84960741355586755 0.812637448310852051 4.06000041961669922 46.5
30.6042683920946565 -5.98846226774145318 0.978315830230712891 4.14120006561279297 45.5
30.6008422514477019 -5.86370263716350681 1.62650871276855469 4.06000041961669922 45.5
26.2096219959452519 16.8659425587562026 1.42680120468139648 2.19239997863769531 45.5
26.1120178630855015 17.0686769584453657 0.512614548206329346 2.11120009422302246 46
26.0078522961149901 17.363735031960509 -0.466942459344863892 2.11120009422302246 45.5
26.734741858691276 16.7924663291399519 -0.497251033782958984 2.19239997863769531 45.5
26.5746195481811363 17.0449846198037136 0.48864099383354187 2.11120009422302246 45.5
26.764259597558052 16.852128679117893 -1.18435573577880859 2.19239997863769531 47.5
26.6698595814157891 17.0419672561180491 -0.112205632030963898 2.11120009422302246 47
27.2108006101528304 16.3093037218433672 0.233594030141830444 2.43600010871887207 46
27.530410283583155 15.9147255349076389 -0.195119291543960571 2.51719999313354492 46
27.4476690814941975 16.0577792475809673 0.114906772971153259 2.43600010871887207 45
27.6971870260751345 16.5066584112879511 -0.677152574062347412 2.43600010871887207 46.5
27.6153234862418451 16.6356166801261374 -0.844207048416137695 2.35480022430419922 45.5
27.9652579407354622 16.3986289009997002 -1.91182780265808105 2.51719999313354492 45.5
28.4654253486036346 16.0627649310232066 -0.998609066009521484 2.59840011596679688 46.5
28.3216028373914455 16.3447111992095735 0.164975106716156006 2.51719999313354492 45.5
28.3825122975121502 16.3821994494042045 0.507211685180664062 2.51719999313354492 47
28.2510445288285581 16.5992635921088123 0.737324357032775879 2.43600010871887207 47.5
31.2974147590942948 -9.70561951639069775 3.21381258964538574 3.73520016670227051 45
31.2115273029125504 -9.85373409993884053 3.57774877548217773 3.65400028228759766 47.5
31.2151050923123528 -10.0059629774744288 3.09091997146606445 3.5728001594543457 45
31.2942488386994135 -9.85143705464743924 3.55234718322753906 3.73520016670227051 48
31.3345859579042099 -9.67824310056824721 3.67087125778198242 3.65400028228759766 51
31.3144700455039882 -9.76484007760784323 3.61273550987243652 3.5728001594543457 48
31.4788499319682842 -9.70023933136994643 2.99048590660095215 3.65400028228759766 49.5
31.3023100460799171 -9.87382691207618457 4.07782459259033203 3.5728001594543457 48
28.7902466662063503 16.2469709465765924 1.05513834953308105 2.59840011596679688 45.5
31.2660782233333059 -9.86307749191763605 4.90658712387084961 3.73520016670227051 45
31.3181969604168877 -9.86307749191763605 4.56210660934448242 3.65400028228759766 48
31.2094674665165179 -10.074340386536619 4.83728647232055664 3.5728001594543457 46.5
28.8851894894875763 16.2589580662648991 -0.463297933340072632 2.67960023880004883 45.5
31.5272448128336364 -9.69856219360278793 3.9839017391204834 3.73520016670227051 50
31.503931296291352 -9.79405317410486909 3.93442273139953613 3.65400028228759766 50.5
31.4212459799299815 -9.91860662693367168 4.26934909820556641 3.5728001594543457 46.5
31.7039824627964215 -9.66219917818733087 3.22330164909362793 3.73520016670227051 49
31.6160550493393906 -9.94099648436241701 3.23911690711975098 3.65400028228759766 49.5
31.647974150336335 -9.9077072537743458 3.02213621139526367 3.5728001594543457 46
31.851714845158142 -9.6839600005676143 2.3621675968170166 3.73520016670227051 45
29.0919205673715879 16.2817311981980879 -1.56717634201049805 2.67960023880004883 48
29.199030468655085 16.3183197303880512 -0.177877292037010193 2.59840011596679688 50.5
29.1848981493783235 16.4428829228019211 -1.34130549430847168 2.76080012321472168 46
29.079873555215233 16.6230215127842094 -1.40068364143371582 2.67960023880004883 51
29.1997141888975555 16.4680185400087495 -0.326841354370117188 2.59840011596679688 49
29.205496269162218 16.4460791355292386 -2.35067439079284668 2.67960023880004883 48
28.8999856593402278 17.1388549990376191 -0.103081107139587402 2.43600010871887207 45
28.1743243667078467 18.4226838015937062 0.904460489749908447 2.27360010147094727 45.5
28.2978323337104811 18.2375312005726684 0.794293045997619629 2.19239997863769531 46.5
29.6793304293683171 16.0598030146160937 -0.531503498554229736 2.76080012321472168 48
29.6784410908756691 16.0134117769163105 -1.35030746459960938 2.67960023880004883 49
28.430954084457241 18.1221043996337592 1.52732193470001221 2.27360010147094727 49
29.7075596522273102 16.1546664311131529 -0.786304891109466553 2.76080012321472168 47.5
29.6506424118088674 16.2307480626568541 -1.2380906343460083 2.67960023880004883 50.5
29.5407885900494058 16.4632197145959545 -0.659499406814575195 2.59840011596679688 48
28.6949547199695942 17.853822868922542 1.40400099754333496 2.35480022430419922 45.5
33.5097826410734925 -5.83343156250808637 1.57104611396789551 4.14120006561279297 47
33.6419802327203428 -5.641596242818264 0.951429128646850586 4.14120006561279297 48
33.9337881344559804 -5.30965088992773904 0.477728009223937988 4.22240018844604492 45
28.2484267173271917 19.5431208584001581 0.124120995402336121 1.86760008335113525 45
31.5401769691512825 13.765546661407738 -0.898795425891876221 3.24800014495849609 51.5
31.6217202845106371 13.7955357361781559 -0.00470234779641032219 3.32920026779174805 51.5
31.5888522451331148 13.7955357361781559 -1.44141936302185059 3.24800014495849609 54
31.559708755731382 13.7955357361781559 -1.97938215732574463 3.16680002212524414 50.5
31.5897368009240225 13.8255263363338621 -2.52468514442443848 3.24800014495849609 50
31.5589398703500912 13.8255263363338621 -2.88423633575439453 3.16680002212524414 48.5
30.3464431895471556 16.6266203237874777 -1.80872142314910889 2.67960023880004883 49
30.1619150119031652 17.7767860549350303 -2.50096774101257324 2.51719999313354492 45.5
30.0746843055364295 18.0443369923520152 -1.38758373260498047 2.43600010871887207 48.5
31.7849578641681347 15.9212492180979552 0.181777730584144592 2.84200000762939453 47
32.0214766397317945 15.776142355893727 2.3641364574432373 2.92320013046264648 50.5
31.1649223396800217 17.1664456352031465 -3.72980332374572754 2.67960023880004883 45.5
32.1341592440707728 15.8629739719885361 0.992196917533874512 3.00440025329589844 50.5
32.1393569595981745 15.8629739719885361 0.806501269340515137 2.92320013046264648 53
32.1040184971452263 15.939130582416043 0.706310689449310303 2.84200000762939453 48.5
32.1790768329219006 15.896160445473333 1.55723965167999268 3.00440025329589844 51.5
32.1917980525094691 15.9455413449085786 0.183695212006568909 2.92320013046264648 52
32.1083989319456791 16.2037564309936037 1.57765340805053711 3.00440025329589844 49
32.2282412903273112 16.1563721064556454 1.31061530113220215 3.00440025329589844 49.5
32.3391727746869506 16.1086503876659322 1.22959530353546143 3.00440025329589844 50.5
32.3673067679296196 16.04540835024941 1.31334006786346436 2.92320013046264648 50
32.6917734664556292 -15.322557213878012 4.42807292938232422 2.92320013046264648 45
35.8358560810678313 9.36135891627574246 0.926928162574768066 4.06000041961669922 47.5
35.757066366793012 9.56506801237670068 1.62619221210479736 3.97880029678344727 50
35.8079046987246841 9.48173247306267086 0.770361900329589844 3.89760017395019531 48
35.8603494103029163 9.58442970877535139 0.663106203079223633 4.14120006561279297 46
35.8803873803482105 9.50092548091573796 0.771921277046203613 4.06000041961669922 54.5
35.8946577531422122 9.41742125305612809 1.07302355766296387 3.97880029678344727 57.5
35.8700495802143564 9.50092548091573796 1.15651106834411621 3.89760017395019531 54.5
35.9356182927812924 9.43644654002990357 1.85064709186553955 4.14120006561279297 46.5
35.9565431438641383 9.52011946501539086 0.578227341175079346 4.06000041961669922 56
35.9591260633086591 9.52011946501539086 0.385494440793991089 3.97880029678344727 58.5
35.9671729509048035 9.43644654002990357 1.07519125938415527 3.89760017395019531 55
36.0523807584457927 9.45547182700368083 0.495539188385009766 4.06000041961669922 53
36.0047133043830669 9.62315507122640668 -0.693733811378479004 3.97880029678344727 54
36.0253601172149729 9.53931344911504198 0.775040149688720703 3.89760017395019531 50.5
35.0235511149885994 -12.7974212280918973 3.97829174995422363 3.49160003662109375 45
34.996640480843574 -13.2800775395138917 2.26380038261413574 3.4104001522064209 47
35.0354510148288654 -13.1957298346051921 2.15405631065368652 3.32920026779174805 47
34.9520065028832576 -13.1376051607076398 4.20015716552734375 3.49160003662109375 47
34.9529623074125837 -13.2221215627422133 3.91746735572814941 3.4104001522064209 52
34.9182031685664356 -13.2878565421024373 4.00408172607421875 3.32920026779174805 51.5
34.7375197005239826 -13.6766435144126195 4.87613534927368164 3.4104001522064209 47.5
34.7533333013854318 -13.4508165833180868 5.36693334579467773 3.32920026779174805 48
33.945284384649419 16.5274280249606953 -1.84446299076080322 3.08560013771057129 45
34.1329592291814166 16.3567069358947101 -1.3837512731552124 3.08560013771057129 46.5
34.0052497575354451 16.5318221432523806 -2.20395255088806152 3.00440025329589844 45.5
33.9786403510063977 16.8443494725090623 -1.38649129867553711 3.00440025329589844 46
34.3359670785054121 18.1759193061859818 -0.00529525289312005043 2.67960023880004883 47
34.4817436408806017 18.0553586647068869 -0.4113311767578125 2.67960023880004883 50.5
34.5289894534349173 18.090145991440572 -1.22289359569549561 2.76080012321472168 50.5
34.4468357433397188 18.2460955258495439 -1.22289359569549561 2.67960023880004883 47.5
35.2730694798038087 16.9073294125051348 -1.63569760322570801 3.08560013771057129 49.5
35.1547397589861959 17.2534177655005792 -2.25047159194946289 3.08560013771057129 50
34.8218492519042684 18.0131563318791557 1.25133192539215088 2.76080012321472168 47.5
39.4884031939654889 -5.16562224297785111 -0.114036776125431061 4.30360031127929688 47
39.4779600449323027 -5.09595103738855482 1.24604940414428711 4.22240018844604492 46
39.5566922447874063 -5.19529399089335264 0.53587716817855835 4.30360031127929688 45.5
39.4399459910551755 -5.74374153311817803 1.87356960773468018 4.22240018844604492 45
36.3602755393607069 16.9623703169752211 0.473249047994613647 3.08560013771057129 46.5
36.389755401522784 16.9022022874736848 0.341945469379425049 3.00440025329589844 47
36.2195937416699891 17.3607823446110707 1.66861307621002197 3.00440025329589844 47.5
36.5204601890220601 17.0285751788797874 -3.23489761352539062 3.08560013771057129 46
40.7003448407216339 -7.10560074416724508 0.86488419771194458 4.14120006561279297 47
40.6095116974767194 -7.64781591723233323 -0.366259336471557617 4.06000041961669922 45.5
40.7811002189954479 -7.11849670223419828 0.434663653373718262 4.22240018844604492 48
40.7095448442916421 -7.47545620256425547 0.900316894054412842 4.14120006561279297 49.5
40.7190195325784501 -7.44958957210555628 0.651978909969329834 4.06000041961669922 46.5
40.8187778038986977 -7.29723900123838742 0.868023574352264404 4.22240018844604492 46.5
39.5266029327944466 13.7223601666758164 -0.875870585441589355 3.73520016670227051 50.5
39.5357281320065894 13.7223601666758164 0.213991492986679077 3.65400028228759766 53.5
39.486727324186873 13.8321808844731464 0.944333434104919434 3.5728001594543457 51
39.6189912257763481 13.6998020883274165 -0.597369611263275146 3.73520016670227051 55
39.5920327667403384 13.7469524588034968 -1.09461140632629395 3.65400028228759766 58
39.5556467472142046 13.8569699899143473 -1.02031707763671875 3.5728001594543457 54.5
38.4248433992352503 16.764576169272555 0.431599855422973633 3.24800014495849609 45.5
39.6808418714863791 13.7243087853663663 -1.03645730018615723 3.73520016670227051 54.5
39.6289686316712135 13.7715435001152375 -1.97217702865600586 3.65400028228759766 57
39.5595312485346398 13.7715435001152375 -3.06401157379150391 3.5728001594543457 53
38.4106862700507676 16.9887524046772214 -0.0372223109006881714 3.32920026779174805 47
38.4223011295091723 16.9625108964834048 -0.0057245972566306591 3.24800014495849609 50.5
39.5524103132767948 13.796135792242918 -3.94704198837280273 3.65400028228759766 49.5
39.5529043304412937 13.7488167289311072 -4.10408782958984375 3.5728001594543457 45.5
38.3932123514768833 17.2083660243944614 0.372907847166061401 3.24800014495849609 51
38.365589156395572 17.2714581088102079 0.289719521999359131 3.16680002212524414 48.5
38.3265649114997444 17.5287283021285596 -0.663788795471191406 3.24800014495849609 48.5
38.1094824971494219 18.0080294666398899 0.0287392772734165192 3.16680002212524414 48.5
38.257630389028968 17.8501215067430117 -0.823277533054351807 3.16680002212524414 49.5
38.3202967826019574 17.7287638967355967 -0.443324089050292969 3.08560013771057129 49
38.3297177714032529 17.8818271943451208 -0.602712810039520264 3.16680002212524414 47.5
38.3096720298926101 17.8818271943451208 1.37825214862823486 3.08560013771057129 47
38.6223531143812693 17.3946054447962375 1.17567336559295654 3.16680002212524414 51.5
38.5212971311353272 17.62229738821366 1.09769630432128906 3.08560013771057129 46
38.7232924258126872 17.3617382678201118 1.03888261318206787 3.16680002212524414 52
38.5824847223623095 17.6534876123755957 1.32239449024200439 3.08560013771057129 49
42.6112812088433301 -2.0477374944070843 1.11419439315795898 4.54720020294189453 47.5
42.5974272941671401 -2.0477374944070843 1.55621111392974854 4.46600008010864258 52.5
42.5937163430477241 -2.31970263038302527 1.24506998062133789 4.38479995727539062 55
42.6615249595417652 -2.32377927023462894 1.46865212917327881 4.38479995727539062 67
42.6221808300436251 -2.5054079948046919 2.1529538631439209 4.30360031127929688 66.5
42.5981793091598959 -2.59622235708972315 2.49345088005065918 4.22240018844604492 60
42.7554770401517104 -2.39742423129792215 0.449624896049499512 4.54720020294189453 58.5
42.7443886667230544 -2.44558677165881821 0.957575798034667969 4.46600008010864258 69
42.7171604134394158 -2.50980349214001253 1.71047389507293701 4.38479995727539062 73
42.6854589150841122 -2.60077717948837117 2.27335977554321289 4.30360031127929688 71.5
42.6072495646194795 -2.83623848791941757 3.24939632415771484 4.22240018844604492 64
42.5563069220219177 -3.42489175899703202 3.34837055206298828 4.14120006561279297 46.5
42.8203923495441856 -2.57316740927112964 0.450412333011627197 4.54720020294189453 59.5
42.8066393529216498 -2.64821812537487133 0.994341671466827393 4.46600008010864258 69.5
42.7858489232753527 -2.64821812537487133 1.66378891468048096 4.38479995727539062 73
42.7134344029241433 -2.74471190322253866 2.9050147533416748 4.30360031127929688 71.5
42.6625162923284336 -2.74471190322253866 3.57579159736633301 4.22240018844604492 64
42.5731842778991023 -2.88409180455805814 4.4290003776550293 4.14120006561279297 46
42.8829520286816432 -2.57766599929448548 1.12202703952789307 4.54720020294189453 57.5
42.8929284653632905 -2.65284792427390848 0.099615141749382019 4.46600008010864258 64.5
42.8494765791910623 -2.74951039924745144 1.79258084297180176 4.38479995727539062 66.5
42.6973263684067774 -2.74951039924745144 4.02855491638183594 4.30360031127929688 65
42.6755443150181648 -2.74951039924745144 4.25310707092285156 4.22240018844604492 60.5
42.5128421086941017 -3.26504359910634845 5.37108039855957031 4.14120006561279297 47
42.9594248585573482 -2.75430889527236422 0.451987206935882568 4.54720020294189453 49
42.9605406125698224 -2.65747772317294562 -0.795343756675720215 4.46600008010864258 51.5
42.9440594650723497 -2.89417614386041455 0.85696864128112793 4.38479995727539062 50
42.4668591462308171 -2.75430889527236422 6.50249433517456055 4.22240018844604492 50.5
40.7956041430492462 16.8583520175200405 -1.71624565124511719 3.32920026779174805 49
40.8299901461762005 16.8869728407540585 -2.40925264358520508 3.32920026779174805 47.5
40.843019644118165 16.8869728407540585 -2.17726945877075195 3.24800014495849609 45.5
40.8636508037509927 17.1593037593553355 -0.652715444564819336 3.24800014495849609 46.5
40.9363251278461462 17.1439527708892925 -1.28934395313262939 3.32920026779174805 46
40.9485108433379708 17.3118518652339368 -1.24302458763122559 3.32920026779174805 46
41.5521169831124624 16.6788876211409942 0.192316383123397827 3.32920026779174805 46.5
41.8207911364612457 16.5546428834137878 1.40183150768280029 3.4104001522064209 47.5
41.8788528683799299 17.0499615854306903 0.872521519660949707 3.4104001522064209 46.5
41.8020199481815098 17.2590595564817129 0.129500821232795715 3.32920026779174805 45.5
42.2058904397584342 16.9298220422910042 -2.13769912719726562 3.49160003662109375 46.5
42.2231864364341334 16.9582659637330266 -1.46471977233886719 3.4104001522064209 50
42.3150429222903028 16.9862040821905751 -0.516063213348388672 3.4104001522064209 51
42.3026398420240923 16.9862040821905751 1.14705145359039307 3.32920026779174805 46.5
43.5785378039099172 13.6695305503362157 0.51068490743637085 3.73520016670227051 47
42.5373822331323623 16.5917850980490087 1.2205359935760498 3.4104001522064209 47
43.5541186272892489 13.9035007984612893 -1.67146182060241699 3.81640005111694336 47.5
49.2704770170869324 -0.110832887682146025 0.658428549766540527 0.893200039863586426 49
49.2734905831006174 0.110832887682146025 0.369535982608795166 0.812000036239624023 46.5
47.5184683016556946 13.8555173941051546 -0.519704997539520264 3.81640005111694336 45
47.5718736788793208 13.932263580247124 0.699612259864807129 3.89760017395019531 48.5
47.6395113104220869 13.6782738929238139 1.03078782558441162 3.81640005111694336 48
47.604122852000863 14.0960389260756322 -0.521279811859130859 3.89760017395019531 47.5
47.5828114145835386 13.9533413489190554 2.51058602333068848 3.81640005111694336 45.5
49.2893507629485725 9.75790556263613595 0.637201368808746338 4.22240018844604492 51
49.3162986672773727 9.53185369632024226 1.45237541198730469 4.14120006561279297 52
49.3359958898501603 9.53185369632024226 0.407678902149200439 4.06000041961669922 49.5
49.388624098668565 9.6592743853679881 0.260758191347122192 4.22240018844604492 56
49.388624098668565 9.6592743853679881 0.260758191347122192 4.14120006561279297 58
49.4461008562309274 9.31340193016275464 0.97434622049331665 4.06000041961669922 54
49.4629180799944592 9.67366987344272644 -2.20305400944198482e-06 4.30360031127929688 46.5
49.4835100386585083 9.56030655461332124 -0.377971261739730835 4.22240018844604492 56
49.4835100386585083 9.56030655461332124 -0.377971261739730835 4.14120006561279297 58
49.5148042584338555 9.40285750068358794 -0.175241515040397644 4.06000041961669922 53.5
49.5088949834902934 9.57453334556218394 -2.21887683868408203 4.22240018844604492 50.5
49.5756095073201308 9.34116197943188098 -1.65149462223052979 4.14120006561279297 52
49.5755714419757538 9.48623066648585223 -2.20633251046820078e-06 4.06000041961669922 50
52.1539263128195003 10.2206932949882336 3.32692599296569824 4.30360031127929688 52
52.2011459575098868 10.1009195454375913 2.92827010154724121 4.22240018844604492 55.5
52.2515782319244835 10.1009195454375913 1.81848752498626709 4.14120006561279297 56
52.2412523828050723 10.1009195454375913 2.09421205520629883 4.06000041961669922 53
52.2005546174255954 10.1151456127818076 4.04246997833251953 4.30360031127929688 58
52.2214230377022801 10.1151456127818076 3.76328563690185547 4.22240018844604492 63
52.3246396021732494 9.94855889320371389 2.59111642837524414 4.14120006561279297 62.5
52.3749361498164632 9.94855889320371389 1.20326352119445801 4.06000041961669922 57
52.2958290124680616 10.4083382392392512 0.607119560241699219 3.97880029678344727 45.5
52.3178231764139028 9.88247729244079309 4.09171724319458008 4.38479995727539062 46
52.2093643822866298 10.0359526318912575 5.00218820571899414 4.30360031127929688 59.5
52.2026485359774171 10.1293724037306703 4.88256216049194336 4.22240018844604492 64
52.3764339492419992 10.1293724037306703 2.38019371032714844 4.14120006561279297 63
52.3791284804082835 10.3695946741748752 0.677145302295684814 4.06000041961669922 59
52.1966687771694922 11.1036071671988363 1.94367635250091553 3.97880029678344727 49
52.4718271440221926 9.97654387197400716 2.59840512275695801 4.38479995727539062 47.5
52.19909961175982 9.97654387197400716 5.94123935699462891 4.30360031127929688 56.5
51.8120704149225944 10.2638790270275102 8.35092830657958984 4.22240018844604492 57.5
52.447804193356383 10.3574300077426056 -1.23580336570739746 4.14120006561279297 58
52.5213638013742425 10.0500482139644394 -0.280724465847015381 4.06000041961669922 57
52.0137023025318683 10.0641437960376194 7.80324125289916992 4.30360031127929688 47.5
51.9650799200007683 10.398723044576105 -7.68764114379882812 4.14120006561279297 48
52.2040292733429965 10.1578259856283957 -6.25786972045898438 4.06000041961669922 50
50.9763469222571217 16.8093731910561885 1.59600555896759033 3.65400028228759766 45
52.5764648045670668 10.0629162007553479 9.54432487487792969 3.97880029678344727 48.5
52.3535208777480463 10.0017641104063948 10.7570676803588867 3.89760017395019531 50
51.9064239029316781 17.336453596159771 1.65332722663879395 3.73520016670227051 46.5
51.7880769696477969 17.6374812039857538 2.1159060001373291 3.65400028228759766 47.5
55.1310144431420142 14.1768537261591767 0.209575533866882324 4.14120006561279297 52
55.1780534370297175 13.9207740803279005 1.43192768096923828 4.06000041961669922 57
55.1780534370297175 13.9207740803279005 1.43192768096923828 3.97880029678344727 56
55.1406109217883653 14.1128338147013555 -0.89258807897567749 3.89760017395019531 51
55.2629802250905655 13.9391152067356234 0.839365303516387939 4.14120006561279297 56.5
55.2751671847984838 13.9035017289463152 0.590677022933959961 4.06000041961669922 63
55.2693295685013624 13.9391152067356234 -0.0505159944295883179 3.97880029678344727 62
55.2655335233503706 13.9035017289463152 -1.1890561580657959 3.89760017395019531 54.5
55.3356917091305291 13.9574554002749078 0.840469658374786377 4.14120006561279297 57.5
55.3502450747207533 13.9217950645562709 -0.299623161554336548 4.06000041961669922 63.5
55.3382483668563765 13.9217950645562709 -1.19062066078186035 3.97880029678344727 62.5
55.411066528762845 13.9757965266826307 -0.642879843711853027 4.14120006561279297 55
55.3416613416275567 14.1186253108081576 -2.02176594734191895 4.06000041961669922 58.5
55.3725003441019794 13.9400893306512508 -2.38384890556335449 3.97880029678344727 57
55.3874476856673468 14.0757766755704985 -0.475340485572814941 3.89760017395019531 53.5
55.4567064041715412 13.7295576361438343 -3.2792971134185791 4.14120006561279297 48
55.2205478323380845 14.8307825715428692 -2.33240222930908203 3.97880029678344727 48.5
55.146990487951804 15.1954739462529425 -1.6149742603302002 3.89760017395019531 51.5
54.9884444952185163 15.5601653209630122 2.97544264793395996 3.81640005111694336 49
57.2566739437798731 -3.28076962976310949 3.37821578979492188 4.46600008010864258 45
57.4233637582806011 -3.12691008341644006 1.3803718090057373 4.54720020294189453 47
57.4204310453949986 -2.76030683225727103 2.09773969650268555 4.38479995727539062 55.5
57.4462049473202825 -2.76030683225727103 1.20000970363616943 4.30360031127929688 52
57.5139946019935806 -2.76390570427595561 1.5038686990737915 4.46600008010864258 57.5
57.4207462814902314 -2.76390570427595561 3.60262274742126465 4.30360031127929688 53
57.5995035904477746 -2.53687919493675373 1.50582695007324219 4.54720020294189453 49
57.6014655762232195 -2.7675045762946402 0.904350101947784424 4.46600008010864258 56.5
57.5450565731665051 -2.7675045762946402 2.70429515838623047 4.38479995727539062 56.5
57.682684468517472 -2.77110344831332522 0.30316162109375 4.46600008010864258 50
57.668522353569756 -5.56379976264628873 2.11810016632080078 4.38479995727539062 45.5
55.1753932708080654 14.1306030508069878 11.2162857055664062 3.81640005111694336 46.5
56.0822772120942261 16.1565881639346287 2.68773412704467773 3.97880029678344727 51
56.0822772120942261 16.1565881639346287 2.68773412704467773 3.89760017395019531 55
56.2031904753586886 15.8864599388711021 1.51744341850280762 3.81640005111694336 54
56.1180026701834578 15.5725271367702511 4.66338586807250977 3.73520016670227051 49.5
56.1217464074566692 16.1773285383548107 3.30060434341430664 3.97880029678344727 55.5
56.1766006590669136 16.140777863844292 2.43219137191772461 3.89760017395019531 60.5
56.2160675844790703 16.140777863844292 1.21636080741882324 3.81640005111694336 59
56.2065764480210888 16.1773285383548107 1.16850996017456055 3.73520016670227051 50.5
56.2493549987232839 15.9272461178208662 3.6556389331817627 3.97880029678344727 55
56.3474840053896813 15.9272461178208662 1.52133917808532715 3.89760017395019531 60
56.3606643034228867 15.9272461178208662 0.910474896430969238 3.81640005111694336 58.5
56.3680188181269841 15.9272461178208662 -0.00398967321962118149 3.73520016670227051 48
56.436833378133727 15.9476397259267468 -0.615771651268005371 3.89760017395019531 54.5
56.4401937111987664 15.9476397259267468 -0.00399478152394294739 3.81640005111694336 53.5
56.5481372117756962 16.6553542586307834 0.10047496110200882 3.81640005111694336 47.5
56.5183427834092313 16.9937012426761598 0.917469561100006104 3.89760017395019531 47.5
56.5398021443426444 16.8609379517177516 1.70599901676177979 3.81640005111694336 48.5
57.1372852148449439 14.5929973657958367 -5.73917245864868164 3.97880029678344727 48
57.0703754610494514 14.8447284213194592 -5.75927114486694336 3.89760017395019531 45.5
56.8026050612909259 14.9450639387412867 -8.34054279327392578 4.06000041961669922 48
56.8898016484178868 14.9450639387412867 -7.72341394424438477 3.97880029678344727 50
57.2402849281984061 14.5705603110395376 -6.29356479644775391 3.97880029678344727 47.5
57.8767356505472961 18.4620268097086289 -0.00413781730458140373 3.81640005111694336 50
57.8630418478820516 18.4620268097086289 1.2590024471282959 3.73520016670227051 48.5
58.753017649587882 15.7029749319488285 1.08642244338989258 4.06000041961669922 45
58.7463457662846977 15.7029749319488285 1.40151679515838623 3.97880029678344727 48
57.9446653627871768 18.4848185065341468 -0.638607144355773926 3.81640005111694336 49.5
58.0513353515690298 18.1579898898478937 0.10367073118686676 3.73520016670227051 49
58.8187834267386407 15.7223376131743571 1.40324497222900391 4.06000041961669922 50.5
58.7259004442762631 16.0039090031489195 1.98844230175018311 3.97880029678344727 56
58.700966028222453 16.0039090031489195 2.62323498725891113 3.89760017395019531 55.5
58.9029585683550465 15.7417002943998838 0.769043624401092529 4.06000041961669922 52
58.8726176836529405 15.7417002943998838 2.04074954986572266 3.97880029678344727 57
58.7866820799871732 16.0236184506887476 2.30663251876831055 3.89760017395019531 57
58.7276833271117908 16.0921931373536076 3.1704258918762207 3.81640005111694336 49
58.930462243016045 15.8678659193130969 1.58562123775482178 4.06000041961669922 48
58.8258873669378275 15.7610629756254124 4.26694059371948242 3.97880029678344727 50
58.8957586052114266 15.4864268347142229 4.30845928192138672 3.89760017395019531 50.5
58.9365256041562731 15.3796238910265384 4.129913330078125 3.81640005111694336 47
64.3992908624333182 -2.16256284355369255 -4.24097681045532227 4.38479995727539062 45.5
64.3876335000698958 -2.80328666683695182 -5.09874629974365234 4.38479995727539062 45.5
64.6133657414595319 -3.79327597088960333 0.225051805377006531 4.30360031127929688 48
64.5915496871069905 -5.18232323365204905 0.340170949697494507 4.30360031127929688 47
64.9113480651035246 -3.42083371645219136 1.75090718269348145 4.46600008010864258 54
64.907057818287015 -3.46958669103345807 1.81294310092926025 4.38479995727539062 57
64.8896835457053385 -3.42083371645219136 2.42440199851989746 4.30360031127929688 55.5
64.8232072008713374 -3.58334363172307979 3.65546822547912598 4.22240018844604492 50
64.9583306300150412 -4.01862494157132399 1.50889623165130615 4.46600008010864258 57
64.9467608235029559 -3.71763481436861332 2.47154927253723145 4.38479995727539062 61
64.9092555761140204 -3.64442099964362942 3.39377331733703613 4.30360031127929688 59
65.0566634674500079 -3.8196485077729645 0.90643155574798584 4.46600008010864258 55
65.0345328782634766 -3.8196485077729645 1.92372500896453857 4.38479995727539062 59
64.9528546744689663 -3.5916097908909963 4.00101566314697266 4.30360031127929688 58.5
65.1377540921761806 -3.82404378154400382 -0.111210666596889496 4.46600008010864258 48.5
65.140211624431771 -3.48159209961468941 1.48123633861541748 4.38479995727539062 51.5
65.0674875486875521 -3.13098680621086833 3.73917436599731445 4.30360031127929688 52
65.2227751706228247 -2.53868802827283879 2.62695002555847168 4.46600008010864258 45
65.2225291893357735 -3.39969992943559074 3.40941262245178223 4.46600008010864258 48
65.2579528311530481 -4.18424606699765 1.02547883987426758 4.38479995727539062 48
60.2346810955802709 -14.0477360278641061 21.7082347869873047 4.14120006561279297 46.5
68.4258431014521449 -4.02183914955490085 -3.33455681800842285 3.73520016670227051 46.5
77.1158919479032647 18.403246087619209 3.29904937744140625 4.06000041961669922 52
77.1050581184662462 18.611472471153693 2.20152664184570312 3.97880029678344727 50
77.2052696339005422 18.420639750986048 2.8909456729888916 4.06000041961669922 52.5
77.2195745489669321 18.420639750986048 2.47964620590209961 3.97880029678344727 51
81.5893928781721058 10.8666843242008095 2.57096457481384277 4.46600008010864258 46
81.5866673101346578 10.722618433539056 3.18816566467285156 4.38479995727539062 52.5
81.5986431778550525 10.2698399200306891 4.20894813537597656 4.30360031127929688 53
81.6322888589178177 10.3521632861231208 3.24426579475402832 4.22240018844604492 52
81.7069182774124698 10.546987363757621 2.57330608367919922 4.46600008010864258 51.5
81.6431821213900406 10.7323836260111722 3.61778378486633301 4.38479995727539062 60
81.6753344432146662 10.546987363757621 3.4325108528137207 4.30360031127929688 61.5
81.7293353638884383 10.2791927627247119 2.92151618003845215 4.22240018844604492 58
81.7637165073918624 10.3615911015040698 1.10138952732086182 4.14120006561279297 48.5
81.7305835456847518 10.5565838676841537 3.86268329620361328 4.46600008010864258 53
81.708991185883562 10.5565838676841537 4.29524660110473633 4.38479995727539062 61.5
81.7809754913085385 10.3710189168850206 3.25017476081848145 4.30360031127929688 63.5
81.8221308176571966 10.3710189168850206 1.95717716217041016 4.22240018844604492 59.5
81.8773897178190282 9.98957985135346327 1.59728884696960449 4.14120006561279297 48.5
81.6421925390869347 10.5661813478572721 6.44508886337280273 4.46600008010864258 51.5
81.7596979074772463 10.5661813478572721 4.72636842727661133 4.38479995727539062 57.5
81.8372239977919804 10.3804476913519697 3.68060874938964844 4.30360031127929688 59
81.9069290049079513 10.1224842795390479 2.7242894172668457 4.22240018844604492 56
81.8916666454158246 10.5661813478572721 0.861334741115570068 4.14120006561279297 47.5
83.5758234692956137 14.7628169926744093 -16.97186279296875 4.30360031127929688 45.5
84.4063793614615321 15.2542644942070353 -12.6396656036376953 4.22240018844604492 50
84.1913025043497925 14.4758939504875972 -15.2372474670410156 4.38479995727539062 47
84.682080731574672 14.7144480080986266 -11.9302606582641602 4.30360031127929688 48.5
84.9922352608124498 14.8011949381390036 -9.33517265319824219 4.22240018844604492 46
83.4946080619332349 23.5951649709820295 1.34880852699279785 3.97880029678344727 47.5
83.7188701114553453 22.803599234363606 1.02345633506774902 3.89760017395019531 47.5
83.7120613614710578 22.803599234363606 1.47894418239593506 3.81640005111694336 46
83.7059573545299003 23.1488918481959338 0.603952705860137939 3.89760017395019531 55
83.7912331005941127 22.8233096843675796 1.02434098720550537 3.81640005111694336 50
83.7623446530729439 23.2340541031284538 0.0651852190494537354 3.89760017395019531 56
83.756731126803956 23.2340541031284538 0.971894502639770508 3.81640005111694336 50
83.8330523099699718 23.2540999252953071 0.516033351421356201 3.89760017395019531 50.5
83.8908236359031463 23.0366702859751058 0.800725162029266357 3.81640005111694336 46
87.6585519510962996 17.3748973829736073 -4.45734453201293945 4.22240018844604492 47.5
87.3417670663931176 19.4209760323199205 -0.134206652641296387 4.14120006561279297 48
87.3591980853469465 19.3203492134996111 -0.93330538272857666 4.06000041961669922 48.5
87.4324871894240232 19.3365433138756337 0.92798459529876709 4.14120006561279297 49.5
87.5109125233574474 18.9784591784334964 0.92798459529876709 4.06000041961669922 49.5
87.4650731312273422 18.9943533880618176 4.66009664535522461 4.06000041961669922 48
89.1266692928233226 18.5113040744673789 1.96763074398040771 4.14120006561279297 46
94.62763611883355 9.64524471328638811 3.29561614990234375 4.46600008010864258 47.5
94.6431210232043583 9.34791904394957029 3.68468308448791504 4.38479995727539062 51.5
94.542931444921507 9.44306325813735192 5.54473066329956055 4.30360031127929688 50.5
94.7560848319875362 9.65284506942351683 0.818215727806091309 4.46600008010864258 53
94.7511491424026104 9.35528511044005384 2.69459128379821777 4.38479995727539062 57.5
94.6384517974330777 9.65284506942351683 4.79044580459594727 4.30360031127929688 56
94.3068571718643511 9.65284506942351683 9.25211334228515625 4.22240018844604492 49.5
94.8169035148520862 9.66044619874031163 1.81310081481933594 4.46600008010864258 53.5
94.7926804361266733 9.66044619874031163 2.8071444034576416 4.38479995727539062 57
94.7714982479442938 9.36265192627606169 4.19048213958740234 4.30360031127929688 56
94.7076312836590688 9.80338744952315366 4.60597038269042969 4.22240018844604492 49
94.9310247813908887 9.37001799276654523 1.20973145961761475 4.46600008010864258 49
94.9003650683883251 9.37001799276654523 2.69883465766906738 4.38479995727539062 50.5
94.8114895851754511 9.66804655487744036 4.29774618148803711 4.30360031127929688 52
94.7874902454796029 9.66804655487744036 4.79798984527587891 4.22240018844604492 48.5
