
X Y Z V_r Mag
3.05588980957850476 -2.41478113091299651 0.200923889875411987 1.21800005435943604 50.5
3.03992071604511782 -2.43281279626996572 0.224287360906600952 1.13680005073547363 54
3.05588980957850476 -2.41478113091299651 0.200923889875411987 1.05560004711151123 56.5
3.06948784798683372 -2.40162288862547912 0.143016904592514038 0.974400043487548828 56
3.06015056102514871 -2.41478113091299651 0.11963190883398056 0.893200039863586426 51
3.16128363664310541 -2.40707740144077498 0.113535195589065552 1.38040006160736084 47
3.14458621522860948 -2.42495911552494059 0.178260445594787598 1.29920005798339844 57
3.12888026916548512 -2.4433375438892222 0.202081367373466492 1.21800005435943604 65
3.13014090119372668 -2.4433375438892222 0.181509196758270264 1.13680005073547363 69.5
3.13226828874590879 -2.4433375438892222 0.140079885721206665 1.05560004711151123 69
3.11966486311362612 -2.45823897229269361 0.159307181835174561 0.974400043487548828 64
3.11899964625180282 -2.46121925797338825 0.121932521462440491 0.893200039863586426 56.5
3.11690922363932632 -2.46370282937396645 0.125183030962944031 0.812000036239624023 48
3.23641056657342974 -2.43376879205397501 0.0701299160718917847 1.46160006523132324 47.5
3.23347706646978583 -2.43376879205397501 0.154587864875793457 1.38040006160736084 58
3.21804003823073304 -2.45249398342556946 0.1788654625415802 1.29920005798339844 67
3.21157141243658106 -2.46160353598472348 0.169762074947357178 1.21800005435943604 72.5
3.20603218844157478 -2.4707130885438775 0.139411464333534241 1.13680005073547363 74
3.19725838193760126 -2.48336524487603594 0.113745026290416718 1.05560004711151123 70
3.19297656006461095 -2.48943827991547195 0.100496388971805573 0.974400043487548828 62.5
3.18845288978481634 -2.49399305619504874 0.127544969320297241 0.893200039863586426 52
3.29513085311592757 -2.47883846775845207 0.114446081221103668 1.46160006523132324 54.5
3.29431957113313789 -2.47883846775845207 0.135809630155563354 1.38040006160736084 62.5
3.28714605288816619 -2.48502396611842347 0.18695366382598877 1.29920005798339844 68.5
3.27635918633668632 -2.49791042103503003 0.203808724880218506 1.21800005435943604 71
3.28128327715042367 -2.49791042103503003 0.0961721688508987427 1.13680005073547363 69
3.27534324429634705 -2.50718866857498668 -0.041902448982000351 1.05560004711151123 62
3.27492331475272147 -2.49791042103503003 -0.225714772939682007 0.974400043487548828 52
3.34946197573232762 -2.52390843000893916 0.225815802812576294 1.46160006523132324 52.5
3.34413702333306739 -2.53020639240446954 0.234107106924057007 1.38040006160736084 57.5
3.34078799317879716 -2.53020639240446954 0.277836382389068604 1.29920005798339844 60
3.3380373950849398 -2.52390843000893916 0.356925457715988159 1.21800005435943604 58.5
3.36083979375255293 -2.50816352402011189 -0.232105821371078491 1.05560004711151123 48.5
5.53695916053831905 -3.44408553716966992 -0.236610293388366699 2.11120009422302246 49
5.53831631207974162 -3.44408553716966992 -0.20237596333026886 2.03000020980834961 51
5.57370371143702314 -3.39190242297013 -0.0667269602417945862 1.94880008697509766 46.5
5.68801695946102548 -3.34264350692800827 -0.18221379816532135 2.27360010147094727 48
5.66739125716200043 -3.37810703290824632 -0.170518532395362854 2.19239997863769531 50
5.60406686864617143 -3.48367287768662903 -0.135880410671234131 2.11120009422302246 49.5
5.63153597891452673 -3.43088995529743812 -0.273501574993133545 2.03000020980834961 52
5.60530768723360318 -3.48367287768662903 -0.0674939379096031189 1.94880008697509766 49
5.80690802043389276 -3.24883938673673933 -0.529611945152282715 2.35480022430419922 48
5.77912109811996455 -3.30972905945349938 -0.450642257928848267 2.27360010147094727 50.5
5.74217400331720018 -3.38062799343876863 -0.392962276935577393 2.19239997863769531 52
5.64976981652136967 -3.55412185542625059 -0.0628001391887664795 1.94880008697509766 48.5
5.89035467306381122 -3.27522161297470582 -0.373027235269546509 2.43600010871887207 45
5.87523047953709021 -3.28534333827877445 -0.50069117546081543 2.35480022430419922 50
5.85307762315601909 -3.27522161297470582 -0.759549260139465332 2.27360010147094727 46
5.73116499578872141 -3.50127347809889411 -0.676269173622131348 2.19239997863769531 45
5.78390752817510734 -3.47006482507801728 -0.259945064783096313 1.94880008697509766 47.5
5.78808021207385082 -3.60243439586036152 -0.318155229091644287 2.03000020980834961 48
5.72657013434165307 -3.71159907452279647 -0.105155192315578461 1.86760008335113525 48.5
5.66915801302718059 -3.74827158376095859 -0.625888824462890625 1.78640007972717285 45.5
5.67846687212122703 -3.76618141385401461 -0.389251172542572021 1.70520007610321045 51
5.66915780805915137 -3.78920833825937153 -0.288404345512390137 1.62400007247924805 46.5
5.60219881769762118 -3.88302173398490202 -0.343717008829116821 1.54280006885528564 46.5
5.54347880337813415 -3.96660094108582895 -0.341393023729324341 1.46160006523132324 46.5
5.71314291560076803 -3.83084788268752519 -0.542774617671966553 1.94880008697509766 45.5
5.74989083425089387 -3.79980792685211011 -0.331989049911499023 1.86760008335113525 49.5
5.72734632576519509 -3.83084788268752519 -0.363467216491699219 1.70520007610321045 56
5.72952775010289717 -3.83084788268752519 -0.32729029655456543 1.62400007247924805 51.5
5.57760813945756073 -4.05157645751714668 -0.291573613882064819 1.54280006885528564 47
5.56266235072922566 -4.05588756249428695 -0.465363025665283203 1.46160006523132324 47
5.5595215073501576 -4.05588756249428695 -0.501496374607086182 1.38040006160736084 45
5.86891306262275414 -3.74523511408828691 -0.423915058374404907 1.94880008697509766 49.5
5.82892164715022609 -3.77748405502877249 -0.636329352855682373 1.86760008335113525 51
5.80779279490078171 -3.84895468089687576 -0.325147658586502075 1.70520007610321045 54
5.81980229367033175 -3.80886140297086628 -0.522597193717956543 1.62400007247924805 48.5
5.62938247892441712 -4.07208248848510035 -0.615490257740020752 1.46160006523132324 45
4.61091648553925193 -5.33248079253039009 0.0812275409698486328 -0.974400043487548828 45.5
4.53616550610275571 -5.39679123327955867 -0.0187451355159282684 -1.05560004711151123 46
5.91603848873922811 -3.7590774065301793 -0.756521463394165039 1.94880008697509766 46
4.65730075420490852 -5.38920952646721663 -0.177769497036933899 -0.974400043487548828 46.5
4.6213695718059693 -5.42126165647759439 -0.136004462838172913 -1.05560004711151123 46
5.91042471435685712 -5.37300541759738248 -0.77351844310760498 0.243600010871887207 45.5
5.97613554551957193 -5.423220290216344 -0.696058213710784912 0.243600010871887207 46
7.10909608338564691 -4.8834040953611888 -0.0611539594829082489 1.62400007247924805 45.5
7.15310683470925746 -4.94978617319178582 0.150649458169937134 1.62400007247924805 47.5
7.35033079248629573 -4.79179342832877442 -0.109477296471595764 1.78640007972717285 46.5
7.22318851823373542 -4.98258794927367266 0.00179465813562273979 1.62400007247924805 46
7.18809981171813739 -5.03302788009818691 0.0221353024244308472 1.54280006885528564 48.5
7.30912824096407565 -4.8736668315019962 -1.07075846195220947 1.62400007247924805 45
7.28643838108237496 -4.95439696054661738 -0.827211558818817139 1.54280006885528564 48.5
5.89060029481449465 -6.66816418586474402 -0.701460421085357666 -0.974400043487548828 45
7.33541176787730276 -4.9606948149734702 -1.11304545402526855 1.62400007247924805 47
7.20552141459452944 -5.18709343175395965 -0.911128699779510498 1.38040006160736084 46.5
7.19471068912862233 -5.22501241190438659 -0.76877206563949585 1.29920005798339844 47
6.94096352727989174 -5.56739849738029857 -0.694787740707397461 0.893200039863586426 47
7.34509062740649821 -5.07998110763451649 -1.11509263515472412 1.62400007247924805 45.5
7.35326680626848717 -5.1024738289435021 -0.945638000965118408 1.54280006885528564 45
7.27520218286527687 -5.2025664387684909 -1.00236618518829346 1.38040006160736084 47.5
6.97902083813729401 -5.65579477314456192 -0.552498996257781982 0.974400043487548828 48
6.99929080229806733 -5.61418323872293712 -0.700626254081726074 0.893200039863586426 49
8.51759799052054056 -3.66882533582197157 -0.693003177642822266 2.92320013046264648 46.5
8.61930978762446109 -3.61992233566495436 -0.703053057193756104 2.92320013046264648 45
5.06879414976252818 -7.97322049332199256 -0.193911820650100708 -2.76080012321472168 45.5
7.56067522923948498 -6.50159631873793753 -0.257035553455352783 0.649600028991699219 47.5
7.66400537519716885 -6.49899078655688012 -0.169230654835700989 0.649600028991699219 47.5
5.82303645924999014 -8.53728138289388561 -0.57408905029296875 -2.35480022430419922 45.5
7.8494424480295022 -6.74601722362891998 0.00282251904718577862 0.568400025367736816 46.5
9.8577334833296959 -5.13185503374384933 -1.17037820816040039 2.51719999313354492 46
9.87533869729319314 -5.218311343684781 -1.34514248371124268 2.51719999313354492 46.5
9.86412987784186335 -5.27032576171181155 -1.21865200996398926 2.43600010871887207 46
11.2163536409859503 -3.45337327415534023 -0.958264470100402832 3.5728001594543457 45
11.3254567648417108 -3.3850422023655784 -0.835479259490966797 3.5728001594543457 46.5
11.2938826256335894 -3.49313847566946611 -0.817748904228210449 3.49160003662109375 46.5
11.4127401074238559 -3.40646646492753202 -0.59244072437286377 3.5728001594543457 45
11.3595061805614375 -3.55995117441464304 -0.702845454216003418 3.49160003662109375 46.5
11.4411658438415227 -3.53735530452655134 -0.766060233116149902 3.5728001594543457 47
11.4452019140434729 -3.53735530452655134 -0.703183114528656006 3.49160003662109375 46.5
9.98063726613063196 -6.66234405172169009 -0.00736336642876267433 1.70520007610321045 45
9.62389449386422768 -7.16618100904297961 -0.162802040576934814 1.29920005798339844 45.5
9.99572460721288536 -6.75981293783517767 0.442802369594573975 1.70520007610321045 46.5
9.82486563477330499 -6.85638169408996578 -1.50588500499725342 1.54280006885528564 47.5
10.0209604052540673 -6.86708437084225132 0.21453152596950531 1.70520007610321045 45.5
11.7954201772097917 -3.42290489401130138 -0.664667248725891113 3.5728001594543457 45.5
11.9286910483631861 -3.19481014913183614 -0.800103247165679932 3.73520016670227051 45.5
12.0119448082644897 -3.11927203834561562 -0.992893040180206299 3.73520016670227051 48.5
11.9826692401367332 -3.15816570465915181 -1.20172798633575439 3.65400028228759766 46
12.6961609578784334 -3.85182245838925663 -0.443390935659408569 3.5728001594543457 46
11.5663858974808065 -6.51094020205763702 -0.228061333298683167 2.35480022430419922 47.5
11.3898787940727981 -6.96144121224770807 -0.177476376295089722 2.11120009422302246 45
11.2119004331521452 -7.20666811332616852 -0.761392414569854736 1.86760008335113525 45.5
12.0955351228585464 -5.99206138000832134 -0.207999289035797119 2.67960023880004883 46
12.2192816899672234 -5.86250321145736564 -0.775148987770080566 2.67960023880004883 45.5
12.1760539854071173 -5.93544523636843824 -0.891541004180908203 2.59840011596679688 45
9.59571943964330742 -9.67983674077062162 0.738548338413238525 -0.162400007247924805 48
9.70465298722514547 -9.69014576825342466 0.544451534748077393 -0.162400007247924805 48.5
12.9644678546947407 -4.50034380458353755 -0.212401703000068665 3.4104001522064209 46
11.3825576863321736 -7.93393310838161359 0.0756758078932762146 1.62400007247924805 48
11.409259319423759 -7.89405538515329663 0.168375417590141296 1.54280006885528564 47.5
11.4551727506893481 -7.95764407531441886 -0.239657685160636902 1.62400007247924805 48
12.63766429409797 -6.3731439732466546 -0.776603162288665771 2.59840011596679688 45.5
12.4507335553925351 -6.86983986555774617 -0.92036139965057373 2.43600010871887207 45.5
12.4032642995737241 -6.9357247994679696 -1.05701470375061035 2.35480022430419922 47.5
12.317905241729477 -7.14228297064596251 -0.565277099609375 2.27360010147094727 45.5
12.7362171342543977 -6.53008719821269779 -0.593622744083404541 2.67960023880004883 46.5
12.7396509112426433 -6.51397678571710692 -0.689238190650939941 2.59840011596679688 46
12.573678406255782 -6.72162210232694068 -1.38854432106018066 2.51719999313354492 45.5
12.4549536337808018 -6.97222851892501616 -1.21153068542480469 2.43600010871887207 45
12.3434430499993582 -7.23357521052015073 -0.721428036689758301 2.27360010147094727 45
12.8671390189165695 -6.41672379000524629 -0.788930237293243408 2.67960023880004883 45
12.7830281287055953 -6.50669467881631292 -1.27166759967803955 2.59840011596679688 45.5
12.7077249861388992 -6.67943878533355928 -1.12198090553283691 2.51719999313354492 49
12.8095662088912245 -6.71422743915244435 -0.599838674068450928 2.59840011596679688 49
12.8318042979018632 -6.65634616812526847 -0.750664770603179932 2.51719999313354492 49
12.9600771940721824 -6.59447235161826839 -0.501839697360992432 2.67960023880004883 49.5
12.9218393145099313 -6.67083514146331069 -0.478045523166656494 2.59840011596679688 50.5
12.9153369755321137 -6.67083514146331069 -0.629706621170043945 2.51719999313354492 46.5
11.4179856410936154 -9.01808184836686344 0.0793573260307312012 1.05560004711151123 48.5
11.3091899710922288 -9.15444397309015301 0.0297598112374544144 0.974400043487548828 50
13.3353932638862727 -6.00344828835241184 0.128623172640800476 3.00440025329589844 45.5
13.36744926391499 -5.92669187188032609 -0.276175856590270996 2.92320013046264648 46.5
13.1231790960708512 -6.44936651738071909 -0.280164122581481934 2.67960023880004883 47
13.089981924633797 -6.51698526522517518 -0.26820102334022522 2.59840011596679688 46
13.5563977978378034 -5.6429742148724138 -0.686258673667907715 3.16680002212524414 45.5
13.5557820437481276 -5.67603851691268257 -0.336709648370742798 3.08560013771057129 47
13.1863129935200352 -6.48244010556144268 -0.434891104698181152 2.67960023880004883 49.5
13.147254158321882 -6.55040561531088184 -0.576116859912872314 2.59840011596679688 47.5
13.6410081162463879 -5.67176482492942213 0.233686462044715881 3.08560013771057129 45.5
13.2107579674450122 -6.58382596539658849 -0.655546724796295166 2.67960023880004883 47.5
13.1797596889438662 -6.58382596539658849 -1.11705148220062256 2.59840011596679688 46
13.6759439364830069 -5.78034836587979584 -0.280424714088439941 3.08560013771057129 46.5
10.6432103848826287 10.3322567259129059 -0.699328422546386719 0.243600010871887207 46
10.8242237479021028 10.2650783307028295 -0.469009160995483398 0.324800014495849609 45.5
10.7497371192801374 10.3340841261672196 -0.636787116527557373 0.243600010871887207 45.5
14.3095889108490972 -5.82469665387108648 0.105331957340240479 3.24800014495849609 47
14.3133610027807272 -5.80732102580186549 0.324403822422027588 3.16680002212524414 46.5
11.8947170335501298 -9.85005048990728582 0.441287755966186523 0.812000036239624023 45.5
9.36451132430555333 -12.3810626690566838 -0.202156990766525269 -1.70520007610321045 47
15.0540595032945426 -3.72479478605277814 -0.725828766822814941 3.81640005111694336 46
15.0326988222554565 -3.79657468557567013 -0.793489634990692139 3.73520016670227051 46
14.4023963988532735 -5.79477188851023328 -0.131245076656341553 3.24800014495849609 47
11.8752406084781175 -9.99486600924162083 0.327035129070281982 0.812000036239624023 48
9.50186400455282332 -12.3687477502667722 -0.297778189182281494 -1.62400007247924805 49.5
9.49110848083738112 -12.3687477502667722 -0.541242361068725586 -1.70520007610321045 49
12.1666934102569986 10.2362878846247387 -0.00325135374441742897 0.893200039863586426 46
12.1844332193422549 10.3304854053761854 -0.145939931273460388 0.893200039863586426 46
15.5388443090157065 -4.23748811510480472 -0.776942253112792969 3.81640005111694336 46
15.6239601723377852 -4.23290542248688872 -0.643734574317932129 3.81640005111694336 46.5
15.6287680003904175 -4.2106376273422903 -0.672425687313079834 3.73520016670227051 47.5
14.9173255583916227 -6.68702996937661709 0.282004296779632568 3.00440025329589844 48.5
14.9525794078242473 -6.61347876898017351 -0.0691106989979743958 2.92320013046264648 46
15.0119923835248219 -6.64381613545017924 0.529577314853668213 3.00440025329589844 49
15.0170559534948023 -6.64381613545017924 0.358310669660568237 2.92320013046264648 46.5
12.7730337311524504 10.2458851245496749 -1.28534233570098877 1.29920005798339844 45
12.7890754701678429 10.2458851245496749 -1.11446893215179443 1.21800005435943604 50.5
12.8088042194559701 10.2458851245496749 -0.858499407768249512 1.13680005073547363 49
15.1741717691729949 -6.46590761895654431 0.431920409202575684 3.00440025329589844 46.5
12.8474721799089373 10.2926692709920502 -1.11955773830413818 1.21800005435943604 48.5
12.9717443297049577 10.1607119726460002 -0.862419426441192627 1.13680005073547363 45
16.0852653155466463 -5.33116881281479227 -0.381315916776657104 3.4104001522064209 45.5
13.8545957590901576 10.0849028018473916 -1.15133845806121826 1.62400007247924805 45
13.9012582416874153 10.1160076890443875 -1.40851616859436035 1.62400007247924805 46.5
15.2307860427248851 -8.25702212433925098 0.0200801603496074677 2.43600010871887207 47
15.1473373489694136 -8.40640191631078082 0.214966773986816406 2.35480022430419922 46.5
13.9200007423329311 10.1729803257131994 -1.70284891128540039 1.62400007247924805 46
13.9039727513794382 10.390963374339357 -1.2113957405090332 1.54280006885528564 46
15.6915642105416122 -7.85985704674156782 0.00358931627124547958 2.67960023880004883 45.5
14.1125597273312486 10.2919389286713656 -1.70710158348083496 1.70520007610321045 46.5
14.1519109886531069 10.2919389286713656 -1.34236288070678711 1.62400007247924805 49
13.949652711798425 10.6274741206779133 -0.683031976222991943 1.38040006160736084 45
14.250700295455232 10.2698485308306431 -1.44512498378753662 1.70520007610321045 46
14.1938154628654178 10.3359208996757879 -1.53133141994476318 1.62400007247924805 47.5
15.6065633756309552 -8.30525026198774441 0.864883124828338623 2.51719999313354492 46.5
15.4471767138971092 -8.58835865973326662 0.956472873687744141 2.43600010871887207 49
15.3430643817604899 -8.77636033011115124 0.925141513347625732 2.35480022430419922 52
15.3023620585024442 -8.8471374295475318 0.925141513347625732 2.27360010147094727 51
15.2302086052427263 -8.96436200048903586 0.98539125919342041 2.19239997863769531 46
17.0114439898736265 -5.07756357597264607 -0.883072018623352051 3.65400028228759766 46
15.6260737063847195 -8.40707704945602252 1.0476381778717041 2.51719999313354492 48
15.5000622682302858 -8.62475037860970595 1.14561116695404053 2.43600010871887207 50.5
15.4080780249729035 -8.81354867430422573 0.929061651229858398 2.35480022430419922 51
15.0950412260845557 -9.28665499175049547 1.3595733642578125 2.19239997863769531 46
15.0969477142789401 -9.38216471780772565 -0.0884642601013183594 1.86760008335113525 47.5
15.1564530244527305 -9.42175130325896681 -0.367494732141494751 1.94880008697509766 46
17.6534921794108506 -3.07090332047391712 -0.478994667530059814 4.06000041961669922 45
17.3578213343917369 -4.75046274045786987 -0.373037159442901611 3.73520016670227051 46.5
15.8088688057784506 -8.59671808429449591 0.419660359621047974 2.51719999313354492 46.5
15.8088688057784506 -8.59671808429449591 0.419660359621047974 2.43600010871887207 45.5
17.7327532363734939 -3.46927748113500733 -0.468220323324203491 4.06000041961669922 46.5
17.6759695217632284 -3.7583839378962578 -0.37459149956703186 3.97880029678344727 47.5
17.6396052062197235 -3.90293716627688347 -0.5630684494972229 3.89760017395019531 47
17.4527938716195408 -4.69797992237032336 -0.186073780059814453 3.73520016670227051 46.5
15.9569239362393489 -8.45636386026658116 0.756410419940948486 2.51719999313354492 47
15.8443065092662163 -8.67319370283751745 0.662828385829925537 2.43600010871887207 47.5
15.4544471007027422 -9.25140661636002015 1.50903785228729248 2.19239997863769531 48
17.6914489185132844 -4.03253290316076107 -0.416970610618591309 3.97880029678344727 47
17.7368067825276725 -3.83975152140110731 -0.290778398513793945 3.89760017395019531 45
17.2262826916022398 -5.68138072126980109 -0.63218843936920166 3.5728001594543457 46
16.0340537697822683 -8.49145286244875663 0.47634965181350708 2.51719999313354492 45.5
15.9556511903558285 -8.65021400036847155 0.116316169500350952 2.43600010871887207 47.5
15.852135004733336 -8.83392331710414247 -0.306862980127334595 2.35480022430419922 45.5
15.4496093857933214 -9.49618406385495284 0.744712710380554199 2.19239997863769531 46
13.9049224269834575 -11.6530675233070813 0.530774772167205811 0.812000036239624023 47.5
13.8491165621148777 -11.684819750891025 1.04379892349243164 0.730800032615661621 48
17.3000524214100935 -5.73218579787129201 -0.0298195723444223404 3.5728001594543457 49.5
17.2670768292823702 -5.83011348532002582 -0.0919465646147727966 3.49160003662109375 51
16.2814246355192047 -8.16215887944803598 0.667087137699127197 2.76080012321472168 45.5
16.0561308513192564 -8.61991388356886823 0.219920754432678223 2.43600010871887207 47
13.8837884175251212 -11.8059798077730544 0.0994011908769607544 0.893200039863586426 47.5
13.9584566393833374 -11.70121995608371 0.627351582050323486 0.812000036239624023 54
13.974260675759302 -11.6602269706400516 0.95382314920425415 0.730800032615661621 54
13.9290662325444607 -11.70121995608371 1.10144734382629395 0.649600028991699219 48.5
17.7836937543839646 -4.30596934880162685 -0.298172235488891602 3.89760017395019531 47
17.7431988952408943 -4.46375579865150041 -0.37925449013710022 3.81640005111694336 49
17.7149499921338709 -4.5849540862173459 -0.220827370882034302 3.73520016670227051 45
17.4013362272745766 -5.65973135331068899 0.225816741585731506 3.5728001594543457 45.5
17.33813547997228 -5.85410596544459061 -0.0923249423503875732 3.49160003662109375 50.5
17.3239053545050439 -5.89526764801412373 -0.134743973612785339 3.4104001522064209 47
14.0060257535372337 -11.7493736134587152 0.820670783519744873 0.812000036239624023 54
14.0695571227471792 -11.6670502483196508 0.904169678688049316 0.730800032615661621 54
14.1402407161254935 -11.5824401230378342 0.889215826988220215 0.649600028991699219 47
17.8319527562697608 -4.40857337656128045 -0.475991606712341309 3.89760017395019531 46
17.8054684577374189 -4.50730705114051755 -0.538606405258178711 3.81640005111694336 48
17.8010953245336623 -4.55552582244665594 -0.0939562544226646423 3.73520016670227051 45.5
17.4395846036672708 -5.77936416083580351 -0.316930860280990601 3.49160003662109375 46.5
14.2406759691656717 -11.5610244536385665 1.08925521373748779 0.893200039863586426 47.5
14.1058938236144407 -11.7148652954248202 1.19428205490112305 0.812000036239624023 48
15.6975092515703913 10.0467488513471359 -2.05269002914428711 2.11120009422302246 47
15.549165894400069 10.463314474046669 -1.76724517345428467 1.94880008697509766 45
16.6992837988970741 8.69118821546947018 -1.67548239231109619 2.76080012321472168 46
15.5413065527789058 10.4601284256288825 -2.50271058082580566 1.94880008697509766 45.5
16.807892176689645 8.71382098979037245 -1.27071404457092285 2.76080012321472168 45.5
16.2201153039029933 9.75473729306057002 -1.34298467636108398 2.27360010147094727 45.5
16.7325580213073017 9.01011609929267365 -1.31979012489318848 2.59840011596679688 45
16.1131639112129719 9.95278610598220936 -2.05196404457092285 2.27360010147094727 46
15.7145648053249083 10.6645495706291094 -1.49076235294342041 1.86760008335113525 45.5
13.7249853553209995 -13.1021609010586193 1.69136583805084229 0.243600010871887207 48.5
13.8845323118417969 -12.9998002690191008 1.06184291839599609 0.162400007247924805 45
16.7410709199605705 9.13401296456290268 -1.4394298791885376 2.59840011596679688 46
14.0270860907838379 -12.9506060321733063 1.13501644134521484 0.324800014495849609 53
13.9030165806777148 -13.0509798010146572 1.46413218975067139 0.243600010871887207 53.5
13.9997913314683746 -12.9506060321733063 1.43292844295501709 0.162400007247924805 45.5
15.8849041847470076 10.6117664323025647 -1.92360997200012207 1.94880008697509766 45.5
14.0546930324280233 -13.001393239124484 1.43854784965515137 0.406000018119812012 49.5
14.0342895034207285 -13.0301839235440244 1.37588417530059814 0.324800014495849609 53.5
14.0326721577126925 -13.001393239124484 1.63948369026184082 0.243600010871887207 52.5
17.1780366559234103 8.7989840541304627 -1.38400053977966309 2.84200000762939453 46.5
16.1998298669872867 10.3682450189918729 -2.11837601661682129 2.11120009422302246 45
17.2174613718956344 8.8330889897450291 -1.6930009126663208 2.84200000762939453 48
16.5700803822412759 9.80887952942007857 -2.55910325050354004 2.35480022430419922 46.5
16.3023128390985121 10.3428942526253298 -2.14238286018371582 2.19239997863769531 46.5
16.5934037488622224 9.93690939562158704 -2.48329806327819824 2.35480022430419922 47
16.5064335776055486 10.1878906775610218 -1.99863505363464355 2.27360010147094727 45.5
17.7068159547380866 -8.67619253404529545 0.517685770988464355 2.84200000762939453 45
17.715904366359549 -8.60964219358528915 1.04709923267364502 2.76080012321472168 50
17.7022735331731127 -8.59731805646306668 1.33838117122650146 2.67960023880004883 48
17.691803527243863 -8.78835657780035895 1.34347009658813477 2.84200000762939453 50.5
17.7453021347594309 -8.6572240049897129 1.48215603828430176 2.76080012321472168 54.5
17.4098328268479854 9.42175164647065522 0.410341531038284302 2.67960023880004883 56.5
17.438604492368313 9.36484505826980929 0.484567165374755859 2.59840011596679688 53.5
17.3463979599376046 9.54546162082032268 -0.163337171077728271 2.51719999313354492 46
10.4812752471804167 16.8485477751845387 1.13353419303894043 -2.19239997863769531 48.5
19.0093871654200477 -5.80162258296448829 0.00270959269255399704 3.5728001594543457 45
17.4616859129648745 9.4922095514085072 0.0555564165115356445 2.76080012321472168 60
17.4806310555532676 9.45743955305169948 -0.00270896125584840775 2.67960023880004883 62.5
17.5105424367882065 9.40031741289408629 0.174795582890510559 2.59840011596679688 58
17.4955707490158119 9.57290255519696309 0.51679152250289917 2.84200000762939453 51.5
17.5613751382574428 9.46570599012574831 0.0326426364481449127 2.76080012321472168 59.5
17.545329512958201 9.49312836723698972 -0.210817128419876099 2.67960023880004883 59.5
17.6210745531576656 9.33357999131703941 0.620119035243988037 2.59840011596679688 50
10.6526773473219656 16.8831222487017101 1.57522702217102051 -2.19239997863769531 45.5
17.5818386160234432 9.52881718142227818 1.03984630107879639 2.84200000762939453 50
17.5934980161120329 9.56384959753044939 -0.0477823503315448761 2.76080012321472168 50.5
17.3973470350520536 9.38118057068070499 3.21347904205322266 2.59840011596679688 50
10.5462960564592052 17.0392863752664248 1.56473255157470703 -2.19239997863769531 47.5
11.7035522654086837 -16.7968616889522586 0.343380570411682129 -2.19239997863769531 47
15.082683931999469 13.9463689531487862 0.560344517230987549 0.649600028991699219 50
15.1291095189219948 13.887306812489161 0.745187163352966309 0.568400025367736816 51.5
15.1648695782790295 13.851355944261563 0.684979379177093506 0.487200021743774414 47
15.1745332227351728 13.9663398386182713 -0.255912154912948608 0.730800032615661621 47.5
15.1717300147459611 13.9663398386182713 0.388073265552520752 0.649600028991699219 54.5
15.1933913820316597 13.9379896378017349 0.532871067523956299 0.568400025367736816 55
15.2719931261481534 13.8555163263354526 0.42603302001953125 0.487200021743774414 46.5
15.2020814190581284 14.0481670021198877 -0.18910527229309082 0.730800032615661621 47.5
15.2317362140606392 14.017127045569449 0.0663289427757263184 0.649600028991699219 52
15.3200456086189067 13.9059005345970377 0.642020940780639648 0.568400025367736816 51
18.9037842684656674 -8.81441999273326537 1.6758875846862793 2.92320013046264648 45.5
19.5344805265910253 -7.88740103138146598 -0.590458214282989502 3.16680002212524414 47
19.4292257261122643 -8.1586538882202948 0.311781167984008789 3.08560013771057129 46
18.805537500699252 -9.48594942071320268 0.724019765853881836 2.67960023880004883 47
18.3940191118955418 -10.281273331056175 0.33332940936088562 2.43600010871887207 45.5
18.4277904463056323 -10.225969350535637 0.0416686572134494781 2.35480022430419922 46
19.7420324917406695 -7.58775138559929729 -0.02739710733294487 3.32920026779174805 45
19.2559770263474697 -8.74798226622559127 0.0519095882773399353 3.00440025329589844 48
19.2553705466028156 -8.74798226622559127 0.161495357751846313 2.92320013046264648 47.5
18.4393681692445597 -10.3522194975243629 0.379211544990539551 2.35480022430419922 45.5
19.3223947264327869 -8.77900300435144665 0.2734852135181427 3.00440025329589844 49
19.2707670823084349 -8.87448460802415084 0.617806017398834229 2.92320013046264648 50.5
18.8598279535129691 -9.6940350395481989 0.912809610366821289 2.59840011596679688 46
11.3690905734715315 17.9421073613544309 1.58575320243835449 -2.11120009422302246 45.5
19.8934442819671702 -7.49517494875746504 -1.3278731107711792 3.32920026779174805 45.5
19.308812718187145 -8.97238450009283284 0.596762776374816895 2.92320013046264648 47
18.9134478702485183 -9.78152270478824093 0.541601479053497314 2.59840011596679688 47.5
18.7840726657451143 -9.9784839782996233 1.13070797920227051 2.51719999313354492 47.5
11.5504250490244562 17.9251525086719496 1.47214591503143311 -1.86760008335113525 45.5
11.7575820778409916 17.826325114420591 0.933819413185119629 -1.94880008697509766 46.5
18.9350427937112649 -9.91479155300108239 0.227331042289733887 2.59840011596679688 46
11.7409114461633148 17.8781527289983693 1.62025141716003418 -1.86760008335113525 47
11.7412184265490076 17.8888742598703345 1.49481821060180664 -1.94880008697509766 48.5
11.4909683675681418 18.0684599019757179 1.26131820678710938 -2.03000020980834961 45
20.1191685773808686 -7.48827730902174071 1.57176804542541504 3.4104001522064209 50
20.1169689285566271 -7.57434946199900239 1.12360048294067383 3.32920026779174805 48.5
20.1976799884776135 -7.51436846761460409 1.46560370922088623 3.49160003662109375 48.5
20.1518224014101754 -7.55215624008105735 1.85175633430480957 3.4104001522064209 54
20.1618868539044982 -7.55215624008105735 1.7387545108795166 3.32920026779174805 53.5
20.1339324191087492 -7.71680296297060142 1.27896034717559814 3.24800014495849609 48.5
19.9843276047207041 -8.14326496652056875 0.93482285737991333 3.16680002212524414 45.5
19.2063365292916224 -9.82212171467296891 1.09663164615631104 2.67960023880004883 46
20.1261657940603094 -7.74359768979721519 2.18627810478210449 3.49160003662109375 47
20.1878406518813804 -7.57837927109220288 2.19657111167907715 3.4104001522064209 53
20.211059182774946 -7.57837927109220288 1.97152650356292725 3.32920026779174805 52
20.1842466880506919 -7.51066680440982104 2.44780659675598145 3.24800014495849609 45.5
17.880859621492565 -12.2505394721765661 -0.0694524422287940979 1.62400007247924805 48
19.9476675229218223 -9.08921511907121271 1.54186522960662842 3.00440025329589844 46
20.1460474093161821 -8.81714721073814722 1.6116032600402832 3.08560013771057129 50
20.0542592181579913 -9.01828838148311185 1.64308619499206543 3.00440025329589844 51
19.9791891039028826 -9.05135268352337974 2.25999569892883301 2.92320013046264648 46.5
21.3690402005667508 -5.73405069936540812 -0.019608180969953537 3.81640005111694336 46.5
13.5627408906443989 17.4768450577026755 1.85794949531555176 -0.893200039863586426 45
20.5203310516908246 -8.36946691096650497 1.30693149566650391 3.16680002212524414 47
13.9391989213450369 17.3549632123363082 0.824433207511901855 -0.812000036239624023 46.5
13.8882572061448233 17.3688805845996086 1.27041387557983398 -0.893200039863586426 48.5
20.5660410592104448 -8.33650598571728096 1.92777729034423828 3.16680002212524414 45.5
13.9979669832649041 17.4133965362682446 0.594193994998931885 -0.812000036239624023 45.5
13.9625151300257091 17.4273607676525799 0.92617642879486084 -0.893200039863586426 47
21.6182146002410498 -5.66947794204082367 -0.179801195859909058 3.81640005111694336 46
21.5734421975961581 -5.83984156492973483 -0.0731393098831176758 3.73520016670227051 46
22.3430951154338118 0.120092389905298233 0.542402863502502441 1.54280006885528564 50
15.171180673052751 16.4994615824817537 0.695522725582122803 -0.324800014495849609 46.5
22.4220882542727011 0.0896709868613138755 -0.350096702575683594 1.62400007247924805 63.5
22.4236175103278512 0.0896709868613138755 -0.232384055852890015 1.54280006885528564 68
22.4230078730739528 0.120495388594890535 -0.273659348487854004 1.46160006523132324 60.5
15.1837754416145234 16.5546428834137878 1.28324627876281738 -0.324800014495849609 48.5
21.6860563437280405 -5.97462909769943984 0.51844024658203125 3.73520016670227051 45
21.0734288082377397 -7.86682927781789676 0.523041665554046631 3.32920026779174805 48
20.8663656167603122 -8.27732144170689388 1.52667045593261719 3.24800014495849609 46.5
22.4924094092130602 -0 -0.584380567073822021 1.70520007610321045 45.5
22.4995103159703227 0.0899708852359444866 0.118114911019802094 1.62400007247924805 68
22.497053224875053 0.0899708852359444866 0.3528023362159729 1.54280006885528564 71.5
22.4899170667469619 0.120898377035800419 0.66258317232131958 1.46160006523132324 62.5
15.2524388955780168 16.6098255877002856 1.05236029624938965 -0.324800014495849609 47.5
21.6524734847917912 -6.13841380415010551 1.76661002635955811 3.73520016670227051 46.5
21.0326226965110763 -8.20053719148178217 0.103118129074573517 3.32920026779174805 47
21.0721686245599749 -8.09898255133959211 -0.0292430110275745392 3.24800014495849609 45
20.7421325425522873 -8.75626675003765165 1.64997470378875732 3.08560013771057129 45
22.5710613296198979 0.050777320071094624 -0.418609559535980225 1.70520007610321045 48.5
22.5735917259037393 0.0902707912375015492 0.235478430986404419 1.62400007247924805 74.5
22.5689139880167708 0.050777320071094624 0.521707296371459961 1.54280006885528564 79
22.5658652329788367 0.050777320071094624 0.640178084373474121 1.46160006523132324 72
21.6151896870422426 -6.39938582679723567 2.20318317413330078 3.73520016670227051 46.5
21.6085147237526911 -6.52109020121222027 1.88945722579956055 3.65400028228759766 45
22.649198990929964 0.0509460171969704709 -0.183759033679962158 1.70520007610321045 49.5
22.6496977636506074 -0 -0.11735989898443222 1.62400007247924805 75
22.6496977636506074 -0 -0.11735989898443222 1.54280006885528564 79.5
22.6500015258789062 -0 -9.90062972050509416e-07 1.46160006523132324 73
15.4723832140880493 16.6293189973051305 0.704827368259429932 -0.0812000036239624023 47.5
15.6233843776408072 16.4617763366423908 1.15993809700012207 -0.162400007247924805 49
20.8241819280546991 -8.87976101512519378 1.98215937614440918 3.24800014495849609 46
20.8535985558415753 -8.84568454177006203 1.81850516796112061 3.16680002212524414 45
22.7188504057549352 -0.156183836211028382 -0.505036592483520508 1.62400007247924805 63.5
22.7204884416329307 -0.258413256276428749 -0.371820569038391113 1.54280006885528564 67.5
22.7221100608831748 -0.258413256276428749 -0.254083871841430664 1.46160006523132324 61
15.6034927522367095 16.6186729975541141 0.436769396066665649 -0.0812000036239624023 50
15.5673158343471272 16.6186729975541141 1.14824211597442627 -0.162400007247924805 50.5
21.1284110223563957 -8.53298913555195782 0.786388754844665527 3.24800014495849609 47.5
21.0195059408786946 -8.75236815506364252 1.19015514850616455 3.16680002212524414 47
22.7970844455869717 0.364682006460985142 -9.96619746729265898e-07 1.62400007247924805 62.5
22.7991202390020682 0.122510361545487209 -0.158549904823303223 1.46160006523132324 58.5
22.1527642827038989 -5.6711647993723675 0.598798751831054688 3.81640005111694336 45
22.8746747488064344 0.0743196999917749845 -0.0966915786266326904 1.62400007247924805 63.5
22.875 -0 -9.99898020381806418e-07 1.54280006885528564 69
22.8743108444882068 -0.0514520999943057569 -0.169989705085754395 1.46160006523132324 63
22.9467570504212475 -0.367081223965735837 -0.118914335966110229 1.62400007247924805 53.5
22.9467488416997156 -0.367081223965735837 0.120477214455604553 1.54280006885528564 59.5
22.9492973146056194 -0.157730213422777127 0.0860550627112388611 1.46160006523132324 54
18.2939102110413891 -13.7913562972751862 1.35420894622802734 0.0812000036239624023 46
15.6640053875237655 -16.8171996593447659 1.40407490730285645 -0.487200021743774414 46.5
22.4623957203967635 -5.03221252424191512 -0.517982244491577148 3.97880029678344727 46.5
23.0212416197472614 0.0517894942460574506 0.412829607725143433 1.62400007247924805 52
23.0230121180195688 0.184140423985982044 0.240172356367111206 1.54280006885528564 55.5
23.0142864632772941 0.158245676862953322 -0.68432009220123291 1.46160006523132324 49
15.0256864827806513 17.4897030849193591 1.39607322216033936 -0.568400025367736816 47
14.9235607904079721 17.5763000633890059 1.40393447875976562 -0.649600028991699219 50
14.9235607904079721 17.5763000633890059 1.40393447875976562 -0.730800032615661621 46
23.0852954075280188 0.222265578072089576 0.79358750581741333 1.62400007247924805 50.5
23.0968049702579066 0.222265578072089576 0.313391923904418945 1.54280006885528564 56.5
23.099433728417754 0.0750507146736925784 0.143313437700271606 1.46160006523132324 51.5
22.6922717749858123 -0 -4.7054743766784668 0 50
15.2252694633788472 17.4219630774055965 1.32174372673034668 -0.487200021743774414 49.5
15.1132937693967975 17.5291127838324599 1.18290722370147705 -0.568400025367736816 53
14.9828071308496042 17.6333665522477858 1.28861665725708008 -0.649600028991699219 52.5
15.0949528519353944 17.5464884119016773 1.15923643112182617 -0.730800032615661621 45.5
23.1360966834373052 0.495205399972798666 -1.24759650230407715 1.62400007247924805 48
15.6018991142777832 16.5734532400253016 4.35683917999267578 0.0812000036239624023 46.5
15.1990277311176865 17.5596926472369859 1.09965956211090088 -0.487200021743774414 48.5
15.1339480011712997 17.603272294773145 1.28487217426300049 -0.568400025367736816 50
15.0412810432502013 17.6904315898454669 1.17090475559234619 -0.649600028991699219 49
23.233774557441162 0.264383195052707742 -0.827253460884094238 1.54280006885528564 55.5
15.9298441070614398 16.6096563309486847 3.30482602119445801 0.162400007247924805 45
23.2841509996993317 -0.265236052744635631 -1.3541100025177002 0.487200021743774414 46
23.2098992043809211 -0.186539641490732738 -2.30682206153869629 0.406000018119812012 47.5
16.3035998927665808 16.6632364125393622 0.764762520790100098 0.0812000036239624023 45.5
15.5489376902318295 17.4039691749277594 1.70072758197784424 -0.243600010871887207 45
15.4884667427354934 17.465374308105428 1.62116026878356934 -0.324800014495849609 51
15.5317469318541814 17.465374308105428 1.1338425874710083 -0.406000018119812012 48.5
23.3856051072310827 0.500013227303872099 -0.650815665721893311 1.62400007247924805 58
23.3918671550300417 0.482468903538823934 -0.384460180997848511 1.54280006885528564 62
23.3892190083722049 0.587734846129112753 -0.398815691471099854 1.46160006523132324 53.5
16.3639903414567591 16.7168164941300397 -0.572669565677642822 0.0812000036239624023 45
15.7727580128704581 17.3658806474875007 0.849654257297515869 -0.243600010871887207 49.5
15.8605092709381772 17.2720110223659447 1.09431493282318115 -0.324800014495849609 52
15.8754949919244872 17.2720110223659447 0.849654257297515869 -0.406000018119812012 48
15.8397351322552158 17.3248126864968199 0.171247869729995728 -0.487200021743774414 45
23.466921867239158 0.375478500486216171 -0.488103002309799194 1.62400007247924805 55.5
23.4677539343920785 0.225873785448739456 -0.537704646587371826 1.54280006885528564 60.5
23.4655807743913662 0.126137308757088257 -0.652901589870452881 1.46160006523132324 53.5
15.7419396842539498 17.5155327888986676 -0.00481568416580557823 -0.162400007247924805 45.5
15.8460927721095217 17.4213632577755533 -0.00481568416580557823 -0.243600010871887207 46.5
15.9863912519706357 17.2742233653956951 0.799417734146118164 -0.324800014495849609 48
15.8653698898986359 17.3801640879091934 0.906920135021209717 -0.406000018119812012 46.5
15.8663823306703353 17.476844457082219 0.979011952877044678 -0.162400007247924805 47
22.0624213667594482 -8.36644884989375193 1.18013691902160645 3.4104001522064209 46
22.0132752749825329 -8.44025309168886295 1.52264773845672607 3.32920026779174805 46
23.6201948036335132 -0.0767564114669151421 0.47028765082359314 1.62400007247924805 50.5
23.6198589535226695 -0 0.492833197116851807 1.54280006885528564 56.5
23.6099729061648382 -0.0767564114669151421 0.838987112045288086 1.46160006523132324 51.5
16.105299276462997 17.3842499806526227 0.311839371919631958 -0.0812000036239624023 47
16.1230638266543274 17.3427883963716774 0.982119977474212646 -0.162400007247924805 45.5
22.0232972039098165 -8.59143257135830574 1.68868827819824219 3.4104001522064209 46.5
21.9303296126063998 -8.60920182176442417 2.57532691955566406 3.32920026779174805 48
19.1746156091229345 13.9162846097251549 -0.601010739803314209 1.70520007610321045 49.5
19.1703129237461773 13.9162846097251549 -0.725377857685089111 1.62400007247924805 50.5
23.692716552957009 -0.127346294577182745 -0.573549151420593262 1.46160006523132324 47.5
17.3117485941752918 16.1729794113022081 0.654313921928405762 0.568400025367736816 46
16.0995538627684631 17.4927404361574723 0.243132337927818298 -0.0812000036239624023 45
22.134542962377779 -8.49384254534208871 1.77971017360687256 3.4104001522064209 46
21.938916969475045 -8.74637021807873616 2.72683501243591309 3.32920026779174805 47
19.2962184893550202 13.8801092591249535 -0.499203205108642578 1.78640007972717285 46.5
19.2926396912305016 13.8801092591249535 -0.622357308864593506 1.70520007610321045 53.5
19.2341531533444332 13.9424984488598884 -0.951216697692871094 1.62400007247924805 53
23.752303285094257 0.163400258829595968 1.02571511268615723 1.54280006885528564 51.5
23.7617100326430659 0.163400258829595968 0.777896404266357422 1.46160006523132324 45
17.3602898660078857 16.241985727661838 0.262582361698150635 0.568400025367736816 47.5
23.5569167351827353 -3.71939645514397199 -0.245524734258651733 4.06000041961669922 45
19.2544235126829228 14.0192635616965084 -1.2449641227722168 1.78640007972717285 45
19.3523879229907116 13.8970718512310434 -1.08580517768859863 1.70520007610321045 49
19.3646634646769336 13.8970718512310434 -0.838853299617767334 1.62400007247924805 49
17.3128236351846247 16.4034920585836694 0.118699632585048676 0.487200021743774414 47
23.5873266748615116 -3.9044929348568389 -0.893652856349945068 4.06000041961669922 46
16.6209651333470276 17.1214594604002386 2.56888461112976074 0.243600010871887207 46
16.7777471204459907 17.0194924571328343 2.2009284496307373 0.162400007247924805 47
17.7713996917690622 16.2273180708102842 0.676150977611541748 0.568400025367736816 45.5
17.0961370524770473 16.8891664163012472 1.44353079795837402 0.243600010871887207 45.5
17.0137563240594254 16.9433176445686868 1.74978697299957275 0.162400007247924805 45
22.7553659562074806 -7.77982042577637856 2.21140480041503906 3.49160003662109375 45
22.8387952821605253 -7.69500375212446119 2.45499110221862793 3.5728001594543457 45.5
22.784728029190866 -7.94322967961234738 2.14754343032836914 3.49160003662109375 45.5
21.9716792951176387 -9.90784708131524816 2.4352729320526123 3.08560013771057129 45
22.9746231466210347 -7.60647638689358363 2.19049382209777832 3.5728001594543457 46.5
22.866891819428556 -7.96782197174002604 2.0270998477935791 3.49160003662109375 45.5
22.1860609326313387 9.82920721132715869 -1.28665256500244141 3.16680002212524414 48
22.1691247454686682 9.91119318435954355 -0.887792885303497314 3.08560013771057129 46.5
22.947209157230759 -7.89494579723517198 2.28826642036437988 3.49160003662109375 45.5
24.4126968310102406 0.131779239167968382 -2.34063172340393066 1.54280006885528564 46.5
22.4847003660558933 9.96899916594400537 0.466219812631607056 3.24800014495849609 47.5
22.4403531525588953 10.0612193247408985 0.602037966251373291 3.16680002212524414 47.5
22.5299417095255698 9.8368169383351276 0.893725156784057617 3.08560013771057129 45
22.4162527590621572 10.1319214464851814 0.125787109136581421 3.00440025329589844 49.5
24.5337851943169696 0.196736338766702545 -1.79296243190765381 1.54280006885528564 48
23.3521151467850139 -7.94894682319667822 0.590420067310333252 3.5728001594543457 50.5
23.3521151467850139 -7.94894682319667822 0.590420067310333252 3.49160003662109375 50.5
22.5049763303577706 10.0918940854626555 0.731678307056427002 3.32920026779174805 52
22.4951424029507692 10.0918940854626555 0.9889068603515625 3.24800014495849609 60
22.4951424029507692 10.0918940854626555 0.9889068603515625 3.16680002212524414 62.5
22.5419749408960293 9.99939276478930417 0.85274040699005127 3.08560013771057129 62
22.5118705812903421 10.0918940854626555 0.474370181560516357 3.00440025329589844 57.5
23.7074645017892429 -6.88755295461432659 1.75508677959442139 3.73520016670227051 45.5
23.4456220686094525 -7.78445028592916888 1.50590014457702637 3.5728001594543457 52.5
23.4130925139469461 -7.86176902138734413 1.60694074630737305 3.49160003662109375 51.5
22.5581902831204424 10.1596818392043389 0.686676502227783203 3.32920026779174805 54
22.5431254473423088 10.1596818392043389 1.07283735275268555 3.24800014495849609 65
22.5507010892951705 10.1225688461844143 1.24981522560119629 3.16680002212524414 69.5
22.5635173883369475 10.1225688461844143 0.991912662982940674 3.08560013771057129 68
22.5944887064729407 10.0947341014194691 0.384707719087600708 3.00440025329589844 60
23.5588268975077142 -7.64362674160439326 1.68442642688751221 3.5728001594543457 48.5
22.6629558040509025 10.1253237356317936 0.385873466730117798 3.32920026779174805 56.5
22.6258755419079023 10.1532428268146013 1.12343025207519531 3.24800014495849609 66
22.5942698284689527 10.1532428268146013 1.64052236080169678 3.16680002212524414 69
22.6115517062945379 10.1532428268146013 1.38205289840698242 3.08560013771057129 67
22.6980933197840251 10.0415664620833684 0.49417528510093689 3.00440025329589844 58.5
17.6195031379016882 17.4711468379528974 0.769959926605224609 0.243600010871887207 46
17.5684317163628698 17.4711468379528974 1.54593801498413086 0.162400007247924805 45.5
22.7255679580038255 10.1559141477906127 0.645018041133880615 3.32920026779174805 55
22.7295102638076472 10.0905727883838718 1.24891424179077148 3.24800014495849609 61
22.5554869338413937 10.1559141477906127 2.84911823272705078 3.16680002212524414 60
22.6456161640843767 10.056346362027961 2.46089935302734375 3.08560013771057129 59.5
22.7491701488383917 10.056346362027961 1.16413211822509766 3.00440025329589844 57.5
22.7037029037124114 10.3862391502775022 0.646960854530334473 3.32920026779174805 45.5
22.755010101891834 10.2863714661402188 0.388205021619796753 3.24800014495849609 48
23.6895113220334821 -7.71290444069073722 2.61164498329162598 3.5728001594543457 46
20.3623357341310474 14.3677887105399691 -2.53859686851501465 1.29920005798339844 45.5
18.2904741518315461 17.0003181888763777 1.98753321170806885 0.649600028991699219 46
18.9539824262398398 16.3762018708848416 1.95762383937835693 0.974400043487548828 47.5
19.124755370062573 16.2757343747444452 0.780976951122283936 0.893200039863586426 48
18.859880794893332 16.592834909437574 0.498434334993362427 0.812000036239624023 45.5
18.5559250627683845 16.8785393515868307 1.43466877937316895 0.730800032615661621 46.5
18.5080616728796237 16.8785393515868307 1.95762383937835693 0.649600028991699219 47
24.5826369991494573 -5.54220669832656299 0.134007006883621216 3.97880029678344727 45
19.1173922764027324 16.3904465140850917 0.958445847034454346 1.05560004711151123 45.5
18.8436679605869379 16.727387489494717 0.388266116380691528 0.812000036239624023 45
19.1856861543378656 16.4392280996508582 0.697796821594238281 1.05560004711151123 46
19.1536324957703528 16.4834450436268618 0.510025501251220703 0.974400043487548828 45.5
25.3480574832592644 0.313604771569699792 -0.0120979957282543182 1.54280006885528564 47.5
25.5721430642236882 0.0830918637810306587 -0.373121678829193115 1.54280006885528564 49
25.6457552336504015 0.137824158019758419 -0.445904076099395752 1.54280006885528564 46.5
25.3434461498286758 -4.40719576273433056 0.249044507741928101 4.06000041961669922 46.5
25.4153830628667592 -4.43616464480833894 0.13719765841960907 4.06000041961669922 48.5
19.9027939933811808 16.4034925238261842 0.666573286056518555 1.05560004711151123 47
19.8245372246101255 16.5066591434728878 0.397510558366775513 0.974400043487548828 45
25.4140408898462908 -4.82736008727675259 -0.582097351551055908 3.97880029678344727 45.5
25.507225867977855 -4.77325550505308804 0.00176833686418831348 4.06000041961669922 47
25.4671691903438528 -4.98078835309887502 -0.132689237594604492 3.97880029678344727 45
25.6758528882408257 -4.24720709412287789 0.111781887710094452 4.14120006561279297 47.5
25.6144091050364047 -4.47485219105136256 1.08555948734283447 4.06000041961669922 47
19.2640874402307318 17.3985895509627824 1.86673820018768311 0.812000036239624023 45.5
19.1049148696240856 17.5676973372525147 1.91805863380432129 0.730800032615661621 49.5
19.1563431359551295 17.4831434441076468 2.16215658187866211 0.649600028991699219 49
25.7388649609605764 -4.31489125537450136 0.32028689980506897 4.14120006561279297 46.5
19.2178055692559902 17.5922323745200764 1.54896366596221924 0.812000036239624023 49
19.1805197686980691 17.5922323745200764 1.95730054378509521 0.730800032615661621 51.5
19.2262837831322315 17.5335263710455926 2.03359127044677734 0.649600028991699219 51
19.1287665941577494 17.6737684904568582 1.71412372589111328 0.568400025367736816 45.5
19.2776927309815846 17.5250358787068201 2.52474880218505859 0.649600028991699219 48
19.4993015684828421 17.4932466707783156 1.681113600730896 0.649600028991699219 46
26.3237240821105338 0.253296165181736699 -0.0556379854679107666 1.62400007247924805 47.5
26.3239836649416326 0.141451105231359453 -0.183062538504600525 1.54280006885528564 53
26.3239711117150748 -0.141451105231359453 0.184858366847038269 1.46160006523132324 47.5
26.3877158515993848 0.181441295712845257 -0.784627616405487061 1.62400007247924805 55
26.3967833939873664 -0 -0.41215398907661438 1.54280006885528564 60.5
26.3962395816635969 -0.0857722488824359391 -0.437349766492843628 1.46160006523132324 54
26.4678766628802791 0.142257092361861653 -0.597400069236755371 1.62400007247924805 51.5
26.4692770261836507 -0 -0.550480365753173828 1.54280006885528564 56.5
26.4709263385695657 -0.211731486306026617 -0.413324862718582153 1.46160006523132324 50
25.2302095438576934 -8.35773315920465265 2.5445866584777832 3.5728001594543457 46.5
19.4666715534732404 16.4579532356080627 -8.19055366516113281 2.19239997863769531 49
20.3294335632809577 17.3445882442350481 1.66737127304077148 0.974400043487548828 46.5
20.2255513160643865 17.4516536037673617 1.80763339996337891 0.893200039863586426 45
26.1204281364916397 -5.86818237747650162 2.05187559127807617 3.97880029678344727 45
20.6332509001874627 17.1180483075386611 1.47102689743041992 1.05560004711151123 45
20.3737910482503288 17.2858065230182625 2.65179848670959473 0.974400043487548828 46.5
19.7204374273706478 18.1447285862738283 1.67204165458679199 0.730800032615661621 46
19.5512088236182748 18.3225522946822075 1.71953892707824707 0.649600028991699219 48
19.4567171736247921 18.3695245950164932 2.21792888641357422 0.568400025367736816 47
20.9978139616143551 16.7957655697264343 1.39631509780883789 1.29920005798339844 45
20.8247695128351857 17.0413767248927073 0.935999274253845215 1.13680005073547363 45
20.7157920210273048 17.0817511613583939 2.00635361671447754 1.05560004711151123 45
20.0192029416254442 17.9026980361607286 1.91847813129425049 0.812000036239624023 48
19.8740469613432538 18.0877475366284663 1.6767122745513916 0.730800032615661621 51.5
19.7868362031272973 18.1954127005369699 1.53745102882385254 0.649600028991699219 49.5
23.2186668055402805 13.7587985966632527 -0.767500996589660645 2.43600010871887207 45.5
23.2076537157057743 13.7587985966632527 -1.04897868633270264 2.35480022430419922 46.5
23.0800071324622671 13.8802593003120691 -1.91096639633178711 2.27360010147094727 45
21.0651325808165524 16.8425509059693361 1.26047277450561523 1.29920005798339844 48
20.0271359814184358 18.0301666749799949 1.68138277530670166 0.730800032615661621 48.5
23.1917440793834615 13.9188149851005178 -1.21049952507019043 2.43600010871887207 50.5
23.1978442541428933 13.8579159404403782 -1.69526207447052002 2.35480022430419922 53.5
23.1755298611260123 13.8579159404403782 -1.97703123092651367 2.27360010147094727 49.5
23.1595922746194454 14.0421879584618292 -1.89019501209259033 2.43600010871887207 50
23.2512723391098248 13.8963039086396805 -1.84218144416809082 2.35480022430419922 52.5
23.2082290591652836 13.9573716504256957 -1.92158293724060059 2.27360010147094727 49.5
21.4814206551551727 16.5018608915096223 1.83295047283172607 1.46160006523132324 46.5
21.392345968210897 16.7345567724643622 1.87690103054046631 1.46160006523132324 45
22.1218257558323543 16.3783006256224049 2.87781286239624023 1.54280006885528564 45
21.9984831161019621 16.5270056355256472 2.97162628173828125 1.46160006523132324 45.5
22.0597115132503241 16.5336508132707714 3.17334222793579102 1.62400007247924805 45.5
22.181226648467117 16.6446149126886986 1.00627470016479492 1.54280006885528564 49
22.1872795196307493 16.6446149126886986 0.862571597099304199 1.46160006523132324 49
22.2407423743549408 16.6895996688832895 -1.01847362518310547 1.54280006885528564 46.5
22.2066174139363532 16.7626166674346564 0.333869904279708862 1.46160006523132324 45
21.7400200391668221 17.3571836556386216 0.574757277965545654 1.21800005435943604 45
22.4518460948770411 16.5114577615286251 1.30248856544494629 1.70520007610321045 46
22.1006821041921384 17.0204680725892636 -0.523057699203491211 1.54280006885528564 46
22.5332770855049844 16.5558427209739563 0.869565367698669434 1.62400007247924805 45.5
22.0415570592145649 17.2270255339864171 -0.005720541812479496 1.54280006885528564 45
22.1600916301756214 17.0662213183688465 -0.524463772773742676 1.46160006523132324 47.5
26.6161223625849104 -8.37372183808895976 2.87496066093444824 3.65400028228759766 46
22.4857665509577735 16.7299180967763128 1.14136433601379395 1.62400007247924805 47
26.7677307318394995 -8.24850320191714204 2.54293036460876465 3.65400028228759766 45.5
22.4738917032715939 16.9011725172643956 0.538778007030487061 1.62400007247924805 49
22.5442339855507079 16.7957378789782794 0.822481513023376465 1.54280006885528564 48.5
26.9015949855963861 -8.21059325729113354 2.03233742713928223 3.65400028228759766 45.5
22.6335585643959583 16.8193826682620546 0.265313833951950073 1.62400007247924805 49.5
22.6131187301275141 16.8405258268645177 0.532524585723876953 1.54280006885528564 47.5
27.0347032422411253 -8.07696796252594673 1.83388400077819824 3.65400028228759766 46
22.4039277938686823 17.2492377922360767 0.0597602203488349915 1.38040006160736084 45
22.4632556477340444 17.2949910380156595 -0.0889077931642532349 1.38040006160736084 46
26.6977929010016304 -9.82662034783612803 2.68255233764648438 3.4104001522064209 46.5
23.4074052080147261 16.3896029784040067 -0.0701322555541992188 1.86760008335113525 46
22.7487251783248929 17.4135658619005262 0.292985975742340088 1.46160006523132324 47
22.5731273424268224 17.7642548114853689 -0.103794589638710022 1.46160006523132324 46.5
27.2170579274455307 -8.90711799229556078 3.0553281307220459 3.49160003662109375 45
26.8853313763818278 -9.97957098692347166 2.65088844299316406 3.32920026779174805 46
27.0155400986705807 -9.39216442182237721 3.96403312683105469 3.49160003662109375 47
27.4907107363147851 1.12215256826229703 8.76169872283935547 1.38040006160736084 48
27.3342135402338329 0.988648886507618618 -9.25359725952148438 1.21800005435943604 46
27.6539584244812247 0.99121676634039324 8.50756168365478516 1.46160006523132324 47.5
27.7451706586124693 0.99121676634039324 8.20521068572998047 1.38040006160736084 51
27.4554359770328134 0.99121676634039324 -9.12792682647705078 1.21800005435943604 45.5
24.1051577639750931 16.1326802797714279 -1.06239700317382812 2.03000020980834961 46
24.0270756356309967 16.248742727827338 -1.06239700317382812 1.94880008697509766 46.5
23.7531678083892039 16.5969300719950681 -1.66723883152008057 1.78640007972717285 45.5
27.7481498882340532 0.928499584447276427 8.46337985992431641 1.38040006160736084 46.5
23.9716552040503892 16.4252724633359364 -1.54278755187988281 1.94880008697509766 48.5
24.2648294177764079 16.1978246111189996 0.171059787273406982 2.03000020980834961 49
24.0647649882400323 16.4493775929257069 -1.21893942356109619 1.94880008697509766 49
24.4136713149352147 16.1078822567848263 -0.267213970422744751 2.03000020980834961 49
23.9262025466529877 16.7255886560125653 -1.83144652843475342 1.86760008335113525 46.5
16.1893840245182403 -24.6441135687363051 1.94271385669708252 -2.43600010871887207 46.5
23.8073863894211293 17.4879415435323864 0.763458907604217529 1.62400007247924805 46
16.4946053805529012 -24.5733933318500171 1.31038582324981689 -2.35480022430419922 46.5
16.2926725446493457 -24.7066627141860522 1.33056282997131348 -2.43600010871887207 48.5
29.4469204827338018 -4.40527466985965166 -0.152247488498687744 4.14120006561279297 45
24.9380476264394666 16.2593330298029386 0.527764618396759033 2.11120009422302246 49
25.0729319004752469 16.1660063536577283 1.01530897617340088 2.11120009422302246 47.5
29.5062888485916233 -4.78645127759848155 1.40517711639404297 4.14120006561279297 49
29.4666324392925247 -4.99211910593279207 1.51725375652313232 4.06000041961669922 50
24.7952542265011502 16.6142211143516043 -2.16072535514831543 2.03000020980834961 45.5
24.8416796353018761 16.6142211143516043 -1.53762781620025635 1.94880008697509766 49
29.5132652858244242 -5.11709442313042473 1.66811215877532959 4.14120006561279297 47.5
29.4818111940496799 -5.27829226942684038 1.72120296955108643 4.06000041961669922 49
29.4738027754064156 -5.43949011572325691 1.30654001235961914 3.97880029678344727 46.5
29.558936335577144 -5.48315390422695081 -0.842611193656921387 3.97880029678344727 45
29.8255874728197377 -4.34019572343744375 0.787181317806243896 4.14120006561279297 47
29.966147652827722 -3.86754850215479662 0.789139449596405029 4.14120006561279297 45.5
24.2530968067406221 18.0271572273289529 0.599609017372131348 1.70520007610321045 46
24.2368432034483945 18.0271572273289529 1.07131123542785645 1.62400007247924805 46.5
24.3024602352169552 18.0946077312537987 0.256150782108306885 1.46160006523132324 47
25.03039395262158 17.3242505210026252 0.743129849433898926 1.86760008335113525 45.5
27.1509531718844066 13.8805682885529684 -1.38969409465789795 2.84200000762939453 49
27.1910191929719396 13.8347955984011044 -1.0112311840057373 2.76080012321472168 47.5
24.8022098668570088 17.7865045148454257 0.516088664531707764 1.78640007972717285 47.5
24.699850269511689 17.9238225853010178 0.655496835708618164 1.70520007610321045 47.5
27.2513842586850856 13.8687872048006433 -1.17425119876861572 2.92320013046264648 48.5
27.217662109289865 13.9146723568429938 -1.39310860633850098 2.84200000762939453 52
27.2811475493256275 13.8267258154284889 -0.959501147270202637 2.76080012321472168 50
24.900020189268556 17.784320179081277 0.258686929941177368 1.78640007972717285 45
24.7452384424576231 17.998450888612247 0.298325955867767334 1.70520007610321045 46
27.2104121997848196 13.9832755050522621 -2.23990511894226074 2.92320013046264648 45.5
27.3911401341879426 13.684290995898186 -1.84969985485076904 2.84200000762939453 46
25.8724281203159947 16.470979946603503 -0.529080510139465332 2.27360010147094727 47
26.0286219108874093 16.3729214547445281 -0.0293488204479217529 2.27360010147094727 46
26.4976858935647925 16.4682712362889987 -0.329698950052261353 2.27360010147094727 45.5
26.48073071168184 16.6329183650740298 -0.492526590824127197 2.27360010147094727 48
26.4043980845012101 16.7579779016535362 0.321962684392929077 2.19239997863769531 47.5
26.4935523800391444 17.0281156980330621 0.620607733726501465 2.11120009422302246 46.5
27.2870330192635926 16.0294948454505572 -0.442334234714508057 2.43600010871887207 45.5
27.1820686315051212 16.637351489612616 -0.591060042381286621 2.27360010147094727 46.5
26.9844342792542271 16.9360829623731952 1.0125119686126709 2.19239997863769531 52.5
26.94343877084928 16.9958292569253118 1.09939217567443848 2.11120009422302246 51
26.9426294809442233 16.952015307587093 1.65518605709075928 2.03000020980834961 46
26.9172496569466126 17.2035020721800898 0.551072657108306885 2.27360010147094727 46.5
27.0183700560516193 17.0358188308174618 0.768851220607757568 2.19239997863769531 55
26.9513911077991857 17.1196604514987776 1.15857565402984619 2.11120009422302246 55
26.9950438801540074 17.0118640820513747 1.63297975063323975 2.03000020980834961 47.5
26.9804363302578842 17.2438862897022567 0.552366256713867188 2.19239997863769531 52
27.0315132867933556 17.1598478557074223 0.661513090133666992 2.11120009422302246 52
27.3936096433977774 16.5020860679325345 -2.77153730392456055 2.43600010871887207 45.5
27.6846675425802466 16.3396140174913356 -1.34428036212921143 2.43600010871887207 49
27.6989161634476098 16.3396140174913356 -1.00888729095458984 2.35480022430419922 45.5
27.830764224064847 16.2850113867223172 -0.556245982646942139 2.43600010871887207 48
31.515455804306427 -7.01629530301986382 1.56630182266235352 3.97880029678344727 45
30.8114005207765373 9.99621567491164775 -0.702386081218719482 3.65400028228759766 47.5
30.9372146783981172 9.86920700005723006 0.336530447006225586 3.65400028228759766 46.5
31.5701881604889678 9.34767593948269138 -0.00224259495735168457 3.89760017395019531 49.5
31.5978197304555479 9.25304717777137675 0.121216945350170135 3.81640005111694336 50.5
31.4932002743574451 9.47933334708103814 1.54156184196472168 3.73520016670227051 52
31.5978197304555479 9.25304717777137675 0.121216945350170135 3.65400028228759766 46.5
31.6152557559171541 9.42669950059608475 0.782870888710021973 3.89760017395019531 56
31.6219040393294115 9.42669950059608475 0.438706696033477783 3.81640005111694336 60
31.6190712224131474 9.42669950059608475 0.609672188758850098 3.73520016670227051 58.5
31.6190712224131474 9.42669950059608475 0.609672188758850098 3.65400028228759766 51.5
31.6626257733345291 9.4481240355823175 1.47199618816375732 3.89760017395019531 58
31.6871093408329045 9.4481240355823175 0.784650146961212158 3.81640005111694336 63
31.6966816781955067 9.4481240355823175 0.0947095602750778198 3.73520016670227051 61
31.6740775428845005 9.52251871302784636 -0.173631817102432251 3.65400028228759766 52
31.7060317196742076 9.46954857056855026 1.99443447589874268 3.89760017395019531 56
31.744519144859126 9.54411194513995476 0.343525290489196777 3.81640005111694336 59.5
31.7631380569971817 9.46954857056855026 -0.594365954399108887 3.73520016670227051 58
31.7686064528364511 9.46954857056855026 -0.0768399536609649658 3.65400028228759766 50
31.726090799775708 9.56570517725206315 2.41933417320251465 3.89760017395019531 49
31.8535817720911503 9.43284816090134015 -0.520970404148101807 3.73520016670227051 49
31.6399621088915595 9.40836879495329548 4.39153671264648438 3.73520016670227051 45
32.8300342012396911 -7.59114383199372789 3.71126484870910645 3.97880029678344727 45
29.9717271087017281 16.7573783947274819 -0.899178743362426758 2.59840011596679688 47.5
29.9804994150311401 16.7573783947274819 0.531585693359375 2.51719999313354492 49
33.3450802700718043 -9.00355518097078367 4.82776069641113281 3.81640005111694336 46.5
33.2785952849303257 -9.20402155963712332 4.90781021118164062 3.73520016670227051 47
33.3731501028148401 -9.34173344977633668 4.52408933639526367 3.73520016670227051 45
30.053068209313949 17.7488568208934225 1.81486272811889648 2.35480022430419922 45.5
31.1166142953338714 -15.7986635504258537 3.76413273811340332 2.67960023880004883 45.5
29.9835106639205584 18.2066219871787105 -1.23214685916900635 2.35480022430419922 46
33.8208950447446668 -8.81288327264044291 3.97000861167907715 3.81640005111694336 46
30.0394278219205013 18.2455254188181932 -1.41930341720581055 2.27360010147094727 46.5
30.2032066279346232 18.1214483619289126 -1.39351344108581543 2.43600010871887207 47.5
30.0835800794653174 18.2315689766708253 -2.26948738098144531 2.35480022430419922 46
30.4843958898691056 17.8377686716416584 -0.609283387660980225 2.43600010871887207 45.5
30.3892849584942013 18.4400405983048614 -0.508959054946899414 2.27360010147094727 46.5
20.0952930047542964 -30.1918323998178018 1.52404427528381348 -2.51719999313354492 48
19.794060677996292 -30.3868817978334533 1.58832764625549316 -2.59840011596679688 48
19.9609198925129405 -30.3723901818845654 1.49002444744110107 -2.51719999313354492 48
19.8491691916341537 -30.4496620515481489 1.40329468250274658 -2.59840011596679688 47.5
36.4209430289232543 -4.89994561749050561 0.260570228099822998 4.22240018844604492 45
35.1498787574237284 14.0849420836871122 0.784933567047119141 3.49160003662109375 47
35.2167776095437475 13.9334910935399368 0.389906823635101318 3.32920026779174805 47.5
33.9066880701940079 16.8773197145256191 -0.0903748497366905212 2.84200000762939453 46
35.2837459504419186 13.9610824456831875 0.589885115623474121 3.4104001522064209 49.5
35.3521374236757566 13.7856204720112174 0.620929360389709473 3.32920026779174805 45.5
34.0063194022223314 16.8443494725090623 -0.201806977391242981 2.92320013046264648 48.5
33.9909607239780414 16.8728027655369495 0.354457050561904907 2.84200000762939453 47
34.0473781035859062 17.3933402292226056 -1.14463949203491211 2.76080012321472168 48.5
34.0047955546748639 17.5711174250584214 -1.93271303176879883 2.76080012321472168 51
34.4857934423543142 16.8905348594641751 -0.00523391738533973694 3.00440025329589844 51
34.0788685396421016 17.5047361270810526 -2.60290408134460449 2.84200000762939453 46.5
38.3742688674899313 -2.54814431687692888 1.11728751659393311 4.46600008010864258 56.5
38.3546274221638086 -2.7260336371117333 1.34800195693969727 4.38479995727539062 61.5
38.3335842392340638 -2.83180566535945477 1.68611717224121094 4.30360031127929688 62
38.3288325976762891 -2.7260336371117333 1.94813477993011475 4.22240018844604492 61.5
38.2791796660987416 -2.89911513788073183 2.57396984100341797 4.14120006561279297 55.5
38.4293935338673762 -2.73134759657682258 1.35062968730926514 4.46600008010864258 61.5
38.4288198495947739 -2.67354129823657205 1.47670090198516846 4.38479995727539062 69.5
38.4035484265624021 -2.73134759657682258 1.95193243026733398 4.30360031127929688 71.5
38.3974611125289655 -2.77470232033200981 2.00967669486999512 4.22240018844604492 68.5
38.3786791095833095 -2.90476649159757283 2.17763352394104004 4.14120006561279297 58.5
34.3848076775472009 17.3900614173586057 -1.1720045804977417 2.92320013046264648 47.5
34.2044343460196743 17.6742757175315006 -1.94405984878540039 2.84200000762939453 48.5
38.5108344653335024 -2.67874252839206628 1.27693653106689453 4.46600008010864258 63
38.4878984672119273 -2.73666128576270573 1.7558283805847168 4.38479995727539062 72
38.4721612986695831 -2.78010035379068476 2.01358652114868164 4.30360031127929688 74
38.4413227806663684 -2.9104175578746232 2.38428187370300293 4.22240018844604492 70
38.3990761841148185 -2.9104175578746232 2.9884793758392334 4.14120006561279297 59.5
34.4836509478855575 17.3852803374202232 -0.721492230892181396 2.92320013046264648 49.5
34.3000141185505854 17.7086600660729587 -1.3427274227142334 2.84200000762939453 49.5
38.5607384638228226 -2.68394402310657165 1.88574421405792236 4.54720020294189453 46.5
38.5783460380392142 -2.68394402310657165 1.48244678974151611 4.46600008010864258 62
38.5658553203301437 -2.78549866181871186 1.61426126956939697 4.38479995727539062 69
38.5322700143986268 -2.88705330053085252 2.14923000335693359 4.30360031127929688 69.5
38.5236568177540875 -2.78549866181871186 2.42051196098327637 4.22240018844604492 66.5
38.4409381551534608 -3.09499851313190222 3.22571396827697754 4.14120006561279297 58
38.6460193180749982 -3.10099663316304319 0.607996046543121338 4.54720020294189453 45
38.6536880662156648 -2.74728920469288385 1.35851263999938965 4.46600008010864258 56
38.6176137774460173 -2.89264842187240179 1.952767014503479 4.38479995727539062 58.5
38.5746407674021157 -3.10099663316304319 2.42520308494567871 4.30360031127929688 55.5
38.5100572867840754 -2.94594680150489108 3.43476581573486328 4.22240018844604492 56
35.0935552308959728 16.810161515416759 1.00832641124725342 3.00440025329589844 48.5
34.971153914344697 17.2567906669426385 0.470612287521362305 3.00440025329589844 49.5
34.5289894534349173 18.090145991440572 -1.22289359569549561 2.92320013046264648 45.5
38.853736855384625 -3.27494022258837969 0.813565909862518311 2.76080012321472168 47.5
20.1165485877170944 -33.481325402968352 1.08677995204925537 -3.08560013771057129 48.5
20.1677095535384474 -33.4373802478528859 1.43558192253112793 -3.16680002212524414 46.5
20.0636701259541503 -33.6042956407690312 0.960790157318115234 -3.08560013771057129 49
19.8217367724389639 -33.7265998176534723 1.5290229320526123 -3.16680002212524414 46.5
36.0711968290078104 16.5930310956747356 3.94336891174316406 3.08560013771057129 46.5
36.2660104031992461 16.7840696017581799 1.03552591800689697 3.08560013771057129 46
35.9209579569169719 18.0037742833003698 -1.2605210542678833 2.84200000762939453 46.5
36.6892061054999417 16.9730087810845731 -0.00550992507487535477 3.08560013771057129 48.5
36.7140229164049785 17.0601667948332505 -1.13192784786224365 3.08560013771057129 49
36.7824787696562296 17.8157347914709447 -0.643709778785705566 3.00440025329589844 50
36.9187646265997245 17.4633019644607685 -1.67435598373413086 2.92320013046264648 47.5
37.0372932040141833 17.4646424811558454 -0.357351392507553101 3.08560013771057129 49.5
37.0542477098426346 17.5273881281684893 -1.68050050735473633 3.00440025329589844 48.5
38.076833766331653 16.8110599063362294 0.428511470556259155 3.16680002212524414 47.5
37.9477308650494081 17.0243190202470558 1.66821658611297607 3.08560013771057129 45.5
39.354764231024312 13.7826026735907448 -0.363896310329437256 3.65400028228759766 50.5
39.2748211893652837 14.0066676697965669 -0.437812060117721558 3.5728001594543457 54
39.3357026738316904 13.839921626108513 -0.221748366951942444 3.49160003662109375 50.5
37.9817485215667858 17.1175235473518335 1.80756831169128418 3.08560013771057129 46.5
39.3956923603532587 13.8387128945987481 -1.27289879322052002 3.5728001594543457 52
26.3489939917764175 -33.0418076029006187 3.10001039505004883 -1.38040006160736084 45
38.9550624902469025 16.6056263850474899 -1.54815733432769775 3.24800014495849609 46.5
40.8492779903436443 16.9865031325463214 -0.926099658012390137 3.24800014495849609 46
40.82893165023102 17.2534639155557983 0.148075252771377563 3.24800014495849609 46.5
41.8365253966367163 16.970908752650292 0.464799821376800537 3.32920026779174805 47
42.0475230101263264 16.6374169398435363 -0.709131240844726562 3.32920026779174805 46
45.1984036836719412 -0.101723337268065095 1.5475156307220459 3.08560013771057129 46
43.2262911279478104 13.7895376771624267 -0.47639620304107666 3.81640005111694336 47.5
43.1647545041690321 13.9709789623882497 -0.711483240127563477 3.73520016670227051 50.5
43.226359263896228 13.7895376771624267 0.470209956169128418 3.65400028228759766 50.5
43.2297173828613239 14.0224687856374199 -0.514365613460540771 3.81640005111694336 53
43.2945040266107668 13.8123305332807629 -0.712659239768981934 3.73520016670227051 58
43.2977402698461873 13.8123305332807629 -0.477183640003204346 3.65400028228759766 57
43.2978085184171562 13.8123305332807629 0.470987170934677124 3.5728001594543457 50
43.2899061151473674 14.0171644866280367 -1.42439043521881104 3.81640005111694336 54.5
43.3555349514609603 13.835123389399099 -1.18860304355621338 3.73520016670227051 59.5
43.3659478281195376 13.835123389399099 -0.713835239410400391 3.65400028228759766 58
43.3615621893924725 13.835123389399099 0.943474650382995605 3.5728001594543457 50
41.8982836227250601 17.7205630583791915 -1.74388456344604492 3.32920026779174805 46.5
41.9899249478010574 17.5783434511690864 -0.611422300338745117 3.24800014495849609 46.5
43.4113204173083247 13.8579162455174352 -1.66598176956176758 3.81640005111694336 51.5
43.3429748218575881 14.0402572487479294 -1.90207374095916748 3.73520016670227051 55
43.3683526630076202 14.0402572487479294 -1.19056117534637451 3.65400028228759766 54
43.4558632900028883 13.6470844605321791 2.16916966438293457 3.5728001594543457 48
44.988305806848075 9.78821441250485691 0.919827044010162354 4.14120006561279297 48
44.9918627574365217 9.57530204727106593 2.15607976913452148 4.06000041961669922 49
45.0333166522843271 9.57530204727106593 0.95749431848526001 3.97880029678344727 46.5
45.0615736769567405 9.80415548006250681 0.921325087547302246 4.14120006561279297 53
45.111103730215163 9.59089636615168217 0.720099985599517822 4.06000041961669922 55.5
45.0765996015858832 9.77533668088537055 -0.242139607667922974 3.97880029678344727 52.5
45.149324008591897 9.76813917137598864 0.749614238739013672 4.14120006561279297 54
45.1895800138733463 9.60649147823265004 0.239384561777114868 4.06000041961669922 56.5
45.1895800138733463 9.60649147823265004 0.239384561777114868 3.97880029678344727 52.5
45.2533476372983259 9.6220865903136179 0.962172567844390869 4.14120006561279297 49
45.2610341894807036 9.6220865903136179 0.479536443948745728 4.06000041961669922 52
47.863046784247544 10.199100184906948 3.31813693046569824 4.14120006561279297 46.5
47.9344223397185516 10.199100184906948 2.04264068603515625 4.06000041961669922 48
47.9215265459369562 10.0029636428895063 3.0611882209777832 3.97880029678344727 48
47.854441991939936 10.2146952969879141 4.34491634368896484 4.22240018844604492 49
48.0537574331062274 9.98756565396594809 2.08591914176940918 4.06000041961669922 58
48.064247990550129 9.98756565396594809 1.82823669910430908 3.97880029678344727 55
48.1109291396564203 10.0335532771018308 2.30356383323669434 4.22240018844604492 50.5
48.132710294689808 9.96592516065077483 2.13602209091186523 3.97880029678344727 57
48.2004842131352476 10.018061569936199 2.09228825569152832 4.22240018844604492 49
48.1734484305132327 10.2458847279494982 1.53836405277252197 4.14120006561279297 56.5
48.2004842131352476 10.018061569936199 2.09228825569152832 4.06000041961669922 59
47.3935709061442481 13.3984646442416526 1.53500556945800781 3.89760017395019531 51
47.2543302697053136 13.9218421694073431 1.11187648773193359 3.81640005111694336 53.5
47.2578323204749537 13.8479535776192435 1.71967267990112305 3.73520016670227051 52.5
48.3109220758731936 9.66947138772101589 2.82465982437133789 4.06000041961669922 50
47.284893374527158 14.1218682894650041 0.366733461618423462 3.89760017395019531 51.5
47.3661929637994064 13.8135305538871673 1.02610945701599121 3.81640005111694336 56
47.3840690035034129 13.684028704944474 1.70883798599243164 3.73520016670227051 52.5
47.5452658837583613 13.4392518604534121 -1.29042744636535645 3.89760017395019531 51
47.5621032074389092 13.4392518604534121 0.252724736928939819 3.81640005111694336 51.5
50.8093670388678049 14.0532560726018563 0.916582226753234863 3.89760017395019531 47.5
50.666072171633374 13.9148977146437502 4.3875575065612793 3.81640005111694336 47
50.8211574818874396 13.8556012755188469 2.27110123634338379 3.73520016670227051 45
50.8509467903188366 14.1128338738100378 1.68799185752868652 3.97880029678344727 54.5
50.8499990166715747 14.0732466820181443 2.01536774635314941 3.89760017395019531 58.5
50.7769763450912066 14.0732466820181443 3.3886256217956543 3.81640005111694336 57
50.7082645018702181 14.1128338738100378 4.16417503356933594 3.73520016670227051 50
50.9301893001505874 14.1659169024076039 1.0994030237197876 4.06000041961669922 46.5
50.9885254116651083 13.954485306849282 1.0994030237197876 3.97880029678344727 58
50.9104803951140141 14.0932372914344324 2.29557275772094727 3.89760017395019531 62
50.8747910695651342 13.954485306849282 3.57689070701599121 3.81640005111694336 60.5
50.7794215721871822 13.8157333222641334 5.13242721557617188 3.73520016670227051 52
51.0133443467343497 14.1132268840860888 1.46907150745391846 4.06000041961669922 47.5
51.0161403527124904 14.1529265377684688 0.866356015205383301 3.97880029678344727 56
50.9854279489271605 14.1529265377684688 1.97058784961700439 3.89760017395019531 58.5
50.8916881555921918 13.9147286156741874 4.48541975021362305 3.81640005111694336 58
50.889023840623679 13.7625466098917322 4.96003484725952148 3.73520016670227051 49
51.0950785026811403 13.7820404999929416 -3.31647515296936035 3.97880029678344727 48
50.8956491928925416 14.2061032846081066 4.41252231597900391 3.89760017395019531 46
50.5855597983509497 16.137178671494695 0.550262212753295898 3.73520016670227051 52
50.58782557591352 16.137178671494695 0.271516084671020508 3.65400028228759766 51.5
50.5818187176794112 16.137178671494695 0.825372874736785889 3.5728001594543457 45
50.5535663737964498 16.4456947084055329 -1.20712077617645264 3.81640005111694336 47.5
50.6409802544212084 16.1599715276130311 -1.38833534717559814 3.65400028228759766 51
53.1532045389568282 -2.55517332374705841 1.94184517860412598 4.46600008010864258 49
53.1148139399398858 -2.30897172744851353 3.00801515579223633 4.38479995727539062 53.5
53.156533669098927 -2.17588978350335438 2.28283882141113281 4.30360031127929688 52.5
53.1857629288571161 -2.55517332374705841 0.55544745922088623 4.22240018844604492 47.5
53.2008109613859261 -2.3455410116595492 2.7799224853515625 4.46600008010864258 54.5
53.2146818816286071 -2.3455410116595492 2.50033020973205566 4.38479995727539062 59.5
53.1730576291053438 -2.31222366774393073 3.29169797897338867 4.30360031127929688 58
53.1688840704396597 -2.3455410116595492 3.33524036407470703 4.22240018844604492 51
53.2895274828212848 -2.34883997767667685 2.50384688377380371 4.46600008010864258 55
53.2478446864508328 -2.3154757734483149 3.29632759094238281 4.38479995727539062 59
53.1674065988596851 -2.3154757734483149 4.40744781494140625 4.30360031127929688 57.5
53.1129440191757922 -2.34883997767667685 5.0058131217956543 4.22240018844604492 51.5
53.4031114649291538 -2.27863460170337317 1.5783841609954834 4.46600008010864258 51
53.3169028089221584 -2.07816821445674238 3.5447227954864502 4.38479995727539062 53
52.8916016378443175 -2.3521389436938045 7.51808929443359375 4.30360031127929688 51
49.2217586498833768 20.8237628589027892 -7.719451904296875 3.5728001594543457 46
51.5507665738077847 16.7189906400821187 3.38883829116821289 3.73520016670227051 45
51.9283084982124166 15.7283361622201081 2.13550639152526855 3.65400028228759766 46.5
51.8032401488556218 16.2732507095267103 2.87168049812316895 3.81640005111694336 51
51.8695518028913369 16.2732507095267103 1.17136096954345703 3.73520016670227051 54
51.936903923382765 16.0897944384798564 0.563474774360656738 3.65400028228759766 51.5
51.9629218901747407 16.2548713679273682 0.660759687423706055 3.81640005111694336 53.5
52.0045896876705385 16.1119863538099644 -0.853779852390289307 3.73520016670227051 56.5
52.019773813977956 16.0507499191882204 -1.05792105197906494 3.65400028228759766 53
52.1083587057439885 15.8207620616479243 -2.71996617317199707 3.73520016670227051 52.5
52.059599297100803 15.9910975704942615 -2.65685105323791504 3.65400028228759766 50
52.4019360642073337 15.5110935093953941 5.23958110809326172 3.81640005111694336 46.5
52.1738097984008036 16.9380317888974901 2.2376406192779541 3.73520016670227051 49.5
52.0672637525258679 17.1850018757343896 2.77231717109680176 3.65400028228759766 50.5
52.2212065627996935 17.0023893248449021 2.47286534309387207 3.73520016670227051 47.5
52.1165928613607932 17.290914719448331 2.67129182815551758 3.65400028228759766 47.5
53.0705614402411499 14.5284993533037508 1.71490740776062012 3.97880029678344727 48.5
53.0496030891577206 14.5766525235088302 1.93997430801391602 3.89760017395019531 50.5
53.1067275822849538 14.7687218334884331 0.571246862411499023 3.97880029678344727 50
53.103435597144383 14.7893870226211135 0.255558907985687256 3.81640005111694336 46
53.0265779850161749 15.2647605030609839 -1.48635077476501465 3.97880029678344727 48
53.2559102594375631 14.50600602708416 0.651049137115478516 3.81640005111694336 46
54.4048320930724714 15.8708643691745515 1.76630783081054688 3.97880029678344727 45
54.3860258456994572 15.7220750157135392 3.14115095138549805 3.89760017395019531 51
54.2480403587455058 16.3243176368652492 2.35735464096069336 3.81640005111694336 52
54.1811053355572128 16.6289815510949417 1.66584503650665283 3.73520016670227051 50.5
53.989145150184946 17.2312241722466517 -1.77403473854064941 3.65400028228759766 46.5
53.6943227752163139 18.0389378053207139 -2.53114485740661621 3.5728001594543457 47.5
54.3875978348961198 16.1188843291304522 2.3604729175567627 3.97880029678344727 51
54.4111602747985259 15.9557090036154854 2.87086653709411621 3.89760017395019531 59.5
54.3738560489208282 16.1188843291304522 2.65822839736938477 3.81640005111694336 61.5
54.3060388125307725 16.3459108689773593 2.65822839736938477 3.73520016670227051 58.5
53.9893077884978467 17.5590839412842747 0.483836889266967773 3.65400028228759766 53.5
53.7312576328367015 18.2898256164165076 -1.35463249683380127 3.5728001594543457 51.5
53.8248681705558027 18.0344207590887358 -1.02182328701019287 3.49160003662109375 46
54.4352655466739748 16.2396329752997062 2.23579263687133789 3.97880029678344727 52.5
54.4905971418983768 16.0620341894805954 2.16995573043823242 3.89760017395019531 62.5
54.4979482863562552 15.9767867722874168 2.57656168937683105 3.81640005111694336 65
54.5125591095937594 15.9128512093925387 2.66174006462097168 3.73520016670227051 59.5
53.9003821985642304 18.0582445420874258 0.755772054195404053 3.65400028228759766 51
53.7352010878196467 18.4915855794860597 -1.58502328395843506 3.5728001594543457 51
54.4753191808425186 16.3890973332015761 2.07198095321655273 3.97880029678344727 51.5
54.5282223872769762 16.2610575102859372 1.64530289173126221 3.89760017395019531 60.5
54.5185284780793964 16.2610575102859372 1.9401092529296875 3.81640005111694336 63
54.6045975045293162 15.9978645409593501 1.69185519218444824 3.73520016670227051 58.5
53.42254487812707 18.4377344998517749 -6.82183599472045898 3.5728001594543457 45.5
54.623212135728231 16.2824820452721717 -0.43134734034538269 3.89760017395019531 52.5
54.5320122701504459 16.5388990853551974 1.31338202953338623 3.81640005111694336 54.5
54.5576444773833416 16.4106905653136828 1.77565348148345947 3.73520016670227051 51.5
59.894465436258983 -3.26552143701165454 3.31585407257080078 4.38479995727539062 50.5
60.0138203578852014 -3.26959828422032084 2.38196778297424316 4.38479995727539062 53.5
59.9822129723621984 -3.1643698336936894 3.18486404418945312 4.30360031127929688 56.5
60.1155236750080988 -2.88986494360627777 2.19619941711425781 4.30360031127929688 55.5
60.0570045205184897 -3.16831547202667441 3.18883514404296875 4.22240018844604492 52
60.1780003971351576 -2.8934638156249628 2.5152442455291748 4.30360031127929688 52
60.0767579896651043 -2.68248207906897607 4.43594646453857422 4.22240018844604492 47.5
59.8703409961349919 -2.89706268764364738 7.23119544982910156 4.30360031127929688 50.5
60.1836273665542123 -3.45208919039988693 4.49630117416381836 4.38479995727539062 50.5
60.0880267922712576 -3.86754850215479662 5.35477972030639648 4.30360031127929688 53
60.2606998258465794 -3.73620979902495431 4.23847341537475586 4.38479995727539062 50
60.3049253819358597 -3.28998231290658927 3.97087574005126953 4.30360031127929688 50.5
60.4382100903448816 -3.39250230742904479 2.84144425392150879 4.38479995727539062 45
60.3692537081057026 -4.5208122266409374 2.73414301872253418 4.30360031127929688 45.5
60.4935895189583661 -3.55592135042510193 3.05568385124206543 4.38479995727539062 47.5
60.5150704509952888 -3.40089967547264216 4.11374473571777344 4.46600008010864258 52.5
60.5795893097699079 -3.46922132073883382 2.93949246406555176 4.38479995727539062 57.5
60.5436400384503131 -3.1959347396740676 3.84924411773681641 4.30360031127929688 57
60.5614762372067119 -3.34776061804338232 3.41514325141906738 4.22240018844604492 53
60.6203166242672822 -3.47350413547948422 3.5766749382019043 4.46600008010864258 56.5
60.6378050205597248 -3.19988017732355079 3.5352780818939209 4.38479995727539062 63.5
60.6203166242672822 -3.47350413547948422 3.5766749382019043 4.30360031127929688 63.5
60.6103372114136079 -3.40509814594050075 3.80433201789855957 4.22240018844604492 57.5
60.7215574963753113 -3.40929682996229966 3.1748199462890625 4.46600008010864258 58
60.713056520377819 -3.47778716806422095 3.26188898086547852 4.38479995727539062 65
60.6950649997612857 -3.47778716806422095 3.581085205078125 4.30360031127929688 65
60.655749642166306 -3.89633923424262818 3.80902290344238281 4.22240018844604492 58.5
60.0872329541692451 -4.03331991044647076 9.05907726287841797 4.14120006561279297 45
60.7790219315640954 -3.41349551398409812 3.49419403076171875 4.46600008010864258 56.5
60.8262280466911065 -3.41349551398409812 2.54340004920959473 4.38479995727539062 61.5
60.8079964383577121 -3.57350311620210315 2.75106215476989746 4.30360031127929688 62
60.7862725041822287 -4.09924238063269009 2.48524832725524902 4.22240018844604492 56
60.9069335067900823 -3.36429272616205521 2.47583413124084473 4.38479995727539062 51
60.9117842568999137 -3.31852003601019074 2.41760826110839844 4.30360031127929688 56.5
60.7723397895175452 -4.39417825457901046 -3.81010079383850098 4.22240018844604492 52
60.9664646950806457 -4.399576562607038 0.00416530203074216843 4.30360031127929688 53
60.9153395842493453 -3.71214272469968787 -3.43622255325317383 4.22240018844604492 53
60.647744650394138 -3.26149165318264789 -6.89056491851806641 4.14120006561279297 47.5
61.0507108518384101 -3.49491908055908151 -2.45689725875854492 4.22240018844604492 51.5
61.1040747825381274 -3.22355380663795898 3.2444312572479248 4.38479995727539062 49
61.1311999297391253 -3.59548037931442499 3.72445559501647949 4.38479995727539062 48.5
61.2617328439800204 -2.95464390775766406 5.45443439483642578 4.38479995727539062 47.5
61.2756252193525484 -3.69330488469707996 4.8101963996887207 4.30360031127929688 49
61.2962113893251086 -3.6978034747204358 5.46107816696166992 4.38479995727539062 47.5
61.3501542134757543 -4.14462139458248924 4.4388427734375 4.30360031127929688 49.5
61.4666799932116845 -4.08299133667048242 2.42876696586608887 4.22240018844604492 47.5
77.2514448941653029 10.9374608287369277 4.47309350967407227 4.22240018844604492 53
77.3234535631696502 10.5370716376849494 4.18050146102905273 4.14120006561279297 51
77.3322784091540711 10.8404334844624888 4.62114143371582031 4.38479995727539062 49.5
77.3514722728926074 10.8990832598518264 4.13658523559570312 4.30360031127929688 57.5
77.3766634907093191 10.8404334844624888 3.80636072158813477 4.22240018844604492 59
77.3915896432649504 10.635159270599809 4.07267522811889648 4.14120006561279297 55.5
77.5653748868530073 10.5572965486649544 1.74546635150909424 4.38479995727539062 50.5
77.5427010579176397 10.5572965486649544 2.5619049072265625 4.30360031127929688 57.5
77.4485870500325007 10.5572965486649544 4.5989227294921875 4.22240018844604492 59
77.4718686085213903 10.5572965486649544 4.18852567672729492 4.14120006561279297 55.5
77.4769666145594442 10.9584542488459213 2.84999752044677734 4.06000041961669922 45
77.7296593728681557 10.0287546742999467 0.406098812818527222 4.38479995727539062 47.5
77.6800039884707303 10.3421532578718214 1.22358453273773193 4.30360031127929688 51.5
77.479351409292633 10.3421532578718214 5.71233654022216797 4.22240018844604492 51.5
81.8070407221089937 3.18283258812743464 2.25552749633789062 4.38479995727539062 46.5
81.793471970830808 3.06002232749229242 2.84152507781982422 4.30360031127929688 46
81.8944421508601152 3.4930542755932521 1.00036942958831787 4.38479995727539062 50.5
81.8366975082862638 3.18574744782844999 3.53661417961120605 4.30360031127929688 51
81.487255208740649 2.62235159692631248 8.53537273406982422 4.22240018844604492 45
81.9297607486622894 3.28093840363493205 2.99208235740661621 4.30360031127929688 49.5
79.1404757775971177 16.3869696247445056 -16.1905345916748047 4.22240018844604492 47.5
79.2463979203333793 23.4863015177794274 3.43936824798583984 3.89760017395019531 47.5
79.2752066304440888 23.631023446146024 0.665508449077606201 3.81640005111694336 52.5
79.3513419319390039 23.3725914312056702 -0.716261625289916992 3.73520016670227051 50.5
79.3245490460747931 23.3937805868481448 4.02333688735961914 3.89760017395019531 48.5
79.3929061122288005 23.5075937608664205 -0.00563969183713197708 3.81640005111694336 52.5
79.4610159393535298 23.269620760646383 -0.558858871459960938 3.73520016670227051 50.5
79.4075427608132998 23.5288860039534171 3.01652026176452637 3.73520016670227051 50
80.3785445791814652 21.7720275984373117 2.88528728485107422 3.89760017395019531 45.5
80.5149773073725754 21.6769856794470712 1.73409378528594971 3.89760017395019531 46
80.1827316929359597 22.6774619415753946 3.46743178367614746 3.81640005111694336 48
80.519745676114141 21.9363935672526189 1.85513710975646973 3.89760017395019531 48
80.6947358238801229 21.5698082536710807 1.92514145374298096 3.97880029678344727 49.5
80.6773343156881566 21.71597345964949 0.432913005352020264 3.89760017395019531 51.5
80.8355337465475543 21.401074568123331 0.866585254669189453 3.97880029678344727 50
80.8827168049020457 21.2129791861769341 -1.06611621379852295 3.89760017395019531 52
80.9136178320459152 21.2320054408170051 -2.80702567100524902 3.89760017395019531 50.5
80.9308644926505565 21.1044709341925945 -4.80075359344482422 3.89760017395019531 47
81.060227421625811 21.4970435123750043 4.80793142318725586 3.97880029678344727 46.5
84.3175689507616255 11.083944462707759 3.73629164695739746 4.30360031127929688 49
84.311144140609585 11.1690419249934241 3.6261298656463623 4.22240018844604492 50
84.3054682458455034 11.5732548708503273 2.21671175956726074 4.14120006561279297 45.5
84.4102478821897932 11.0937106485870451 3.29850268363952637 4.30360031127929688 50
84.4141111280141558 11.359874531710533 2.06187558174133301 4.22240018844604492 51.5
82.978489704803934 19.0786271422917295 3.10114669799804688 4.06000041961669922 47.5
82.9547024283811822 19.4364106853089353 3.54538655281066895 4.14120006561279297 48.5
82.9650832200336055 19.5536258813277968 2.50537800788879395 4.06000041961669922 53
82.9808419234526298 19.287227708557662 3.74287533760070801 3.97880029678344727 51.5
83.0666974088606054 18.9036143397686693 3.79514646530151367 3.89760017395019531 45
82.9658139635307634 20.0187670677192564 -0.738989770412445068 4.14120006561279297 48
83.0757609388288785 19.57082449081771 -0.157108306884765625 4.06000041961669922 55.5
83.1242918071727814 19.3041920045667865 1.52447450160980225 3.97880029678344727 55.5
83.2229135268832323 18.653608738114535 3.25779628753662109 3.89760017395019531 48
83.2109301003403345 19.3211545749838045 -0.256259769201278687 4.14120006561279297 48
83.0920372797087197 19.7161174033122002 -2.10225725173950195 4.06000041961669922 53.5
83.2557031309197413 19.1290104963375533 -0.00581848667934536934 3.97880029678344727 53
83.2772927914112699 18.6699996417937406 3.70873379707336426 3.89760017395019531 46.5
83.3287955913881859 19.1458043782089895 -0.00582359451800584793 3.97880029678344727 45
83.8106873202638951 19.2633666766035923 2.23428440093994141 4.14120006561279297 51.5
83.689389958420648 19.4568603150962645 4.22104454040527344 4.06000041961669922 55.5
83.7436630378302027 19.2633666766035923 4.0277252197265625 3.97880029678344727 53.5
83.7955513285319142 19.4568603150962645 0.193538293242454529 3.89760017395019531 48.5
83.8371805544538375 19.2801622669065509 3.57968688011169434 4.14120006561279297 54.5
83.8703374485582458 19.0864999227077128 3.8318631649017334 4.06000041961669922 59
83.855024485754555 19.2801622669065509 3.13390541076660156 3.97880029678344727 57
83.9123802318351437 19.2801622669065509 0.446125805377960205 3.89760017395019531 48.5
83.8407056199938125 19.7599969492229945 2.53182005882263184 4.14120006561279297 53
83.9002803930853105 19.4477136186903117 2.94287610054016113 4.06000041961669922 57
84.0280494605447785 19.1031251160335636 0.699138879776000977 3.97880029678344727 55
84.0504475402118771 19.0169779903693765 -0.0881243497133255005 3.89760017395019531 47
83.9487877929953044 19.507749751939425 3.33327651023864746 4.14120006561279297 48.5
83.9084712044391381 19.9065269568133232 1.46999633312225342 4.06000041961669922 47
84.1874623707509357 18.7209731044855161 -1.02902317047119141 3.97880029678344727 48.5
86.9418823904269544 17.0152941086957981 3.22672104835510254 4.14120006561279297 51
87.0084641578425817 16.5389544949757976 3.84874725341796875 4.06000041961669922 50.5
86.964382624540761 17.5064329618624335 1.68756747245788574 4.22240018844604492 48.5
87.0288082645249261 17.2292570124979214 1.12508845329284668 4.14120006561279297 54
87.1061533619844539 16.8301236454130283 1.17952287197113037 4.06000041961669922 53
87.2379116924116431 16.0207698732686588 2.23789310455322266 3.97880029678344727 45
87.1489512593969806 17.0440850848452747 -3.88157150155166164e-06 4.14120006561279297 50.5
87.179781935958772 16.8443497127572464 1.18051993846893311 4.06000041961669922 49
90.3411916614852259 9.8562267911473338 4.21612071990966797 4.38479995727539062 47
90.3455008893545113 9.76528121521979209 4.33383321762084961 4.30360031127929688 51
90.3668591201440989 9.76528121521979209 3.8629310131072998 4.22240018844604492 50
90.5222988838741145 9.77333140747847473 0.546264052391052246 4.30360031127929688 53.5
90.5263596652051064 9.22720811579166877 3.15278005599975586 4.22240018844604492 52
90.526054899525775 9.87247712103855335 -3.36646890640258789 4.38479995727539062 48.5
90.6204229860515937 9.2348084719287975 -2.53442621231079102 4.30360031127929688 49.5
90.6981630173484632 8.54020512200566984 2.16179108619689941 4.22240018844604492 49.5
91.3277434544026505 16.3231180738744328 -4.05532409786246717e-06 4.22240018844604492 47.5
91.4012114238243072 15.8246137576978718 1.61281967163085938 4.06000041961669922 45
91.3810525971894805 16.3363146091124705 -1.93690991401672363 4.14120006561279297 46
98.0000788962237124 16.4288254848946096 -1.21270453929901123 4.22240018844604492 46.5
98.0000788962237124 16.4288254848946096 -1.21270453929901123 4.14120006561279297 46
