
X Y Z V_r Mag
6.48948284695857502 2.87906844195412059 1.19899237155914307 0 52.5
6.48248909905466864 2.87906844195412059 1.23624515533447266 -0.0812000036239624023 47
6.48907235665384352 2.91235767081421493 1.11808502674102783 0.0812000036239624023 46.5
6.78645643645814101 2.8214871074362069 0.0756650939583778381 0 73.5
6.79237039805844489 2.80495495641607295 0.135790631175041199 -0.0812000036239624023 68
6.78677432611163223 2.8214871074362069 0.03758273646235466 0.0812000036239624023 67.5
6.84595916936071003 2.8669785634941527 0.209544733166694641 0 79
6.84467361605673652 2.8669785634941527 0.247998535633087158 -0.0812000036239624023 73.5
6.84704051773463629 2.8669785634941527 0.170579120516777039 0.0812000036239624023 72.5
6.91053692654878748 2.89593805265073501 0.32867780327796936 0 72
6.91053692654878748 2.89593805265073501 0.32867780327796936 -0.0812000036239624023 66.5
6.90746965964047188 2.90905880758183866 0.272477179765701294 0.0812000036239624023 66
6.97932016625987206 2.92489735768854597 -0.338671624660491943 0 53.5
6.37154825203163355 -7.17247925601820313 0.344846874475479126 0 51.5
6.31782766533226958 -7.21686489449832891 0.402399003505706787 0.0812000036239624023 46
6.57543347679034884 -7.09673487190791707 0.07519492506980896 0 68
6.56931604143926862 -7.10157080708468502 0.131917953491210938 -0.0812000036239624023 62
6.57581359890900519 -7.09673487190791707 -0.0257247090339660645 0.0812000036239624023 62.5
6.64218799475065236 -7.1346911992103994 -0.200067728757858276 0 70.5
6.65746999194546429 -7.12128928609712819 -0.166837930679321289 -0.0812000036239624023 64
6.67096455452214343 -7.10666901724628719 -0.236618384718894958 0.0812000036239624023 65
6.65820557155724568 -7.18957399749534076 -0.713419079780578613 0 58.5
6.66351796197382118 -7.18957399749534076 -0.661968111991882324 -0.0812000036239624023 52.5
6.64646311275680546 -7.18957399749534076 -0.815592944622039795 0.0812000036239624023 53
6.57926702125267315 -7.17146721305020929 1.81474947929382324 0 49
10.3654651673701466 1.57120104449278375 -1.38531780242919922 0 45.5
10.293117648951787 2.7795568785564182 -1.16250860691070557 0 49.5
10.3498647593063158 2.85027769461243619 -1.1816173791885376 0 54.5
10.3442571021436951 2.87861852396227613 -1.16185390949249268 -0.0812000036239624023 48.5
10.3550273747188744 2.8381316248910764 -1.16551446914672852 0.0812000036239624023 47.5
10.3766161889144843 2.95704309475470906 -1.35917353630065918 0 51
10.3973958879913919 2.95704309475470906 -1.18982303142547607 -0.0812000036239624023 45.5
10.390938286923884 3.72839361230990418 -1.15650272369384766 0 49.5
10.2753693338780838 4.05940206342676735 -1.67889094352722168 0 48.5
10.4917822918649026 -6.76131233437175005 -1.04057645797729492 0 46
10.876502567620447 -6.76940980785418045 -0.597852110862731934 0 45.5
12.9367759808480614 2.94277908750324757 0.453341215848922729 0 64.5
12.9367759808480614 2.94277908750324757 0.453341215848922729 -0.0812000036239624023 59
12.9408849550982836 2.94277908750324757 0.314927607774734497 0.0812000036239624023 58.5
13.0093326935147093 2.9894326988612252 0.20750899612903595 0 72.5
13.0093326935147093 2.9894326988612252 0.20750899612903595 -0.0812000036239624023 66.5
13.0166403209120833 2.9594049150556998 0.177476808428764343 0.0812000036239624023 66
13.0770737880179357 3.03642370018080854 0.0302034486085176468 0 66
13.0767279394596319 3.03642370018080854 0.0997648760676383972 -0.0812000036239624023 60.5
13.0770737880179357 3.03642370018080854 0.0302034486085176468 0.0812000036239624023 60
13.2041919951221463 2.80709181766155558 0.139897182583808899 0 59.5
13.2019495649034351 2.80709181766155558 0.280698657035827637 -0.0812000036239624023 54
9.61624941815750311 -9.65083987300091017 0.843529582023620605 0 49.5
11.0276359265964814 -8.51023403629463182 -0.75477975606918335 0 46.5
9.98439452346097944 -10.0220257366952676 -0.895264327526092529 0 47
5.76485611236860152 13.3580337378934164 0.178550750017166138 0 51.5
5.60798680167074526 13.4198512344346401 0.400707274675369263 -0.0812000036239624023 47
5.49684915319350242 13.4653052760090706 -0.415581196546554565 0.0812000036239624023 45
5.79598888510173982 13.426890281438407 -0.125631079077720642 0 53.5
5.79728870491299997 13.426890281438407 0.0269214846193790436 -0.0812000036239624023 48.5
5.76804927007023505 13.426890281438407 -0.58214569091796875 0.0812000036239624023 47
9.75954909944107563 -10.9828589943757038 -0.466946214437484741 0 48
9.66465747192281377 -11.1662869990797997 -0.457246631383895874 0 52.5
9.62372004488569566 -11.1865960528148989 -0.738053441047668457 0.0812000036239624023 47
9.70355322813926335 -11.2322467604078344 -0.447425812482833862 0 51
12.598891252039607 -9.0229273697559762 -0.938269555568695068 0 45
12.9215268318293077 -8.9017761560568136 -1.36200630664825439 0 46.5
13.030533472050033 -9.37016846249158952 0.087538503110408783 0 45.5
13.48507430949814 -8.79737190230507693 0.880144298076629639 0 46.5
13.4660000546751206 -9.00428661847043443 0.172293007373809814 0 68.5
13.4729251757280934 -8.99416489340470804 0.159039944410324097 -0.0812000036239624023 62
13.4671024059250808 -9.00428661847043443 0.0033132149837911129 0.0812000036239624023 63
13.485710846145226 -9.11105249910907489 0.00332855409942567348 0 71
13.5294507335460761 -9.04597355268686698 0.00332855409942567348 -0.0812000036239624023 65
13.5350648423669657 -9.03580496730839755 -0.17863859236240387 0.0812000036239624023 65.5
13.5349250786871789 -9.15303827155736194 -0.591771423816680908 0 61
13.5699773567315756 -9.09583178236012735 -0.666400611400604248 -0.0812000036239624023 55
13.526399867420654 -9.15303827155736194 -0.762174069881439209 0.0812000036239624023 55.5
13.9188772161379379 -8.97660181645758826 0.645086228847503662 0 57
13.9188772161379379 -8.97660181645758826 0.645086228847503662 -0.0812000036239624023 51
13.8964430501326266 -9.0138835037432905 0.607821881771087646 0.0812000036239624023 51.5
13.962869456074392 -9.05467071995505002 0.523216784000396729 0 65
13.9818591987876797 -9.01722033554347391 0.648005247116088867 -0.0812000036239624023 59
13.9658347581059203 -9.05467071995505002 0.436981916427612305 0.0812000036239624023 59.5
14.0026123656276535 -9.09545689890481412 0.96184772253036499 0 55.5
14.0026123656276535 -9.09545689890481412 0.96184772253036499 -0.0812000036239624023 49.5
13.9807137378610644 -9.1330759761521243 0.923140406608581543 0.0812000036239624023 50
14.1415583179436268 -9.06906584956424844 0.0916290879249572754 0 52
14.1148105466656375 -9.09845634074339138 0.47984689474105835 -0.0812000036239624023 46
14.1836719912558085 -9.00188758401191969 -0.171802759170532227 0.0812000036239624023 46
13.2197178570571534 -10.4295937119605036 1.10826957225799561 0 46
11.1895297365660351 -12.4348677909773038 3.16530799865722656 0 45.5
13.4795645479038502 -10.7605178742189622 0.274008005857467651 0 68.5
13.540694451683974 -10.807303210461864 -0.0862246528267860413 0.0812000036239624023 66.5
13.5969691360351881 -10.8540885467047641 -0.266901642084121704 -0.0812000036239624023 57.5
14.2009701485738997 -10.182445786888044 0.160835310816764832 0 45
17.0654178711569209 3.85975122831059148 1.36980092525482178 0 49
13.9139941550040618 -10.8072371307711688 0.495001494884490967 0 64.5
13.888358893685778 -10.8336660783092285 0.621108889579772949 -0.0812000036239624023 58
13.8921865805589135 -10.8336660783092285 0.528633713722229004 0.0812000036239624023 58.5
13.961224840230436 -10.8797672539860777 0.0699900016188621521 0 72
13.9604490519528923 -10.8797672539860777 0.162906169891357422 -0.0812000036239624023 66
13.961224840230436 -10.8797672539860777 0.0699900016188621521 0.0812000036239624023 66.5
14.0150946818560076 -10.9258684296629252 -0.391393423080444336 0 69.5
14.0173633411442413 -10.9258684296629252 -0.299310952425003052 -0.0812000036239624023 63
14.0150946818560076 -10.9258684296629252 -0.391393423080444336 0.0812000036239624023 64
13.8860929092058019 -11.206173898573164 0.469692826271057129 0 58
13.8889448604399099 -11.206173898573164 0.376011401414871216 0.0812000036239624023 52.5
13.5251530723537403 -11.4682895702599961 2.61805534362792969 0 51.5
16.6447260792542728 -6.8512829107171731 0.114127516746520996 0 46
15.1564961789204489 -9.5405130731212715 -2.44231557846069336 0 48
13.8717670361689258 12.050100562600834 -0.0989657938480377197 0 47
16.4419626453374832 -9.03307724378129606 -1.5639801025390625 0 45.5
15.9708473522255492 -10.0914345938905647 -1.77359771728515625 0 49
17.4616038103001827 -7.80047574995638815 0.103005819022655487 0 48
17.5641772256943192 -7.75429100366309854 0.103409767150878906 -0.0812000036239624023 47.5
17.5303859644176043 -7.83106616211520823 0.00392677308991551399 0.0812000036239624023 48.5
17.7112320167234145 -7.57021648680859993 0.727843523025512695 0 48.5
17.6803145188293875 -7.8003634401277484 0.991620838642120361 0 52.5
15.8634929560784101 -11.9732972912978575 0.0731719508767127991 0 48.5
15.8417369463863196 -12.1256765699161537 -0.0992890000343322754 0 50
17.8409549455010819 -10.0218289772469138 -0.699220538139343262 0 47.5
18.0094919295533344 -9.86080957099821909 -0.851584434509277344 0 45
16.1788593728147667 13.8538301165776332 -0.0769651830196380615 0 47
16.2358263151871824 13.9026104615761437 -0.0772361829876899719 0 57
16.2209177934071 13.9186365255087949 -0.209843680262565613 -0.0812000036239624023 52
16.2222692270209841 13.9186365255087949 0.013116675429046154 0.0812000036239624023 51
16.2791900489454662 13.9674743434498527 0.0131626995280385017 0.0812000036239624023 51
14.7543832097860506 18.4652127136914963 1.74186968803405762 0 62.5
14.6035364613852252 18.5747897578625611 1.84498322010040283 -0.0812000036239624023 57
14.7698718687872539 18.5385020926668886 1.850821852684021 0 71
14.7847462807817482 18.5385020926668886 1.72798275947570801 0.0812000036239624023 64.5
14.7613077685289777 18.5820808476143142 2.3733062744140625 0 67
14.7992351105496969 18.5820808476143142 2.12401604652404785 0.0812000036239624023 60.5
14.7937320876433791 18.6179751848247825 3.24290895462036133 0 57
14.7063467880704088 18.6179751848247825 3.61861538887023926 -0.0812000036239624023 52
14.8205563076747424 18.6179751848247825 3.1180264949798584 0.0812000036239624023 50
14.804142480860639 18.739333382105535 3.04638147354125977 0 58
14.8399629706973428 18.6761569491268524 3.25304317474365234 -0.0812000036239624023 53
14.9193326638829085 18.6490813349931308 3.0382390022277832 0.0812000036239624023 51.5
14.5303112277162469 19.0831249619955194 3.39927124977111816 0 55.5
14.468723177277365 19.0831249619955194 3.65253996849060059 -0.0812000036239624023 50
14.5978869846632566 19.0982606892813642 3.00145840644836426 0.0812000036239624023 49
14.2865190140004508 19.1573890319008484 4.40225887298583984 0 57.5
14.3008245200674562 19.142206444302257 4.42180871963500977 -0.0812000036239624023 52.5
14.4299751046069122 19.0450378836712808 4.42180871963500977 0.0812000036239624023 51.5
18.7179878321726605 -16.8722406191100696 -0.0670038908720016479 0 53
18.7874417538492864 -16.7935160921452038 0.22334587574005127 -0.0812000036239624023 46.5
18.785402751881513 -16.7935160921452038 0.35562741756439209 0.0812000036239624023 47
18.7709604410665669 -16.9224561302457808 0.327392995357513428 0 50
11.2752507820928631 25.0946807011610211 -0.866832613945007324 0 49
10.3474091585427637 25.5424347685652151 -1.50835788249969482 0 48.5
13.2817018371072635 25.0391226252959207 0.601059973239898682 0 50.5
13.4773682353229578 24.9399297229885804 0.287984997034072876 -0.0812000036239624023 45.5
12.8839408135876194 25.9979883645237386 0.74791640043258667 0 57.5
12.7101765043381612 26.06327349155519 1.2680286169052124 -0.0812000036239624023 52.5
12.7560599709260867 26.06327349155519 0.662852048873901367 0.0812000036239624023 51.5
12.7959670554160709 26.1306194203081787 0.513816237449645996 0 57.5
12.7696399565297707 26.1306194203081787 0.967987596988677979 -0.0812000036239624023 52.5
12.9172321405719579 26.0651656004409986 0.74984896183013916 0.0812000036239624023 51
26.0408843368397562 -13.3007904543771236 0.723813354969024658 0 48.5
25.9794230565589395 -13.602398589761048 0.00599753251299262047 0 51.5
26.036351204986687 -13.4851365329527635 0.463814258575439453 -0.0812000036239624023 45.5
25.979000831535398 -13.602398589761048 -0.147946938872337341 0.0812000036239624023 45.5
26.3678309719556339 -13.1342311557446632 -1.00255286693572998 0 50
12.5676841358068536 26.8067134810592407 2.35445785522460938 0 45
12.6998727037055374 26.8744078888481965 1.74072051048278809 0 49
26.1193164916388199 -14.4427264885470041 -0.459909498691558838 0 45
26.2091220157632279 -14.7507738684652416 -0.0471576862037181854 0 56
26.1961015081374491 -14.7733228221495168 0.137376651167869568 -0.0812000036239624023 50
26.2673791890211845 -14.6380291000438501 -0.508479535579681396 0.0812000036239624023 50.5
26.2731870222953745 -14.7875592139687235 0.265161603689193726 0 60.5
26.2601210208425222 -14.8101644000282917 0.295991003513336182 -0.0812000036239624023 54.5
26.2617839714445687 -14.8101644000282917 -0.0185004584491252899 0.0812000036239624023 55
26.3398404930582437 -14.8243436239820117 -0.0473928861320018768 0 55
26.3294958529395373 -14.8243436239820117 0.739699065685272217 -0.0812000036239624023 49
26.3390776551817929 -14.8243436239820117 -0.206061050295829773 0.0812000036239624023 49.5
20.7572832773178284 -21.9717532254584214 2.11362218856811523 0 46
26.7097327011123653 -14.9279694644449172 0.325442343950271606 0 64.5
26.6632174503912474 -15.0082684805190336 0.429746955633163452 -0.0812000036239624023 58
26.6533897192719209 -15.0312110565402062 0.139774739742279053 0.0812000036239624023 58.5
26.6380935901631481 -15.2098786195305298 0.165213257074356079 0 70.5
26.6366070968579649 -15.2098786195305298 0.326240003108978271 -0.0812000036239624023 64.5
26.6386052110213285 -15.2098786195305298 0.00627363380044698715 0.0812000036239624023 65
26.6256287500027504 -15.3700271811729916 -0.633079171180725098 -0.0812000036239624023 58
26.609801304602243 -15.3700271811729916 -1.11506009101867676 0.0812000036239624023 58.5
27.5250672082302081 -13.8744667874406371 -0.22486443817615509 0 50.5
26.3956513402514403 -16.028051581185867 1.08681726455688477 0 47.5
26.7930470193559707 -15.5250668725940955 -0.745387613773345947 0 54
26.7821966137491678 -15.5250668725940955 -1.0662386417388916 0.0812000036239624023 48
26.8682423624367495 -15.5626582154767643 0.0613908320665359497 0 58.5
26.8447984474172934 -15.593698172027203 -0.54401242733001709 0.0812000036239624023 53
27.0934518486733857 -15.2113128952240686 1.82388222217559814 0 53
26.4365592098990767 -15.8395719298978044 5.32372188568115234 0 50.5
26.6550063546078526 -16.8358679103477868 -1.74493837356567383 0 51
26.7687951763048702 -16.7057947760136081 -2.46386909484863281 0.0812000036239624023 47.5
26.8845102546850079 -17.1153218460295449 0.551948428153991699 0 55.5
26.9510673183599714 -16.9958292569253118 0.893042862415313721 -0.0812000036239624023 48.5
26.8901208226354953 -17.1153218460295449 0.0543280653655529022 0.0812000036239624023 50
26.8372073360814234 -17.3033135253721326 1.07803213596343994 0 61
26.8924243326536043 -17.2035020721800898 1.28046905994415283 -0.0812000036239624023 54.5
26.8526004222870931 -17.3033135253721326 0.579382359981536865 0.0812000036239624023 55.5
26.8271973381193156 -17.4879979313063068 0.268550008535385132 0 57.5
26.8218225356702717 -17.4879979313063068 0.600392520427703857 -0.0812000036239624023 51.5
26.7629812033346823 -17.5880436860620648 0.065502263605594635 0.0812000036239624023 51.5
32.167856367955558 -0.663394762029052565 -0.140390098094940186 1.86760008335113525 51.5
32.241362103199485 -0.745539991720769235 -0.0351785756647586823 2.03000020980834961 49.5
32.239789287434327 -0.810019126139862822 0.0483700670301914215 1.94880008697509766 54
32.2387545565654392 -0.664941073696902252 0.532064735889434814 1.86760008335113525 58
32.2402840385472089 -0.773749613029122596 -0.167101830244064331 1.46160006523132324 48
32.2333963025082113 -0.902707881867309769 0.505683362483978271 1.21800005435943604 54
32.2295265815063416 -1.03166615070549694 0.505683362483978271 1.13680005073547363 48
26.696441606813071 -17.9224538051232756 3.31531572341918945 0 48.5
32.3100726812437742 -0.977514947225565312 0.0969664156436920166 2.27360010147094727 49
32.3102151536240783 -0.929043131660661214 -0.304122000932693481 2.19239997863769531 45
32.3123363417927507 -0.860374726277047253 0.27988201379776001 2.03000020980834961 53
32.3080746425233301 -0.961357675370597242 0.412105143070220947 1.94880008697509766 59.5
32.3052980630138578 -0.90480722387820911 0.674320995807647705 1.86760008335113525 59.5
32.2539051010027507 -0.860374726277047253 1.96239650249481201 1.78640007972717285 50
32.3157260562754587 -0.747273823292270989 -0.202748849987983704 1.38040006160736084 53
32.3123363417927507 -0.860374726277047253 0.27988201379776001 1.21800005435943604 53.5
32.3123350782894363 -0.90480722387820911 0.00220275484025478363 1.13680005073547363 49.5
27.6193658699181235 -16.9275729999212636 0.622881174087524414 0 50
32.3646810034776991 -0.749007654863772743 1.31395626068115234 2.84200000762939453 45
32.3409136157180868 -0.93119870604685262 1.71995007991790771 2.76080012321472168 45
32.366201317831937 -0.979782986362340624 1.10866785049438477 2.03000020980834961 48.5
32.3830361333231167 -0.963588226257177882 0.413061320781707764 1.94880008697509766 55
32.3794328812142709 -1.03646464673040972 0.508035421371459961 1.86760008335113525 56
32.3714374130657276 -0.906906565889108562 1.01373517513275146 1.78640007972717285 55.5
32.3748888323853805 -0.692325994495703423 1.07113909721374512 1.70520007610321045 54
32.3913234524055085 -0.749007654863772743 -0.0353421978652477264 1.46160006523132324 47
32.3925497551820527 -0.692325994495703423 0.0596414431929588318 1.38040006160736084 50
32.3884900919273093 -0.82998145538958612 0.23856411874294281 1.29920005798339844 45
27.9295908279783838 -16.5650094466421081 -0.405159592628479004 0 46
32.4067206934004588 -2.07772778948573267 -0.336529433727264404 2.27360010147094727 47.5
32.453965286575702 -1.16872188158572454 0.00221297657117247581 2.03000020980834961 51.5
32.4491543852607904 -1.26205730962902907 0.29225236177444458 1.94880008697509766 59
32.453059973838819 -1.11190901234197415 0.433941483497619629 1.86760008335113525 57
32.4530493875569306 -0.726393113902238485 0.947478592395782471 1.78640007972717285 53
32.4533317142126023 -0.637115747947773481 1.00059235095977783 1.70520007610321045 52.5
32.456764832345236 -0.389573960528574847 1.01608180999755859 1.62400007247924805 46
32.4691731738466771 -2.25742595402032897 0.399438321590423584 2.35480022430419922 48.5
32.4755967999106758 -2.15574010023562934 0.437162995338439941 2.27360010147094727 54.5
32.4531050271802641 -2.39571871516752033 0.7477913498878479 2.19239997863769531 49.5
32.4933778517116778 -1.46834372865106078 1.23577463626861572 2.11120009422302246 47
32.5023018063326177 -1.30157892844415346 1.18698704242706299 2.03000020980834961 56.5
32.5178147077248738 -1.17142103559973809 0.849842548370361328 1.94880008697509766 61
32.5222427221142425 -1.04126314275532272 0.849842548370361328 1.86760008335113525 57.5
32.5364119753987566 -0.65078946422207673 0.679014682769775391 1.78640007972717285 54
32.5463947795752873 -0.370136507776306134 0.312898129224777222 1.70520007610321045 52
32.5657621211006898 -1.91202189077200191 0.4537372887134552 2.35480022430419922 49
32.5477081372804165 -2.16070704074447972 0.607192575931549072 2.27360010147094727 54
32.5524687575801153 -2.16070704074447972 -0.242444336414337158 2.19239997863769531 48
32.5272040474148056 -1.69595118669755363 1.86958718299865723 2.11120009422302246 47
32.5352764157479655 -1.47172687114859846 1.91843855381011963 2.03000020980834961 47.5
32.5621135475814327 -1.39019075640352363 1.47197055816650391 1.94880008697509766 46.5
32.5874879582238322 -0.868359622035045575 1.30085647106170654 1.86760008335113525 50
32.631246088115951 -2.092123033498825 -0.338861018419265747 2.27360010147094727 51.5
32.6111637655305131 -2.40675872408360991 -0.0980941727757453918 2.19239997863769531 48.5
32.6797338878168162 -1.11961271714585564 0.267525196075439453 1.94880008697509766 49
32.682814441070704 -1.0460615167494125 0.171660333871841431 1.86760008335113525 51.5
32.6928849016175107 -0 0.682143747806549072 1.62400007247924805 46.5
32.6180084293515407 -3.20271999235852212 -0.093849480152130127 2.67960023880004883 47.5
32.5812538228381428 -3.40749748547607423 1.02546823024749756 2.59840011596679688 46
32.561410602082141 -3.53855508107130801 1.19742536544799805 2.51719999313354492 46
32.7007531217820997 -2.09692152952373823 -0.681472897529602051 2.27360010147094727 47
32.6812536613703557 -2.44504326782357762 -0.397728979587554932 2.19239997863769531 48
32.6003475160634224 -3.32149093836670284 -0.621151626110076904 2.11120009422302246 47
32.7586929484124454 -0.131057595595233639 1.02546823024749756 1.62400007247924805 49
32.6898678627209307 -3.21004894527157258 -0.436711549758911133 2.76080012321472168 50.5
32.6910217403416112 -3.22646863297117159 0.0985412821173667908 2.67960023880004883 54
32.6900655044535853 -3.22646863297117159 0.268752396106719971 2.59840011596679688 55
32.6864298245348905 -3.25930800837036916 0.311302274465560913 2.51719999313354492 51
32.641628316464697 -3.67801004471013915 0.344896167516708374 2.19239997863769531 52
32.6910217403416112 -3.22646863297117159 0.0985412821173667908 2.11120009422302246 55
32.7147164819515552 -2.9760683955522893 0.114220961928367615 2.03000020980834961 47.5
32.8103719959412317 -1.57629001916148836 0.342656314373016357 1.78640007972717285 46.5
32.8453475778546462 -0.525430006387162751 0.17244778573513031 1.70520007610321045 50.5
32.7648943749488666 -3.23383507413441684 -0.244673728942871094 3.24800014495849609 47.5
32.7303686225617909 -3.42309259755704165 1.03016149997711182 3.16680002212524414 49
32.7461205489531579 -3.42309259755704165 0.172841504216194153 2.19239997863769531 53.5
32.7470658073765364 -3.3860639516700064 0.469133883714675903 2.11120009422302246 54
32.7673387703352574 -3.21737789818462305 0.0763194561004638672 2.03000020980834961 47
32.918584756816692 -0.394972222795043237 0.516267478466033936 1.78640007972717285 47
32.9190752175776282 -0.292114873108834106 0.552176117897033691 1.70520007610321045 51.5
32.9019452112622304 -0.374400752857801444 1.17374253273010254 1.62400007247924805 47
32.7811853999277361 -3.6948043536894537 0.861591458320617676 2.76080012321472168 46
32.8047255176456432 -3.57934171763665843 0.195736795663833618 2.67960023880004883 55
32.7987215780764387 -3.54222872747683137 0.834601938724517822 2.59840011596679688 54
32.8702320780732791 -2.90306056361314235 0.346471011638641357 2.27360010147094727 49
32.8938431989272786 -2.63914596692103842 0.173235192894935608 2.19239997863769531 49.5
32.8215563850364305 -3.34429277995775376 0.74913102388381958 2.11120009422302246 47
32.9939823554540084 -0.52782919338420764 0.344220936298370361 1.78640007972717285 53
32.9917198690556503 -0.52782919338420764 0.517443418502807617 1.70520007610321045 57.5
32.9873663878146033 -0.375253567171585201 0.832352399826049805 1.62400007247924805 52.5
32.8745225038183904 -3.57094451738544238 -0.685455799102783203 2.76080012321472168 48
32.8665764545195529 -3.70320172173305151 0.173628926277160645 2.59840011596679688 50
30.6151833085826368 -12.4693745473980115 1.086692214012146 2.43600010871887207 52
30.6649899958686518 -12.3453834183221272 1.09795868396759033 2.35480022430419922 52
33.00146908789349 -2.19050994700727397 -0.245788395404815674 2.27360010147094727 50
32.9683848217797433 -2.46742346861008022 0.976251661777496338 2.19239997863769531 48
33.0689694417894557 -0.529028817390435946 0.345003277063369751 1.78640007972717285 56
33.068553227923573 -0.396771613042826932 0.51861947774887085 1.70520007610321045 60.5
33.0623384377070124 -0.376106424863513034 0.834244132041931152 1.62400007247924805 54.5
30.6380752879933596 -12.5473589764882494 1.67173731327056885 2.51719999313354492 45.5
30.6703925412189378 -12.4976500601073131 1.43469345569610596 2.43600010871887207 57
30.6618851105494912 -12.4976500601073131 1.6062769889831543 2.35480022430419922 57
30.7413317382567435 -12.3278112624724425 1.38501715660095215 2.27360010147094727 46
33.1453043062503383 -0.530228441396664141 0.174022644758224487 1.78640007972717285 50
33.1385460899914293 -0.530228441396664141 0.691531062126159668 1.70520007610321045 52
30.6618143054796519 -12.5757469539481352 2.3673698902130127 2.43600010871887207 52.5
30.6098238411363255 -12.5259255728166146 3.16869354248046875 2.35480022430419922 52
33.2219515164121901 -0.0747320716972817434 0.443963229656219482 1.62400007247924805 48.5
33.2245567038271616 -0 -0.172153756022453308 1.54280006885528564 46.5
30.7558258711145847 -12.6041349314080193 2.02612018585205078 2.43600010871887207 50
30.8303964309479817 -12.4293664708206517 1.97173070907592773 2.35480022430419922 53.5
30.8006280771015604 -12.5542010855259143 1.61354529857635498 2.27360010147094727 47.5
29.7339488091644384 -11.8967387814115302 -9.12415218353271484 0.243600010871887207 50
30.0223722408886573 -12.0964741649399521 -7.82449674606323242 0.162400007247924805 48.5
30.382677642943694 -11.66913009542988 -7.39018630981445312 0 49.5
30.0159773486224566 -13.6501296648827743 -5.1580653190612793 0.406000018119812012 47.5
29.6920862015316835 -11.923532145401726 -9.49210262298583984 0.324800014495849609 45.5
30.0081276988855414 -11.8192690101673641 -8.58532428741455078 0.243600010871887207 56.5
30.1981992005512296 -11.8192690101673641 -7.89076757431030273 0.162400007247924805 53.5
32.3590406429553781 -1.14272396216861583 8.09180355072021484 0.0812000036239624023 51.5
31.2821664984212866 -11.8458294354302609 -0.0706966966390609741 2.43600010871887207 47.5
31.1548288352892264 -12.171861438240267 0.353472381830215454 2.35480022430419922 54.5
31.1489168512326948 -12.171861438240267 0.702350020408630371 2.27360010147094727 47
29.8174877204525544 -13.3756719101541393 -7.1352238655090332 0.406000018119812012 45.5
33.2360083883962361 -0.936297033710789761 3.65973305702209473 0.324800014495849609 47.5
30.0777474416307662 -11.6953531264410255 -8.80059337615966797 0.243600010871887207 52
32.1756508796067351 -1.45042442275733952 9.02919197082519531 0.162400007247924805 49.5
32.6370134345253291 -1.1452919073069483 7.23990631103515625 0.0812000036239624023 50.5
30.6051581526502758 -13.5858011002921337 1.6358640193939209 2.51719999313354492 51
30.6179949886794596 -13.5606654830853035 1.60390150547027588 2.43600010871887207 51.5
31.0873219401915541 -12.5468622557431218 0.283414363861083984 2.35480022430419922 54
30.9991246298061576 -12.760515002001183 0.386262893676757812 2.27360010147094727 49.5
30.6661555451017804 -13.5910028495553092 1.95747780799865723 2.51719999313354492 51
30.7466922447322304 -13.4356531104655499 1.75620090961456299 2.43600010871887207 53.5
30.9175381277482906 -13.1291522738830562 0.831457436084747314 2.35480022430419922 54
30.9761331072088524 -13.007391667569463 0.497074604034423828 2.27360010147094727 47.5
30.5678106118820914 -13.8639145533616404 -1.53655409812927246 1.94880008697509766 45.5
28.7034284519384535 -17.46634904360522 0.00687185302376747131 1.86760008335113525 46.5
28.4249841507862087 -17.915603694486407 -0.10766330361366272 1.78640007972717285 45
28.5334851022199558 -17.7350621058145279 -0.517687141895294189 1.54280006885528564 45.5
30.8529614817360169 -13.4656437106212561 0.881510376930236816 2.59840011596679688 48.5
30.7055986033928221 -13.8233248716846351 0.296163111925125122 2.43600010871887207 45
28.7036021743640184 -17.5600410013820323 -1.32436680793762207 1.94880008697509766 45.5
28.6973900735940148 -17.6189531926160008 -0.195147082209587097 1.86760008335113525 48.5
28.9745360038843778 -17.1602797037229671 0.0826503783464431763 1.78640007972717285 48.5
28.9296614039099751 -17.2360239495952072 0.00688719237223267555 1.70520007610321045 50
26.521827322877364 -18.5354081536863795 -9.59654903411865234 0 45
30.839895483043982 -13.6516760394727665 1.262939453125 2.59840011596679688 55
30.8503392562870005 -13.630589113245593 1.23534643650054932 2.51719999313354492 59.5
28.7567522745737278 -17.6581920226359195 -0.547606706619262695 1.86760008335113525 51.5
28.8519470244436818 -17.5063661538002648 -0.393456518650054932 1.78640007972717285 55.5
28.9384023321462251 -17.3503228997191705 -0.773057818412780762 1.70520007610321045 54.5
28.7567522745737278 -17.6581920226359195 -0.547606706619262695 1.62400007247924805 45
30.9084292812721699 -13.6820134059427723 1.26574599742889404 2.51719999313354492 55.5
31.5730049083559265 -12.1350202312207909 0.131445646286010742 2.35480022430419922 46.5
31.5862158763472216 -12.0378048131371695 1.23809170722961426 2.27360010147094727 46
28.8206568185812486 -17.6974328485271499 -0.548823654651641846 1.86760008335113525 49.5
28.8355827571142598 -17.6720723046792472 -0.581105411052703857 1.78640007972717285 56.5
28.9040398748723781 -17.545269585439744 -0.922317743301391602 1.70520007610321045 53
32.7246442977482275 -2.1640997416875809 8.27918910980224609 0.0812000036239624023 48.5
33.0558183479765404 -2.03334209785546305 7.23798942565917969 0 49
30.8274664231556024 -14.0978385451312089 0.358227640390396118 2.59840011596679688 45
31.754507510754344 -11.8526899787491367 0.612432599067687988 2.35480022430419922 45
31.5609454769318418 -12.314428080137148 1.21312046051025391 2.27360010147094727 47
33.0251431197237224 -1.78341046499406231 7.44106388092041016 0.0812000036239624023 48.5
31.1400494771515532 -13.5856045858587908 -0.171406567096710205 2.51719999313354492 46
31.1405222910905159 -13.5856045858587908 0.00694854790344834328 2.43600010871887207 46
19.587344292859175 26.503607004276347 8.56139469146728516 0 45
30.8806817577435631 -14.3431785537671477 0.24374803900718689 2.59840011596679688 51.5
30.9495884701567512 -14.3747701697206089 0.0674705952405929565 2.67960023880004883 48.5
30.9976548084607799 -14.2681640426832281 0.28383299708366394 2.59840011596679688 55
31.0341678548765891 -14.1914076312163111 0.00697922566905617714 2.51719999313354492 50.5
33.969739453780079 -3.09157768408408229 1.00724375247955322 2.43600010871887207 49.5
30.9224223695026765 -14.5858553126219821 0.834648311138153076 2.67960023880004883 53
31.0118512838386025 -14.4063633925721355 0.601534843444824219 2.59840011596679688 56
34.0637550106162763 -3.04708902370333234 -0.125909894704818726 2.51719999313354492 53
34.0554027037110387 -3.04708902370333234 0.764719069004058838 2.43600010871887207 55.5
31.7770059576405899 -12.5815288720653715 1.25181782245635986 2.27360010147094727 46
16.7909693782941929 -29.8781327051899943 0.369201302528381348 0 47.5
30.9709035995839557 -14.6649550433730695 0.719672560691833496 2.67960023880004883 55.5
31.0354300042529019 -14.5278993887621066 0.719672560691833496 2.59840011596679688 57
34.1373391069857917 -3.05377130430052546 -0.303775906562805176 2.51719999313354492 52
34.1292617828398477 -3.15228005605215511 0.179928392171859741 2.43600010871887207 53.5
31.9207127588339681 -12.4720645695976575 0.539772391319274902 2.35480022430419922 48.5
31.9027552363591873 -12.4506496235646953 1.40400242805480957 2.27360010147094727 47.5
29.1029377836492777 -18.0913464086471514 -0.705651640892028809 1.78640007972717285 45
16.8317733142500039 -29.9435122135294343 0.0117097394540905952 0 45
30.9768942452003877 -14.8344005461521942 0.543291389942169189 2.67960023880004883 51
31.049468579600962 -14.6755831791939695 0.69315040111541748 2.59840011596679688 51
31.9088795916615808 -12.6367115763518694 1.43515348434448242 2.35480022430419922 46
28.9219899388948569 -18.660919192870864 -0.607838273048400879 0 53
31.1128514168310595 -14.72913492770628 -0.352042257785797119 2.67960023880004883 47
31.0488187559361748 -14.8667903943203576 -0.173676848411560059 2.59840011596679688 48.5
28.88456939001831 -18.7211434595145256 -0.530398190021514893 0.0812000036239624023 54.5
31.1910100876484009 -14.7396677131228486 0.336347877979278564 2.59840011596679688 48
34.3324450588218539 -2.06933036042672347 -2.69276976585388184 0.162400007247924805 48
29.2091940545327056 -18.4959619518266436 -0.391291320323944092 0 45
28.8981697990067872 -18.9409710807773912 -1.25140655040740967 1.86760008335113525 49.5
34.3303578383309187 -2.15159753609195725 -3.49683523178100586 0.0812000036239624023 49.5
34.5903950756510241 -2.03069920100425261 -0.0590567030012607574 -0.0812000036239624023 46
31.189974718734085 -15.2176484159421808 1.19769084453582764 2.67960023880004883 45
28.0372011234336753 -20.594937242465452 -0.896725594997406006 0 51.5
30.9915820574753624 -15.6636325902366025 2.28313064575195312 2.67960023880004883 47.5
28.0423871067991435 -20.594937242465452 -0.716460347175598145 0.0812000036239624023 45.5
28.0748190977313854 -20.639321073125668 -1.44520711898803711 0 55.5
28.1699800553441726 -20.478076377241873 -1.83471512794494629 -0.0812000036239624023 49.5
31.0406393457458556 -15.8063381613654563 1.70411288738250732 2.67960023880004883 48
28.0976236618565203 -20.639321073125668 -0.898658096790313721 0.0812000036239624023 49.5
28.118319609254403 -20.4041976051215741 -3.81200075149536133 0 49.5
31.5835121080698933 -14.228680564697191 -5.17466402053833008 0 45.5
31.6104775300076106 -14.1626553593351137 -5.67512845993041992 0 70
31.6705522683884766 -14.1758136021589003 -5.294586181640625 -0.0812000036239624023 69.5
29.1392815238684157 -18.2767992822389012 6.99077939987182617 -0.162400007247924805 60
29.0338380966664644 -18.5268058958908419 6.76785421371459961 0.162400007247924805 51.5
31.3960436756706365 -14.1494971165113288 -6.78898429870605469 0.0812000036239624023 60
31.5372925094997996 -14.1929177493047298 -6.42192554473876953 0 74.5
31.6443394466584138 -14.1929177493047298 -5.87176609039306641 -0.0812000036239624023 73.5
29.2184374101378808 -18.5663934880963737 6.23320531845092773 0.162400007247924805 56
31.4150992733678649 -14.2280813733352165 -6.92344236373901367 0.0812000036239624023 66.5
31.3624917811208022 -14.2099641262962262 -7.55205011367797852 0 68.5
31.493537123279058 -14.1879400033478422 -7.03007411956787109 -0.0812000036239624023 66.5
31.8041031532701304 -13.9324601771466092 -6.07849025726318359 -0.324800014495849609 47
31.3051747263972686 -16.1877303670609507 0.711311519145965576 2.76080012321472168 46.5
31.2881618593709518 -14.4169908820110191 -7.46751880645751953 0.0812000036239624023 62.5
28.7123717960771465 -20.530428629498978 -1.39888513088226318 0 60
28.6264527252999024 -20.6805113156746287 -0.835618495941162109 -0.0812000036239624023 56.5
35.1949753968784123 -2.50284950181163612 -1.70444738864898682 -0.162400007247924805 52
31.3935066674168226 -16.1956875170139192 -0.055389702320098877 2.76080012321472168 47.5
29.9944931770452428 -18.645566658998856 -0.727268993854522705 1.78640007972717285 45
28.6114006626327892 -20.7158248888924277 0.313083052635192871 0.243600010871887207 48
28.8804041215876808 -20.3406181734532936 0.192666500806808472 0.0812000036239624023 53
28.2821465407658721 -21.2729419493470395 -0.861519932746887207 0 62.5
35.2160605864397809 -2.66741193500858031 -2.42363452911376953 -0.162400007247924805 51.5
35.2494621249214362 -2.45508063669943999 -2.14666414260864258 -0.243600010871887207 48.5
32.1604874190749399 -14.6420124459011642 2.11534643173217773 2.51719999313354492 47.5
28.5326994947984183 -20.9500214331685548 0.376492142677307129 0.243600010871887207 51.5
28.4874272299942746 -20.9500214331685548 -1.65021169185638428 0.162400007247924805 51
28.1078369284127376 -21.6416168748880722 -0.256366729736328125 -0.0812000036239624023 56.5
32.1385206032368345 -14.6375704467186427 3.36642169952392578 2.59840011596679688 46.5
32.1574040408636606 -14.6375704467186427 3.18098640441894531 2.51719999313354492 49
29.0191094554101561 -20.2851369970274114 -2.20914912223815918 1.86760008335113525 48.5
29.0940982250123881 -20.1831793591489941 -2.15604114532470703 1.78640007972717285 48.5
34.065417730319794 10.1551271519452921 0.472606807947158813 0 57
31.3995319887561628 -16.6320192724773293 1.11713850498199463 2.84200000762939453 53.5
31.3508828503962995 -16.6542308366766854 1.88716757297515869 2.76080012321472168 51
31.2981880288173961 -16.4898652616014552 -3.50862717628479004 1.38040006160736084 48.5
30.5052785444074033 -17.9114053703602032 3.5231015682220459 1.29920005798339844 48.5
34.065417730319794 10.1551271519452921 0.472606807947158813 0.0812000036239624023 50
33.9395440344240953 10.8264965233919881 -0.187018394470214844 0 61.5
33.8996437169541451 10.9511436873126193 -0.165155977010726929 -0.0812000036239624023 56.5
31.3407502211354014 -16.8496255514139293 1.72862899303436279 2.84200000762939453 49
31.0902124156695798 -17.0143378751661913 3.61269760131835938 2.76080012321472168 46
30.2545675578348572 -18.4255218381247694 3.78179264068603516 1.70520007610321045 48
33.8896832883971726 10.9689504250155672 -0.558602511882781982 0.0812000036239624023 55.5
33.9032331709986181 11.174946503155164 -0.425926119089126587 0 58
33.9003605266368595 11.174946503155164 -0.613317489624023438 -0.0812000036239624023 52.5
33.9468989649737551 11.0411148085066007 -0.438092470169067383 0.0812000036239624023 51.5
33.9157383510633039 11.3638293762204174 0.660940110683441162 0 55
33.8946217774762459 11.4442970901354322 0.182928219437599182 -0.0812000036239624023 49.5
33.9209562147391637 11.3638293762204174 0.287803709506988525 0.0812000036239624023 48.5
26.7760524126443578 -23.8370190638099402 0.249299988150596619 0 47.5
33.5482359846753511 12.8345446804880705 -0.629425048828125 0 54
33.5708671033399355 12.7851637810528267 -0.377179831266403198 -0.0812000036239624023 48.5
33.4490152873663575 13.0724708323124386 -0.937958657741546631 0.0812000036239624023 47.5
33.5879003913204954 12.9558074739760087 -0.00245203985832631588 0 56
33.6232179708410612 12.8613380444782663 -0.255251318216323853 -0.0812000036239624023 50.5
33.5873553190119978 12.9558074739760087 -0.191437438130378723 0.0812000036239624023 49.5
33.4461099936915716 13.628659063260832 -1.56206619739532471 0 51
33.9118202200536132 13.1498540551020735 -0.458776414394378662 0 56.5
33.9532422904510653 13.0498551649492054 -0.13887360692024231 -0.0812000036239624023 51
33.9416590194677852 13.0498551649492054 -0.897646129131317139 0.0812000036239624023 50.5
33.9582246707835935 13.2407342983010299 -0.352872401475906372 0 60.5
33.9582246707835935 13.2407342983010299 -0.352872401475906372 -0.0812000036239624023 55
34.0071979723084965 13.1177553419700601 -0.193830415606498718 0.0812000036239624023 54.5
34.092685656611792 13.1036695481035999 0.241545781493186951 0 57.5
34.0377143749091999 13.2405939947922491 0.443236887454986572 -0.0812000036239624023 51.5
34.1143225355000155 13.0488997694281412 0.122018024325370789 0.0812000036239624023 51
35.2537500973345246 9.8056274921196902 -0.763499200344085693 0 59.5
35.2928318967790489 9.69128948498210185 -0.234553754329681396 -0.0812000036239624023 54
35.252365128974283 10.1006947351071474 -0.550066173076629639 0 64
35.2926418872452885 9.97237374936168486 -0.192530527710914612 -0.0812000036239624023 58
35.2848732174649271 9.97237374936168486 -0.765063762664794922 0.0812000036239624023 57.5
34.9784968663418567 11.1683858872885757 1.52791500091552734 -0.0812000036239624023 61.5
35.0498822799867753 11.1911787434069137 1.53103327751159668 0 70
34.9983811644800653 11.3200245513079789 1.74673092365264893 -0.0812000036239624023 64.5
35.0498822799867753 11.1911787434069137 1.53103327751159668 0.0812000036239624023 63.5
35.0662008678143451 11.2139715995252498 2.49370265007019043 0 62.5
35.0519225531557268 11.2139715995252498 2.6869354248046875 -0.0812000036239624023 57
35.0792472004042679 11.2139715995252498 2.30291223526000977 0.0812000036239624023 56
35.1307294230572182 11.3661350990473782 1.94771158695220947 0 53.5
35.1505472056773485 11.2367644556435859 2.30759286880493164 -0.0812000036239624023 48
35.2215213228460797 11.2367644556435859 0.574729979038238525 0.0812000036239624023 47
35.1266252044739105 11.2595573117619221 3.47061944007873535 0 57.5
35.0647121696946371 11.2595573117619221 4.04858303070068359 -0.0812000036239624023 52
35.1790064111676273 11.2595573117619221 2.89180207252502441 0.0812000036239624023 51.5
32.9256367483543499 17.2900056265210154 -2.52664709091186523 0.0812000036239624023 47
33.0520667432048114 17.3247947227016326 -1.56049323081970215 0 51
32.7808629639145224 17.7009764963548832 -3.56670928001403809 0 52
32.6601956850293149 17.7009764963548832 -4.54069900512695312 -0.0812000036239624023 46.5
33.0921308032398827 17.3943711456159349 -2.9320220947265625 0 58.5
33.1087259970454255 17.3943711456159349 -2.73827028274536133 -0.0812000036239624023 53
33.0921308032398827 17.3943711456159349 -2.9320220947265625 0.0812000036239624023 52
36.6012001724428657 -8.49859376014325463 -0.0819770470261573792 0 61.5
36.573766470648053 -8.61597765185794096 0.0717296525835990906 -0.0812000036239624023 55
36.6187705635391652 -8.41407735810868118 -0.386817276477813721 0.0812000036239624023 55.5
36.6466327139962758 -8.63317538663472916 -0.123207829892635345 0 55
36.6741673527582321 -8.51555719335632588 0.115507259964942932 -0.0812000036239624023 49
36.689283531646268 -8.4308720941958768 -0.58265388011932373 0.0812000036239624023 49.5
33.0489006567871968 18.1381319279362856 -2.76017665863037109 0 49
29.6715479492578673 -23.4048030476365376 -0.809142887592315674 0.893200039863586426 49
33.5921464208005389 17.6031039532527132 1.37873458862304688 0 51.5
29.8043671382455599 -23.4692245325020679 -1.0477292537689209 0.893200039863586426 47
33.4949961902421265 17.9847589418386775 0.731020271778106689 0 56.5
33.4839922634548515 17.9847589418386775 1.12754082679748535 -0.0812000036239624023 51
29.5273045260669882 -23.8957338754310982 -1.74150288105010986 1.05560004711151123 50
29.4641143970819712 -24.0240267397454019 -0.782856464385986328 0.974400043487548828 56
29.5764851286286898 -23.8957338754310982 -0.355156362056732178 0.893200039863586426 57
33.5207292284203575 17.9419946537339072 0.588458418846130371 0.0812000036239624023 50.5
33.5581769584923464 18.0202321985853473 -0.854520022869110107 0 58
33.5581769584923464 18.0202321985853473 -0.854520022869110107 -0.0812000036239624023 52.5
29.4830940981353891 -24.1142605246591231 -0.927229106426239014 0.974400043487548828 55.5
29.6051815832615191 -23.9714317357667674 -0.716880559921264648 0.893200039863586426 58
29.6317445327174163 -23.9428659779883013 -0.555852830410003662 0.812000036239624023 51
33.5581769584923464 18.0202321985853473 -0.854520022869110107 0.0812000036239624023 51.5
33.8173555688675265 17.7074712417945683 -0.403405725955963135 0 64
33.8191535499422571 17.7074712417945683 -0.203003466129302979 -0.0812000036239624023 58.5
29.820808404901225 -23.8134958079306323 -0.983692526817321777 0.974400043487548828 49
29.8345073279177768 -23.8134958079306323 -0.387788146734237671 0.893200039863586426 54.5
33.8173555688675265 17.7074712417945683 -0.403405725955963135 0.0812000036239624023 57.5
33.9734122445601017 17.5654095472363529 -0.571080684661865234 0 68
30.0749729938278634 -23.6165138973863442 -0.904809832572937012 0.974400043487548828 52.5
30.1639438409137313 -23.5113604252668367 -0.644086837768554688 0.893200039863586426 57
30.0574218037951155 -23.654751523611619 -0.258168488740921021 0.812000036239624023 49.5
33.9655764354763647 17.5711174250584214 -2.53004050254821777 0 65
34.0780586865583643 17.4274451648371738 -1.94314837455749512 -0.0812000036239624023 60
29.9379807074222448 -23.9070641008153828 -0.987557649612426758 0.974400043487548828 53
30.0613874169409883 -23.7298683132091774 -1.41846787929534912 0.893200039863586426 54.5
34.0123075750842219 17.4705468429035484 -2.59782028198242188 0.0812000036239624023 59
29.679234431649089 -24.3617174663351186 -0.458139032125473022 0.893200039863586426 47.5
38.4320040317045084 -0.793290211857911709 1.63632583618164062 0 55
38.3817540271087765 -0.615400891623107293 2.60537171363830566 -0.0812000036239624023 46.5
38.4617067261727286 -0.615400891623107293 0.802614092826843262 0.0812000036239624023 50
38.5215861201713281 -0.462450386722001616 1.40578651428222656 0 61
38.5026652052741127 -0.616600515629335488 1.80755245685577393 -0.0812000036239624023 54
29.8642376658465274 -24.355720367358753 1.01437866687774658 0.893200039863586426 53
38.519427064509685 -0.616600515629335488 1.40578651428222656 0.0812000036239624023 56
38.5387349448565928 -0.410257864708694853 2.54721832275390625 0 59
38.5638902347827255 -0.265460971282096669 2.15557861328125 -0.0812000036239624023 53
29.9285340025287638 -24.4031031054960117 0.813638091087341309 0.974400043487548828 48
38.5360311782291731 -0.154450019655038046 2.61552882194519043 0.0812000036239624023 53
35.5034854172273739 15.5049831658152169 1.6121063232421875 0 53
35.4445284689813462 15.7145969001399628 -2.46161413192749023 0 57.5
35.470307712759066 15.7145969001399628 -2.05705571174621582 -0.0812000036239624023 53
35.5389784752059441 15.5349737659709231 -2.22895669937133789 0.0812000036239624023 49.5
35.5798563137374799 15.5649643661266275 -2.63849091529846191 0 57.5
35.6075872356357053 15.5649643661266275 -2.23325967788696289 -0.0812000036239624023 54
38.979369220242134 -0.443481488475509722 1.18834471702575684 0 51
36.9712108845993228 -12.6804970593788529 2.24883484840393066 0 45
37.1783182583286873 -12.6996163644282429 0.991256117820739746 0 49.5
37.9433559321585108 -10.3916372447515908 1.64509952068328857 0 61.5
37.9339696288972732 -10.3916372447515908 1.84891724586486816 -0.0812000036239624023 55.5
37.9517452512879885 -10.3916372447515908 1.43855440616607666 0.0812000036239624023 55.5
37.9720743970562822 -10.569179996018816 1.64823305606842041 0 71
37.9626594253329372 -10.569179996018816 1.85243904590606689 -0.0812000036239624023 65
37.9803879760620404 -10.569179996018816 1.44398283958435059 0.0812000036239624023 65
37.9681232634305275 -10.7473225592891541 2.2676846981048584 0 68
37.9551854745284274 -10.7473225592891541 2.47480201721191406 -0.0812000036239624023 62
29.9961030893404157 -25.7372692355035788 -0.229047909379005432 0.974400043487548828 53
30.0211942461531471 -25.707635074034954 -0.266774117946624756 0.893200039863586426 50
37.9797842223073374 -10.7473225592891541 2.06319665908813477 0.0812000036239624023 62
37.7603799806509457 -11.0497749089122763 4.49625825881958008 0 56
37.8497795385098641 -10.9508069294325434 3.95401787757873535 -0.0812000036239624023 50
27.9886178654223805 27.780311839961275 3.61270999908447266 2.67960023880004883 45
28.0968839044836294 27.7110342543254582 3.28996729850769043 2.59840011596679688 48.5
29.8928302016528455 -25.9691978154821435 0.423860788345336914 0.893200039863586426 46.5
37.7666808458955714 -10.9804973232764631 4.61158370971679688 0.0812000036239624023 50
38.1598589302617839 -10.7881097755009154 1.24406027793884277 0 54
28.0153334465673396 28.0114063564247111 2.14665985107421875 2.67960023880004883 52
27.9986201810073148 28.0114063564247111 2.35460281372070312 2.59840011596679688 58.5
28.0153334465673396 28.0114063564247111 2.14665985107421875 2.51719999313354492 53.5
28.0969522331459842 28.0643558165662306 1.73657655715942383 2.67960023880004883 52.5
28.0198648471207221 28.133895813279846 1.85299324989318848 2.59840011596679688 59.5
27.9554047702081903 28.1885343821262566 1.99104142189025879 2.51719999313354492 55.5
37.8206279866814441 -10.4656103824493467 6.78983068466186523 0 48.5
28.273987985761309 28.027730705637051 1.02892553806304932 2.67960023880004883 47
27.9978572127118035 28.3014390133092881 1.08592307567596436 2.59840011596679688 54
27.826105186480909 28.450734453857784 1.5146867036819458 2.51719999313354492 54.5
27.7660016970707026 28.4109223363781815 2.81055498123168945 2.43600010871887207 46
27.8689207759518105 28.5342298559334502 1.06349563598632812 2.51719999313354492 49
27.8145775992393602 28.5591592896709408 1.65344250202178955 2.43600010871887207 53
27.469927311101074 28.8782560415108378 1.85998570919036865 2.35480022430419922 52
27.6055675463385803 28.7187076655908911 2.27562332153320312 2.27360010147094727 48
28.1512495865387642 28.3480937470171632 1.37604284286499023 2.67960023880004883 49.5
28.1638227271141268 28.2931459001066443 2.07308077812194824 2.59840011596679688 52
27.3614458863326071 28.9575153218429051 3.28852939605712891 2.51719999313354492 45.5
27.5464647695587637 28.932539027792668 1.44957935810089111 2.43600010871887207 52
27.7017864506978775 28.7726907458711629 1.65655052661895752 2.35480022430419922 52.5
27.688635101557459 28.7726907458711629 1.86348199844360352 2.27360010147094727 50.5
28.4254232731739016 28.1860810744591781 1.24217104911804199 2.59840011596679688 50.5
27.6169567082911556 28.9868220140744945 1.03473877906799316 2.35480022430419922 46
30.6900622763354036 -25.7137934233968863 0.96104121208190918 0.974400043487548828 49.5
27.6552104615683305 28.8806541607381853 3.33358407020568848 2.35480022430419922 45.5
30.8263745788233976 -25.6716925873228305 0.845235705375671387 0.974400043487548828 47.5
38.1840734556880861 12.5031791827942591 1.29887402057647705 0 45.5
28.1467026825721689 28.6784451404469358 1.16190028190612793 2.51719999313354492 46
38.1410259977055048 11.9175439098672538 5.03090524673461914 0 45
32.2750558295187275 -24.0514959228275345 -1.38636839389801025 2.03000020980834961 47
32.1921555976968321 -24.2475485691307959 1.96064794063568115 2.11120009422302246 51.5
32.5519944549912736 -23.9238599961953966 1.48242533206939697 2.11120009422302246 52.5
32.6790043188838055 -23.7622122935183988 1.27308773994445801 2.03000020980834961 56
32.5746007819244241 -23.9238599961953966 0.851555287837982178 1.94880008697509766 48
32.870456426081347 -23.6443486400062177 0.853135108947753906 2.03000020980834961 50.5
27.3074633278437773 29.9448041128585878 1.98539316654205322 2.19239997863769531 47
27.7548851165396613 29.6293442456387588 2.0471949577331543 2.19239997863769531 45.5
33.4093445741874504 -23.2871655344000921 0.222118720412254333 2.03000020980834961 45.5
33.2931686771758066 -23.4500128458294625 0.433125495910644531 1.94880008697509766 45
37.6770955781930681 12.3991885247505529 9.55702781677246094 0 49.5
33.2648077156105515 -23.5849696198585761 -1.3571772575378418 2.03000020980834961 51
33.1570101431311954 -23.7736085900130902 -0.261469751596450806 1.94880008697509766 47
36.4829786943897503 12.4219802215760691 13.6180858612060547 0 50.5
32.9377147262208823 -24.1901720104376103 -0.841532051563262939 2.11120009422302246 46
33.0748116954660389 -24.0011862916060679 -0.874965906143188477 2.03000020980834961 48
25.8318042929840708 31.5315344180727521 3.9221043586730957 0 45.5
32.9756262901483126 -24.2345580986680567 -1.48214316368103027 2.11120009422302246 45.5
33.0062969870987288 -24.2345580986680567 -0.415977030992507935 2.03000020980834961 47.5
29.1916296376939606 28.9250414082614462 0.633243560791015625 2.67960023880004883 50
29.1916296376939606 28.9250414082614462 0.633243560791015625 2.59840011596679688 48
29.251059887830035 28.9778248645354886 0.204924836754798889 2.67960023880004883 51
29.1150063365651128 29.1116003344356891 0.460371106863021851 2.59840011596679688 50
26.8831254659069856 31.2006846440879855 2.3189244270324707 1.86760008335113525 45
39.1738667909303686 -12.912227826439846 0.494955360889434814 0.0812000036239624023 46.5
39.3061945815794971 -12.7498024980733486 0.470496296882629395 0 60
39.3081911683672161 -12.7498024980733486 0.253564327955245972 -0.0812000036239624023 54
27.0292573633539455 31.2574137386950106 0.385979920625686646 1.94880008697509766 45
39.2610838164240832 -12.8892292568615137 0.436688989400863647 0.0812000036239624023 54
39.3436990137940015 -12.7701682521671795 3.02852869033813477 0 54.5
39.3436990137940015 -12.7701682521671795 3.02852869033813477 0.0812000036239624023 48
39.6445880116108 -12.3170141888008029 3.03948163986206055 0 46.5
27.535655583805756 31.1254277473749994 2.37400555610656738 2.03000020980834961 47
27.2573576716134447 31.5410563263685368 1.04326319694519043 1.86760008335113525 46
27.4572187636594229 31.3482562133542224 1.50928997993469238 1.78640007972717285 45
39.3260952149096781 -14.0318597739273603 1.30990839004516602 -0.0812000036239624023 50.5
34.038036787354109 -24.0546167553040462 -2.81746959686279297 2.03000020980834961 46.5
39.2385387194551143 -14.4388096113536335 1.81121933460235596 0 56
39.2482806606470973 -14.391743589440491 1.96798539161682129 -0.0812000036239624023 50.5
39.2279406390221652 -14.4388096113536335 2.02783393859863281 0.0812000036239624023 51.5
39.5047103386079641 -13.8569699899143473 -2.25126957893371582 0 54
39.551786211477129 -13.8569699899143473 -1.16032934188842773 -0.0812000036239624023 48
39.4556545556828695 -13.815058549491166 -3.17825603485107422 0.0812000036239624023 48
39.5379039783639215 -14.107434804996096 1.3169635534286499 0 54.5
39.5804439252333111 -13.9394891525556677 1.75477278232574463 -0.0812000036239624023 48.5
39.6194814571222622 -13.9132476443618511 0.847520112991333008 0.0812000036239624023 49.5
40.0009607646147458 -13.3941915786197274 3.13191342353820801 0 46
42.7207064099328804 2.91115799514747708 0.66858065128326416 0 50.5
42.8097696884853178 2.74471190322253866 0.447487235069274902 0 59.5
42.8068689206656927 2.74471190322253866 0.669751584529876709 -0.0812000036239624023 54
42.8115172293434796 2.74471190322253866 0.225205764174461365 0.0812000036239624023 53.5
42.8928591722079631 2.65284792427390848 0.125988364219665527 0 56
42.8901079307294495 2.51859448681065423 0.972643256187438965 -0.0812000036239624023 50
42.8916041767989924 2.65284792427390848 0.351587027311325073 0.0812000036239624023 49.5
42.9649605344766528 2.52298998414597486 0.974340736865997314 0 56.5
42.9533790001773426 2.45843586941302839 1.50535690784454346 -0.0812000036239624023 51.5
34.2502754453953457 -26.0691033329880462 -0.789473831653594971 2.11120009422302246 47
42.9677165774723022 2.65747772317294562 0.12620823085308075 0.0812000036239624023 50.5
43.0019875456430327 3.24949533160758897 -0.188168525695800781 0 62
43.0023845255333157 3.24949533160758897 0.0352801121771335602 -0.0812000036239624023 56
42.9950833050657124 3.27643973734231198 -0.673262894153594971 0.0812000036239624023 56.5
43.0767743717030029 3.25514668532442997 -0.188495784997940063 0 69
43.0771720420001145 3.25514668532442997 0.0353414677083492279 -0.0812000036239624023 63
43.1175049760818467 2.66673708548966593 -0.097194768488407135 -0.243600010871887207 47
43.1020736539476133 2.76390564326054422 0.901180744171142578 -0.324800014495849609 47.5
43.0780244589419539 3.22275716606747054 -0.371094882488250732 0.0812000036239624023 63
43.1645142656420546 3.06612352924776221 -0.386492699384689331 0 69
43.1659391245457087 3.06612352924776221 -0.162271007895469666 -0.0812000036239624023 63
43.183980948676016 2.768704139285457 -0.451397478580474854 -0.243600010871887207 48
43.1810548244952344 2.768704139285457 -0.675604701042175293 -0.324800014495849609 48.5
43.1581121639464271 3.06612352924776221 -0.837849259376525879 0.0812000036239624023 63
43.2407508692755869 3.07143748871285149 -0.162552237510681152 0 64
43.2400877243934758 3.07143748871285149 0.289636492729187012 -0.0812000036239624023 58
43.2423895494166572 3.00643352069776482 -0.529013752937316895 0.0812000036239624023 58
43.2710434468349092 3.64652023487755894 0.225005954504013062 0 59
43.2542714341780368 3.82016405558601413 0.452963501214981079 -0.0812000036239624023 53
43.269256301556311 3.64652023487755894 -0.452962130308151245 0.0812000036239624023 53.5
43.3402022531034703 3.71261109139240153 -0.30546259880065918 0 56
43.3511704227324941 3.47887422912318689 0.907438933849334717 -0.0812000036239624023 49.5
43.3412974579298051 3.67999664549437133 -0.489331096410751343 0.0812000036239624023 50.5
43.4519656368773397 3.25073248819552196 -0.374316185712814331 0 56.5
43.4624169379923941 3.08737909682891321 0.516910731792449951 -0.0812000036239624023 50.5
43.446338997881675 3.28340316646884389 -0.644642174243927002 0.0812000036239624023 50.5
44.5830575001589793 2.96041705347944495 -1.29500901699066162 0 45
37.0285399023574868 20.7688798556442009 -14.2246828079223633 0.487200021743774414 46.5
44.206232961000417 7.57159395310219097 -0.0519809797406196594 0 48
37.0041056539767084 20.8036689518248181 14.4715614318847656 0.487200021743774414 46
36.8311137940568045 21.0446597290146009 -14.5641393661499023 0.406000018119812012 45.5
44.4564762857166826 6.46710767007065357 0.232778176665306091 0 50.5
44.4103530403257096 6.75341191588107304 -0.606427133083343506 0.0812000036239624023 45.5
44.4470978258981191 5.99993340917204776 3.66827487945556641 0 52
44.3350259832914873 5.99993340917204776 4.83800840377807617 -0.0812000036239624023 46.5
44.5742720470751124 6.69710479146647941 0.196678444743156433 0 56
44.5656139304035221 6.69710479146647941 0.900351881980895996 -0.0812000036239624023 51
44.5738672330312298 6.69710479146647941 -0.273498892784118652 0.0812000036239624023 49.5
44.5270361287145491 7.46426605045091041 0.387847155332565308 0 55
44.5172769542154327 7.53196914387903593 0.0646448060870170593 -0.0812000036239624023 49
44.5243399917673344 7.46426605045091041 0.624852299690246582 0.0812000036239624023 49.5
44.8144289287464304 7.11023036478687587 -0.0464014187455177307 0 58
44.8262213971142671 7.01383968201065855 0.553726851940155029 -0.0812000036239624023 52.5
44.8425118067130768 6.89476883858121337 -0.708389639854431152 0.0812000036239624023 51
44.8603640747617121 7.02543292338334879 1.97321557998657227 0 55.5
44.8370313269904699 7.02543292338334879 2.44674396514892578 -0.0812000036239624023 49.5
44.8287549792392639 6.95727997667308262 2.7715613842010498 0.0812000036239624023 49.5
44.9621899169973034 7.13373549765891113 0.192433536052703857 0 57.5
44.9423817779133472 7.17924577196614511 1.08000600337982178 -0.0812000036239624023 52
44.955234135553205 7.17924577196614511 -0.105524547398090363 0.0812000036239624023 52
45.1464569324472222 6.31925539320675878 -1.10664606094360352 0 45.5
43.1929283791052541 11.1696331052225357 -9.78857231140136719 0 47
43.6437409204105577 -12.228449098646669 -6.22505378723144531 0 48
45.3657401534519238 6.62905526349535368 4.31368494033813477 0 47
36.0931364865789561 29.221606327913566 2.37347054481506348 0 50.5
35.9825834464797865 29.4782581328960909 2.34875297546386719 0 50.5
35.8570601352339366 29.5480980337045303 3.22673225402832031 -0.0812000036239624023 45
19.3859578729867543 -42.2803756166338971 3.57450580596923828 0 45
19.6548320469419053 -42.3483511862993112 1.87897789478302002 0 49
33.7181067830986407 -32.4562939513260744 -2.63513970375061035 0 49
34.1126244438447657 -32.0740775337209953 -3.44747138023376465 0 50.5
45.6269558710052152 11.6770218592657766 0.488085716962814331 0 49
45.7967008192360368 11.1178709840154788 -3.40845799446105957 0 57
45.8144453466381805 11.1178709840154788 -3.16101408004760742 -0.0812000036239624023 51.5
45.7778767852464412 11.1178709840154788 -3.65259599685668945 0.0812000036239624023 51.5
45.7307418246608748 12.6539276481665581 1.56628084182739258 0 52.5
45.6200960585679169 12.6539276481665581 3.54412150382995605 -0.0812000036239624023 46
45.7752209425028695 12.5293460820102052 1.23304450511932373 0.0812000036239624023 47
45.8753380500052685 12.4956634297687401 0.560822248458862305 0 63.5
45.8665932635941473 12.4956634297687401 1.05674481391906738 -0.0812000036239624023 58
45.8767716069905376 12.4956634297687401 -0.427915334701538086 0.0812000036239624023 58
45.9668038136654715 12.4439574846883918 -0.584430038928985596 0 62.5
45.9702417991967067 12.4439574846883918 0.159099474549293518 -0.0812000036239624023 57
45.9578047205504987 12.4439574846883918 -1.08113062381744385 0.0812000036239624023 56.5
34.8845894028083947 32.3003355615788195 3.8786463737487793 0 56
34.7587665058175546 32.4255075576653979 3.96291494369506836 -0.0812000036239624023 51
35.1107599856069754 32.0440309981634499 3.96291494369506836 0.0812000036239624023 49
37.6146926074163375 29.5437972299044986 1.38626956939697266 0 47.5
36.035793347052234 31.4286316319256329 3.23551201820373535 0.0812000036239624023 45
46.5589879883503102 11.2583567725245217 3.08383464813232422 0 58
46.5364151278946494 11.2943451266188983 3.286285400390625 -0.0812000036239624023 53
46.5602105122618042 11.1323975331941991 3.49520063400268555 0.0812000036239624023 52
46.7214401898571623 11.1497920812845077 1.99876236915588379 0 61.5
46.7314227754451395 11.1497920812845077 1.7498546838760376 -0.0812000036239624023 56
46.7311689941102415 11.0957252015800041 2.07080507278442383 0.0812000036239624023 55.5
46.8633499863937431 11.0408337634174529 -0.590872645378112793 0 60
46.8819532751035268 10.9746489288683566 0.249488458037376404 -0.0812000036239624023 54.5
46.8544011206316213 11.0408337634174529 -1.08976626396179199 0.0812000036239624023 54
46.6835359234427827 12.0101671803275867 1.43328440189361572 0 66
46.6905356329756103 12.0101671803275867 1.18350207805633545 -0.0812000036239624023 60.5
46.6905356329756103 12.0101671803275867 1.18350207805633545 0.0812000036239624023 60
46.7116542232889032 12.2521609498262585 0.892338395118713379 0 72
46.7116542232889032 12.2521609498262585 0.892338395118713379 -0.0812000036239624023 66.5
46.7157620220917664 12.2521609498262585 0.642107129096984863 0.0812000036239624023 66
46.7718304575220856 12.2711862368000357 1.39818227291107178 0 72.5
46.7718304575220856 12.2711862368000357 1.39818227291107178 -0.0812000036239624023 66.5
46.8193705126684137 12.1200632535882136 1.0915682315826416 0.0812000036239624023 66
46.7898129423736577 12.2054504833067767 3.0237424373626709 0 66
46.7403670223769225 12.2902105561075192 3.41924405097961426 -0.0812000036239624023 60.5
46.8174926295269387 12.1388532832490519 2.85888552665710449 0.0812000036239624023 59.5
46.8463947867438151 12.6124189919256633 1.00895571708679199 0 60
46.8403051157712653 12.6124189919256633 1.2603156566619873 -0.0812000036239624023 54.5
46.8121905372528673 12.7518832403940703 0.827032744884490967 0.0812000036239624023 54
46.8845439611530921 12.7715926879338983 0.828311026096343994 0 61
46.8899150929428075 12.6987162674606662 1.42786717414855957 -0.0812000036239624023 55
46.9269784559625336 12.6319128820268709 0.503629863262176514 0.0812000036239624023 55
47.0536754252505389 12.3472864170288457 1.65893399715423584 0 58
47.0069501665704337 12.3472864170288457 2.67337822914123535 -0.0812000036239624023 52.5
47.0536754252505389 12.3472864170288457 1.65893399715423584 0.0812000036239624023 52
37.9503735610607151 30.6521813700049108 2.02329134941101074 0 52
37.7367145678007176 30.9023285507712728 2.20620012283325195 -0.0812000036239624023 46.5
40.3041725748001909 -27.5283921858005876 1.28141987323760986 4.06000041961669922 49.5
40.436831246314199 -27.3331553617878207 1.28141987323760986 3.97880029678344727 51
38.0768148234141179 30.456944545992144 2.53203654289245605 0.0812000036239624023 46
38.1353051484000076 30.5037298822350422 2.53592610359191895 0 54.5
37.9560092315584257 30.7298192263141097 2.4959723949432373 -0.0812000036239624023 49.5
40.334672453239925 -27.6012315460848754 1.57997369766235352 4.06000041961669922 50.5
40.5192761368082657 -27.3751422020058079 0.0100010000169277191 3.89760017395019531 45
38.1353051484000076 30.5037298822350422 2.53592610359191895 0.0812000036239624023 48.5
37.9964674475567534 30.7769513288713128 2.7565300464630127 0 51
38.0030402769313653 30.550515218477944 4.58103132247924805 -0.0812000036239624023 45.5
40.3695251024596757 -27.6802845218701385 1.62911319732666016 4.06000041961669922 48.5
38.1758597439351419 30.550515218477944 2.79653358459472656 0.0812000036239624023 45
38.1934826316258551 30.5973005547208459 3.3114628791809082 0 52.5
38.0294654654238897 30.5973005547208459 4.84434700012207031 -0.0812000036239624023 47.5
38.2828494007192219 30.5973005547208459 2.03261542320251465 0.0812000036239624023 45.5
47.5306557066569439 12.1360893041737441 2.61113977432250977 0 50.5
41.0009048822525131 -27.0529820756164341 -0.572697877883911133 3.81640005111694336 45.5
39.5405433395024701 29.1169781374719783 3.06385278701782227 0 55
39.3949124513134308 29.3137144762386761 3.06385278701782227 -0.0812000036239624023 50
39.6295704979764025 29.1169781374719783 1.52931606769561768 0.0812000036239624023 48
39.9897169734151561 28.7118752923248302 2.11578083038330078 0 57.5
40.0818688092275366 28.4840521343115292 3.18251419067382812 -0.0812000036239624023 52
40.1175814222539557 28.5702554913976421 1.53164732456207275 0.0812000036239624023 51
40.6513073398828624 27.9785661263330674 0.306169629096984863 0 53
40.5855272559905984 28.0587339375833089 0.97228538990020752 -0.0812000036239624023 48
40.6763951288708796 -27.9415655980637254 -0.349907040596008301 4.30360031127929688 45.5
40.5691886860698929 -28.0772342017179781 1.11020469665527344 4.22240018844604492 50
40.4784223101353362 28.2190695600837849 -0.777176260948181152 0.0812000036239624023 46.5
39.9224005306360894 29.0216197115214101 2.60353326797485352 0 49
40.6923534029615297 -27.9840304134716966 1.96398794651031494 4.22240018844604492 45.5
40.3156535213643394 -28.6141176183618064 2.47603917121887207 4.30360031127929688 48.5
40.4894716246379005 -28.3914396602422627 2.18613362312316895 4.22240018844604492 48.5
40.3601607924571297 -28.6574705745767915 2.73630404472351074 4.30360031127929688 45
42.033299235248208 26.4052560164515349 -1.04250001907348633 0 52.5
42.1671580551452081 26.2067202569293478 0.511125385761260986 -0.0812000036239624023 47
41.9333629839231818 26.4735026837872915 -2.42268729209899902 0.0812000036239624023 46.5
42.141822500057458 26.3767937546348392 -0.952557981014251709 0 53.5
42.1503180117952354 26.3767937546348392 -0.437317222356796265 -0.0812000036239624023 48.5
42.0926638727736631 26.3767937546348392 -2.2468717098236084 0.0812000036239624023 47.5
40.3077838305293881 -29.2418140811691707 0.488900572061538696 4.46600008010864258 51
40.3107685275457399 -29.2044761615081754 1.47670042514801025 4.38479995727539062 47
40.9490104740382961 28.4507173409415763 1.11861538887023926 0 54
40.7564899482146288 28.7187087638682961 1.28857910633087158 -0.0812000036239624023 49
40.1345058018790297 -29.5164506739757542 2.34875607490539551 4.54720020294189453 49
40.3515351634056216 -29.2858534030853157 1.26818656921386719 4.46600008010864258 56
40.1487815979138887 -29.5164506739757542 2.09058856964111328 4.38479995727539062 51.5
41.2875851313185009 27.9209668537608486 1.80857467651367188 0.0812000036239624023 47.5
40.499800054100227 -29.1613637680868365 2.09373211860656738 4.46600008010864258 50.5
40.144554979160894 -29.8365113787481846 0.835544943809509277 4.62840032577514648 47
40.471030109632963 -29.3739298069846448 -1.3299560546875 4.46600008010864258 46
40.2047423286754011 -29.8812442332929322 0.836797654628753662 4.62840032577514648 48.5
40.3810239655088807 -29.6496066810968593 0.532832086086273193 4.54720020294189453 53
43.4566935361785767 25.0793857849048187 -0.26681596040725708 0 53
43.3039573472453583 25.336449489200092 -0.602044165134429932 -0.0812000036239624023 48
40.2018426113448086 -29.9259770878376763 2.40388751029968262 4.54720020294189453 47.5
43.4503257132714253 25.0793857849048187 -0.790168523788452148 0.0812000036239624023 46
42.1697672164340815 27.3271589501881991 -0.00684907194226980209 0 52
41.9934449036701523 27.5971653460655233 -0.0993507131934165955 -0.0812000036239624023 47.5
41.9604176872628685 27.5971653460655233 -1.6680988073348999 0.0812000036239624023 45.5
43.5843333975651959 25.229336878951738 3.40766739845275879 0 50.5
43.4510511292382731 25.0275021839201202 5.77547121047973633 -0.0812000036239624023 45.5
41.020837826110828 -29.4110994666379888 -0.0619421079754829407 4.38479995727539062 47.5
29.8668947553468733 40.7743390521599522 0.851206600666046143 0 57.5
29.7728075568482531 40.8311894087005314 1.30257284641265869 -0.0812000036239624023 52.5
41.0587091176561003 -29.454801394302379 -1.37836408615112305 4.38479995727539062 46
30.0718957942034955 40.6290548076673588 0.513497054576873779 0.0812000036239624023 51
30.2379662402858855 40.600770817152636 0.365852624177932739 0 61.5
30.2335808436086566 40.600770817152636 0.631601452827453613 -0.0812000036239624023 56.5
30.2379662402858855 40.600770817152636 0.365852624177932739 0.0812000036239624023 55
30.2845574412664789 40.6609176552390537 -0.158999130129814148 0 59
30.2848002779541723 40.6609176552390537 0.103699132800102234 -0.0812000036239624023 54
30.2845574412664789 40.6609176552390537 -0.158999130129814148 0.0812000036239624023 52.5
43.7456111786442676 25.8615698070991691 1.79543066024780273 0 48
41.1809280642715692 -29.9023971901124597 1.82583475112915039 4.62840032577514648 48.5
41.0794939179152223 -29.9023971901124597 3.41726016998291016 4.54720020294189453 49
41.6897239594217268 -28.5507630504124599 6.91529512405395508 -0.0812000036239624023 45
41.2288458585933313 -29.9464365120286011 2.09605574607849121 4.62840032577514648 51
41.1399945207699531 -29.9464365120286011 3.42229318618774414 4.54720020294189453 51
44.1346887251473134 26.2954926774518789 0.259192556142807007 0 48.5
44.0184114617741926 26.6103329860793529 -1.17146897315979004 0 51
43.9848052471912254 26.6874830213132164 -0.466514438390731812 -0.0812000036239624023 46
43.6791869869517981 26.9903666612328799 -4.29820013046264648 0 50
37.199285123211034 35.5409009907345279 4.83358430862426758 0 45.5
31.3299448130937783 41.091503913065722 4.85110664367675781 0 47.5
30.9101193211107024 41.4496448853170776 5.28130674362182617 0 46
46.7423053380169975 23.0192762512722844 3.17963290214538574 0 50
46.2984735683002171 24.2477540847673865 1.08336377143859863 -0.0812000036239624023 51.5
46.3103753478751372 24.2477540847673865 0.267297625541687012 0.0812000036239624023 51
46.0302866988183439 24.9105399873518358 -1.09562301635742188 0 56.5
46.1240189240006941 24.760082419150919 0.189162567257881165 -0.0812000036239624023 51.5
46.0034346916879642 24.9105399873518358 -1.91615796089172363 0.0812000036239624023 50.5
45.9658709297132901 25.1558609763399552 -1.64385128021240234 0 52.5
45.994412210657984 25.1558609763399552 -0.27878078818321228 -0.0812000036239624023 48
45.8779785517363763 25.1558609763399552 -3.2825157642364502 0.0812000036239624023 46.5
47.272606255121616 23.680338702532115 -0.555139422416687012 0 51.5
47.8577282564324591 22.6552690347448475 -0.281572580337524414 0 47.5
32.6002878066673389 -41.8033141896420517 1.16396129131317139 -5.03439998626708984 46
32.4075953102558856 -42.0415970652098636 -1.36465990543365479 -4.95320034027099609 45
32.4252484201309343 -42.0415970652098636 0.847088456153869629 -5.03439998626708984 49
49.5635231664861777 18.9241771836521053 3.5935673713684082 0 52
49.5824474496391048 19.0770058617504183 2.28686237335205078 -0.0812000036239624023 46
32.6815148593909726 -41.921570874881013 1.44269347190856934 -5.03439998626708984 51
49.5221040602773499 18.9972691601339072 3.77439403533935547 0.0812000036239624023 46
49.0157774984599257 20.7275127694585599 1.84026050567626953 0 53.5
49.0448848565264939 20.7275127694585599 0.729690790176391602 -0.0812000036239624023 47
32.7276105511220265 -41.9806992175005007 1.44472825527191162 -4.95320034027099609 51.5
32.7140800687877871 -41.9806992175005007 1.72414648532867432 -5.03439998626708984 53.5
48.8479424977010055 21.323100105995902 1.66117048263549805 0 50.5
32.7998664047079842 -42.039824552727552 0.6143912672996521 -4.95320034027099609 50
32.5626426028626952 -42.2197382098718919 0.850677788257598877 -5.03439998626708984 52
47.8651058050678415 23.6285294345258912 1.47791671752929688 0 54
47.7804416127102769 23.7953504556676982 1.5397801399230957 -0.0812000036239624023 48.5
32.5256115342486183 -42.3391751657912394 -1.019317626953125 -4.95320034027099609 48
32.3409102542088362 -42.4926505052417056 0.0182037856429815292 -5.03439998626708984 47.5
47.8728480086765984 23.6285294345258912 1.20131564140319824 0.0812000036239624023 48
47.7517491251992894 24.0693308954121719 0.116667643189430237 0 54.5
47.6529553632503848 24.162881876127269 2.21962904930114746 -0.0812000036239624023 48.5
47.7464911431238335 24.0693308954121719 -0.71819460391998291 0.0812000036239624023 48
33.2861848884372407 -42.0284025129727041 1.13326990604400635 -5.03439998626708984 47
31.2555534765529437 42.8253172476329738 8.5306854248046875 0 46
48.3981483895475719 23.7799717233033618 0.194853693246841431 0 46
32.8082077742552656 -42.7554322993368672 -1.87092912197113037 -4.95320034027099609 49
32.7084823342920075 -42.8362936370188336 -1.76437544822692871 -5.03439998626708984 48
32.8861074601725463 -42.6664460650817787 -3.75215744972229004 -4.95320034027099609 45
32.5114707944191039 -43.0645672603751208 -2.10899543762207031 -5.03439998626708984 47
48.3578506524238207 24.6102999397637348 -2.08372044563293457 0 47.5
52.0288053793820637 -16.0728586147405039 2.76451992988586426 0 59
52.0272764967142294 -15.9910975704942615 3.22848677635192871 -0.0812000036239624023 53
52.0288053793820637 -16.0728586147405039 2.76451992988586426 0.0812000036239624023 53
52.1049728776911536 -16.1563724420404071 2.2812047004699707 0 67
52.1003725502042414 -16.0949673102927875 2.76832270622253418 -0.0812000036239624023 61
52.1146164762343389 -16.0949673102927875 2.48574471473693848 0.0812000036239624023 61
52.1765463677085108 -16.1785654861556303 2.28433823585510254 0 61.5
52.1484851330909436 -16.1785654861556303 2.85402345657348633 -0.0812000036239624023 55.5
52.210268499098909 -16.1170760058450711 1.91930758953094482 0.0812000036239624023 55.5
49.2753752858203171 24.0261348026700041 0.68026280403137207 0 49.5
40.6684852728961914 -36.7573812575588335 2.99658441543579102 -3.97880029678344727 51
40.8395605940074944 -36.6613373349000398 1.44460153579711914 -4.06000041961669922 54
40.8878102241114973 -36.5858742528109815 1.91598236560821533 -4.14120006561279297 50
40.7921167392205319 -36.8075967686945447 1.85867023468017578 -3.89760017395019531 47.5
40.8042414215638303 -36.8075967686945447 1.5702131986618042 -3.97880029678344727 58
40.9665097679384829 -36.6358554623829775 1.34540808200836182 -4.06000041961669922 60
40.904538309584261 -36.7114216371600648 1.15805196762084961 -4.14120006561279297 53
40.7688206052278446 -36.9816347175004552 0.874442994594573975 -3.89760017395019531 48
40.8698858842825032 -36.8578122798302559 1.28720748424530029 -3.97880029678344727 55.5
40.8779620617131556 -36.8578122798302559 0.998278617858886719 -4.06000041961669922 54
40.9503817753501451 -36.8115902416801219 2.5959935188293457 -4.14120006561279297 48.5
53.1341238300240875 17.2807372229596794 -0.396171331405639648 0 47
53.0470765825378052 17.7723615695590347 0.743807315826416016 0 53.5
53.1090995319483454 17.5975743786703767 0.389074862003326416 -0.0812000036239624023 48
41.7899268634577368 -37.2017057087425798 -0.19453895092010498 -4.06000041961669922 49
53.0470765825378052 17.7723615695590347 0.743807315826416016 0.0812000036239624023 47
53.1214966494217222 17.7961853525577247 0.450711488723754883 0 54.5
53.1231659904739786 17.7961853525577247 0.160426393151283264 -0.0812000036239624023 49
41.8929489861321329 -37.1885667162811302 0.889930367469787598 -4.06000041961669922 49
53.1046634787897176 17.8241887913501031 0.996867835521697998 0.0812000036239624023 48.5
53.2274668058117868 17.7008351956254728 -0.852877914905548096 0 51.5
53.1927272418410411 17.6447533415403193 -2.53111076354980469 -0.0812000036239624023 45.5
53.2667664345756293 17.5886714874551693 -0.707556247711181641 0.0812000036239624023 45.5
55.2643474833358397 9.2869358580835577 -3.90328574180603027 0 49.5
55.434379271159564 9.12361069969190375 -2.80218648910522461 0 49.5
31.2260811342247386 48.0948383228435787 5.43862390518188477 0 46.5
55.587833152193916 -18.9421712577357866 2.93722963333129883 0 58.5
55.570923542769215 -18.9421712577357866 3.24147677421569824 -0.0812000036239624023 52.5
55.6796911344645409 -18.809914049574715 1.84374904632568359 0.0812000036239624023 52.5
55.6998171750174933 -18.9663324349862279 2.01860547065734863 0 63.5
55.6275968300003001 -19.1502573034403234 2.25928425788879395 -0.0812000036239624023 57.5
55.7185736406634433 -18.9663324349862279 1.40875303745269775 0.0812000036239624023 57.5
55.711324985158214 -19.2630479373372374 0.534521341323852539 0 56.5
55.7074990770563545 -19.2630479373372374 0.843964874744415283 -0.0812000036239624023 51
55.6909238814153937 -19.3293452342535055 0.0080367550253868103 0.0812000036239624023 50.5
52.3020797499339878 -24.7123605540195541 12.4688682556152344 0 48.5
53.1190212383599913 -24.0107003842089775 10.6027793884277344 0 49
54.3036452376294392 -24.0714860360169212 -0.194383665919303894 0 50
54.2715301215936208 -24.1308668217980298 0.813964903354644775 -0.0812000036239624023 45
54.2675773935260963 -24.1308668217980298 -1.04476916790008545 0.0812000036239624023 45
53.7140280357302018 -24.4448096123124259 7.96600151062011719 0 52
53.2146600184430696 -25.337770694040735 8.50882339477539062 -0.0812000036239624023 45.5
53.9006822094598519 -24.2885414230099741 7.14044666290283203 0.0812000036239624023 46
55.5592608093959228 -21.4580575016195212 2.80385017395019531 0 48.5
56.0555939989538246 -20.3734948554865021 2.60408139228820801 0 48.5
52.6215344038660291 -26.7705376823771068 9.34684562683105469 0 46
55.9073147025943626 -20.9519897102620085 5.13733816146850586 0 49.5
56.170020539541504 -20.6333243259412882 4.38123512268066406 0 51
56.1622472132035071 -20.7008024941583919 4.15682125091552734 -0.0812000036239624023 45
56.1465040710444825 -20.8732467018243248 3.44649028778076172 0.0812000036239624023 46.5
56.3250321345980396 -20.8167607927202702 1.77728629112243652 0 46
55.6655532776115791 23.5301046566644381 -1.37226974964141846 0 50.5
54.856506124222058 25.4954721305933631 -2.00506997108459473 0 47.5
56.8345918496161175 21.5402860392754008 2.35068464279174805 0 48
56.8365041842158902 21.8484178545128636 1.03379333019256592 0 50
56.8274365734147295 22.1039073349729236 0.103926390409469604 0 50
57.124498317049401 21.9560452522650387 0.404725581407546997 0 47.5
58.792593801306694 21.4228836565542373 -5.01912689208984375 0 46.5
59.3872454141132593 20.537448537445858 -1.22112655639648438 0 47.5
54.4043594568649169 -30.4442364181494085 10.0616464614868164 0 48
59.6324896340833988 -20.2974319532907224 7.60808277130126953 0 47.5
53.8138611596524967 -33.649113091751822 5.98902463912963867 0 46.5
55.066001909572158 -32.3628655829871903 1.89480221271514893 0 46.5
61.288543296630138 20.3339266294772578 3.14140987396240234 0 48
62.3671643982155999 -21.0838334779945065 8.45276641845703125 0 47
62.6047914477536835 -20.5014983356209584 8.71389102935791016 0 47.5
65.3264052060348348 -19.7144221301440083 5.71216726303100586 0 45.5
70.1904566181677438 -2.99450291272093105 1.705474853515625 0 48
70.2492140163910221 -2.62848089627879489 2.69483566284179688 0 52.5
70.243715212097726 -2.99769894859889297 2.44079732894897461 -0.0812000036239624023 46
70.2739188799315002 -2.47903549414923141 2.13400173187255859 0.0812000036239624023 46.5
70.4513844882921205 -1.40954386869646364 2.20581245422363281 0 59
70.4269185806960962 -1.77073948504993273 2.67656230926513672 -0.0812000036239624023 53.5
70.4047274904930731 -1.45359211459322824 3.36325407028198242 0.0812000036239624023 51.5
70.512785062278482 -1.97546086496291884 2.20815920829772949 0 70.5
70.5003909257541181 -1.97546086496291884 2.57362842559814453 -0.0812000036239624023 63
70.5424042661182824 -1.77262336543547638 1.20765221118927002 0.162400007247924805 54
70.5371381545474065 -1.87845162605849003 1.34716224670410156 0.0812000036239624023 67.5
70.6009044056144432 -1.77450705419449317 1.94570231437683105 0 77
70.6009044056144432 -1.77450705419449317 1.94570231437683105 -0.0812000036239624023 69.5
70.490821319117245 -3.39010302890888227 3.31267356872558594 0.324800014495849609 47.5
70.604156505994851 -1.88044777384789596 1.71457552909851074 0.162400007247924805 59
70.598226781397841 -1.97756010019684814 1.8445889949798584 0.0812000036239624023 74.5
70.6923365026432435 -1.77639093458003683 1.21021902561187744 0 71.5
70.6923365026432435 -1.77639093458003683 1.21021902561187744 -0.0812000036239624023 63.5
70.6485132977514212 -2.49224996791826037 2.14537715911865234 0.324800014495849609 45.5
70.6731763931073402 -1.97965954898471774 1.84654724597930908 0.162400007247924805 52.5
70.6931726378519301 -1.88244412470421829 0.978796958923339844 0.0812000036239624023 68
72.6162690715806605 -28.8602624441100595 6.95458364486694336 0 45.5
58.5719034162175021 52.2647827768372437 9.30739021301269531 0 48.5
76.66356782034606 -19.9708377802196928 2.89628958702087402 0 48
76.9131670022563156 -19.4642090894377731 1.39025652408599854 0 46.5
83.0202423257248654 22.378759774087964 4.47681283950805664 0 53.5
82.9447488249916063 22.4971089844316978 5.22112655639648438 -0.0812000036239624023 47.5
82.9946698742679132 22.378759774087964 4.92813014984130859 0.0812000036239624023 47
83.0685945364287619 22.0536641700319826 6.27497720718383789 0 56
82.8452390034993016 22.5167049704769902 7.46967458724975586 -0.0812000036239624023 50
83.0685945364287619 22.0536641700319826 6.27497720718383789 0.0812000036239624023 49.5
82.7360684880846833 22.072857177885048 10.3244400024414062 0 49.5
85.6081919269153957 14.8919533311777048 2.3287510871887207 0 48
