
X Y Z V_r Mag
6.49008451214351911 2.90785912637366195 1.12390375137329102 -0.0812000036239624023 46.5
6.48248909905466864 2.87906844195412059 1.23624515533447266 0.0812000036239624023 46
6.6110127811290651 2.90905866076350428 0.870351552963256836 -0.0812000036239624023 51.5
6.78677432611163223 2.8214871074362069 0.03758273646235466 0 73.5
6.78645643645814101 2.8214871074362069 0.0756650939583778381 -0.0812000036239624023 67.5
6.78677432611163223 2.8214871074362069 0.03758273646235466 0.0812000036239624023 67.5
6.84704051773463629 2.8669785634941527 0.170579120516777039 0 79
6.84595916936071003 2.8669785634941527 0.209544733166694641 -0.0812000036239624023 73
6.84789064577497975 2.8669785634941527 0.132115021347999573 0.0812000036239624023 73
6.90363057794803403 2.91936797217056254 0.259191632270812988 0 72
6.90580605506674594 2.90905880758183866 0.311819404363632202 -0.0812000036239624023 66.5
6.90497983005873017 2.91936797217056254 0.220349878072738647 0.0812000036239624023 66
6.98916235068300207 2.90785912065346697 -0.276750266551971436 0 53.5
6.35802589842617216 -7.17847731527227406 0.452745288610458374 0 51
6.374044950414957 -7.17247925601820313 0.295132845640182495 0.0812000036239624023 45.5
6.57543347679034884 -7.09673487190791707 0.07519492506980896 0 68
6.57543347679034884 -7.09673487190791707 0.07519492506980896 -0.0812000036239624023 61.5
6.57581359890900519 -7.09673487190791707 -0.0257247090339660645 0.0812000036239624023 62.5
6.64218799475065236 -7.1346911992103994 -0.200067728757858276 0 70.5
6.65854399234632144 -7.12128928609712819 -0.116324357688426971 -0.0812000036239624023 64
6.64044880987798525 -7.1346911992103994 -0.251237750053405762 0.0812000036239624023 65
6.66351796197382118 -7.18957399749534076 -0.661968111991882324 0 58.5
6.66836883585502438 -7.18957399749534076 -0.611167550086975098 -0.0812000036239624023 52.5
6.65257023852982332 -7.18957399749534076 -0.764182448387145996 0.0812000036239624023 53
6.56841017867228949 -7.17888981151118877 1.82470059394836426 0 48.5
10.439970192292817 1.53310396679129979 -1.4419175386428833 0 45.5
10.3074508570321193 2.74471190322253866 -1.11743175983428955 0 50
10.3407606519936373 2.88671590377651599 -1.17283427715301514 0 54.5
10.3670269312222949 2.8381316248910764 -1.05345571041107178 -0.0812000036239624023 48.5
10.3907468893750554 2.95704309475470906 -1.24655330181121826 0 51.5
10.38388047413385 2.95704309475470906 -1.3025130033493042 0.0812000036239624023 45.5
10.4235078610527765 2.70514354850890859 -1.9837336540222168 0 45.5
10.4031153230254265 3.72839361230990418 -1.04128742218017578 0 49
10.5167291430308776 -6.72531460666560399 -1.02185404300689697 0 46
12.9367759808480614 2.94277908750324757 0.453341215848922729 0 64.5
12.9367759808480614 2.94277908750324757 0.453341215848922729 -0.0812000036239624023 58.5
12.9390293199532564 2.94277908750324757 0.383687227964401245 0.0812000036239624023 59
13.0093326935147093 2.9894326988612252 0.20750899612903595 0 72
13.0080265416136935 2.9894326988612252 0.277579784393310547 -0.0812000036239624023 66.5
13.010252106608208 2.9894326988612252 0.138342767953872681 0.0812000036239624023 66.5
13.0770737880179357 3.03642370018080854 0.0302034486085176468 0 66
13.0767279394596319 3.03642370018080854 0.0997648760676383972 -0.0812000036239624023 60
13.0838982666623185 3.00622722139448006 0.0695614218711853027 0.0812000036239624023 60.5
13.2019495649034351 2.80709181766155558 0.280698657035827637 -0.0812000036239624023 52.5
9.51008527966291695 -9.73783047631003917 1.02735662460327148 0 49
11.0089146061985748 -8.47885668835253625 -1.2309805154800415 0 45.5
5.71065343867944364 13.381669839512119 0.147801816463470459 0 52
5.66308453582228122 13.398033294478914 0.35310789942741394 -0.0812000036239624023 47
5.82238662561162634 13.3325794746117356 0.211282938718795776 0.0812000036239624023 46
5.83091328322694391 13.4122700116342006 0.0458655990660190582 0 53.5
5.85465779945210851 13.4013048092810454 0.136599063873291016 -0.0812000036239624023 48
5.85465779945210851 13.4013048092810454 0.136599063873291016 0.0812000036239624023 47.5
9.73851694828852743 -11.107206115486786 -0.303179562091827393 0 52.5
9.66465747192281377 -11.1662869990797997 -0.457246631383895874 0.0812000036239624023 47
9.79004224850069704 -11.1635877268484283 -0.227786749601364136 0 51.5
13.0073853893934803 -8.8171472870074119 -1.06224167346954346 0 45.5
13.0603172320016832 -9.32805083883741126 -0.134588941931724548 0 46.5
13.5352730140525548 -8.74095265968836976 0.63855743408203125 0 46.5
13.4660000546751206 -9.00428661847043443 0.172293007373809814 0 68.5
13.4716735133144265 -8.99416489340470804 0.242974504828453064 -0.0812000036239624023 62
13.4235640868571569 -9.06906565889108585 0.0033132149837911129 0.0812000036239624023 62.5
13.485710846145226 -9.11105249910907489 0.00332855409942567348 0 71
13.5294507335460761 -9.04597355268686698 0.00332855409942567348 -0.0812000036239624023 65
13.5271271913228759 -9.04597355268686698 -0.250754714012145996 0.0812000036239624023 65.5
13.5383627301669698 -9.15303827155736194 -0.50710296630859375 0 61
13.5801032724515967 -9.09583178236012735 -0.41127777099609375 -0.0812000036239624023 55
13.526399867420654 -9.15303827155736194 -0.762174069881439209 0.0812000036239624023 55
13.9583890308869218 -8.92482169522744506 0.491492122411727905 0 56.5
13.8964430501326266 -9.0138835037432905 0.607821881771087646 -0.0812000036239624023 50
13.9225890907236742 -8.97660181645758826 0.559260845184326172 0.0812000036239624023 51
13.9887857815821235 -9.01722033554347391 0.475562542676925659 0 65
13.9593235196910346 -9.05467071995505002 0.610572218894958496 -0.0812000036239624023 59
13.9914834145847191 -9.01722033554347391 0.388185888528823853 0.0812000036239624023 59.5
14.0026123656276535 -9.09545689890481412 0.96184772253036499 0 55.5
13.9743883794769452 -9.12471618120827621 1.08704042434692383 -0.0812000036239624023 49.5
13.9681258857301227 -9.1330759761521243 1.09728038311004639 0.0812000036239624023 49.5
14.0985489296291604 -9.13624411511657364 0.00343592651188373566 0 51.5
14.1174524237436945 -9.1068536239374307 0.0526866354048252106 -0.0812000036239624023 46
14.0708633000482379 -9.17403188948975945 -0.296635657548904419 0.0812000036239624023 46.5
13.2133469023481904 -10.4591154086785476 0.88316953182220459 0 46
13.4795645479038502 -10.7605178742189622 0.274008005857467651 0 68.5
13.4257537195654564 -10.8294955528998518 0.183460146188735962 0.0812000036239624023 63
13.5406389589820595 -10.807303210461864 0.094492495059967041 0 72
13.5397153684806497 -10.807303210461864 0.184257805347442627 -0.0812000036239624023 66
13.5409679481066405 -10.807303210461864 0.00472465157508850098 0.0812000036239624023 66.5
13.5969691360351881 -10.8540885467047641 -0.266901642084121704 0 63.5
14.075468901209808 -10.3418535806780572 0.550332903861999512 0 46.5
17.0713598285585135 3.80931129748607811 1.43539810180664062 0 49
13.9104460042715505 -10.8072371307711688 0.586281180381774902 0 64.5
13.8839780536350883 -10.8336660783092285 0.712366163730621338 -0.0812000036239624023 58
13.8921865805589135 -10.8336660783092285 0.528633713722229004 0.0812000036239624023 58.5
13.961224840230436 -10.8797672539860777 0.0699900016188621521 0 72
13.9590779413824784 -10.8797672539860777 0.254611015319824219 -0.0812000036239624023 66
13.961224840230436 -10.8797672539860777 0.0699900016188621521 0.0812000036239624023 66.5
14.0173633411442413 -10.9258684296629252 -0.299310952425003052 0 69.5
14.0190278211738253 -10.9258684296629252 -0.207220450043678284 -0.0812000036239624023 63
13.9974663296551629 -10.945858837442346 -0.45802578330039978 0.0812000036239624023 64
13.8766254117945991 -11.2173265397938788 0.483074575662612915 0 57.5
13.8730481462042032 -11.2173265397938788 0.576738834381103516 -0.0812000036239624023 51.5
13.8860929092058019 -11.206173898573164 0.469692826271057129 0.0812000036239624023 52
13.4717957485122959 -11.4996481745536769 2.75217461585998535 0 51.5
16.6413395694115884 -6.8512829107171731 -0.354632377624511719 0 46
15.2247443683630674 -9.5405130731212715 -1.97266757488250732 0 48.5
17.0134919140147716 7.0982531362687995 2.47303986549377441 0 45.5
17.2050236872516784 7.09420473558903097 1.55405676364898682 0 46
16.4811617421320626 -9.03307724378129606 -1.07493031024932861 0 46.5
16.0621106229778512 -9.87441791545593972 -1.30939817428588867 0 45
17.4932535375945264 -7.72400049750583584 0.302487552165985107 0 48
17.5970055118001483 -7.67751584521098795 0.202889993786811829 -0.0812000036239624023 46.5
17.6878586610298392 -7.61838840209214219 0.790872573852539062 0 48.5
17.6803145188293875 -7.8003634401277484 0.991620838642120361 0 52
15.8599868629492722 -11.9732972912978575 -0.341447740793228149 0 48.5
15.8420469232189909 -12.1256765699161537 0.00544050754979252815 0 49.5
18.9918937277467172 6.29832795316173222 -0.799818158149719238 -2.51719999313354492 52
19.0133792210586385 6.26830016792615741 -0.447762519121170044 -2.59840011596679688 56.5
19.0048846672449443 6.29832795316173222 -0.382244139909744263 -2.67960023880004883 54.5
19.0947151741210348 6.26917140222066571 -0.315169423818588257 -2.51719999313354492 59
19.0845892871677876 6.2917765875652103 -0.449439495801925659 -2.59840011596679688 64.5
19.0818528846579234 6.2917765875652103 -0.553553760051727295 -2.67960023880004883 61.5
19.0785026706653049 6.2917765875652103 -0.659022986888885498 -2.76080012321472168 49
19.1579775295351702 6.31525360424959903 -0.346601694822311401 -2.51719999313354492 59.5
19.1530545511995385 6.31525360424959903 -0.555619299411773682 -2.59840011596679688 63.5
19.1658070934587208 6.23962182455798775 -0.877273082733154297 -2.67960023880004883 57.5
19.1714796447272811 6.21189017200439686 -0.947349369525909424 -2.76080012321472168 47
19.2130128575044203 6.36909519765578391 -0.597704410552978516 -2.51719999313354492 53.5
19.1643846379993477 6.52345149763870147 -0.483158200979232788 -2.59840011596679688 59.5
19.0369119159206512 6.89542487628605905 -0.33408653736114502 -2.67960023880004883 56
19.070846474023007 6.8017989238374037 -0.317521423101425171 -2.76080012321472168 48.5
19.4267791553385898 5.91774147885636115 -0.828415453433990479 -2.51719999313354492 46.5
19.1358433576149309 6.71777948994638496 -1.34038019180297852 -2.59840011596679688 58.5
19.1541688236441061 6.74571732525429013 -0.847799301147460938 -2.67960023880004883 61
19.1005262226892398 6.908264730682105 -0.742567539215087891 -2.76080012321472168 53.5
17.8308669567674833 -9.89844758256710477 -0.490909069776535034 0 45
19.3894012517908045 6.32960220126554773 -0.383841574192047119 -2.59840011596679688 62.5
19.2404491459707288 6.74256859538758491 -0.709168672561645508 -2.67960023880004883 63
19.2073938307326308 6.85218313209898966 -0.53261953592300415 -2.76080012321472168 54.5
17.7779819387378879 -10.1523148791717528 -0.315465569496154785 0 47.5
19.5580808805804907 6.05863952466701416 -0.00139459769707173109 -2.43600010871887207 48.5
19.5405514511491596 6.11236901369488894 -0.177279621362686157 -2.51719999313354492 61
19.5063067242594244 6.2223865388472035 -0.107486359775066376 -2.59840011596679688 66
19.3964328043257197 6.54988056720758216 -0.32104945182800293 -2.67960023880004883 64.5
19.3165189216297861 6.78270835299503982 -0.304300129413604736 -2.76080012321472168 56
19.603554608689393 6.13475887112363338 -0.606559336185455322 -2.43600010871887207 48.5
19.6359969762285616 6.05772129635020917 -0.184935018420219421 -2.51719999313354492 61.5
19.4976511708278579 6.46345252349024069 -0.606559336185455322 -2.67960023880004883 64
19.3702204893111833 6.77160282258393487 -1.11467576026916504 -2.76080012321472168 54.5
19.7022128014042437 6.04890193785515429 -0.790062963962554932 -2.51719999313354492 54
19.5880472659494096 6.37879518372028365 -1.00499868392944336 -2.59840011596679688 58.5
19.4443244771066084 6.66487448286895034 -1.69951093196868896 -2.67960023880004883 58.5
19.1188855421524195 7.73445024094730194 -0.19263903796672821 -2.76080012321472168 50.5
19.3589542294753265 7.14177666964702862 -1.64802014827728271 -2.59840011596679688 49.5
19.3040068878588187 7.42630960469272594 -0.833829998970031738 -2.67960023880004883 55
19.33721730205977 7.36681635463771745 -0.540452122688293457 -2.76080012321472168 54
19.5571905799590553 6.97814237142931226 -0.650010168552398682 -2.59840011596679688 48
19.5254582579115663 7.074195670440802 -0.559401094913482666 -2.67960023880004883 55
19.5192299555695463 7.08977188109131351 -0.579223573207855225 -2.76080012321472168 54
19.9101399830687313 6.14615495406437962 -0.73049551248550415 -2.59840011596679688 48.5
19.7238534365869143 6.62294442273490969 -1.35230636596679688 -2.67960023880004883 48
19.5674960144570598 7.17007987858633822 -0.65235668420791626 -2.76080012321472168 51
19.812270043985837 6.5500213829121412 -1.55783426761627197 -2.59840011596679688 50.5
19.5866969835701319 7.3632176504114133 -0.00142524822149425745 -2.76080012321472168 49.5
19.6615688447637424 7.34237399263003709 0.715718746185302734 -2.76080012321472168 49.5
20.2075089273727819 5.98336398774580669 0.107762739062309265 -2.51719999313354492 48.5
20.3206232024975186 5.8645838817989695 -0.0389319360256195068 -2.43600010871887207 48.5
20.2960413685041487 5.94387073013333911 -0.252334386110305786 -2.51719999313354492 56.5
20.2975848837502575 5.94387073013333911 -0.0317236147820949554 -2.59840011596679688 54.5
19.9964849566911127 6.87945554047891683 -0.369117259979248047 -2.67960023880004883 51.5
20.3753420222977333 5.94107756185717228 -0.222843185067176819 -2.43600010871887207 48.5
20.3893533629037655 5.88537995971476136 -0.370426177978515625 -2.51719999313354492 57.5
20.3921131415865382 5.86946635910264369 -0.460127919912338257 -2.59840011596679688 56
16.1706898061009881 13.8538301165776332 -0.51982414722442627 0 47.5
20.453911935172254 5.89020673352282387 -0.795603156089782715 -2.51719999313354492 52
20.4926455998294337 5.79172609676713268 -0.444331496953964233 -2.59840011596679688 50.5
16.2332346368308649 13.9026104615761437 -0.300190210342407227 0 57
16.2222692270209841 13.9186365255087949 0.013116675429046154 -0.0812000036239624023 51.5
16.2165395504317615 13.9186365255087949 -0.431326508522033691 0.0812000036239624023 51.5
16.2791900489454662 13.9674743434498527 0.0131626995280385017 0 57
16.2909464333360177 13.9513920471419084 0.257376790046691895 -0.0812000036239624023 51
20.6495633104933844 5.73333863378223629 0.909336984157562256 -2.43600010871887207 45.5
20.6116580026028764 5.83251279434789449 1.11530351638793945 -2.51719999313354492 45
20.2777320172028794 6.97703621492994941 -0.486934453248977661 -2.67960023880004883 48
16.2901939342688742 13.9513920471419084 -0.301243513822555542 0.0812000036239624023 51
16.3981472682432816 13.9436887823163467 -0.00440159672871232033 0 46.5
20.1744369993897621 7.40220515604447993 -1.23496246337890625 -2.67960023880004883 47.5
14.7543832097860506 18.4652127136914963 1.74186968803405762 0 62.5
14.781415327504666 18.4652127136914963 1.49523210525512695 0.0812000036239624023 56.5
14.7537493729999571 18.5385020926668886 1.97522664070129395 0 71
14.6334958139056184 18.633571334167744 1.97522664070129395 -0.0812000036239624023 65
14.7698718687872539 18.5385020926668886 1.850821852684021 0.0812000036239624023 65
14.7456422473044491 18.59698227571986 2.35388994216918945 -0.0812000036239624023 61.5
23.0960832953798096 5.93970924287014057 0.336575955152511597 -2.43600010871887207 48
23.089161870032612 5.97547267032344909 -0.0829267874360084534 -2.51719999313354492 50.5
17.2557171905523141 -16.5656932251468163 -0.472996652126312256 0 52
14.7937320876433791 18.6179751848247825 3.24290895462036133 0 57
14.6869420671051305 18.6989489815371321 3.2623600959777832 -0.0812000036239624023 51
14.7831983753155463 18.6809548044899429 2.91187167167663574 0.0812000036239624023 51
14.8399629706973428 18.6761569491268524 3.25304317474365234 0 58.5
14.7777993503201213 18.739333382105535 3.1717078685760498 -0.0812000036239624023 52.5
14.9193326638829085 18.6490813349931308 3.0382390022277832 0.0812000036239624023 52.5
14.4364162925980981 19.0831249619955194 3.77820754051208496 0 55.5
14.468723177277365 19.0831249619955194 3.65253996849060059 -0.0812000036239624023 50
14.5002886878081263 19.0831249619955194 3.52513766288757324 0.0812000036239624023 49.5
14.3497230944752214 19.0450378836712808 4.67568159103393555 0 57.5
14.2198436461974822 19.142206444302257 4.67568159103393555 -0.0812000036239624023 52
14.3008245200674562 19.142206444302257 4.42180871963500977 0.0812000036239624023 52
18.8192120320930201 -16.7557283192020705 -0.350472122430801392 0 52
18.7573317797651988 -16.828154884009745 -0.12541767954826355 -0.0812000036239624023 46
18.7170636683306171 -16.8722406191100696 -0.197574034333229065 0.0812000036239624023 46
18.8782922401656528 -16.8055970640234769 -0.0878815352916717529 0 49.5
11.0457306213423951 25.2047450902012038 -0.581691503524780273 0 49
10.5489762007053454 25.4941503928212363 -0.726246893405914307 0 48.5
13.4413775760799385 24.8739520805698433 -0.302642107009887695 0 48
13.4797282309838522 24.9399297229885804 0.139162689447402954 0 50.5
26.0263566061563303 -12.6723807755123996 0.376969963312149048 0 52
26.059050387307245 -12.6072643456068274 0.292106002569198608 -0.0812000036239624023 46
26.065356051511511 -12.596411607289232 -0.173687636852264404 0.0812000036239624023 46
12.7681923375596327 26.06327349155519 0.360139161348342896 0 57.5
12.6657053940818525 26.1140508125796487 0.294841796159744263 -0.0812000036239624023 52
12.6683375898011725 26.1140508125796487 0.142476096749305725 0.0812000036239624023 51.5
12.8011845774541477 26.1306194203081787 0.361069738864898682 0 57.5
12.7426454404144422 26.1597100069158159 0.323378264904022217 -0.0812000036239624023 52
12.9381904841309652 26.0651656004409986 0.142844244837760925 0.0812000036239624023 51.5
25.9726927960525806 -13.4323728826149846 0.74374854564666748 0 49
25.9754945203192413 -13.602398589761048 -0.451820671558380127 0 51.5
26.0294598984282999 -13.4851365329527635 -0.757644832134246826 -0.0812000036239624023 46
26.0387568258976643 -13.4851365329527635 -0.29988783597946167 0.0812000036239624023 47
26.3702383522105279 -12.8546658709886579 -1.93085122108459473 0 49
26.3777221255739249 -13.1342311557446632 -0.695226550102233887 0 50
16.3643872582289234 24.9241473131381888 1.41994988918304443 0 52.5
16.1489158519580478 25.0658889470650479 1.39149308204650879 -0.0812000036239624023 46.5
16.2742899158654346 24.9875580441054694 1.33863508701324463 0.0812000036239624023 46
16.7566498739195744 24.7698853615721433 1.08310556411743164 0 62.5
16.8505372389779993 24.6838788151777955 1.50706779956817627 -0.0812000036239624023 56.5
16.7459164835017802 24.7698853615721433 1.23804664611816406 0.0812000036239624023 56.5
16.892769589872966 24.74574380006149 1.51084494590759277 0 62
16.8619066034266893 24.74574380006149 1.82329154014587402 -0.0812000036239624023 56
16.892769589872966 24.74574380006149 1.51084494590759277 0.0812000036239624023 56
26.2493377761129487 -14.6718525305702663 -0.463376164436340332 0 56
26.2534267137074409 -14.6718525305702663 0.00615092180669307709 -0.0812000036239624023 50
26.263901065657361 -14.6380291000438501 -0.664281308650970459 0.0812000036239624023 50
26.2578967113666693 -14.8101644000282917 0.452202558517456055 0 60.5
26.2578967113666693 -14.8101644000282917 0.452202558517456055 -0.0812000036239624023 54.5
26.2601210208425222 -14.8101644000282917 0.295991003513336182 0.0812000036239624023 55
16.3360423274376814 25.4298867822346146 -0.0721209198236465454 0 58.5
16.4513728744126198 25.3467949198836351 0.665534913539886475 -0.0812000036239624023 53
16.4624786955561007 25.3467949198836351 -0.278181999921798706 0.0812000036239624023 53
16.8037970548958064 25.2014457123300453 0.780770599842071533 -0.0812000036239624023 47
25.3551656741080933 16.5460212985099631 -1.19782865047454834 2.51719999313354492 45
25.3771345534378732 16.5460212985099631 -0.565986156463623047 2.43600010871887207 45
25.4309101837634799 16.5869772118475964 -0.88413846492767334 2.51719999313354492 51
25.5250588071799029 16.4503339213152167 -0.706105291843414307 2.43600010871887207 51
25.5219314135007806 16.5594417455311707 -1.2722092866897583 2.51719999313354492 51
25.5831643018842705 16.4909514074292503 -0.86764603853225708 2.43600010871887207 51.5
26.4775471696210403 -15.1355028768832582 1.27742350101470947 0 46.5
25.6040943967428305 16.6002289617429284 -0.799051821231842041 2.51719999313354492 45.5
26.6601915602728639 -15.0082684805190336 0.588276684284210205 0 64
26.6561645318556053 -15.0082684805190336 0.748876512050628662 -0.0812000036239624023 58
25.7209799865815079 16.5721874126291695 -0.392198860645294189 2.43600010871887207 46
26.649804600996287 -15.0312110565402062 0.458951830863952637 0.0812000036239624023 58.5
26.6380935901631481 -15.2098786195305298 0.165213257074356079 0 70.5
26.6366070968579649 -15.2098786195305298 0.326240003108978271 -0.0812000036239624023 64.5
25.7594656270022675 16.6128059317150516 -1.19175636768341064 2.43600010871887207 46.5
26.6386052110213285 -15.2098786195305298 0.00627363380044698715 0.0812000036239624023 65
26.6919172761652383 -15.247066963723606 -0.794461369514465332 -0.0812000036239624023 58
26.1130397278509179 16.2307487033186781 -0.484258741140365601 2.43600010871887207 45.5
26.0046997637372108 16.3959764955162868 -0.700149178504943848 2.35480022430419922 45
26.6109402143269094 -15.3892397151494542 -0.769311904907226562 0.0812000036239624023 58.5
26.0428846285136757 16.4359660694084369 -1.34456872940063477 2.51719999313354492 47.5
26.0139016240768477 16.5168555204179484 -0.806904911994934082 2.43600010871887207 54
26.0035305662391316 16.5515224279934543 -0.210151597857475281 2.35480022430419922 48.5
26.338165884220178 -16.028051581185867 2.05248761177062988 0 47.5
26.0041017222767898 16.5917941807650351 -1.8191063404083252 2.51719999313354492 47
26.0492433360435065 16.5570429246265931 -1.45306360721588135 2.43600010871887207 48.5
25.9352629731894133 16.5917941807650351 -2.62385129928588867 2.11120009422302246 48.5
25.930613137030349 16.6381291889496268 -2.36347651481628418 2.03000020980834961 45.5
26.7821966137491678 -15.5250668725940955 -1.0662386417388916 0 53.5
26.7542927913809834 -15.6063499452254799 -0.316761314868927002 -0.0812000036239624023 47.5
26.1404896280838734 16.5972293068270957 -0.810831427574157715 2.43600010871887207 52.5
26.2001434530825961 16.4927224991581767 -0.996588587760925293 2.35480022430419922 52
25.8081610081516608 16.7210892270272993 -3.71411037445068359 2.11120009422302246 46.5
26.7673939063674595 -15.5250668725940955 -1.38908505439758301 0.0812000036239624023 48.5
26.8682423624367495 -15.5626582154767643 0.0613908320665359497 0 58.5
26.8794321322196623 -15.5393782480639331 0.35562974214553833 -0.0812000036239624023 52.5
26.2405634967906707 16.5326568576780097 -1.48549175262451172 2.43600010871887207 49
26.3119561533059603 16.389097058632224 -1.78355777263641357 2.35480022430419922 47.5
26.8681290073865355 -15.5626582154767643 -0.0994924232363700867 0.0812000036239624023 53.5
26.9726442288911556 -15.2891002278511401 2.7359769344329834 0 53
26.4339905067306056 16.4286846508377558 -0.328906416893005371 2.43600010871887207 45
26.427633999329899 16.4682712362889987 -1.95354294776916504 2.43600010871887207 47.5
26.9009841956608931 16.4136888931443181 -1.97702300548553467 2.35480022430419922 47
26.7687951763048702 -16.7057947760136081 -2.46386909484863281 0.0812000036239624023 47.5
26.83005232007012 -17.3033135253721326 1.24346935749053955 0 59.5
26.7493850858516176 -17.3751777716703977 1.83743107318878174 -0.0812000036239624023 52.5
26.83005232007012 -17.3033135253721326 1.24346935749053955 0.0812000036239624023 54.5
26.8175328597114913 -17.4879979313063068 0.768472969532012939 0 59
26.8218225356702717 -17.4879979313063068 0.600392520427703857 -0.0812000036239624023 52.5
26.8072697060603176 -17.5200125728281471 0.141920298337936401 0.0812000036239624023 53.5
18.223645282529727 26.5036258866394867 0.829085707664489746 0 46.5
19.2198000863862113 25.8964323610684488 0.191288232803344727 0 48
27.8298517436251132 -16.5834343476865556 -0.499198287725448608 0 54.5
27.917112620526904 -16.4093406765560594 -1.06230568885803223 -0.0812000036239624023 47.5
27.8323562660346155 -16.5834343476865556 -0.33133387565612793 0.0812000036239624023 49
28.0271383149903919 -16.3621063422001463 -1.17761218547821045 0 50
16.1781564120706527 28.2442627472381318 -0.177530333399772644 0 47
20.5628529986957282 25.3088100168711883 1.01188087463378906 0 49.5
20.1499398378595878 25.7347477831554734 -0.996380388736724854 0 47.5
31.9852811689286725 6.79939985887118148 -0.00222726957872509956 -2.19239997863769531 45.5
29.2533655039043516 14.5713100340953332 -1.09888005256652832 1.86760008335113525 55
29.2592365431473453 14.5713100340953332 -0.929528892040252686 1.78640007972717285 58.5
29.2738545602085019 14.5713100340953332 0.0914060324430465698 1.70520007610321045 50.5
20.3496674533601443 25.687288736665792 0.504977047443389893 0 50
32.0901527233365158 6.66345962604516018 -0.145242929458618164 -2.27360010147094727 53.5
29.2966664471188629 14.6047308091438488 -1.61488771438598633 1.86760008335113525 55.5
29.3134974770283421 14.6047308091438488 -1.27334356307983398 1.78640007972717285 59
29.3650744397434593 14.5473931110709334 -0.516148984432220459 1.70520007610321045 52.5
19.9407780641888017 26.0949886765874517 0.734532833099365234 0 52.5
32.2040075747874965 6.48167171941664133 0.111981011927127838 -2.11120009422302246 51.5
32.2128071970657857 6.43651757824274462 0.170211762189865112 -2.19239997863769531 60.5
32.2132564612822634 6.43651757824274462 -1.43591921641927911e-06 -2.27360010147094727 58.5
29.4492071286736419 14.4862694729710757 -1.41947102546691895 1.86760008335113525 48.5
29.4369987190990052 14.5355285360698705 -1.14197015762329102 1.78640007972717285 53
29.4524198982971406 14.5355285360698705 -0.629291713237762451 1.70520007610321045 48
19.9407780641888017 26.0949886765874517 0.734532833099365234 0.0812000036239624023 47
19.8108405299039241 26.2574242278954806 1.4608386754989624 0 45
32.3110291947004171 6.3195555647206918 0.341193705797195435 -2.11120009422302246 52.5
32.3055783503532936 6.3195555647206918 0.684592843055725098 -2.19239997863769531 59.5
32.324262248279318 6.24549827294662219 0.437709689140319824 -2.27360010147094727 57.5
29.4476567186970222 14.6715723592408782 -1.27917122840881348 1.78640007972717285 47.5
32.3791162538758783 6.33395032061049257 -0.688400864601135254 -2.11120009422302246 48.5
32.5021795493907391 5.99703760963689536 -1.26472020149230957 -2.11120009422302246 54.5
32.4981429370165813 5.95157419564240442 -1.55083656311035156 -2.19239997863769531 57
32.5278093257059737 5.95157419564240442 -0.689965426921844482 -2.27360010147094727 49
32.5729397977504291 6.09762707606163801 -0.863247036933898926 -2.11120009422302246 59.5
32.5749762778548444 6.13490876334734114 -0.395502835512161255 -2.19239997863769531 62.5
32.5766250702018212 6.13490876334734114 -0.221485674381256104 -2.27360010147094727 54.5
29.5206220873818843 15.0742288925192263 -0.472338736057281494 1.86760008335113525 46.5
29.598806666734486 14.9209597336780035 -0.445220202207565308 1.78640007972717285 50.5
29.6559354270898901 14.771832984535191 -1.11400222778320312 1.62400007247924805 47
32.6495832202702161 6.02423533515310083 -1.27045595645904541 -2.11120009422302246 59
32.6329799833444838 6.14878878798190431 -1.08709084987640381 -2.19239997863769531 63
32.6461326293689567 6.14878878798190431 -0.568532347679138184 -2.27360010147094727 57.5
29.6989096702771143 14.8052537595837066 -1.63706016540527344 1.86760008335113525 52
29.7289962823768867 14.8052537595837066 -0.944452583789825439 1.78640007972717285 55.5
29.7438489930491556 14.8052537595837066 0.0928735584020614624 1.70520007610321045 48
32.7140946815955971 6.01286727497015061 -1.58859992027282715 -2.11120009422302246 50
32.6808266219239911 6.21260265849857163 -1.50242412090301514 -2.19239997863769531 57
32.7119334692759409 6.1626688126164666 -0.917081654071807861 -2.27360010147094727 55
29.9454733088713567 14.5598772284571343 -0.410911411046981812 1.86760008335113525 49.5
29.9010509445463448 14.647261458750819 -0.524416804313659668 1.78640007972717285 52.5
32.7429295651408054 6.40592702879924758 -0.869106173515319824 -2.19239997863769531 50.5
32.7857706855930289 6.2265944361961445 -0.461891412734985352 -2.27360010147094727 48
32.8170609314297934 6.34508436237937001 -1.29728889465332031 -2.19239997863769531 46
27.6217539793976563 -18.4764222367679558 -7.06833028793334961 0 49
18.4091004213184348 26.503607004276347 10.8658447265625 0 48
16.2966885956704246 -30.1522440144119201 0.189276799559593201 0 48
16.5462185269574391 -30.0980372192185186 -0.503484904766082764 0 47
33.9471162867082512 6.55848405579837657 0.101362355053424835 -2.19239997863769531 49
33.9471162867082512 6.55848405579837657 0.101362355053424835 -2.27360010147094727 47.5
34.0756129474910807 6.28261096088948889 -0.0637821033596992493 -2.19239997863769531 47.5
34.0800869984236456 6.2349826214203059 -0.543314456939697266 -2.27360010147094727 47
28.0232447900060393 -20.594937242465452 -1.25955033302307129 0 51.5
34.1680895582763782 6.60116442864496467 -0.0806645676493644714 -2.19239997863769531 46
28.1028208214545145 -20.639321073125668 -0.718004405498504639 0 55.5
28.106856374019447 -20.639321073125668 -0.537331461906433105 -0.0812000036239624023 49.5
28.0976236618565203 -20.639321073125668 -0.898658096790313721 0.0812000036239624023 50.5
28.1351956669562426 -20.6837071613561143 -1.44831514358520508 0 49.5
17.1879389646090317 -31.1095168176171839 -0.758556067943572998 0 49
17.2150636161791972 -31.1751460334350696 -0.944691777229309082 0 51.5
26.9461485674617336 -23.6264684349809464 -0.957989335060119629 0 47
27.0416805184126936 -23.7523137022893458 0.758342266082763672 0 47
33.5431096800675803 13.2713056588742795 0.371376603841781616 -0.0812000036239624023 51
33.5403946468137235 13.2713056588742795 -0.5656585693359375 0.0812000036239624023 54.5
33.6063909870975266 13.2988970110175284 -0.756576359272003174 0 58.5
33.9005658926313842 13.1862172878849346 -0.126476392149925232 0 52
35.8703120113555798 5.9635701763891884 -0.947228074073791504 -2.19239997863769531 45.5
34.0071979723084965 13.1177553419700601 -0.193830415606498718 0 56.5
33.9692104857733597 13.2134056413385927 -0.31808200478553772 -0.0812000036239624023 51
35.8998045667495305 6.21726945895455962 -1.07338368892669678 -2.19239997863769531 45.5
34.0219276124996028 13.0767623565264035 -0.330504417419433594 0.0812000036239624023 50.5
34.0771723410319467 13.144746882110196 -0.194229245185852051 0 52
35.3499764120418547 9.50491872986035524 -2.25642561912536621 0 47
34.8183725375070452 11.5036211544645894 2.43106818199157715 0 50.5
34.7795905124997589 11.6092432249447057 2.4835655689239502 0.0812000036239624023 45.5
34.9133034657838976 11.1911787434069137 3.44954252243041992 0 57.5
34.8940177673094851 11.1911787434069137 3.63946247100830078 -0.0812000036239624023 51.5
34.8881414677002013 11.3200245513079789 3.27953410148620605 0.0812000036239624023 52
34.7803769959936204 11.3430798251776785 4.8238978385925293 0 56
34.7983121820197354 11.2139715995252498 4.99344778060913086 -0.0812000036239624023 50
34.7983121820197354 11.2139715995252498 4.99344778060913086 0.0812000036239624023 49.5
35.0844819915592723 11.4077185201414544 2.46858906745910645 0 53.5
35.0390077937247497 11.4077185201414544 3.04676079750061035 -0.0812000036239624023 47.5
35.0755219686069211 11.3846166195336345 2.69239687919616699 0.0812000036239624023 49.5
35.2218472109504361 11.2595573117619221 2.31227374076843262 0 58.5
35.1790064111676273 11.2595573117619221 2.89180207252502441 -0.0812000036239624023 52.5
35.2514238874422219 10.9854450873088236 3.86299848556518555 0 55.5
35.249293607458128 11.1107014290982402 3.50788307189941406 0.0812000036239624023 50
35.1854919417331828 11.1331475189022768 4.67699003219604492 0 57.5
35.1854919417331828 11.1331475189022768 4.67699003219604492 -0.0812000036239624023 51
35.1631321576892759 11.1052565439071138 4.90586090087890625 0.0812000036239624023 52.5
33.0176675129472059 17.1409538538785924 -2.33392024040222168 0.0812000036239624023 48.5
33.0681496183687003 17.3247947227016326 -1.17115581035614014 0 51
32.9613048630472392 17.5606781357496935 -2.40951967239379883 0 52
32.8015550054759117 17.7009764963548832 -3.37108802795410156 0.0812000036239624023 46.5
36.6203102773786 -8.41407735810868118 -0.192130953073501587 0 61.5
36.572866785581752 -8.61597765185794096 0.266419768333435059 -0.0812000036239624023 55
36.6012001724428657 -8.49859376014325463 -0.0819770470261573792 0.0812000036239624023 55.5
37.6345247724201712 -0.451653862189064836 0.980431079864501953 0 55
37.6324168107092305 -0.602205149585419708 0.980431079864501953 0.0812000036239624023 49
37.6985829416704235 -0.428983081225312257 1.34485757350921631 0 50.5
37.7766584788401261 -0.604604397597876209 1.18269109725952148 0 49
33.2950116483693463 18.2101075378476338 0.191461935639381409 0 51
33.4417856547194603 18.0940454558841957 0.391451030969619751 0 56
33.3963037879297673 18.1605676818249471 -0.883939206600189209 -0.0812000036239624023 50.5
33.4042162511740557 18.1605676818249471 0.502917170524597168 0.0812000036239624023 50.5
33.5581769584923464 18.0202321985853473 -0.854520022869110107 0 57
33.5630600098873231 17.977383561917641 -1.39456772804260254 -0.0812000036239624023 51
33.5626719058996343 18.0202321985853473 -0.654548943042755127 0.0812000036239624023 51.5
33.819199782480716 17.7074712417945683 0.195200130343437195 0 63
33.7490120973331642 17.8410405291787981 -0.179580718278884888 0.0812000036239624023 57
33.886203105209141 17.7422585685282534 -0.00521347252652049065 -0.0812000036239624023 61
34.0938906177782997 17.2834070538249378 -1.39745175838470459 0.162400007247924805 47
34.0176572702327036 17.6237972538062095 -1.00323212146759033 0 63
36.9483922336831441 -10.4414215494869431 -0.594260513782501221 0 47
38.5477686859078474 -0.409461279910105669 -0.0683324187994003296 0 61
38.5445406739997125 -0.616600515629335488 0.202370226383209229 -0.0812000036239624023 54.5
38.5296103178443303 -0.438364429080230711 1.17463314533233643 0.0812000036239624023 56.5
38.5663131666808567 -0.0868781360559588989 2.12665653228759766 0 61.5
38.5217690671681154 -0.154450019655038046 2.81779766082763672 -0.0812000036239624023 55.5
38.5363406900294905 -0 2.61552882194519043 0.0812000036239624023 56.5
38.604384399698418 -1.23799940525276075 2.42051196098327637 0 56.5
38.561866926881784 -1.23799940525276075 3.02321720123291016 -0.0812000036239624023 50.5
38.6015324838028633 -1.15095257207092616 2.50740408897399902 0.0812000036239624023 51.5
38.6150396057576799 -1.03205044197457552 3.3636627197265625 0 53
38.537529301506467 -1.15318312295750669 4.12669897079467773 -0.0812000036239624023 47
38.6791998577269851 -1.24039865326521737 2.42520308494567871 0.0812000036239624023 47.5
38.9774573563128612 -0.443481488475509722 -1.24946880340576172 0 51.5
38.9685294541499729 -0.209557186862054073 -1.55238842964172363 -0.0812000036239624023 45
38.9855953424307415 -0.311899068817940939 -1.01292634010314941 0.0812000036239624023 46
38.9853085272180451 -0 2.64600110054016113 0 47.5
36.9850477637941921 -12.8370464057909359 -0.197514832019805908 0 45
37.1408857268522823 -12.842032789242019 0.356347590684890747 0 49.5
37.9433559321585108 -10.3916372447515908 1.64509952068328857 0 61.5
37.9433559321585108 -10.3916372447515908 1.64509952068328857 -0.0812000036239624023 55.5
37.9339696288972732 -10.3916372447515908 1.84891724586486816 0.0812000036239624023 56
37.9720743970562822 -10.569179996018816 1.64823305606842041 0 71
37.9626594253329372 -10.569179996018816 1.85243904590606689 -0.0812000036239624023 65
35.8378536997292656 10.7269289511832753 12.5253229141235352 0.162400007247924805 46.5
37.9803879760620404 -10.569179996018816 1.44398283958435059 0.0812000036239624023 65.5
37.9551854745284274 -10.7473225592891541 2.47480201721191406 0 68
37.9413094589085773 -10.7473225592891541 2.67916226387023926 -0.0812000036239624023 62
37.3532754212409728 -0.350670910712100214 -12.9164829254150391 0.162400007247924805 48
37.7352221855159016 -11.0497749089122763 4.70273542404174805 0 56
37.7228283268247537 -11.0200845150683566 4.86889982223510742 -0.0812000036239624023 50.5
37.8497795385098641 -10.9508069294325434 3.95401787757873535 0.0812000036239624023 49.5
38.1441334699356105 -10.7881097755009154 1.65763366222381592 0 54.5
38.152504220346465 -10.7881097755009154 1.45221853256225586 -0.0812000036239624023 49
37.8786922255633129 -10.3511505446955034 6.63995933532714844 0 48
37.6884199322149485 -15.7624304949768721 1.37638688087463379 0 48
37.6077891513841038 -16.083027049010493 1.9730684757232666 0 45.5
39.1709038393008413 -12.8658365887400645 1.29344630241394043 0 54
39.1759845333334198 -12.912227826439846 0.281226098537445068 0.0812000036239624023 49
39.2417518943043433 -12.9357048431242347 0.712772369384765625 0 60
39.2247333512775427 -12.9357048431242347 1.35774922370910645 -0.0812000036239624023 54
39.2814448478291922 -12.8220978544820277 0.563463509082794189 0.0812000036239624023 54.5
37.9735893779827762 -16.8378837132033183 0.946056544780731201 0 46
39.580145025040089 -12.3846329322359416 3.56000494956970215 0 46.5
39.2756133077367267 -14.2250066532559742 0.475619673728942871 -0.0812000036239624023 50.5
39.2329330309833395 -14.2980892562451789 1.22165918350219727 0.0812000036239624023 50.5
39.2078017450753791 -14.5904667930737535 1.13543426990509033 0 56.5
39.2376644829751697 -14.5015643072378211 1.23810958862304688 -0.0812000036239624023 50.5
39.200826561879758 -14.5904667930737535 1.35503339767456055 0.0812000036239624023 50.5
39.3620484247335014 -14.5535404442909897 1.68038403987884521 0 55
39.4164419838128879 -14.4433261098769563 1.3169635534286499 -0.0812000036239624023 49
37.6628702812881784 -18.7488644188789024 0.542138516902923584 0 46.5
37.8545872049650924 -18.6837955233156983 -0.947036921977996826 0 45
39.7388911012105908 -14.208203221519268 2.87014055252075195 0 46.5
42.7218207418072353 2.9700233222552388 -0.075910128653049469 0 52
42.6766798215833987 3.08240258309732873 -1.78340494632720947 0.0812000036239624023 46.5
42.8056291255181165 2.84120568107020643 -0.125767126679420471 0 59.5
42.8056291255181165 2.84120568107020643 -0.125767126679420471 -0.0812000036239624023 53.5
42.8019745924174799 2.84120568107020643 -0.573242366313934326 0.0812000036239624023 53.5
42.8817068627147719 2.74951039924745144 -0.670921146869659424 0 55.5
42.8817068627147719 2.74951039924745144 -0.670921146869659424 -0.0812000036239624023 49.5
42.8400220177476356 2.98042631168424954 -1.64327585697174072 0.0812000036239624023 49.5
42.9659090458984849 2.61444164668431478 0.631006479263305664 0 57
42.9640503259469497 2.65747772317294562 0.575248062610626221 -0.0812000036239624023 51.5
42.9540662709906229 2.85114006737178372 -0.349263846874237061 0.0812000036239624023 51.5
43.0047640284557744 3.21716204472592171 0.0764432698488235474 0 62
43.0037638936834909 3.21716204472592171 0.302830666303634644 -0.0812000036239624023 55.5
43.0032354625695987 3.21716204472592171 -0.370450615882873535 0.0812000036239624023 56.5
43.0873726206709762 3.10939384866811208 -0.223838746547698975 0 69
43.0795556832306232 3.22275716606747054 0.0765762180089950562 -0.0812000036239624023 62.5
43.1050380935025288 2.86107420103142296 0.100136682391166687 -0.243600010871887207 45.5
43.0991366207633178 2.83948118819344986 0.801061511039733887 -0.324800014495849609 46
43.0793723523306227 3.22275716606747054 -0.147261306643486023 0.0812000036239624023 63.5
43.172538158189198 2.94174814799079787 -0.451397478580474854 0 69
43.1642494896266058 3.00123202598325944 -0.752300143241882324 -0.0812000036239624023 62.5
43.1761177136589609 2.86604139418221182 -0.578253209590911865 -0.243600010871887207 46.5
43.185759273571243 2.768704139285457 -0.224227353930473328 -0.324800014495849609 47.5
43.0786095337928074 3.26079803904127052 2.51523494720458984 0.324800014495849609 45.5
43.1659391245457087 3.06612352924776221 -0.162271007895469666 0.0812000036239624023 64.5
43.2410073171085259 3.07143748871285149 0.0650183707475662231 0 65
43.2377643362850037 3.00643352069776482 0.824525773525238037 -0.0812000036239624023 59
40.4605117025417513 11.7873862000690721 -10.1600828170776367 -0.162400007247924805 46
42.9611142079044512 2.91434456600972513 5.00718784332275391 0.162400007247924805 47.5
43.2302572219627308 3.07143748871285149 0.966359734535217285 0.0812000036239624023 61
43.2764300667685475 3.47287641416910375 0.905874431133270264 0 61
43.1527764747524074 3.47287641416910375 3.39233112335205078 -0.0812000036239624023 56.5
43.2859101724462221 3.47287641416910375 -1.89816717011126457e-06 0.0812000036239624023 55.5
43.0481850753235378 5.071546337143646 -3.6583094596862793 0 52
43.1441649724851501 4.00070536349166517 3.85036087036132812 -0.0812000036239624023 50.5
43.1901539073189369 4.60112052349282408 -3.49585270881652832 0 52.5
43.2091910925521177 3.7190122101131351 4.23265981674194336 -0.0812000036239624023 52
42.8312326069178937 6.27277022847779087 -4.99185848236083984 0.0812000036239624023 47.5
38.6669190232995064 -20.012505861627325 3.11314797401428223 0 47.5
43.1308430880682039 6.64405031951156033 -2.73183178901672363 0.0812000036239624023 47
43.2039709367035343 6.83059008303311632 -2.28038406372070312 0.0812000036239624023 47.5
40.0291435359365053 -11.7874236773555605 -14.2665510177612305 0 52.5
40.0917031790036731 -11.7743499847315807 -14.3335542678833008 0 45.5
44.4618057806250064 3.10005936732281517 3.40989375114440918 0 45
36.1072952539174636 29.2564700459424927 1.60381913185119629 0 49
35.9929875378916364 29.5480980337045303 0.80332416296005249 0 49.5
19.6460554402034653 -42.3833836014541134 0.952416896820068359 0 48.5
45.770444260072793 11.1120046725271102 -0.00320808566175401211 0 48
45.8267796853395097 11.1296991266189771 -1.23168265819549561 0 60
45.7581977547185943 11.3363315397290059 -3.19958329200744629 0 59
45.7274197844746482 11.5252703987244907 -2.95527482032775879 -0.0812000036239624023 54.5
45.8665932635941473 12.4956634297687401 1.05674481391906738 0 45
34.8837338027234694 32.1007683751359068 4.56142187118530273 0 52.5
34.8837338027234694 32.1007683751359068 4.56142187118530273 -0.0812000036239624023 47
34.6144529740158546 32.4518891267363969 4.10550785064697266 0.0812000036239624023 46
35.2397104330525579 31.7877264347480804 4.7951507568359375 0 54.5
35.3958383717683844 31.6625544386615019 4.46177005767822266 -0.0812000036239624023 48
35.1658865639754481 31.8890561458657835 4.66246986389160156 0.0812000036239624023 48.5
31.2452888700194116 34.1837459549411165 12.0343685150146484 0 45
46.6334196208521945 11.0784150020526333 2.56767845153808594 0 57.5
46.6334196208521945 11.0784150020526333 2.56767845153808594 -0.0812000036239624023 52
46.6103146427434964 11.1323975331941991 2.74738931655883789 0.0812000036239624023 51.5
46.7415370657563756 11.0957252015800041 1.82191216945648193 0 60.5
46.7415370657563756 11.0957252015800041 1.82191216945648193 -0.0812000036239624023 55
46.7311689941102415 11.0957252015800041 2.07080507278442383 0.0812000036239624023 54.5
46.8595400339755486 11.0408337634174529 -0.840330779552459717 0 59
46.8936938387179438 10.8904136848967781 -0.896131038665771484 -0.0812000036239624023 53.5
46.921195184954378 10.7821112283618934 -0.754995465278625488 0.0812000036239624023 53
38.2819175505776315 29.3113161892189531 0.996142685413360596 0 59.5
38.274604201937656 29.3113161892189531 1.245949387550354 -0.0812000036239624023 53.5
38.2876039403012243 29.3113161892189531 0.746309161186218262 0.0812000036239624023 53.5
46.7431701242301401 12.2711862368000357 2.15291953086853027 0 71.5
46.7172316601017457 12.2711862368000357 2.65690135955810547 -0.0812000036239624023 65.5
40.5296187215076813 26.0475573863898298 4.36070537567138672 0.162400007247924805 46.5
46.7431701242301401 12.2711862368000357 2.15291953086853027 0.0812000036239624023 65.5
46.815637200902863 12.2902105561075192 2.15625739097595215 0 68.5
46.815637200902863 12.2902105561075192 2.15625739097595215 -0.0812000036239624023 62.5
46.8441258381894059 12.2054504833067767 2.01435327529907227 0.0812000036239624023 62.5
46.9180966121057139 12.1576442686591122 2.357879638671875 -0.0812000036239624023 46.5
46.8331908825474983 12.7715926879338983 2.34497380256652832 0 55
46.8050982579621646 12.7715926879338983 2.85120153427124023 -0.0812000036239624023 49
46.8845439611530921 12.7715926879338983 0.828311026096343994 0.0812000036239624023 49.5
35.78897548789908 33.0113512926060153 2.44184327125549316 0 51
35.72786249347714 33.0844526425804162 2.34557676315307617 -0.0812000036239624023 45.5
35.8200207602519853 33.0113512926060153 1.93384432792663574 0.0812000036239624023 45.5
36.4461486610870367 32.4093127861198411 2.27935481071472168 0 54
37.1055792905790867 31.7563870588893273 2.43270540237426758 0 57.5
37.047450160926644 31.7563870588893273 3.19821619987487793 -0.0812000036239624023 51.5
37.2638053177986848 31.548629283249106 2.7023766040802002 0.0812000036239624023 51.5
47.5601975697150081 12.0501483581654316 2.46731758117675781 0 49.5
40.1501674520396037 28.4840521343115292 2.15605616569519043 0 57.5
40.3206276876886207 28.2131272977551717 2.50840187072753906 -0.0812000036239624023 51
40.0818688092275366 28.4840521343115292 3.18251419067382812 0.0812000036239624023 51.5
40.5820554500985864 28.0772342017179781 0.434020757675170898 0 53
40.5820554500985864 28.0772342017179781 0.434020757675170898 -0.0812000036239624023 47.5
40.4851171360139048 28.2190695600837849 0.248976200819015503 0.0812000036239624023 47.5
39.9020998005422385 29.0656590334375551 3.6414484977722168 0 49.5
34.5899313433900417 35.0505768506172686 5.71613931655883789 0 47
41.7162428975148813 26.8395529904063324 -2.1251220703125 0 52
41.6304102702214962 26.8395529904063324 -3.41613173484802246 -0.0812000036239624023 46.5
41.585562419202887 27.0008632950181138 -2.59171772003173828 0.0812000036239624023 46
42.0183337886267481 26.5632021910633505 -1.19659078121185303 0 55.5
42.0967942889162927 26.4451435146586249 -1.04407477378845215 -0.0812000036239624023 49.5
41.9848213077305772 26.6004838783490563 -1.50497090816497803 0.0812000036239624023 49.5
33.7862756918987088 36.4791475087920176 2.79279327392578125 0 54.5
33.7394066010795513 36.4791475087920176 3.31128096580505371 -0.0812000036239624023 49
34.2000654078937103 36.1617751916735628 1.64976847171783447 0.0812000036239624023 49
39.6548450059449635 30.1147571065563433 2.84792470932006836 0 51
39.5366220146965546 30.3141925840832016 2.32837343215942383 0.0812000036239624023 45
33.6279895251282426 37.1308735695915288 0.683110058307647705 0 50.5
33.7005054479545905 37.0244455050690036 1.86452221870422363 0.0812000036239624023 45
34.7536528123791228 36.1143155302629353 2.33896708488464355 0 47.5
34.044281255320648 36.8087788984382414 3.3412022590637207 0 52
34.1453358817175356 36.702032183789072 3.4813377857208252 -0.0812000036239624023 47
34.3831139318623897 36.5701685951047963 2.34246325492858887 0.0812000036239624023 46
34.3954858374733163 36.5429970399566315 3.76372480392456055 -0.0812000036239624023 47.5
34.6525792595657052 36.2222789451299576 4.44421529769897461 0.0812000036239624023 46
34.5155593847722173 36.5636164718208079 4.41632652282714844 0 49.5
19.9695414756737755 -46.3891325026768939 3.48666167259216309 0 48.5
43.8507176781214412 25.1390653250215905 3.95375585556030273 0 49
43.7186665258923242 25.4998395908703941 4.06658029556274414 0 50.5
31.6790057895650605 39.6501709081815292 3.16660404205322266 0 49.5
42.1951313197072722 -28.2733242638156312 3.68048310279846191 0 52
42.113188209148511 -28.5087762101944726 2.66174197196960449 0.0812000036239624023 46.5
41.8515707434186979 -29.0159875376178391 2.74204897880554199 0 50.5
42.200221159222508 -28.8712268229935063 1.38427257537841797 0 51.5
42.2188564372733666 -28.8712268229935063 0.585844159126281738 0.0812000036239624023 46
33.0636943864711625 39.2189859890642722 -0.594556152820587158 0 45.5
44.2159983175972613 26.1285779290110227 1.27831125259399414 0 50.5
44.3630485698915464 26.0574244002366804 -0.182400614023208618 0 51.5
44.2633942759394969 26.2181536403072251 0.68047565221786499 -0.0812000036239624023 45.5
44.2444570544399909 26.2181536403072251 -1.46251571178436279 0.0812000036239624023 46
44.0588902768505761 26.5782999946491749 -2.68959236145019531 0 51.5
44.2241157722784237 26.3722666613573189 -1.88596057891845703 -0.0812000036239624023 45.5
44.0743599819312664 26.5782999946491749 -2.42294812202453613 0.0812000036239624023 46.5
44.4678839294227473 26.0560193745210746 -2.50026679039001465 0 50.5
44.451849587641199 26.0560193745210746 -2.77079319953918457 -0.0812000036239624023 45
44.4665651131318285 26.1333943392561032 -1.52655649185180664 0.0812000036239624023 45.5
45.7938184437293927 24.4045658498842037 -0.97653806209564209 0 45.5
45.4450662946187975 25.2192057489323389 -0.372063100337982178 0 48.5
46.3103120392745993 24.2477540847673865 -0.277983129024505615 -0.0812000036239624023 50.5
46.1429586533187788 24.7012077185505596 -1.09562301635742188 0 56.5
46.2138528034962945 24.5638334171497235 -1.19196116924285889 -0.0812000036239624023 50.5
46.3768184541729696 24.2825431809480072 0.267681121826171875 0.0812000036239624023 50
45.6381299003173666 25.7126964406599861 -2.09747767448425293 0 47.5
46.9634389933139076 23.8964649673356462 1.82211709022521973 0 48
47.1693781551585616 23.6467492303577238 -1.92903149127960205 0 51
47.2055522356515525 23.6467492303577238 -0.554351985454559326 -0.0812000036239624023 45
47.4841013489488333 23.0859306799725665 -0.374368607997894287 0.0812000036239624023 45.5
47.5515510387750666 23.1187235268303226 -0.374900400638580322 0 50
33.9623437054807553 40.4407138844510854 3.84844088554382324 0 50.5
49.2872737028119303 19.5068880922976966 1.37719190120697021 0 46
49.1374674684225994 20.0454016309973184 1.81698346138000488 0 54
49.1950326196929382 19.9126945695541053 1.71567702293395996 -0.0812000036239624023 48
49.1357987162902887 20.0188602187086779 2.12810349464416504 0.0812000036239624023 47
49.2377417228089129 19.9873332052055943 1.93186330795288086 0 53.5
49.2686940365838666 19.9873332052055943 0.826538681983947754 0.0812000036239624023 48.5
48.9840347029092058 20.8672488106009766 0.827704489231109619 0 53.5
49.0942630391440176 20.6143931171051769 0.602634966373443604 0.0812000036239624023 48.5
47.9123790772065519 23.5484553443778246 -1.19767367839813232 0 50.5
31.3729929086797732 43.3151712368334145 4.81883955001831055 0 46
47.8380726105705705 25.6823780733404305 -0.65153956413269043 0 46
52.0557268979036749 -16.0728586147405039 2.2000732421875 0 59
51.9648578050396281 -16.3181417474792312 2.51946377754211426 -0.0812000036239624023 53.5
52.0766409225761109 -16.0728586147405039 1.63167405128479004 0.0812000036239624023 53
52.1146164762343389 -16.0949673102927875 2.48574471473693848 0 66.5
52.0217688769317945 -16.2996510827848553 3.03596401214599609 -0.0812000036239624023 60.5
52.1049728776911536 -16.1563724420404071 2.2812047004699707 0.0812000036239624023 61
52.1632025114297591 -16.1785654861556303 2.57107758522033691 0 61
52.1142036387939456 -16.1785654861556303 3.42339801788330078 -0.0812000036239624023 55
52.1881678038069623 -16.1785654861556303 2.00126147270202637 0.0812000036239624023 55.5
50.3906682190246968 22.8692694668385315 3.11579132080078125 0 45.5
50.6087931876162358 22.6990935871792132 1.93692219257354736 0 48
55.2844568792138418 8.96110041356171827 1.45892834663391113 0 49
51.4109806218296725 23.3025164523170645 -1.8247225284576416 0 45.5
51.1534191771906919 24.5188663034660372 2.35660481452941895 0 48
51.5986244493131423 23.6419503682403409 3.2500758171081543 0 46.5
52.1946348383276941 23.116838710716241 -2.73027348518371582 0 50
52.3097141310495246 23.1900809447991954 0.784160614013671875 0 50.5
53.2480793560219396 -22.9310769318264107 5.89775323867797852 0 48.5
53.3570175429841385 -23.3324504864194466 3.6535027027130127 0 46.5
55.7078696095183759 -18.6776568414136435 2.28444433212280273 0 58
55.7870148704120794 -18.4057948024158797 2.54479575157165527 -0.0812000036239624023 52
55.6796911344645409 -18.809914049574715 1.84374904632568359 0.0812000036239624023 52.5
55.7599758026834422 -18.8339065296992771 1.54117071628570557 0 63.5
55.6998171750174933 -18.9663324349862279 2.01860547065734863 -0.0812000036239624023 57
55.7307142278806111 -18.9663324349862279 0.794735252857208252 0.0812000036239624023 57.5
55.687617309554966 -19.3293452342535055 -0.606863021850585938 0 56.5
55.6208418531295052 -19.5282371250023026 0.269271939992904663 -0.0812000036239624023 50
55.5991825508268391 -19.5282371250023026 -1.5752711296081543 0.0812000036239624023 50.5
53.2818170019310315 -24.6400280230180329 8.02994251251220703 0 48.5
54.2705617661232509 -23.9595469494106368 0.319519996643066406 0 47
54.3726547032089869 -23.7523143124434633 2.79326939582824707 0 45.5
52.3339537326930468 -25.6848893056071006 11.7779312133789062 0 49.5
53.2632316518794084 -25.337770694040735 8.19929981231689453 0 54
52.7841465315754945 -25.7172791537752623 9.93268108367919922 -0.0812000036239624023 48
53.2146600184430696 -25.337770694040735 8.50882339477539062 0.0812000036239624023 48.5
54.9175617710787876 -23.722849144597479 -1.81957125663757324 0 45
55.7147062365449059 -21.6633689177226572 4.19238758087158203 0 52
55.6069010697281314 -21.6633689177226572 5.43848323822021484 -0.0812000036239624023 45.5
55.6513386180305361 -22.0452672290962646 2.81795763969421387 0.0812000036239624023 45.5
55.9275926211434466 -21.4355647703001964 3.55266785621643066 0 54
55.7825794243320061 -21.5930138294734384 4.69530916213989258 -0.0812000036239624023 48
56.0152210783209412 -21.4355647703001964 1.67693221569061279 0.0812000036239624023 48.5
55.8478710144945723 -22.1004485300282987 1.26139545440673828 0 51
55.8188191392634678 -22.1004485300282987 2.19891667366027832 -0.0812000036239624023 45
54.8733121009454905 -24.0522172632299416 5.3322906494140625 0 50
54.4691156090767024 -24.6315832302691362 7.31105470657348633 0 48.5
56.0333972317738755 22.563217531125737 -2.31560277938842773 0 49.5
56.7731670594527174 21.2666620811194669 4.92108774185180664 0 49
56.603088288664992 -22.8482011674724603 -1.07379055023193359 0 46.5
57.5004286287124771 21.1406937295187802 1.18217265605926514 0 47
56.7609387248373523 -24.1482617655351497 3.78121042251586914 0 46.5
54.4611926062308243 -30.8731066475576199 7.69971418380737305 0 47.5
56.2397943768595709 -28.1102232417247961 6.65596342086791992 0 48.5
59.9254800001738417 -19.2825603556261882 7.93866157531738281 0 45.5
54.0218374933307501 -33.649113091751822 3.66623592376708984 0 47
56.0049877943884695 -30.7700427506930119 5.35364055633544922 0 45.5
55.6020828559332045 -34.5596196584447313 -1.0087965726852417 0 47
54.9424089077356967 -35.647666001903545 -2.71636795997619629 0 47.5
63.1045576338475698 -21.2267761759866396 5.72887134552001953 0 45
56.5661603976099912 -38.291609610633742 -3.54718255996704102 0 48.5
55.954954892193058 -39.2063724827777165 -4.5530095100402832 0 49
54.7810796583710911 -41.9384286379815947 1.09603202342987061 0 46
54.0278850136716571 -43.1356421693616525 -1.42365610599517822 0 48
54.0948384419066954 -43.1824298852056003 -1.06185448169708252 0 50.5
70.2148416649795735 -2.73105690866923645 0.996526241302490234 0 53
70.1762458119600865 -3.04719211353127006 2.14130592346191406 -0.0812000036239624023 47
70.2043680444867277 -2.99450291272093105 0.977360546588897705 0.0812000036239624023 47
70.2897820339381099 -2.7339717683702518 0.997589826583862305 0 56
70.2957773432656694 -2.53178093019495964 1.1030954122543335 -0.0812000036239624023 50
70.2963496875473766 -2.7339717683702518 0.268586665391921997 0.0812000036239624023 50
70.4684407293590453 -1.45359211459322824 1.52834224700927734 0 59
70.4359846087070451 -1.45359211459322824 2.62853264808654785 -0.0812000036239624023 53
70.5192398267513596 -1.87845162605849003 2.08311295509338379 0 69.5
70.5003909257541181 -1.97546086496291884 2.57362842559814453 -0.0812000036239624023 63.5
70.523284793491797 -1.97546086496291884 1.84263086318969727 0.0812000036239624023 64
70.6009044056144432 -1.77450705419449317 1.94570231437683105 0 74
70.5877158925827217 -1.97756010019684814 2.21050572395324707 -0.0812000036239624023 68
70.6069390124387439 -1.97756010019684814 1.47380602359771729 0.0812000036239624023 68.5
70.6731763931073402 -1.97965954898471774 1.84654724597930908 0 67.5
70.6731763931073402 -1.97965954898471774 1.84654724597930908 -0.0812000036239624023 61.5
70.6931726378519301 -1.88244412470421829 0.978796958923339844 0.0812000036239624023 61.5
72.7196448352429599 -28.5857762523861894 7.00785541534423828 0 46.5
58.5550936825318331 52.6796610373980343 6.71247625350952148 0 47
76.6809784649249195 -19.8618699153474658 3.17172503471374512 0 48
76.9255793919902402 -19.4642090894377731 0.151476994156837463 0 45.5
82.8315559237990584 22.378759774087964 7.16488838195800781 0 49.5
83.0685945364287619 22.0536641700319826 6.27497720718383789 0 53.5
82.8855564040982102 22.2474952027764061 7.82079792022705078 -0.0812000036239624023 47
83.1010441581620825 22.0536641700319826 5.82957077026367188 0.0812000036239624023 48
82.7547172196577776 21.1567473829044701 11.962921142578125 0 45
