
X Y Z V_r Mag
6.89320512132459218 -5.64881277829150807 0.479858547449111938 0.406000018119812012 49.5
6.93930354216680101 -5.60308694928658202 0.327288687229156494 0.243600010871887207 48.5
7.03171403564122954 -5.61418323872293712 0.189585566520690918 0.324800014495849609 53.5
6.99288871096169107 -6.00007423679368124 -0.446367055177688599 0 46
6.89500309908570497 -6.45580515950701095 0.289877325296401978 -0.324800014495849609 45.5
8.20283033012490748 -4.93520315424968814 -0.719273567199707031 1.38040006160736084 49.5
8.1742077552253658 -4.96519345052004457 -0.830175280570983887 1.29920005798339844 46.5
8.27114699547801102 -4.97375932930650233 -0.67489391565322876 1.46160006523132324 51.5
8.26760840162931743 -4.95199762101104302 -0.854401648044586182 1.38040006160736084 51.5
7.32607551246545441 -6.3939309107677893 0.71327674388885498 0 45.5
8.31623274590719852 -5.01231550436331652 -0.882872939109802246 1.46160006523132324 46.5
8.34096247460860951 -4.91241033388256998 -1.16579020023345947 1.38040006160736084 45
8.25501825071826545 -5.14633463549602599 -0.657578170299530029 1.29920005798339844 46.5
8.23956696071709871 -5.10125547320593231 -1.07202339172363281 1.21800005435943604 46.5
7.38292044106695666 -6.31595614356330426 0.814666330814361572 0.0812000036239624023 45.5
7.36586503736662213 -6.44311549502314662 0.872318625450134277 0 51.5
7.38730451610323247 -6.40382820541934716 0.974350810050964355 -0.0812000036239624023 46
8.24469235360167652 -5.23871452310666275 -1.05430126190185547 1.29920005798339844 48.5
8.21201675930635133 -5.26449680690915667 -1.17409265041351318 1.21800005435943604 47
7.52883551319530753 -6.30806543701008504 0.235761046409606934 0.243600010871887207 50.5
7.47396819481821417 -6.35349136561447914 0.550987839698791504 0.162400007247924805 53.5
7.41756744878812846 -6.39768956641875342 0.761511087417602539 0.0812000036239624023 54.5
7.46868974011660125 -6.44652676336115871 0.819128215312957764 0 49
8.24109103298555468 -5.36159028831457807 -1.16093850135803223 1.29920005798339844 49.5
8.26984743523017762 -5.34427089190562477 -1.02878987789154053 1.21800005435943604 52
8.29788053386904956 -5.34427089190562477 -0.770688951015472412 1.13680005073547363 46.5
7.60415814382386479 -6.3339506867029618 0.2605019211769104 0.324800014495849609 53
7.60699320540517299 -6.3339506867029618 0.157256782054901123 0.243600010871887207 56.5
7.57261735819092685 -6.37353787849485531 0.208544149994850159 0.162400007247924805 53.5
7.47418995267320341 -6.44652676336115871 0.767324090003967285 0.0812000036239624023 54
8.33913792315404478 -5.37104649874267182 -1.0541684627532959 1.29920005798339844 49
8.30868420297124644 -5.35608883850017659 -1.33368098735809326 1.21800005435943604 50
7.68275245249938976 -6.35949854643423329 0.180886983871459961 0.324800014495849609 54.5
7.68449763297249344 -6.35949854643423329 0.0768463984131813049 0.243600010871887207 56.5
7.69850682676884901 -6.3283367542623683 -0.431026577949523926 0.162400007247924805 46
7.76844897443865978 -6.37591811079213056 0.0370001606643199921 0.324800014495849609 48.5
7.76844897443865978 -6.37591811079213056 0.0370001606643199921 0.243600010871887207 50
6.78824766334214402 -7.61311195089792925 -0.0152993323281407356 -1.38040006160736084 45.5
8.71487190651785504 -5.19776838033848243 -1.03644669055938721 1.46160006523132324 46.5
6.87545670019781863 -7.63057178130760771 -0.279471546411514282 -1.29920005798339844 45
6.82406371818978386 -7.67679432617166135 -0.273169398307800293 -1.38040006160736084 46
8.94393444906216395 -5.04724510723880293 -0.327086150646209717 1.70520007610321045 45.5
8.73748076760473147 -5.30018514441154398 -1.06775915622711182 1.46160006523132324 45
8.52405962568619735 -5.69692865449467511 0.679007768630981445 1.13680005073547363 46
8.55726594825340037 -5.6584098671079639 0.575524389743804932 1.05560004711151123 49.5
8.42724371016566742 -5.71105220986980289 1.39322853088378906 0.974400043487548828 47
9.03041173293125077 -5.03752628183179585 -0.44441145658493042 1.70520007610321045 48.5
9.00462586963272926 -5.08408621665745564 -0.437360435724258423 1.62400007247924805 48.5
8.59849500317758597 -5.68419204329929251 0.93720400333404541 1.21800005435943604 50
8.53370627134993498 -5.73851196726256063 1.16954994201660156 1.13680005073547363 54.5
8.61545814086099604 -5.66996539654700715 0.864799678325653076 1.05560004711151123 50
9.30536516696024663 -4.66888922326552258 -0.540634214878082275 2.03000020980834961 47.5
9.30383321450831424 -4.64544056087189006 -0.734301149845123291 1.94880008697509766 46.5
9.08552316052972664 -5.0583975596930868 -0.739263474941253662 1.70520007610321045 46.5
9.0642187504694185 -5.11311110527823054 -0.613727569580078125 1.62400007247924805 47
8.43192433170492883 -5.7527385072378765 2.1187903881072998 1.21800005435943604 50
8.43634008024745441 -5.69281414778748207 2.25846529006958008 1.13680005073547363 54.5
8.70095487076388174 -5.74101417604105979 -0.121534347534179688 1.05560004711151123 54
8.58811079330516058 -5.90254940586386212 -0.291366606950759888 0.974400043487548828 50.5
9.37875252904396994 -4.67886091095759671 -0.630291640758514404 2.03000020980834961 45
9.07684558421892795 -5.1643288125432143 -1.0911407470703125 1.62400007247924805 46.5
9.00819316720409979 -5.33227446498364444 -0.818111062049865723 1.46160006523132324 48.5
8.69525227180195159 -5.83611142230493307 -0.763146638870239258 1.05560004711151123 55.5
8.63119143023516244 -5.97387934032247347 -0.25553557276725769 0.974400043487548828 52.5
8.56456133124832952 -6.06966084522990545 -0.239791080355644226 0.893200039863586426 46
9.09715246904364783 -5.35582660498675533 -0.622558236122131348 1.46160006523132324 50.5
9.04055649232196679 -5.43643490079336633 -0.737674832344055176 1.38040006160736084 49
8.72975614238296771 -5.77472545368668211 -1.50815880298614502 1.13680005073547363 50.5
8.69104894009476325 -6.01655034110651332 -0.31213456392288208 0.974400043487548828 52
8.66223946207617601 -6.0654438975793763 0.0814687386155128479 0.893200039863586426 46
9.17438503535277938 -5.22346620629848335 -1.4030604362487793 1.62400007247924805 50.5
9.21131073924546584 -5.28069144117003209 -0.829798400402069092 1.54280006885528564 53.5
9.22480160461123333 -5.28069144117003209 -0.66321176290512085 1.46160006523132324 51
9.11644476133391102 -5.45103632636906532 -0.774048745632171631 1.38040006160736084 48
9.04487935296125656 -5.58411826793081101 -0.655964970588684082 1.29920005798339844 45.5
8.78028178041745555 -5.96207098196616592 -0.884801506996154785 1.05560004711151123 52
8.76965179548609441 -6.01929621683771643 -0.532723188400268555 0.974400043487548828 51.5
8.72365269985708913 -6.10846111768408573 -0.0842247232794761658 0.893200039863586426 47
9.24681777209300826 -5.31787931249366785 -1.11452233791351318 1.62400007247924805 47
9.2595567636053886 -5.31787931249366785 -1.0031963586807251 1.54280006885528564 52
9.2401364035496556 -5.40365155946937303 -0.667882263660430908 1.46160006523132324 51.5
8.80183979058258004 -6.11797355381391039 -0.351642847061157227 0.893200039863586426 45.5
9.32709170481192906 -5.2565490627440532 -1.41917288303375244 1.46160006523132324 45
9.687190003934532 -4.92885813633976611 0.361006796360015869 2.03000020980834961 46
9.53058434029484758 -4.99408702813582561 1.57882380485534668 1.94880008697509766 47
9.3563623722514162 -5.34197445104814417 -1.47899127006530762 1.54280006885528564 46.5
9.41868143978468275 -5.24277217810830276 -1.43784642219543457 1.46160006523132324 45.5
9.76234563087289686 -4.94779922681244955 0.344097524881362915 2.03000020980834961 49.5
9.699360520871533 -5.02852935800214418 0.734041512012481689 1.94880008697509766 52
9.62655587077746766 -5.03537089454364306 1.37002921104431152 1.86760008335113525 49.5
9.51479667736702162 -5.32955696582812344 -0.983355939388275146 1.78640007972717285 49
9.56229604568713221 -5.22967053232222945 -1.05619823932647705 1.70520007610321045 48.5
9.75882951166548729 -5.11394538222812489 0.404297798871994019 1.94880008697509766 47.5
9.73559991952227044 -5.1580311182818166 0.404297798871994019 1.86760008335113525 50.5
9.68595087707586799 -5.26549009991268768 -0.087190382182598114 1.78640007972717285 50.5
9.60473165043003263 -5.29028832644288727 -1.14569783210754395 1.70520007610321045 47
9.65558271765848453 -5.36233992008559923 -1.10681664943695068 1.70520007610321045 46
9.64467817515049752 -5.61222459336504098 -0.60311359167098999 1.46160006523132324 45
6.81317127097053632 -8.95210308097647811 -0.0552229322493076324 -2.27360010147094727 45
10.0151766110973739 -5.03836957321289169 -0.934649407863616943 1.94880008697509766 47.5
9.9687211618609286 -5.09881876173079185 -1.09047973155975342 1.86760008335113525 49.5
6.70646245932479523 -9.11792191111335448 0.377488642930984497 -2.27360010147094727 47.5
6.70290505785824831 -9.11792191111335448 0.436130404472351074 -2.35480022430419922 48
6.63561864733940343 -9.17735893117648693 -0.0169867593795061111 -2.43600010871887207 51
6.63281048248458216 -9.17735893117648693 -0.193788692355155945 -2.51719999313354492 51.5
6.6673445283007311 -9.14764042114492071 -0.350478380918502808 -2.59840011596679688 46.5
10.0607461202373134 -5.09743205398576826 -1.02626001834869385 1.94880008697509766 48.5
10.0472531849015549 -5.11724439400681153 -1.05931925773620605 1.86760008335113525 49
6.65161809284287653 -9.23813598398237801 -0.610599517822265625 -2.43600010871887207 50.5
6.66559910337192729 -9.23813598398237801 -0.432028740644454956 -2.51719999313354492 49.5
10.1704557731592899 -5.13118979403308018 -0.439018338918685913 2.03000020980834961 46
10.1287371430003468 -5.23090744151173581 -1.31221950054168701 1.78640007972717285 46
8.97466717257584179 -7.09642569299385428 0.878479301929473877 0.568400025367736816 47.5
6.84985670682864267 -9.29907220466541062 -0.0960661843419075012 -2.27360010147094727 47
6.82679933581704024 -9.31639160035933855 0.046459004282951355 -2.35480022430419922 45
6.73338653198752812 -9.35969008959416193 -0.678386211395263672 -2.43600010871887207 45.5
6.728169521862716 -9.3683497874411259 -0.606839597225189209 -2.51719999313354492 50
6.73329366558591502 -9.3683497874411259 -0.54706883430480957 -2.59840011596679688 51
10.2722354871518924 -5.19870527412770578 -0.925826489925384521 1.94880008697509766 46
10.2776684427854157 -5.21025153792365803 -0.790762066841125488 1.86760008335113525 47
6.97261249648552539 -9.29699147438093121 -0.298760294914245605 -2.19239997863769531 47.5
6.87089345228364756 -9.37688749486389206 -0.0737069845199584961 -2.27360010147094727 50.5
6.87044325977315218 -9.37688749486389206 0.107786089181900024 -2.35480022430419922 48
6.79715663923986213 -9.42046714240005301 -0.440555602312088013 -2.51719999313354492 47
6.7923558947459739 -9.42918307190728555 -0.308267831802368164 -2.59840011596679688 48.5
10.3296185740300199 -5.26877938712181848 -0.824358522891998291 1.94880008697509766 46
10.3544433000902085 -5.20631522565332094 -0.905765831470489502 1.86760008335113525 50
7.52752234608847104 -8.88912404095772501 1.09995508193969727 -1.46160006523132324 47
7.5103597515956082 -8.95637728205707795 0.517519474029541016 -1.54280006885528564 49.5
7.46339702490826795 -9.00901025335222094 0.1595287024974823 -1.62400007247924805 49
7.43800962008051147 -9.02947863107811166 0.185848921537399292 -1.70520007610321045 45.5
6.91084874017096595 -9.43738415861548141 -0.256828457117080688 -2.35480022430419922 46
10.4128368711539352 -5.30277185798580142 -0.58604198694229126 1.86760008335113525 46.5
7.63517532588026704 -8.85193592557244457 1.41349613666534424 -1.38040006160736084 46
7.63796496142887271 -8.90637768575299305 0.99426579475402832 -1.46160006523132324 52
7.60529857296370881 -8.97700483409532524 0.472712248563766479 -1.54280006885528564 53
7.54375124094441762 -9.04027498781866612 0.126034364104270935 -1.62400007247924805 51
7.4431760108568028 -9.12120192862759005 0.231186315417289734 -1.70520007610321045 46
7.58645486848388551 -9.09785620793268279 0.311812907457351685 -1.54280006885528564 46.5
9.12394324757815767 -7.65635376062889694 -0.582696259021759033 0.162400007247924805 47
9.1516382807237342 -7.62953119003891622 -0.493356555700302124 0.0812000036239624023 46.5
9.15618358912766617 -7.74199467455302504 -0.475205123424530029 0.162400007247924805 50.5
9.15269999143443158 -7.74199467455302504 -0.538144350051879883 0.0812000036239624023 49.5
8.17133941510241435 -8.98809185836527291 0.25676882266998291 -1.13680005073547363 50.5
8.12861429362368604 -9.02301180984203022 0.365247964859008789 -1.21800005435943604 50
8.12059644454707019 -9.03667613868076103 0.130048185586929321 -1.29920005798339844 48.5
7.9324177157052862 -9.19002027342652106 -0.492733240127563477 -1.46160006523132324 54.5
7.94058185610870471 -9.1824289796272236 -0.502665162086486816 -1.54280006885528564 54.5
7.9702743255330839 -9.13384469931173726 -0.818617045879364014 -1.62400007247924805 48
7.16007896041788161 -9.80036029488983829 0.555629312992095947 -2.27360010147094727 46.5
8.2072874134736491 -9.06037770089823979 0.0250043775886297226 -1.13680005073547363 48
8.12564153765866592 -9.13370397465361172 -0.00666783517226576805 -1.21800005435943604 47.5
8.12324252996923235 -9.13370397465361172 -0.19752185046672821 -1.29920005798339844 47.5
7.98510888944854447 -9.24674864669314545 -0.431644409894943237 -1.38040006160736084 50
7.99339927774210235 -9.23911049317695898 -0.441639721393585205 -1.46160006523132324 56.5
7.98959766652971659 -9.23911049317695898 -0.505768060684204102 -1.54280006885528564 54.5
7.94100783771098673 -9.23911049317695898 -1.01482176780700684 -1.62400007247924805 47.5
7.29651500821547661 -9.80433385337462404 0.294184863567352295 -2.27360010147094727 51
7.23112792637316915 -9.84252462095554748 0.534911990165710449 -2.35480022430419922 51
7.20681983966266326 -9.87460486572352458 0.0675101056694984436 -2.43600010871887207 49
8.1089238000371715 -9.24660792203501991 -0.188671842217445374 -1.38040006160736084 49
7.14848363874959603 -9.98436919241015453 0.708205163478851318 -2.35480022430419922 47.5
7.24695869662248349 -9.93518510771847829 -0.252393126487731934 -2.43600010871887207 51.5
7.30476203566510041 -9.88600102302680384 -0.444349139928817749 -2.51719999313354492 49
11.1391244249047521 -5.34427099486913093 -0.706627547740936279 2.11120009422302246 49.5
11.2066340930151558 -5.37666043118326531 -0.710910141468048096 2.11120009422302246 49
11.2192889674990788 -5.31909780503923191 -0.915032386779785156 2.03000020980834961 49
6.94280638207993483 -10.4174293744394362 -0.3876151442527771 -3.00440025329589844 47
6.73397613310832543 -10.5598551666681004 -0.13662363588809967 -3.32920026779174805 45.5
11.3179137464775899 -5.294796209995285 -0.863477528095245361 2.03000020980834961 48
9.25814322429462422 -8.53216423245217293 -0.498965412378311157 -0.243600010871887207 46
9.23902107956569019 -8.56522853377741633 -0.193273603916168213 -0.324800014495849609 48.5
9.18409422022419442 -8.62191019319211804 0.274009495973587036 -0.406000018119812012 48
9.04315814733864798 -8.72425207824644566 0.932053565979003906 -0.487200021743774414 47
7.03892266315089188 -10.393212049901603 -1.09302723407745361 -2.92320013046264648 45.5
6.94355329381390085 -10.4798090295629542 -0.848936140537261963 -3.00440025329589844 47
11.3853093348909358 -5.36114028630737138 -0.626831650733947754 2.11120009422302246 46.5
11.4021104518247558 -5.30760760797126263 -0.762351691722869873 2.03000020980834961 48.5
11.4668160532832708 -5.35820677889037533 -0.676302671432495117 2.11120009422302246 49
11.45499908101195 -5.33920042909827242 -0.965175509452819824 2.03000020980834961 48.5
11.5494233078510149 -5.37079365194979896 -0.572646915912628174 2.11120009422302246 47
11.4377341368348908 -5.50621858829383104 -1.19261109828948975 2.03000020980834961 45
11.5955909856364752 -5.47931158452969758 -0.00786959845572710037 2.11120009422302246 45
11.9290144887919833 -5.36802890994350523 -1.07169711589813232 2.19239997863769531 47
11.9587548695751664 -5.36802890994350523 -0.661888062953948975 2.11120009422302246 47.5
11.9032835646840471 -5.45823410091414107 -0.886094331741333008 2.03000020980834961 45
12.0120317889130153 -5.37231181942488245 -1.04373347759246826 2.19239997863769531 49.5
11.9919156681808872 -5.48942392847590011 -0.547902464866638184 2.11120009422302246 50
11.9394080220268819 -5.61643283547489158 -0.382418781518936157 2.03000020980834961 46
12.0994194711878311 -5.44928371051193228 -0.367403030395507812 2.19239997863769531 47.5
12.0121060752004123 -5.64834430267675192 -0.176479324698448181 2.11120009422302246 50
11.1851375045317223 -7.14793409698505844 -0.159285217523574829 1.21800005435943604 47
12.1544718093286743 -5.52177579979389233 -0.0364064127206802368 2.19239997863769531 49
12.1602188775841817 -5.49842085683403958 -0.344912469387054443 2.11120009422302246 46
12.2718854609806769 -5.44039892800351499 -0.183048516511917114 2.27360010147094727 46.5
12.2817675947102529 -5.41691277783637126 -0.214164584875106812 2.19239997863769531 45.5
12.1085518286792624 -5.79772392697506866 0.00274567329324781895 2.11120009422302246 45.5
12.0386587058169745 -5.94031841013273176 0.118069469928741455 2.03000020980834961 45.5
9.47303969902292842 -9.59370863403922414 0.687233448028564453 -0.649600028991699219 46.5
9.44816719086142065 -9.62069990151673871 0.651381611824035645 -0.730800032615661621 51
9.42184602106138058 -9.64431726055956418 0.682636737823486328 -0.812000036239624023 49.5
12.3417381088214029 -5.47079252684881379 -0.044178105890750885 2.27360010147094727 48.5
12.2906620325498075 -5.58381845941090749 0.103082150220870972 2.19239997863769531 49
12.2051787225889452 -5.76769646910147848 0.131614401936531067 2.11120009422302246 49.5
12.1158823018750006 -5.95326143300939403 -0.118728660047054291 2.03000020980834961 46.5
9.54475979316281453 -9.64700687602952556 0.336849004030227661 -0.730800032615661621 46.5
8.91128520068435215 -10.2050981829072658 0.851827085018157959 -1.29920005798339844 47.5
9.0745051394656997 -10.0812663731745165 0.549598455429077148 -1.38040006160736084 47
12.3779803026866251 -5.57243143797379847 0.119388692080974579 2.27360010147094727 46.5
12.3693605716100095 -5.59109102574174699 -0.138822764158248901 2.19239997863769531 48
9.05803647270792922 -10.1881347757925855 0.690221548080444336 -1.29920005798339844 45.5
9.05072454857918451 -10.1983689644171882 0.632591903209686279 -1.38040006160736084 47.5
12.506231905153415 -5.45823393312175931 -0.352663338184356689 2.35480022430419922 47
12.0639882279670303 -6.38613370175245887 0.00279169040732085705 1.94880008697509766 45.5
9.20266372330156379 -10.1223434202180016 1.10669922828674316 -1.21800005435943604 47
12.6021309598791653 -5.42476656017443926 -0.365826040506362915 2.35480022430419922 48.5
12.6259437858583663 -5.36302403846521347 -0.446262985467910767 2.27360010147094727 45.5
12.0180712287938665 -6.61674024317198395 0.400435507297515869 1.86760008335113525 46
11.9684018161425207 -6.65961699435894694 0.884585857391357422 1.78640007972717285 45
12.7146310003631839 -5.35266793961831144 -0.356538742780685425 2.35480022430419922 46
12.2618389388522111 -6.32697766445218601 -0.238021537661552429 1.94880008697509766 45
12.104009572878125 -6.62185724488863148 0.289758741855621338 1.86760008335113525 47.5
12.2526501263713996 -6.5104717705360482 -0.044459175318479538 1.86760008335113525 45
9.34276834046745996 -10.6561517907314833 0.29956364631652832 -1.21800005435943604 50.5
9.31808435181149086 -10.6561517907314833 0.74186241626739502 -1.29920005798339844 53.5
9.30515376207178768 -10.6561517907314833 0.889476895332336426 -1.38040006160736084 51
9.52244767029005423 -10.5611768384196463 0.920361816883087158 -1.13680005073547363 48
9.46152229535614886 -10.6359651417771968 0.646810710430145264 -1.21800005435943604 50
9.43769494956917043 -10.6555525545613161 0.672043800354003906 -1.29920005798339844 50.5
9.45089698120805188 -10.6555525545613161 0.44974052906036377 -1.38040006160736084 47
13.3625806898728126 -5.61811953859951796 1.25724637508392334 2.51719999313354492 45
13.604772969031222 -5.56398727110955171 0.205444812774658203 2.43600010871887207 49
13.471682633049797 -5.87809814049209756 -0.227490365505218506 2.35480022430419922 46
13.5563345709643759 -5.57021955625392895 1.87058544158935547 2.51719999313354492 47
13.5236688841770043 -5.77331009360491709 1.44218921661376953 2.43600010871887207 51
13.4968840021543102 -5.84900747570846669 1.38704144954681396 2.35480022430419922 52
13.8120773809457322 -5.30530207963092693 1.26602029800415039 2.67960023880004883 47.5
13.3328467575280047 -5.8786977923297572 2.86332273483276367 2.51719999313354492 45
13.5245205869572942 -5.81931700654864859 1.93530285358428955 2.43600010871887207 53.5
13.5652150113992445 -5.81931700654864859 1.62573099136352539 2.35480022430419922 54
13.5356018673601017 -5.86941954455145876 1.69112682342529297 2.27360010147094727 47.5
13.9709852015721143 -5.21833015430714298 0.579852581024169922 2.67960023880004883 45.5
13.6168677374449629 -5.80954196950205493 1.89361429214477539 2.43600010871887207 53
13.6434424651431936 -5.83192222749050604 1.61270034313201904 2.35480022430419922 53
13.6078891891029574 -5.9680687969202495 1.401123046875 2.27360010147094727 45.5
14.0264514588770748 -5.31203135353539313 0.202480316162109375 2.67960023880004883 46.5
13.9159056516919719 -5.59881356845808664 0.0296574067324399948 2.51719999313354492 49.5
13.8485745115558725 -5.67753809804470944 0.99125218391418457 2.43600010871887207 52
13.7060145189971259 -5.91746047392774699 1.45906162261962891 2.35480022430419922 51
13.6793851985381281 -6.06741195885464624 1.03002381324768066 2.27360010147094727 48
14.0901595012039422 -5.35366156510816626 -0.247681081295013428 2.59840011596679688 50
14.0335398282839261 -5.48552515045565858 0.473723292350769043 2.51719999313354492 54
13.9291585987627453 -5.68332052847689706 0.966465294361114502 2.43600010871887207 53
13.7424320389123835 -5.86792954796338506 1.99213635921478271 2.35480022430419922 49.5
14.2545647977617005 -4.90701226610272556 1.50037825107574463 2.84200000762939453 49
14.2204617544812262 -5.08875346114356653 1.18556547164916992 2.76080012321472168 53.5
13.9571163007797914 -5.75513784295998665 1.26483678817749023 2.43600010871887207 47
8.71691831378957538 -12.4804616096834184 -0.232500910758972168 -2.59840011596679688 48
8.70357971055922341 -12.4899741566420186 -0.221084237098693848 -2.67960023880004883 47.5
8.59561466242599792 -12.558464494743939 -0.448347508907318115 -2.76080012321472168 46.5
14.2608416380860206 -5.11394524494344882 1.50883877277374268 2.84200000762939453 48.5
14.2825292189614288 -5.18433809243709121 0.965723216533660889 2.76080012321472168 57
14.2511696813553748 -5.25282843053901249 1.05479335784912109 2.67960023880004883 59.5
14.1699134555174187 -5.39171161613457439 1.39414644241333008 2.59840011596679688 57
14.1968235019222533 -5.47922704815369599 0.478436946868896484 2.51719999313354492 52
8.71182473644534028 -12.5629722529287324 -0.604844152927398682 -2.76080012321472168 48
14.4051164618140284 -5.06839741934470744 0.945494711399078369 2.84200000762939453 46.5
14.3413970474151053 -5.278704366205484 0.741358578205108643 2.76080012321472168 52
14.3358231046409674 -5.22134792615254462 1.145302414894104 2.67960023880004883 52
14.2472630955883446 -5.41827170366763511 1.32205283641815186 2.59840011596679688 53.5
14.2838806448947579 -5.46606873704508445 0.427617669105529785 2.51719999313354492 54
14.4343556366199728 -5.2623130561541025 -0.590003728866577148 2.67960023880004883 50
14.4260624383722913 -5.30458063090232912 -0.375225186347961426 2.59840011596679688 53.5
14.4220651187764393 -5.3276356716740878 -0.104820147156715393 2.51719999313354492 48.5
14.5300025226270524 -5.18952091667400683 0.806486725807189941 2.76080012321472168 49
14.522073982924006 -5.27253780633806279 0.110599331557750702 2.67960023880004883 55
14.4864894804627387 -5.35362407066109469 -0.427599012851715088 2.59840011596679688 54
14.6169567662989088 -5.14293280095099714 0.959399044513702393 2.76080012321472168 48
14.5686739200836648 -5.35633250223527124 -0.298463404178619385 2.59840011596679688 52
14.4709527332844008 -5.83900743122305155 1.48429834842681885 2.43600010871887207 45
14.7671920777248342 -5.43396063826505937 0.681641697883605957 2.76080012321472168 48.5
14.4827651503223258 -5.93779762609405459 1.74773955345153809 2.51719999313354492 48
14.5158849980786897 -5.87875422908284317 1.6708827018737793 2.43600010871887207 47.5
7.97372254295624661 13.6683775440111326 0.160753533244132996 -3.00440025329589844 45
14.8097798123256101 -5.53300352548367336 0.697822272777557373 2.76080012321472168 52
14.8081479617460907 -5.44203920733776592 1.23838770389556885 2.67960023880004883 52
14.7449801732537722 -5.67735994341087391 0.885314226150512695 2.51719999313354492 45.5
14.6702396229435816 -5.74854940978593199 1.47272264957427979 2.43600010871887207 45
8.19457252416096971 13.6238792750139428 0.221131742000579834 -3.00440025329589844 45.5
14.9751953060293328 -5.2671582263470853 0.900332808494567871 2.84200000762939453 49
14.9428637460922236 -5.42610679598411583 0.279660940170288086 2.76080012321472168 56.5
14.9260182070552663 -5.41418565326133816 0.842966914176940918 2.67960023880004883 58.5
15.0521137264518483 -5.19618425317762522 1.27835512161254883 2.92320013046264648 45.5
15.0077719787455717 -5.36586372360409403 1.08393609523773193 2.84200000762939453 52
15.0199937226535081 -5.4397241989662044 0.0991096198558807373 2.76080012321472168 56
15.0048975264651965 -5.4397241989662044 0.680498361587524414 2.67960023880004883 58
14.9874957839346319 -5.42375436645547726 1.07633018493652344 2.59840011596679688 54
15.0759232868113742 -5.50537509193908647 -0.0995744094252586365 2.76080012321472168 47
15.3586564127344722 -5.37918166521060304 0.227456778287887573 2.76080012321472168 48.5
15.3899558850883356 -5.29376554803145538 0.0310685336589813232 2.67960023880004883 51.5
13.3264374668768042 -9.33476137743541479 0.379442960023880005 0.974400043487548828 46
15.4887821856313526 -5.23030758374706295 -0.25302499532699585 2.76080012321472168 49.5
15.4715376509666278 -5.26708318394528519 -0.460306763648986816 2.67960023880004883 49
15.0688705323912675 -6.10270654400487444 1.73453521728515625 2.43600010871887207 45
15.4370218547185711 -6.02099249664102665 0.420327663421630859 2.51719999313354492 45
15.6306154178766299 -5.72574766114804756 0.349600255489349365 2.59840011596679688 46.5
10.1322402497704687 13.2607247296762534 1.10297024250030518 -1.70520007610321045 45
9.49131287818802072 13.7946369670108027 1.36492240428924561 -2.19239997863769531 45
9.72170503748237458 13.7655454410995084 0.873978674411773682 -2.03000020980834961 48
9.61700468575435963 13.833023605026467 0.962434709072113037 -2.11120009422302246 48
16.0106589131904471 -5.33077495022971171 -0.0851357057690620422 2.84200000762939453 46
15.6559806693641779 -5.82210033132287741 2.39980316162109375 2.67960023880004883 48.5
11.6678678898959927 12.2784209804876241 -0.635430753231048584 -0.649600028991699219 48
9.82237489217465232 13.7589481954886317 1.23078453540802002 -1.94880008697509766 45
9.77918287161114108 13.8267262654171486 0.701249539852142334 -2.03000020980834961 47.5
9.28207058992883738 14.251698773611114 0.763492941856384277 -2.43600010871887207 45.5
9.3074765550913483 14.340122326839456 0.376530915498733521 -2.43600010871887207 45
16.1437664468028608 -5.56211271297319332 0.922885775566101074 2.67960023880004883 46
12.0683745897998378 12.2053292688031743 -0.604079902172088623 -0.406000018119812012 45.5
10.7356486553181281 13.3814362565478788 0.814666807651519775 -1.38040006160736084 45
9.45509466187990988 14.3473571656252812 1.52218067646026611 -2.27360010147094727 45.5
16.430270246924028 -5.24230357974769934 -0.356317967176437378 2.84200000762939453 48.5
16.4431608280048103 -5.16254813877291951 -0.730109214782714844 2.76080012321472168 49
10.5514463903026403 -13.7169617671246726 0.817063748836517334 -2.03000020980834961 45
16.4823110675454529 -5.3343740205484842 0.183076515793800354 2.84200000762939453 46.5
15.3461364253738282 -8.03619982316394932 -0.266932427883148193 1.86760008335113525 46.5
16.5027193684869182 -5.49662176403638725 0.455479741096496582 2.84200000762939453 47.5
16.5040484213335041 -5.44661294260725803 0.84311378002166748 2.76080012321472168 45
13.8691003086326017 -10.6213631369125974 0.458634138107299805 0.730800032615661621 47
13.8691003086326017 -10.6213631369125974 0.458634138107299805 0.649600028991699219 51.5
13.8119562803007128 -10.6912405259712333 0.550332903861999512 0.568400025367736816 48
10.9626797143015828 13.6736073343843962 0.924471616744995117 -1.46160006523132324 47.5
10.5407255424589419 13.965281716978323 1.36622178554534912 -1.70520007610321045 48
13.9117102507005299 -10.6669488491492714 0.826479613780975342 0.649600028991699219 49.5
13.7426103791573375 -10.8533572891529069 1.16095912456512451 0.568400025367736816 46
10.5164186650505105 14.1350821082717264 0.495001494884490967 -1.62400007247924805 45
16.7374304193612389 -5.51704279856975255 -0.247525244951248169 2.84200000762939453 48
16.7391394737437551 -5.51704279856975255 -0.063685975968837738 2.76080012321472168 49.5
13.9222135780401004 -10.8072371307711688 0.127370908856391907 0.568400025367736816 51
13.9022236673657797 -10.8336660783092285 -0.02162911556661129 0.487200021743774414 51
11.3729079117483831 13.549390973352045 0.600836277008056641 -1.21800005435943604 47
11.1647342002536831 13.7108512314412874 -0.807023406028747559 -1.38040006160736084 46
10.6762348063196377 14.0337717476197721 1.53664600849151611 -1.54280006885528564 48
10.8345985930099626 13.9541475107538435 1.08778655529022217 -1.62400007247924805 46.5
16.7817662234259153 -5.62235583647745596 0.226858586072921753 2.76080012321472168 45
13.8987424856934521 -10.9593914908520045 0.0820570066571235657 0.568400025367736816 53
13.8989816340671091 -10.9593914908520045 -0.00965404324233531952 0.487200021743774414 54.5
13.8889813295109263 -10.9704504126389377 0.188246071338653564 0.406000018119812012 50
12.9727586757653626 12.1430621477876013 -0.451969712972640991 -0.0812000036239624023 45
11.3932966997529164 13.6156888542048655 0.869756400585174561 -1.21800005435943604 46.5
11.2134227357169145 13.7889390549598385 0.27386629581451416 -1.38040006160736084 48.5
10.9405002619237184 13.9310930658357126 1.47674679756164551 -1.54280006885528564 45.5
13.9532388847155921 -11.005830060780605 0.359894454479217529 0.568400025367736816 51
13.9413119830113263 -11.016935842880283 0.46650773286819458 0.487200021743774414 51
13.9440883060125262 -11.016935842880283 0.3744315505027771 0.406000018119812012 49.5
13.5573126634710786 -11.4944844731664251 0.163596451282501221 0.162400007247924805 50.5
13.48744467571915 -11.5744461042841031 0.267806828022003174 0.0812000036239624023 51
16.9695431628474367 -5.36218989891916475 -1.37986958026885986 2.84200000762939453 46.5
16.9881359321716303 -5.34211514472188043 -1.2196582555770874 2.76080012321472168 46
13.6588334648517691 -11.4916815138234352 0.00486782239750027657 0.243600010871887207 48.5
13.613935330741457 -11.5429836634387186 -0.206877723336219788 0.162400007247924805 52.5
13.6282073740641039 -11.5162173245090074 -0.520784378051757812 0.0812000036239624023 48.5
13.3306626374999713 -11.9185095319049701 1.24428904056549072 0 51
13.2734350229478508 -11.9453883355852657 1.55861496925354004 -0.0812000036239624023 53
13.1453984286867414 -12.0417040487729956 1.87124300003051758 -0.162400007247924805 49.5
13.4161450980914392 -11.9683770085115171 0.87463843822479248 0 48.5
13.3864386139713396 -11.9683770085115171 1.24949514865875244 -0.0812000036239624023 51
11.6196024570285825 13.6755745558635642 1.40125298500061035 -1.13680005073547363 49.5
11.6552744991145776 13.628339841114693 1.5565791130065918 -1.21800005435943604 48.5
11.7796972922779588 13.6715733029363289 1.01611053943634033 -1.05560004711151123 49
11.6471394997345623 13.7528844939004298 1.38129067420959473 -1.13680005073547363 53
11.6233135682414961 13.7528844939004298 1.56920206546783447 -1.21800005435943604 51
12.0574347374444901 13.4516044143118538 1.7593080997467041 -0.730800032615661621 45.5
12.0321742202662065 13.4788206093838046 1.72358739376068115 -0.812000036239624023 49.5
11.6715435737024116 13.8099509827592097 1.57571327686309814 -1.13680005073547363 50.5
11.6030513753125586 13.8371671778311605 1.82333862781524658 -1.21800005435943604 48.5
11.7956125894152866 13.8465195276350634 1.13493335247039795 -1.13680005073547363 46
13.5810246277343811 12.145310631723321 -0.444779098033905029 0.162400007247924805 46
11.8033465965860724 13.9766779924989617 0.47280198335647583 -1.13680005073547363 47
11.7523914368746052 13.9515236309286923 1.45818984508514404 -1.21800005435943604 48
11.8326708623873245 14.0087011304168598 1.17677950859069824 -1.13680005073547363 52
11.7613892815254655 14.0087011304168598 1.75119030475616455 -1.21800005435943604 52
12.2569796132959343 13.701610447364013 1.5604013204574585 -0.812000036239624023 46
12.0526669371858652 13.9690489147869012 -0.0377360843122005463 -1.05560004711151123 45
11.8998393765029409 14.0382140356721319 1.31335699558258057 -1.13680005073547363 53.5
11.9328601819517708 13.9552158906098569 1.80591213703155518 -1.21800005435943604 51.5
12.6140625462354556 13.5026722449644936 1.31869590282440186 -0.649600028991699219 45.5
12.3812170811114175 13.7040664649733923 1.44212305545806885 -0.730800032615661621 45
12.2026185912641782 13.9262945698107998 0.574562251567840576 -1.13680005073547363 47
11.9585085136978204 14.0744466397024031 1.44212305545806885 -1.21800005435943604 46.5
11.8035163495688149 14.162411931200543 1.81073915958404541 -1.29920005798339844 46
12.5522377905941305 13.6433352684668812 1.50358152389526367 -0.730800032615661621 46.5
12.2012754615129548 13.9826754642413551 1.25445735454559326 -0.974400043487548828 45.5
12.4062032281019867 13.8407000943350482 1.81019711494445801 -0.730800032615661621 47
12.5636302298283038 13.7403544352461218 1.45380008220672607 -0.812000036239624023 48.5
12.4331263903448495 13.8407000943350482 1.61495089530944824 -0.893200039863586426 46.5
14.0863845165630899 12.2468376488063271 -0.58685070276260376 0.243600010871887207 45
12.5844996214545048 13.8377095886325048 1.30793452262878418 -0.730800032615661621 48.5
12.527546057562521 13.8962843837079912 1.23141062259674072 -0.812000036239624023 49
12.4299310007394954 13.9244002853442232 1.78056526184082031 -0.893200039863586426 46.5
12.6301982599496831 13.9518700866840817 0.45172533392906189 -0.730800032615661621 47
12.6789185768588268 13.8836515345826079 0.932673037052154541 -0.812000036239624023 50
12.5439729265962079 13.9259940841628325 1.75957775115966797 -0.893200039863586426 46.5
12.6664575783425217 14.0074557896601721 0.749736547470092773 -0.812000036239624023 51
12.7199282528550714 13.9484123914572553 0.924804270267486572 -0.893200039863586426 49
10.9107972858114 15.4174121387458456 0.684066712856292725 -1.94880008697509766 47.5
11.0594766215013216 15.2827931908431935 1.15510320663452148 -2.03000020980834961 47
17.6117839646913197 -6.54909372866762052 2.03580760955810547 2.59840011596679688 48
17.6328457134026024 -6.60813712687053822 1.62028682231903076 2.51719999313354492 47
12.7069014986285413 14.0914933720610023 0.12289709597826004 -0.812000036239624023 47.5
12.7005825957104559 14.0914933720610023 0.419110745191574097 -0.893200039863586426 46
17.5817204046465072 -6.47549527159660077 3.00028395652770996 2.67960023880004883 46.5
17.7074487699374075 -6.54662850416631859 1.90750491619110107 2.59840011596679688 48.5
17.6402038894211088 -6.73868823210455403 1.86116278171539307 2.51719999313354492 46.5
13.4070595092346458 13.3640136806946028 2.1345820426940918 -0.324800014495849609 47.5
17.5443771358658509 -7.41519462332805279 0.335065484046936035 2.43600010871887207 50
17.4837497376182931 -7.5151747755527003 0.862088441848754883 2.35480022430419922 49.5
17.3861814713840346 -7.73893987815072215 0.855602443218231201 2.27360010147094727 45
14.7180956633078548 12.085696020108033 -0.464913159608840942 0.487200021743774414 45
14.6917152832326803 12.1118812980716317 -0.598634839057922363 0.406000018119812012 45.5
13.5345919939321515 13.4596444312972956 1.19097936153411865 -0.243600010871887207 45
13.4037866840141326 13.5217805739133698 1.8070913553237915 -0.324800014495849609 50
13.2867145586683435 13.5026617608007324 2.62810969352722168 -0.406000018119812012 47
17.5882445506323357 -7.49457474015417713 0.500635027885437012 2.43600010871887207 52
17.5416239688133189 -7.54476162457485255 1.06472349166870117 2.35480022430419922 51
13.1948206922464877 13.7163619022097567 2.52946162223815918 -0.406000018119812012 45.5
17.7504591793336743 -7.2936400529504386 0.603349089622497559 2.43600010871887207 48
13.2189000248585309 14.0276617305673827 -0.105127401649951935 -0.568400025367736816 45
9.09910919891463088 16.956514179806728 1.09931433200836182 -3.49160003662109375 48
17.4185881660625412 -8.07843019304996623 1.69040012359619141 2.27360010147094727 45.5
13.3509188772901126 14.0048682719218576 0.197880566120147705 -0.487200021743774414 48.5
13.3490565912658976 14.0048682719218576 0.298132926225662231 -0.568400025367736816 51.5
9.1461993661863783 17.0224918222254615 1.00216221809387207 -3.49160003662109375 48.5
15.1443787616428889 11.9931192383861216 -1.11149251461029053 0.649600028991699219 45.5
13.8322391875432604 13.5931020452245583 1.10786926746368408 -0.162400007247924805 48.5
13.8145528878472277 13.5931020452245583 1.31009864807128906 -0.243600010871887207 49
13.5354770303667351 13.877100784383714 1.24402403831481934 -0.406000018119812012 45
13.4667301514523423 13.9814763893738316 0.70439225435256958 -0.568400025367736816 50.5
15.1333964859901879 12.1172795374573212 -1.21759033203125 0.649600028991699219 47
13.9490431407975564 13.4896347263759449 1.92456400394439697 -0.0812000036239624023 46
13.9533288782153946 13.5676094935804308 1.21433186531066895 -0.162400007247924805 47
13.7892795874309719 13.7674198345419239 0.750952959060668945 -0.243600010871887207 45
13.6197523582255329 13.8575781591221094 1.64920461177825928 -0.406000018119812012 49
13.4993792800105759 14.0354580968073428 1.01125884056091309 -0.568400025367736816 45.5
14.0484027778933775 13.4632437914392735 2.13637518882751465 -0.0812000036239624023 46
13.5406640090626347 14.2219988365754819 0.712551236152648926 -0.568400025367736816 45
18.9084906480078914 -5.34307138611675558 0.207645222544670105 3.00440025329589844 48.5
14.0705322034075273 13.6576087588480082 2.1367039680480957 -0.0812000036239624023 45.5
13.8005383942644446 14.0396570096369349 1.22834348678588867 -0.487200021743774414 47
19.0073319331089117 -5.27226586088718463 -0.0134485363960266113 3.00440025329589844 49.5
18.9544684442810372 -5.45466309029609153 0.224574461579322815 2.92320013046264648 51
15.5117999465758807 12.1244861008434128 -1.20686614513397217 0.730800032615661621 49.5
15.4542404447270769 12.1984309235767512 -1.20015597343444824 0.649600028991699219 47
13.8994529357599372 13.9346915107465161 2.16093134880065918 -0.243600010871887207 45
19.0768811167351444 -5.29231270267876397 -0.322612553834915161 3.00440025329589844 48
19.0265393982450419 -5.47540346471627171 0.225428372621536255 2.92320013046264648 49.5
15.5039388632486794 12.2250196652341145 -1.48888707160949707 0.730800032615661621 46.5
18.9813024765806588 -5.8289418673876936 0.865582644939422607 2.84200000762939453 45
19.1641760614954144 -5.4246447812782792 1.14459991455078125 2.92320013046264648 47
19.1170093798319343 -5.69886855239069234 0.255696535110473633 2.84200000762939453 45.5
15.7035244769557139 12.2627884554723607 -1.01286053657531738 0.730800032615661621 45
15.7574758635645331 12.2328731349873703 -0.24753686785697937 0.649600028991699219 46
14.6055813001435748 13.6651445976226551 0.970307648181915283 0 47.5
19.2974663707914154 -5.33743882562335159 -0.346755236387252808 3.00440025329589844 55
19.3080692598744541 -5.28489020146109656 -0.518733739852905273 2.92320013046264648 52
15.8472681004557128 12.2163039600061882 -0.791634321212768555 0.730800032615661621 46.5
19.3499463327762129 -5.18914588020348333 1.63166844844818115 3.16680002212524414 45.5
19.3895874206841548 -5.28207830884217078 0.391898274421691895 3.08560013771057129 51.5
19.3675889034860695 -5.35742892665732384 -0.452179938554763794 3.00440025329589844 55.5
19.36458764266456 -5.30468349418671714 -0.939720332622528076 2.92320013046264648 52
15.9360587678145826 12.1088442828949621 -1.85146331787109375 0.893200039863586426 46.5
15.9765245894494115 12.1716364644075909 -0.782275915145874023 0.730800032615661621 45.5
14.422506146870111 13.7675049631964335 3.07860541343688965 0 47
19.4078145310309829 -5.48582508696492077 -0.522619366645812988 3.00440025329589844 49
19.4659916629148029 -5.20850856142901097 -0.988565266132354736 2.92320013046264648 46
16.0454349488284471 12.123774284565398 -1.60896527767181396 0.893200039863586426 45.5
14.6740790409829387 13.6338888190745848 2.41228961944580078 0.0812000036239624023 46
14.2163743108443157 14.2058404607229125 2.48018550872802734 -0.324800014495849609 45.5
19.4092942500332022 -5.76432215346041854 0.338226586580276489 2.84200000762939453 45
16.1293819823556248 12.2270433035648587 -0.636344075202941895 0.812000036239624023 45
14.856422376295038 13.8698653287702101 0.138567760586738586 0 45
14.708640764123988 13.9790768667920222 1.1605827808380127 -0.0812000036239624023 48
19.6833843860141258 -5.00595212653471577 -0.781338512897491455 3.08560013771057129 48
19.6151599326735457 -5.31072851171186766 -0.383813619613647461 3.00440025329589844 48
16.4360426532241952 11.9345352828952969 -0.727334797382354736 0.974400043487548828 46.5
14.5578577121802262 14.2167504939419889 1.45355451107025146 -0.0812000036239624023 45
14.5557473728602407 14.1402752357712416 2.08396434783935547 -0.162400007247924805 45
19.7245261148234228 -5.11109642107830187 -0.989866971969604492 3.08560013771057129 49
19.6746170583592885 -5.33032549450111137 -0.810628712177276611 3.00440025329589844 49.5
18.2883814412486032 -8.59326984311967834 2.8019416332244873 2.19239997863769531 46.5
16.4598650695446231 11.9632795531772906 -1.45355391502380371 1.05560004711151123 48
16.5466393973242099 11.8868042950065451 -1.03570699691772461 0.974400043487548828 47.5
14.6477825727042053 14.2690171575455818 1.03115165233612061 -0.0812000036239624023 46.5
14.6639531248901989 14.1769094620692258 1.79146671295166016 -0.162400007247924805 48
19.7930428028368119 -5.19385060602788773 -0.696429848670959473 3.08560013771057129 51.5
19.7573015674615959 -5.32177796085616173 -0.743862032890319824 3.00440025329589844 52
18.3512151019330858 -8.6555648276809567 2.74585771560668945 2.19239997863769531 47
16.5752809300361577 11.9305051112847504 -1.46585822105407715 1.05560004711151123 49
16.7195456546701244 11.7437311732354708 -1.32937753200531006 0.974400043487548828 46.5
14.8143472727265539 13.8954692814470242 2.5839228630065918 0.0812000036239624023 45.5
14.7481318983856102 14.1338270517641167 2.24278473854064941 -0.162400007247924805 47
14.700818684018488 14.2647909288789378 1.64445698261260986 -0.243600010871887207 45.5
19.8869547528126986 -5.17692502477406613 -0.105077609419822693 3.16680002212524414 45
19.8365819826696743 -5.34127185095737023 -0.532333493232727051 3.08560013771057129 51
19.8225037529911461 -5.40033399161699457 -0.455298870801925659 3.00440025329589844 49.5
19.787601207104089 -5.49277908134510273 -0.763388097286224365 2.92320013046264648 46.5
14.9596446017378764 13.9155539232394165 2.206573486328125 0.0812000036239624023 47.5
19.9058235767124643 -5.36076524530836007 -0.641099810600280762 3.08560013771057129 46.5
19.8183959921423423 -5.70354494609009599 -0.302310794591903687 2.92320013046264648 48
16.6029516418199243 12.206050097009804 -0.863123238086700439 0.893200039863586426 49
15.0971812125778087 14.1412868717712072 0.767550408840179443 -0.0812000036239624023 45
16.7474909116239061 12.0616097828917397 -1.59033405780792236 1.05560004711151123 45.5
16.706771249039182 12.1547296525430593 -1.2791980504989624 0.974400043487548828 53
16.7146255012748917 12.1547296525430593 -1.17213070392608643 0.893200039863586426 49
18.6839110089762102 -9.08352684435683244 0.0410755090415477753 2.11120009422302246 45.5
18.6831303046694863 -9.08352684435683244 -0.175627484917640686 2.03000020980834961 45.5
16.7775915225983923 12.1286760265319007 -1.73445606231689453 1.05560004711151123 47
16.8358659187367437 12.1053117105561334 -1.27111005783081055 0.974400043487548828 51
16.7801280546685057 12.183192763808691 -1.26404273509979248 0.893200039863586426 45
14.3287502882705731 14.8951114338219845 2.74683713912963867 -0.406000018119812012 48.5
14.2625753068128152 14.8951114338219845 3.07198476791381836 -0.487200021743774414 51
20.0924919117947915 -5.55733298729093761 -0.361041039228439331 2.92320013046264648 46
18.858158081387657 -8.89225386105202453 -0.142146334052085876 2.19239997863769531 45.5
18.7534828630362966 -9.1006864156620928 0.454841822385787964 2.03000020980834961 49.5
16.8688492283144242 12.149012526834337 -1.60185813903808594 0.974400043487548828 46
14.2695537165121085 14.8702481455574258 3.62094449996948242 -0.406000018119812012 50
14.3093507760889995 14.6793692789096877 4.19693374633789062 -0.487200021743774414 49
18.8651150235114429 -9.03667620732309906 0.549179971218109131 2.03000020980834961 45
16.9952798409989612 12.0018355878509908 -2.22981762886047363 1.05560004711151123 45.5
17.0833722403856996 12.0448522609620703 -2.01988697052001953 1.13680005073547363 48
17.0833722403856996 12.0448522609620703 -2.01988697052001953 1.05560004711151123 48.5
17.1038920400601455 12.0510007077133867 -2.52703404426574707 1.13680005073547363 45.5
20.4273551569968141 -5.48136411484950958 -0.0187440924346446991 3.00440025329589844 45.5
20.5466065434594789 -5.28596766999167134 -0.629376113414764404 3.16680002212524414 48
20.5108125369624901 -5.4318423422694142 -0.549818873405456543 3.08560013771057129 51
20.4837274994214944 -5.54588981332292263 -0.400809049606323242 3.00440025329589844 49.5
17.273482770483465 12.2216452701061815 -1.66096746921539307 1.05560004711151123 46.5
20.5889744294058588 -5.36586388376954915 -0.995823085308074951 3.16680002212524414 45.5
20.5761368063398038 -5.45103632636906532 -0.773834526538848877 3.08560013771057129 50.5
20.5396499503358569 -5.59742646208698513 -0.694012761116027832 3.00440025329589844 49
20.6425791956404332 -5.42215163054746796 -1.1725236177444458 3.00440025329589844 45
17.7079151874462042 12.0501014168165952 -2.13318514823913574 1.21800005435943604 48.5
20.9642009422825524 -5.49825229460942477 0.27780565619468689 3.08560013771057129 49
20.9273247570794325 -5.61742623597041746 0.545226752758026123 3.00440025329589844 48.5
21.0230025653010841 -5.56619876659709956 -0.33659285306930542 3.16680002212524414 45.5
21.0385229172892494 -5.51727709775005515 0.0518991202116012573 3.08560013771057129 51
21.0253790939516101 -5.56619876659709956 0.115660808980464935 3.00440025329589844 48
21.0850892098823586 -5.6344831166696725 -0.0476154088973999023 3.08560013771057129 46.5
18.1191545819615314 11.9862310250547974 -2.08738899230957031 1.38040006160736084 47
18.163870783432003 11.9973184791735505 -2.39754199981689453 1.46160006523132324 46.5
18.1262372217335468 12.0602606153553467 -2.36637377738952637 1.38040006160736084 49.5
21.3109516498719742 -5.36016553245528904 -0.112364009022712708 3.08560013771057129 49
21.2419348956823768 -5.62378023077276268 0.232213929295539856 3.00440025329589844 45.5
18.2105768441601974 12.0384045564979445 -2.5203862190246582 1.38040006160736084 45.5
21.354721918119651 -5.49142949718785278 0.150328129529953003 3.16680002212524414 45
21.3803028798940957 -5.39223659106704822 -0.094707876443862915 3.08560013771057129 49
21.3974465317531113 -5.61240256495264234 -0.407248377799987793 3.08560013771057129 47
21.4752860440325968 -5.56207529217363028 -0.845857083797454834 3.08560013771057129 45
18.6701453480210695 11.9939914165127757 -1.93534243106842041 1.54280006885528564 45
18.7074745926029529 11.9605897230808544 -1.77492713928222656 1.46160006523132324 47.5
14.9290431538384816 16.5978854234229622 1.07535660266876221 -0.730800032615661621 45
14.9790951170694644 16.5168928813938081 1.53017663955688477 -0.812000036239624023 47.5
14.8746826703472106 16.4945501111788673 2.48921012878417969 -0.893200039863586426 45
21.6029478323732533 -5.71974917502443603 -0.345878183841705322 3.00440025329589844 47
18.7114313472385518 11.9757248352074139 -2.44680643081665039 1.54280006885528564 45
18.778403374963947 11.9757248352074139 -1.86443042755126953 1.46160006523132324 48
15.1003853601594482 16.5499015125912443 0.97969132661819458 -0.812000036239624023 45.5
21.5644583489310975 -6.0976271065693437 0.82081913948059082 3.00440025329589844 48.5
21.8378445252967772 -5.39825311415666942 -0.466296464204788208 3.16680002212524414 49.5
21.8925078978538998 -5.12834045844883679 -0.817430794239044189 3.08560013771057129 48
12.8355795468253238 18.5365427881757086 1.12922382354736328 -2.19239997863769531 45.5
21.8893573140636875 -5.52062307661845431 -0.0969628244638442993 3.16680002212524414 51.5
21.9106380808679084 -5.41624747425009279 -0.467850804328918457 3.08560013771057129 51.5
21.968333616321118 -5.43424183434351704 -0.940150797367095947 3.16680002212524414 47.5
21.9834316364390361 -5.43424183434351704 -0.469405144453048706 3.08560013771057129 49.5
22.3528275168607244 -5.5422066220572983 -1.80141472816467285 3.16680002212524414 45.5
22.3863790052849794 -5.5422066220572983 -1.3206106424331665 3.08560013771057129 45
19.6800259695110107 11.9821352542499202 -1.65378868579864502 1.70520007610321045 45
19.6954753418612505 11.9157442374231923 -1.92699515819549561 1.62400007247924805 47.5
22.4720021486809749 -5.56020098215072167 -1.08348357677459717 3.08560013771057129 46.5
22.5447259614429925 -5.57819488462855873 -1.0869898796081543 3.08560013771057129 47
22.6787289161375156 -5.31637978248588361 -1.21120882034301758 3.16680002212524414 45.5
22.6050745667259676 -5.48834601448515258 -1.71589374542236328 3.08560013771057129 47
19.9138293533237736 12.029557994901344 -2.50783467292785645 1.70520007610321045 46.5
19.9121275068703234 12.0704947503531237 -2.31741499900817871 1.62400007247924805 45.5
22.8967984043011406 -5.5000891771592082 0.297022998332977295 3.24800014495849609 46
22.9048761957275566 -5.46183280514044434 0.370872080326080322 3.16680002212524414 47.5
22.9954814457724588 -5.41723134776112758 0.0450994819402694702 3.24800014495849609 49
22.9946452326728092 -5.41723134776112758 -0.201331645250320435 3.16680002212524414 47.5
20.2562036333746853 11.9976175462131991 -1.97079050540924072 1.78640007972717285 47
20.2802136663610533 11.9297176437616983 -2.12964582443237305 1.70520007610321045 51.5
20.2928072500905898 11.9297176437616983 -2.00609970092773438 1.62400007247924805 47.5
23.0534709914033051 -5.49662145895932941 -0.121184393763542175 3.24800014495849609 49.5
23.0601044980656305 -5.46996758335015176 -0.0323163531720638275 3.16680002212524414 50.5
23.0343303413995422 -5.57658308578686235 0.106640882790088654 3.08560013771057129 45
20.2948681351755127 12.0357056084109466 -2.22489833831787109 1.78640007972717285 49.5
20.3316218723877462 12.0031286493330622 -2.05915212631225586 1.70520007610321045 52.5
20.3188628151947945 12.0031286493330622 -2.18145966529846191 1.62400007247924805 48
23.3765155358991095 4.29297043652302168 0.599672138690948486 -1.46160006523132324 46
23.1996579819070199 -5.19612823078115227 -0.163708865642547607 3.24800014495849609 49
23.1550381603452102 -5.37735397239215818 -0.423034220933914185 3.16680002212524414 51
23.0949677996701119 -5.5942306795659853 -0.760075032711029053 3.08560013771057129 45.5
20.3959631003682134 12.0411136188427719 -2.06566834449768066 1.78640007972717285 47.5
20.3963885277422285 12.0737936706086924 -1.86051833629608154 1.70520007610321045 50
23.4727109831466976 4.19624215452140348 0.495900928974151611 -1.38040006160736084 46
23.4268354408196657 4.44956643231566495 -0.455257028341293335 -1.86760008335113525 49
23.1959106400059163 -5.3943169742072028 -1.29367470741271973 3.16680002212524414 48.5
23.1117177221265635 -5.6267792526537006 -1.73505508899688721 3.08560013771057129 45.5
20.5053071274454517 12.0165116243112937 -1.98955988883972168 1.70520007610321045 47.5
23.5488167124261984 4.20943801858991407 -0.373514533042907715 -1.54280006885528564 48.5
23.5260234800654544 4.32005535288524634 -0.518660068511962891 -1.62400007247924805 53.5
23.5151413231902993 4.33799329898719233 -0.790956079959869385 -1.70520007610321045 51.5
23.4670691515914918 4.53830036379225188 -1.05174100399017334 -1.78640007972717285 51
23.4722930473143521 4.53830036379225188 -0.927881538867950439 -1.86760008335113525 51
23.4801424226444873 4.46355892170081159 -1.0794442892074585 -1.94880008697509766 45
23.2626533099195179 -5.48602184951171434 -1.07618474960327148 3.16680002212524414 47
23.2481672565242796 -5.61158747222533361 -0.662155747413635254 3.08560013771057129 45.5
20.6550533551347506 11.862961688753396 -2.24602079391479492 1.70520007610321045 45.5
23.6326674860936734 4.11166945528266314 0.768904566764831543 -1.38040006160736084 48.5
23.5934695790196471 4.37558405197476752 -0.449942082166671753 -1.54280006885528564 57
23.5997716411191476 4.33359763886465998 -0.520285964012145996 -1.62400007247924805 59.5
23.6203028343097472 4.22263354707366112 -0.500655174255371094 -1.70520007610321045 56
23.5959437777069319 4.35159181591184918 -0.543185710906982422 -1.78640007972717285 53
23.5854026072337355 4.44156270114779339 -0.0359984263777732849 -1.86760008335113525 51.5
23.366694598866232 -5.45223564529823701 -0.520285964012145996 3.16680002212524414 45
23.7188239141115353 4.12451855303687331 -0.106688737869262695 -1.29920005798339844 46.5
23.7081566400602703 4.13956056088894098 0.626929044723510742 -1.38040006160736084 48
23.6664370401441566 4.36519067866995236 -0.671230196952819824 -1.54280006885528564 58.5
23.7077181824048573 4.12451855303687331 -0.733573615550994873 -1.62400007247924805 60
23.7226517316166294 4.01621609650198863 -0.843485832214355469 -1.70520007610321045 57
23.715113681576554 4.13956056088894098 -0.251124083995819092 -1.78640007972717285 55.5
23.7102929375471234 4.12451855303687331 0.644977688789367676 -1.86760008335113525 50
23.8179392958947709 3.9593190064463184 0.502138733863830566 -1.29920005798339844 46
23.7187179349853992 4.37878954142805465 1.21294081211090088 -1.38040006160736084 46.5
23.8058990066827008 3.86275025019152984 -1.25733506679534912 -1.62400007247924805 56
23.7986740562482311 4.05588776270110607 -0.628881335258483887 -1.70520007610321045 58
23.8008137810047273 4.07701217813184158 0.349039584398269653 -1.86760008335113525 50
18.2885478524639069 -15.8864593592246948 0.00660633062943816185 0 47.5
23.838754076589975 4.26222080369443024 -0.630834400653839111 -1.70520007610321045 58
23.8440989155393801 4.26222080369443024 -0.378198117017745972 -1.78640007972717285 56.5
23.8029351668737164 4.48320242206779174 -0.414528101682662964 -1.86760008335113525 50
18.4007764345657172 -15.7562921045664144 -0.0363359116017818451 0.0812000036239624023 47.5
23.9584925078673976 4.05375088882352674 -0.218682274222373962 -1.46160006523132324 48
23.840197309454787 4.60943359493192073 -0.942425131797790527 -1.62400007247924805 47.5
23.8876190627116856 4.40598692111081469 -0.677503347396850586 -1.70520007610321045 54.5
23.8572261831700096 4.49708244670235491 -1.04836416244506836 -1.78640007972717285 55
23.7813211488263789 4.92219489946287414 -0.843089044094085693 -1.86760008335113525 49
24.0154311738119546 4.15763927979398495 -0.337336450815200806 -1.46160006523132324 48
23.9137789103860108 4.62366038588078343 -0.94533383846282959 -1.78640007972717285 51
23.8837640692568769 4.84601032538624921 -0.471925526857376099 -1.86760008335113525 51
23.8874194988372714 4.84601032538624921 -0.219357237219810486 -1.94880008697509766 48.5
23.9923401006328199 4.69288152034385231 -0.383377760648727417 -1.78640007972717285 46.5
23.9322725832102385 4.95257873989413078 -0.721672773361206055 -1.86760008335113525 51
24.0690100130931093 4.70727700841859154 -1.0720218597271014e-06 -1.62400007247924805 49
24.042820692159065 4.83905624758656039 -0.0451444797217845917 -1.70520007610321045 48.5
23.7468160885665256 -5.54698657893076241 -2.60679078102111816 3.16680002212524414 48
21.3691510146453147 11.823355923488883 -2.2457425594329834 1.86760008335113525 47
21.3294668636331686 11.936747361842718 -2.01087617874145508 1.78640007972717285 47
24.0362681771111077 5.22888300378376591 -0.276725172996520996 -1.78640007972717285 47.5
24.0455930854083952 5.11514480793426607 -0.897076964378356934 -1.86760008335113525 46
23.8622352329793195 -5.70535382423437376 -1.78961658477783203 3.16680002212524414 47
21.4476261035943914 11.8595124212802876 -2.12398171424865723 1.86760008335113525 49.5
21.4198067700352581 11.9363625536110316 -1.96854615211486816 1.78640007972717285 49
24.0791221567732521 5.35582646698705567 0.605555474758148193 -1.70520007610321045 48
23.9457662404357414 -5.9200845230944994 -0.639188766479492188 3.16680002212524414 45.5
21.5130158717271343 11.89566983859301 -2.13045740127563477 1.94880008697509766 45.5
21.5368792297159324 11.89566983859301 -1.87392103672027588 1.86760008335113525 49.5
21.4851117222651951 11.9727542724874709 -1.9745478630065918 1.78640007972717285 47
24.1847071176252584 5.24530301348266548 0.386395156383514404 -1.70520007610321045 48
24.2185155564311145 5.01334680710813707 0.944703638553619385 -1.78640007972717285 46.5
24.300599220571641 5.0471512616032248 0.53647923469543457 -1.70520007610321045 46.5
24.3758059633754662 -5.42094272957692969 0.429065316915512085 3.24800014495849609 48.5
24.3156263829510273 -5.53641473936066397 1.35979938507080078 3.16680002212524414 45
19.8141791720956597 15.0082404067561637 2.42933750152587891 0.893200039863586426 48.5
19.8342491240688545 14.9146144528774602 2.81202507019042969 0.812000036239624023 48
24.4259222303765746 -5.55304077832198395 -0.201522156596183777 3.24800014495849609 49
24.3963758443851972 -5.66572931722817952 0.467920035123825073 3.16680002212524414 45.5
19.917748683800685 15.0533106555526608 2.04541134834289551 0.893200039863586426 48
19.917748683800685 15.0533106555526608 2.04541134834289551 0.812000036239624023 48
24.5167045469462757 -5.3844298712744445 -1.09764969348907471 3.24800014495849609 47
24.4876417144207323 -5.52571228772187872 -1.04288256168365479 3.16680002212524414 49
24.3897814083994362 -6.02804976842386786 -0.258650273084640503 3.08560013771057129 45
24.928894275307794 3.62762620254102286 -0.65622401237487793 -1.38040006160736084 47
24.5213202090207822 -5.56110058479813052 -1.67901611328125 3.16680002212524414 48.5
21.9961551011369529 12.0920873418034081 -2.23397636413574219 1.94880008697509766 46.5
24.9613362022135874 3.7742320036662389 -1.2298588752746582 -1.38040006160736084 46
24.6109053633918435 -5.57765164725906093 -1.4208674430847168 3.16680002212524414 47
19.3906664182573785 16.1139177261130975 1.78028488159179688 0.487200021743774414 45.5
24.7955904736090282 -5.27109434234323615 -0.12962128221988678 3.16680002212524414 46.5
24.6751572048552923 -5.75892398700721397 0.770696341991424561 3.08560013771057129 47
24.8389114143449028 -5.42330462662386825 -0.216671198606491089 3.24800014495849609 47
24.8411891420550255 -5.40424204445647227 -0.37440025806427002 3.16680002212524414 50.5
24.895271227694046 -5.50621858829383104 -0.396364718675613403 3.24800014495849609 49
24.8910411921576795 -5.5348968101078615 -0.226003959774971008 3.16680002212524414 51
24.8185757727910037 -5.84717078097174792 0.314662694931030273 3.08560013771057129 46
20.0044541550611257 15.8048866886211812 0.526731789112091064 0.649600028991699219 45.5
24.9813511491746922 -5.42014619125492381 -0.796706795692443848 3.24800014495849609 46
24.9839459342511319 -5.45530044131612879 -0.350456267595291138 3.16680002212524414 46.5
24.852745011640085 -7.95462621444848494 2.04832863807678223 2.92320013046264648 46
24.852745011640085 -7.95462621444848494 2.04832863807678223 2.84200000762939453 46
21.1455772029991067 15.3499427731935594 1.54094290733337402 1.21800005435943604 47
21.1955177530992209 15.2518182721929652 1.80629420280456543 1.13680005073547363 52.5
21.1955177530992209 15.2518182721929652 1.80629420280456543 1.05560004711151123 52
21.1782640770651618 15.3499427731935594 0.995528578758239746 0.974400043487548828 45.5
21.2675228761607897 15.2955201998573571 1.67397153377532959 1.21800005435943604 53.5
21.2916424858529467 15.2561579347065344 1.7257610559463501 1.13680005073547363 58.5
21.3244890872394173 15.2200758583182783 1.63646411895751953 1.05560004711151123 56.5
21.3437078558694608 15.2200758583182783 1.36309444904327393 0.974400043487548828 45
25.4684872616590283 -6.19424258489883339 2.44809722900390625 3.16680002212524414 48.5
25.4622116226286934 -6.17450522137817881 2.5606532096862793 3.08560013771057129 47.5
21.3282862956299937 15.3392210161355624 1.67875421047210693 1.21800005435943604 53.5
21.4136011021489949 15.2175072744248574 1.70024728775024414 1.13680005073547363 56.5
21.4336020104007794 15.2175072744248574 1.42613565921783447 1.05560004711151123 53.5
25.9094579349270475 5.00777976167452987 0.763038992881774902 -1.62400007247924805 46.5
25.8731137110336711 5.20901465328332147 0.638891041278839111 -1.70520007610321045 46.5
25.8953002302227233 5.12654133705020953 0.334768474102020264 -1.78640007972717285 47
25.6849728839105005 -5.91168730758943095 1.51465857028961182 3.16680002212524414 45.5
25.5878662698385391 -6.21189017867795634 1.90620458126068115 3.08560013771057129 46
21.5841385343330181 15.2014816480871069 -0.0035983184352517128 1.05560004711151123 46.5
25.9620781375592067 5.16757158765646274 0.438589900732040405 -1.54280006885528564 47
25.9602335142794693 5.14110515186820916 0.748969078063964844 -1.62400007247924805 50
25.9794642632078627 5.08155567134463926 0.413325697183609009 -1.70520007610321045 51.5
25.9823908997421569 5.08155567134463926 0.137179791927337646 -1.78640007972717285 50.5
25.9667303465510315 5.14110515186820916 0.472881793975830078 -1.86760008335113525 46
26.032070571107699 5.20211680857394843 0.41449660062789917 -1.54280006885528564 48.5
26.0736027060076694 4.98978551026480766 0.41449660062789917 -1.62400007247924805 53
26.0797708951555869 4.95329106836792388 0.461550652980804443 -1.70520007610321045 53.5
26.0678512327781142 5.03623298176993206 0.0778357386589050293 -1.78640007972717285 52
26.0549060769345893 5.0959511594193776 0.275131106376647949 -1.86760008335113525 46.5
25.998586103457658 -5.37795366498620542 0.231690213084220886 3.24800014495849609 47
25.905517232506039 -5.80261626160448696 0.369248270988464355 3.16680002212524414 49.5
25.5149841159953041 -6.93726163694395837 2.40052604675292969 3.08560013771057129 47.5
25.4507691363779287 -7.09651011067581372 2.60775995254516602 3.00440025329589844 45
26.1644846064938044 4.92735897456952276 -0.177890077233314514 -1.54280006885528564 48.5
26.156882670553113 4.96728355775307051 0.185149580240249634 -1.62400007247924805 53
26.1501985967427579 5.0038810923379895 0.137957021594047546 -1.70520007610321045 53.5
26.15749650593186 4.96728355775307051 0.0471954122185707092 -1.78640007972717285 50.5
26.153443310602345 4.96728355775307051 0.462854504585266113 -1.86760008335113525 45.5
26.1240227585525879 -5.11034664749411682 0.557230353355407715 3.32920026779174805 45.5
26.0907536113412171 -5.29333432041871088 0.379367947578430176 3.24800014495849609 51
25.9647970224285736 -5.8755678251787824 0.444705367088317871 3.16680002212524414 52
25.725187599692525 -6.55761278789772373 2.02563047409057617 3.08560013771057129 50
25.4950039421740513 -6.99678320291674982 3.15286707878112793 3.00440025329589844 46.5
26.2573983154410158 4.8411460335353107 -0.049148116260766983 -1.62400007247924805 50
26.2311784650878614 4.98127569129442982 0.0473283566534519196 -1.70520007610321045 50
26.2183089380537631 5.01797631594562876 -0.556978940963745117 -1.78640007972717285 47
26.1371100220805239 -5.33827267653790205 1.11553418636322021 3.24800014495849609 48.5
20.6790492127776808 16.8259904090003971 2.48267388343811035 0.649600028991699219 49
20.6115329934683444 16.702196087041159 3.61967635154724121 0.568400025367736816 48
25.5760838126760532 -8.18255245704621181 1.96607911586761475 2.84200000762939453 49
25.5227195625347392 -8.428163612212483 1.58509600162506104 2.76080012321472168 47.5
25.4266737734911707 -8.69793594462919728 2.61348772048950195 2.76080012321472168 47.5
26.4353270142026879 -5.7752594019364567 -0.935680806636810303 3.16680002212524414 45
21.0752888159290066 17.0820044384767584 1.07700252532958984 0.649600028991699219 45
21.0904330507003728 17.0616485245480867 1.10289645195007324 0.568400025367736816 46
21.08607814158756 17.2006340804187445 0.846252620220184326 0.649600028991699219 48
21.0421311305666485 17.2312522977296183 1.23018527030944824 0.568400025367736816 47.5
26.72989184144609 -5.52987325349398251 -0.472729980945587158 3.32920026779174805 47
26.7172200765276351 -5.52987325349398251 0.949035465717315674 3.24800014495849609 49
26.5793100758229173 -6.02452570368314166 1.59230911731719971 3.16680002212524414 47
26.1477757489502558 -7.27650811209294623 2.93876004219055176 3.00440025329589844 47.5
21.1206886146336359 17.2787217945385692 0.807655751705169678 0.649600028991699219 46.5
26.6834506874429778 -5.81872682854533796 1.87793099880218506 3.32920026779174805 46.5
26.6072761715988477 -5.98292370554132624 2.37659239768981934 3.24800014495849609 47.5
22.5224422138941058 15.472134888601154 1.65630078315734863 1.38040006160736084 48
22.6473091402356665 15.3250418529589147 1.27797937393188477 1.29920005798339844 51.5
22.7025961955620836 15.1984734269411739 1.72895050048828125 1.21800005435943604 47
26.7875090667734881 -5.56025709392523915 2.23951339721679688 3.32920026779174805 46
22.843471181190413 15.1920904805643957 0.937417447566986084 1.46160006523132324 45
22.6576511409235906 15.3670276254072018 1.99695098400115967 1.38040006160736084 52.5
26.8065611979379241 -5.57544920731661442 2.81928420066833496 3.32920026779174805 47
26.8127595992791505 -5.72334823008935611 2.43821859359741211 3.24800014495849609 47
22.8811823978783373 15.2989500765850082 0.138866662979125977 1.46160006523132324 47
22.771403660603923 15.4090144656251908 1.28498196601867676 1.29920005798339844 51
22.6775369911039952 15.5362764154528996 1.40681588649749756 1.21800005435943604 49.5
26.9147740377437081 -5.6113342382467728 2.42236971855163574 3.32920026779174805 49
26.9318501781301123 -5.73894294557014817 1.87083816528320312 3.24800014495849609 50
26.8010787126464152 -6.47355523367498087 1.24712991714477539 3.08560013771057129 45.5
24.8518333079444105 11.9193430407995375 -1.44071316719055176 2.27360010147094727 47
24.7889055359968999 12.0469517481229129 -1.46326231956481934 2.19239997863769531 48
22.9538954947159937 15.3233915307501007 -0.269077450037002563 1.46160006523132324 46.5
22.8657861810720888 15.4510002380734761 0.427125602960586548 1.38040006160736084 45
22.8248233606405684 15.4510002380734761 1.4331963062286377 1.21800005435943604 48
27.0915553971314864 -5.53320967081837978 1.15626990795135498 3.32920026779174805 49
27.0454076478822394 -5.75453805765111515 1.15626990795135498 3.24800014495849609 51.5
27.0031913377133392 -5.97586644448384963 1.01109826564788818 3.16680002212524414 46
24.8672397092498372 11.9517328889676993 -2.16383242607116699 2.27360010147094727 48
22.8171806705362847 15.6209425519291401 1.12610542774200439 1.21800005435943604 48
22.556030637263575 15.8249796585405669 2.5886683464050293 1.13680005073547363 48.5
27.2340482045042798 -5.32627677206038364 0.00189099612180143595 3.32920026779174805 46.5
27.1704247744337763 -5.64183092978010681 -0.018919995054602623 3.24800014495849609 51.5
27.1372595345652527 -5.77013316973208212 0.580775260925292969 3.16680002212524414 48
23.0674036280963257 15.385865909916614 -1.11025285720825195 1.38040006160736084 45.5
22.9775266613459621 15.5349739185094524 -0.872027158737182617 1.29920005798339844 47.5
22.5980930697181215 15.9302835226858068 2.36956620216369629 1.21800005435943604 49.5
22.4538500353324473 15.9164130102585695 3.54330563545227051 1.13680005073547363 48.5
27.2537994556222642 -5.60840088873098974 -0.0834700390696525574 3.32920026779174805 47.5
27.2675808384410914 -5.53190689024860749 -0.328177452087402344 3.24800014495849609 50.5
27.2106023550723926 -5.78572788521287418 0.582344889640808105 3.16680002212524414 45.5
22.7206774695989751 15.959429683369649 1.81605732440948486 1.21800005435943604 51
22.6669779984681696 15.959429683369649 2.39487051963806152 1.13680005073547363 49
27.3170096088230103 -5.67232723353189883 0.125539273023605347 3.32920026779174805 46.5
27.3075527510261225 -5.6897590934997293 -0.578207671642303467 3.24800014495849609 47.5
22.8882427048256147 15.9536382425580641 0.140758588910102844 1.21800005435943604 50.5
22.872241230887532 15.9536382425580641 0.867234110832214355 1.13680005073547363 49.5
27.4730092815935087 -5.47499100506276903 1.43555569648742676 3.32920026779174805 47
27.472507852117527 -5.38385799217440031 1.75440216064453125 3.24800014495849609 48
27.6622211890638567 -5.47607807803880764 0.232632651925086975 3.24800014495849609 46
27.653709913318167 -5.74856818680214943 1.30459105968475342 3.24800014495849609 48.5
27.7196494698290437 -5.76381614478727489 1.45670104026794434 3.24800014495849609 48
27.6823181554580522 -5.76381614478727489 2.04700374603271484 3.16680002212524414 47.5
28.4239029103763556 0.1527349558044373 -0.197665825486183167 -2.11120009422302246 48.5
28.4248529979889106 0.0639355628948807264 0.0658885464072227478 -2.19239997863769531 54.5
28.413498267739886 0.0639355628948807264 0.80607140064239502 -2.27360010147094727 50
27.890277325448892 -5.45583470036315532 -0.589087903499603271 3.24800014495849609 48.5
27.8446473031667168 -5.65119336476418077 0.84868776798248291 3.16680002212524414 47.5
25.6416639402083852 12.1228931200126642 -1.8764880895614624 2.35480022430419922 47.5
23.99593707458979 15.0035454259986789 2.65882205963134766 1.62400007247924805 46
24.0117358495804858 15.0035454259986789 2.51215052604675293 1.54280006885528564 46.5
28.4274276537286923 0.153137954494029616 2.0268244743347168 -2.11120009422302246 62.5
28.4470223765732619 0.153137954494029616 1.73018729686737061 -2.19239997863769531 69
28.4470223765732619 0.153137954494029616 1.73018729686737061 -2.27360010147094727 64
27.9900337201899596 -5.27435606059669393 -0.994634747505187988 3.24800014495849609 49
27.9820107290425213 -5.24230393058631527 -1.33243942260742188 3.16680002212524414 46
23.9337774390063132 15.1570961471299981 3.11236310005187988 1.62400007247924805 46.5
23.6108323509603828 15.0431330182042107 5.33693122863769531 1.54280006885528564 45
28.3570973826453603 0.274945409441635868 3.51142001152038574 -2.11120009422302246 59
28.4600895821268338 0.0928387096815913165 2.55839300155639648 -2.19239997863769531 68
28.5094100872100285 -0 1.93498349189758301 -2.27360010147094727 64.5
28.1003104246258317 -5.18111414415342342 -0.243515416979789734 3.24800014495849609 47.5
28.3862323443793549 -0.114562933301977143 -3.87702560424804688 -2.11120009422302246 63
28.5332092529330765 -0.196905041612773224 -2.57678127288818359 -2.19239997863769531 69
28.602115880788169 -0.229125866603954287 -1.63984715938568115 -2.27360010147094727 64.5
28.1220016595509179 -5.4345791485125412 0.664053380489349365 3.24800014495849609 46.5
28.7109984840852341 -0 -0.89679265022277832 -2.11120009422302246 65
28.7173016558342766 -0.0646103428180918593 -0.661874473094940186 -2.19239997863769531 71
28.7232280342016928 -0.114862831676607755 -0.297669202089309692 -2.27360010147094727 65.5
28.6217468865966538 -0.57581368839082403 -3.14707589149475098 -2.03000020980834961 46
28.7399597352767877 -0.154749928755033989 1.85226070880889893 -2.11120009422302246 55.5
28.7740135783895141 -0.230325475356329634 1.20131075382232666 -2.19239997863769531 63.5
28.7675556807673125 -0.327494035272281214 1.32685244083404541 -2.27360010147094727 59
28.3909076982930131 -0.230925287359443759 -5.26011419296264648 -2.03000020980834961 45
28.5884862536667548 -0 -4.05760717391967773 -2.11120009422302246 49
28.8517015978244089 -0.155152927444626276 -1.14936459064483643 -2.19239997863769531 51
28.6184835060553873 -1.0201574018539814 -4.24784660339355469 -2.11120009422302246 47
28.9197046611457509 -0.596900607467754973 -1.18192946910858154 -2.19239997863769531 55
29.093476854061965 -0.116362346430540164 -0.605060577392578125 -2.11120009422302246 51.5
29.096299244890659 -0.330905422661848636 -0.325361520051956177 -2.19239997863769531 57.5
29.0975161693533941 -0.349087039291620493 -0.150780260562896729 -2.27360010147094727 51
29.1733066774028309 0.309884108022758287 0.0537049099802970886 -2.19239997863769531 54
29.1506845370423378 -0.0947880801010789892 1.18714094161987305 -2.27360010147094727 47.5
28.6179340874812915 -5.59978811674066712 0.91481935977935791 3.32920026779174805 46.5
29.2422753644808751 0.332611138045704358 -0.584254026412963867 -2.11120009422302246 51.5
29.2345898740130288 0.332611138045704358 -0.889264166355133057 -2.27360010147094727 49.5
28.680639187772762 -5.67997481893433687 0.849399864673614502 3.32920026779174805 46.5
29.321163188867942 0.311477338397006809 0.357863157987594604 -2.19239997863769531 59
29.3191452078477965 0.333463974048560208 0.481808394193649292 -2.27360010147094727 53.5
29.3719330391964952 0.20205962357941587 1.26839220523834229 -2.11120009422302246 55.5
29.3802111794790193 0.117561962809841963 1.07211732864379883 -2.19239997863769531 62
29.3818760217026913 0.157973887525725137 1.02003467082977295 -2.27360010147094727 56.5
29.4683506141774281 0.117861861184472574 0.614868104457855225 -2.11120009422302246 55.5
29.4748467626265196 0.0662972969162658188 0.0683224275708198547 -2.19239997863769531 61.5
29.4650567074101453 -0 -0.765538513660430908 -2.27360010147094727 55.5
28.9395458377693657 -5.53950747567021118 0.769557833671569824 3.32920026779174805 45.5
29.4448208654689232 -0.0960064358386490818 -2.48914313316345215 -2.11120009422302246 48
29.4002147171386419 -0.203090537350988448 -2.96456551551818848 -2.19239997863769531 54
29.1589942821426007 -0.472647068744118548 -4.76783609390258789 -2.27360010147094727 49.5
29.045408398861376 -5.43544129055736303 -0.151096999645233154 3.32920026779174805 47
28.9043883921602642 -0.473846692750346743 -6.47707939147949219 -2.11120009422302246 47.5
25.7153837778531695 -14.6892474752607498 -0.765395700931549072 -2.92320013046264648 45.5
29.5928587773713296 -0.337728219130055463 -2.4977424144744873 -2.19239997863769531 46.5
25.7005076125103997 14.8637529408337592 -0.801745831966400146 1.86760008335113525 48.5
25.7876586210158791 14.7264348737149469 -0.467723071575164795 1.78640007972717285 47.5
29.6675669096147701 -0.476245910255097493 2.48179936408996582 -3.16680002212524414 47
25.8570328024260832 14.7636232179080213 -0.00405833078548312187 1.94880008697509766 47
25.8527796318345651 14.7636232179080213 -0.468904197216033936 1.86760008335113525 49.5
29.8279966110015913 -0.358084127815214925 1.08852720260620117 -3.08560013771057129 54.5
29.8263248131488865 -0.477445503753619938 1.08852720260620117 -3.16680002212524414 54
23.0291301931873917 -18.6203746463911806 3.73675632476806641 -3.49160003662109375 50.5
25.7437969950873686 15.0731037552217053 1.03971576690673828 1.78640007972717285 45
25.4924632303217571 15.5169788719926505 0.616585969924926758 1.70520007610321045 46
25.567997691091545 15.3976174960542433 0.461945652961730957 1.62400007247924805 49.5
25.6395011732795091 15.278256120115838 0.461945652961730957 1.54280006885528564 45
29.8968011090546995 -0.358983845819886127 1.24823689460754395 -3.08560013771057129 51
29.913896593868742 -0.239322563879924094 0.779266953468322754 -3.16680002212524414 50
22.9367943221274579 -18.7868212645740407 4.05765104293823242 -3.49160003662109375 58
22.8889035598817863 -18.8055183398771604 4.23747539520263672 -3.5728001594543457 63
22.848974677522552 -18.7868212645740407 4.5260777473449707 -3.65400028228759766 58
25.4929982263630563 15.5821425576194308 1.67616236209869385 1.78640007972717285 51
25.6322395439947179 15.4363053702551039 0.463106304407119751 1.70520007610321045 58
25.6669260711728349 15.3839535594063719 0.22034047544002533 1.62400007247924805 58.5
25.6669260711728349 15.3839535594063719 0.22034047544002533 1.54280006885528564 51
23.0920164870907492 -18.7139453188769807 4.06782054901123047 -3.49160003662109375 55
22.9462698143241681 -18.8526504424343635 4.24809598922729492 -3.5728001594543457 61
22.9221249177199198 -18.8751431651733981 4.27846193313598633 -3.65400028228759766 57
25.7321262848433392 15.4225102247315498 0.0634060725569725037 1.78640007972717285 55.5
25.7312548586090912 15.4225102247315498 0.220892712473869324 1.70520007610321045 61.5
25.7320387266032142 15.4225102247315498 -0.0920367017388343811 1.62400007247924805 60.5
25.7310130221738902 15.4225102247315498 -0.247480571269989014 1.54280006885528564 52
30.0745974230439828 -0 -0.155832186341285706 -2.11120009422302246 48.5
30.0734390091172266 0.161600834737326199 0.260400682687759399 -2.19239997863769531 52.5
23.0320328082018726 -18.8997813463724071 4.10236692428588867 -3.5728001594543457 46.5
23.0552739313917989 -19.0012516379516576 3.45144009590148926 -3.65400028228759766 45
25.8350012273236764 15.3934190484671642 -0.317810773849487305 1.78640007972717285 54.5
25.7933372535579579 15.4610659095199985 -0.405972063541412354 1.70520007610321045 57.5
25.8249596328654469 15.3934190484671642 -0.787272155284881592 1.62400007247924805 56
25.7816745430626781 15.4610659095199985 -0.875406205654144287 1.54280006885528564 50
30.1500015258789062 -0 -1.31789840907003963e-06 -2.11120009422302246 46
30.149255303717041 0.207214205546058544 0.0452203899621963501 -2.19239997863769531 49.5
29.6110561189840134 -5.66636663893221915 0.316548526287078857 3.24800014495849609 46.5
25.8995287345259229 15.4318070166664665 0.310381293296813965 1.78640007972717285 49
25.8793631104258139 15.3112460243487618 -2.2015693187713623 1.62400007247924805 46
29.6680918936513613 -5.70312327954467069 -0.91066974401473999 3.24800014495849609 45.5
30.2812884320013787 -0.484643186775577772 0.94803011417388916 -2.19239997863769531 47.5
30.3578391424155996 0.0683216452661914719 1.01867961883544922 -2.19239997863769531 45
29.9535942462907165 -5.85890433943868061 0.480716347694396973 3.24800014495849609 47
23.2738986566157955 19.7394726279916526 0.674221634864807129 0.406000018119812012 47
27.5874023424328314 13.0734445693998893 2.0929255485534668 2.27360010147094727 46
23.4014382004223442 19.646492599466697 1.6577303409576416 0.406000018119812012 47.5
27.621135610019877 13.2473136363653001 1.59287309646606445 2.27360010147094727 46.5
30.1811545621552249 -5.77913022012104438 1.12344253063201904 3.32920026779174805 46.5
30.1738034916123823 -5.69075256382930039 1.64910674095153809 3.24800014495849609 47.5
26.6290256154145197 15.2842543621778013 -2.73263192176818848 1.86760008335113525 45
30.8895236842206735 -0 0.804656624794006348 -2.19239997863769531 49
22.9507440216730245 20.2638435793937433 4.17732954025268555 0.324800014495849609 46
23.2634844962951277 20.0669197946092375 3.30743908882141113 0.243600010871887207 45.5
30.973089208046769 0.123859920200202214 -0.320985317230224609 -2.19239997863769531 48
30.4392286360602213 -5.73239193176560935 0.209066852927207947 3.32920026779174805 45
23.11460210192703 20.3130269128331626 3.54213595390319824 0.406000018119812012 51
23.2104583984703225 20.1698138801016782 3.72878527641296387 0.243600010871887207 52
31.0392778046479734 -0.124159826201759263 -0.806445181369781494 -2.19239997863769531 46.5
30.5381791863709786 -5.4630323528774074 1.29516315460205078 3.4104001522064209 45
23.1371319949536058 20.5057712961343057 2.87906718254089355 0.406000018119812012 51
23.1948140213302949 20.36221149708852 3.3887331485748291 0.324800014495849609 55.5
23.2538266791070818 20.2380516708867617 3.71259427070617676 0.243600010871887207 52.5
23.3061416729323305 20.5553026467039643 1.75185286998748779 0.406000018119812012 45.5
23.2094896127309411 20.2674895159837938 4.39479351043701172 0.243600010871887207 46.5
31.1995478431701194 -0.101367199844581896 0.134009405970573425 -2.19239997863769531 50.5
31.1997935214549713 0.070177292200095151 -0.0893395468592643738 -2.27360010147094727 46
30.6521974023972739 -5.68825940666326879 1.2355344295501709 3.32920026779174805 47
30.5267446931408095 -6.23798152889734681 1.62650871276855469 3.24800014495849609 46
31.2715541854465435 0.168048752278708524 0.432829588651657104 -2.11120009422302246 46.5
31.2742274596079355 0.214946078496022513 0.046907719224691391 -2.19239997863769531 55
31.2720833046841982 0.332189394039307528 -0.26865723729133606 -2.27360010147094727 51
31.3448104689915859 0.168451740719618409 -0.544993817806243896 -2.11120009422302246 50.5
31.3472138015842958 0.168451740719618409 -0.382573932409286499 -2.19239997863769531 56.5
31.3415649300144352 0.168451740719618409 -0.707402884960174561 -2.27360010147094727 51
28.006817001664551 14.0402567148630766 -1.14536237716674805 2.19239997863769531 46
31.4211704704497343 -0 -0.490603744983673096 -2.11120009422302246 53.5
31.4233134575870956 -0 -0.32564854621887207 -2.19239997863769531 58.5
31.4211704704497343 -0 -0.490603744983673096 -2.27360010147094727 52
28.3434822843421586 13.5712088232147003 -0.00428322562947869301 2.27360010147094727 46.5
28.179099534801928 13.857869194769874 -1.19520390033721924 2.19239997863769531 48.5
31.4945050234998583 0.0708520764134524111 -0.584106385707855225 -2.11120009422302246 50.5
31.4983101925935429 -0 -0.326425760984420776 -2.19239997863769531 55.5
31.4988857991491038 0.0708520764134524111 -0.255558907985687256 -2.27360010147094727 49.5
31.032521588305201 -5.37294912802014135 0.603431403636932373 3.4104001522064209 45
31.0244588792741176 -5.37294912802014135 0.929763495922088623 3.32920026779174805 47
26.711861193910682 16.8358679103477868 0.103328682482242584 1.54280006885528564 48
26.6301721207367663 16.9542358590964248 0.607020795345306396 1.46160006523132324 49.5
26.4118328589515876 17.1712437651355927 2.13169097900390625 1.38040006160736084 45
26.6966961818287132 16.9945076118680092 0.442335277795791626 1.54280006885528564 51
26.6891860567946679 16.9945076118680092 0.772415757179260254 1.46160006523132324 52.5
26.609835507541554 17.0854719300139166 1.31372153759002686 1.38040006160736084 49
26.6633105426540915 17.1814590010863313 0.583953738212585449 1.46160006523132324 48.5
26.7237641816857767 17.0823504466269007 0.713702976703643799 1.38040006160736084 47
32.0093223031054208 -0 1.00200212001800537 -2.19239997863769531 47
32.2472353438752748 -0.386874806514561298 0.169298037886619568 -2.19239997863769531 46.5
32.319106206438228 -0.517032699358976666 0.337180078029632568 -2.11120009422302246 46.5
32.3099031292544936 -0.517032699358976666 0.841764569282531738 -2.19239997863769531 52.5
32.3193401315971087 -0.367577934700522468 0.480416297912597656 -2.27360010147094727 47
32.3481686574012315 -0.34413865223470641 1.79935526847839355 -2.19239997863769531 47.5
32.294503147295039 -5.59042556210918473 0.113960184156894684 3.4104001522064209 46
32.3478600139346781 -5.54574952053950732 1.408286452293396 3.4104001522064209 47.5
28.1085304477572819 17.0290628140487925 1.9943397045135498 1.70520007610321045 49.5
28.0068905229012444 17.2018631615216222 1.94056189060211182 1.62400007247924805 51.5
27.9580335102039399 17.2471203953835541 2.22283220291137695 1.54280006885528564 47
28.1599299559208731 17.0678518079471573 2.16952800750732422 1.70520007610321045 48.5
28.045474456937324 17.2657877554662313 2.08421421051025391 1.62400007247924805 51
28.0322732782128199 17.2657877554662313 2.25483131408691406 1.54280006885528564 46
28.0498034487364087 17.4579509738843868 1.54407918453216553 1.62400007247924805 45.5
32.6316535148010232 -5.67924369652208227 1.35791921615600586 3.32920026779174805 45.5
24.6639194437205731 22.1158375239454834 4.63501548767089844 0.243600010871887207 45
24.3750168547271784 22.2913932177662595 5.27777671813964844 0.162400007247924805 45
24.4613149155891882 22.2911031929245915 5.35505199432373047 0.162400007247924805 45
33.3418460760678741 -5.21690554860296896 -0.409560710191726685 3.32920026779174805 45.5
33.3895174948370297 -5.41024935421895226 0.00230497075244784355 3.4104001522064209 45.5
33.3475351769483979 -5.64272100615804817 0.481957554817199707 3.32920026779174805 48.5
33.4037769335620425 -5.65523270966050617 1.19002330303192139 3.32920026779174805 46.5
29.3499579419918177 17.0287062480873814 1.70409071445465088 1.86760008335113525 47
29.3726946563014408 17.0032332394888925 1.56064295768737793 1.78640007972717285 45.5
29.5436161822494405 16.8833380306579777 1.23704648017883301 1.86760008335113525 49.5
29.5505566777895829 16.8833380306579777 1.05839860439300537 1.78640007972717285 48
29.1092372508207582 18.0913464086471514 -0.362193316221237183 1.62400007247924805 45
31.1588173635809476 14.3161685278640469 3.0424199104309082 2.51719999313354492 48.5
31.1656524017058345 14.2387373278936291 3.32285141944885254 2.43600010871887207 50
31.2706391364655261 14.1311939946013823 2.74540615081787109 2.35480022430419922 49
31.2746549888498251 14.3473571656252812 2.50982904434204102 2.51719999313354492 51
31.3375749310779703 14.2094018082635003 2.50982904434204102 2.43600010871887207 57
31.351347598709193 14.2094018082635003 2.33151054382324219 2.35480022430419922 53.5
31.5026443345727074 14.1409211558814789 1.74595391750335693 2.51719999313354492 53.5
31.4878486557697137 14.2402921264238778 1.07707393169403076 2.43600010871887207 58.5
31.4724228499263816 14.3007788041453381 0.636412978172302246 2.35480022430419922 54
31.6884833389138088 14.0157213510677288 0.14882776141166687 2.51719999313354492 50
31.6185673462509449 14.1715959166032377 -0.23387029767036438 2.43600010871887207 55.5
31.5440149355414654 14.3318003311813964 -0.444107562303543091 2.35480022430419922 51.5
31.7522143481378123 14.0460587175377345 -0.575264036655426025 2.43600010871887207 48.5
31.731058285172054 14.0720940441689439 -0.970523416996002197 2.35480022430419922 45
31.4972381482158283 15.093516036665271 1.26974368095397949 2.27360010147094727 47.5
32.0749867960154589 13.7152751033263858 3.88544774055480957 2.43600010871887207 46.5
31.7301552104925015 14.9960107381749008 0.571905195713043213 2.27360010147094727 46.5
31.8417896628921717 15.2554636300899702 -1.10765933990478516 2.27360010147094727 48
32.2770204271234675 14.8995172649276082 0.0315071567893028259 2.35480022430419922 50.5
32.2075469022561762 15.2203090515942456 0.395888358354568481 2.35480022430419922 48
32.2055880058920465 15.2203090515942456 -0.531888842582702637 2.27360010147094727 49.5
33.8164995784469724 14.7552257888490121 -0.581110477447509766 2.51719999313354492 46.5
33.8125527318696371 14.9561704535025868 -0.418452560901641846 2.43600010871887207 45
32.9955540162318357 18.5764105102392207 0.852056741714477539 1.94880008697509766 47
32.876549754000763 18.7799227782494818 0.981126785278320312 1.86760008335113525 48.5
35.5443072856658304 13.6115835814413497 1.71380031108856201 2.67960023880004883 47
35.8086651349827321 14.4169440221749579 1.33483684062957764 2.67960023880004883 49
35.8443904004059561 14.3879846434896397 -0.236996293067932129 2.59840011596679688 48.5
35.9194361358737808 14.3917430860633466 0.601542949676513672 2.59840011596679688 51
36.1344934069178194 14.056236301259359 0.470541000366210938 2.59840011596679688 49
38.7571371307642565 -2.48559580255534751 1.01432812213897705 3.65400028228759766 47
38.7579882554163433 -2.64094554021505701 0.407890886068344116 3.5728001594543457 51
38.7371195576318925 -2.92737161902514575 -0.434374421834945679 3.49160003662109375 50.5
31.4562861778171552 22.7830099636567311 0.871342480182647705 0.974400043487548828 45
38.8431039531093916 -2.49039429858026029 0.408678352832794189 3.65400028228759766 54
38.8364403974116712 -2.57794722313972313 -0.490938097238540649 3.5728001594543457 58
38.8365795614604608 -2.61685963405503941 0.167189627885818481 3.49160003662109375 55
38.9092617412137116 -2.65114208495249759 -0.202076643705368042 3.65400028228759766 56.5
38.9195737095949639 -2.49519255054352751 -0.202076643705368042 3.5728001594543457 61
38.9122086482507896 -2.56342047184745203 -0.518470287322998047 3.49160003662109375 57
36.4711529137459323 13.8112806410944469 -0.32172471284866333 2.76080012321472168 47.5
36.340976853643113 14.1377999787632298 0.675325095653533936 2.67960023880004883 47.5
38.9891127118947125 -2.58788135679936238 -0.0879140198230743408 3.65400028228759766 54.5
38.9881300088277598 -2.58788135679936238 -0.290375858545303345 3.5728001594543457 59
39.0003191730550043 -2.41210073633751865 -0.111889190971851349 3.49160003662109375 56
39.0586448526763093 -2.57327988164864019 -0.723291695117950439 3.65400028228759766 46.5
39.0692659004410103 -2.50478954259335307 -0.202853858470916748 3.5728001594543457 51.5
39.0577880983633818 -2.59284854995015124 -0.699274420738220215 3.49160003662109375 51.5
39.1111824578240856 -5.68975900197661133 -0.409586608409881592 3.49160003662109375 48
39.1084158701539621 -5.68975900197661133 0.619756162166595459 3.4104001522064209 50.5
39.2030347531133074 -5.56200044676103911 -0.588536560535430908 3.5728001594543457 46.5
39.1883785503433799 -5.22550931652994421 -2.26390385627746582 3.49160003662109375 47.5
39.0541171720932851 -6.20529231337930831 2.1048576831817627 3.4104001522064209 48.5
39.0858972546816261 -5.91333677391409385 2.34206533432006836 3.32920026779174805 50
39.3309031756582215 -5.16599742006983131 -0.705946683883666992 3.5728001594543457 48
39.3271289650964988 -5.01726428897377108 -1.51979398727416992 3.49160003662109375 48
35.2258931387843077 18.2445974144500767 0.61399310827255249 2.19239997863769531 49
35.2440589692570683 18.2198085592673991 0.0270517412573099136 2.11120009422302246 53.5
35.2550699742300679 18.1900619330481881 -0.554490089416503906 2.03000020980834961 52
39.4130542425432324 -5.15589404205234469 0.300809234380722046 3.5728001594543457 46.5
35.3099227029969569 18.2542491373240523 0.233063459396362305 2.11120009422302246 56
35.3106801831965811 18.2542491373240523 0.0271028764545917511 2.03000020980834961 53.5
39.3303731512631387 -6.24054941492699999 0.456133782863616943 3.32920026779174805 46
35.4662821752119513 18.1095369385321767 0.466995358467102051 2.03000020980834961 49.5
39.3766726928355126 -6.19072838940092396 3.89297699928283691 3.4104001522064209 46.5
39.4870412433096689 -6.14215301161532601 3.61429381370544434 3.4104001522064209 45.5
33.7352008276715836 21.8617259154361641 0.202813446521759033 1.46160006523132324 46
39.2322067652826405 11.6976773254972919 -0.949142992496490479 3.00440025329589844 45.5
39.315447004888405 11.7191018604835246 -0.0950937867164611816 3.08560013771057129 46.5
39.3504240694064791 11.8329714851978647 -0.857372045516967773 3.08560013771057129 46
39.3166213764933445 11.9665032814717982 0.465132325887680054 3.00440025329589844 47
41.5860694944357761 -6.25137403086007115 1.35085344314575195 3.32920026779174805 45
42.3002621831354872 13.5388197377391819 3.47718691825866699 2.92320013046264648 45.5
38.2374465651738262 22.8022227161923077 -1.63065600395202637 1.78640007972717285 47
38.3523444466171881 22.6240803512220587 -1.39692080020904541 1.70520007610321045 48.5
42.3999659015535855 13.8013932156857049 1.77629208564758301 3.00440025329589844 47.5
42.3650859379572822 13.8013932156857049 2.47220206260681152 2.92320013046264648 49.5
42.3072877676498891 14.1303961246656868 1.34757483005523682 2.84200000762939453 46.5
38.441651546725673 22.662166476180488 -0.237302660942077637 1.78640007972717285 47
38.4417225636663389 22.662166476180488 0.225138053297996521 1.70520007610321045 48
48.3722740175245534 -6.14718594982541156 3.6804201602935791 3.4104001522064209 45.5
47.5296088866393944 11.5237620505596894 2.58649277687072754 3.24800014495849609 45
63.5973714195953121 -3.74053022643003708 3.87470865249633789 3.5728001594543457 45.5
63.6784413375759826 -4.35399124697053974 5.33868217468261719 3.49160003662109375 46
63.8149341222409419 -4.44723274131110013 4.46005058288574219 3.49160003662109375 47
63.9628351904756585 -5.13433888355703516 2.008697509765625 3.49160003662109375 46
64.248547914050306 -3.77569398154832081 2.90671896934509277 3.5728001594543457 48.5
64.2191912337696067 -4.26677571475609785 2.87599897384643555 3.49160003662109375 50
64.3355238384197321 -3.91710741595993328 2.41801285743713379 3.65400028228759766 45.5
64.3205339500395752 -4.27174265526494867 2.20707035064697266 3.5728001594543457 52
64.3539703223147086 -3.50605293403821205 2.554229736328125 3.49160003662109375 51.5
64.4596627947875049 -3.61503042504497829 1.34707748889923096 3.5728001594543457 47
64.398138597264861 -3.78448497621896207 2.91348671913146973 3.49160003662109375 47.5
63.4356180903183287 12.6966919224475205 3.70897579193115234 3.32920026779174805 46
63.3712996857449866 12.8829316636568905 4.14113759994506836 3.24800014495849609 46.5
63.3876444417698934 12.7113865690850254 5.40303897857666016 3.32920026779174805 50.5
63.4780214680971895 12.5978920461467663 4.53869199752807617 3.24800014495849609 50.5
63.3927044337788317 12.8153600765545779 5.96948623657226562 3.49160003662109375 45.5
63.6279572806211107 11.727799436745638 5.69605636596679688 3.4104001522064209 52
63.5535558847874213 12.3202765017161813 5.25923824310302734 3.24800014495849609 54
63.7433329833282585 12.480761492804195 3.04449677467346191 3.49160003662109375 53
63.8454035567966685 11.7900943529029227 3.60677886009216309 3.4104001522064209 60.5
63.869298755850366 11.7413413783216551 3.33230733871459961 3.32920026779174805 59.5
63.7680080934117726 12.131365174971787 3.83692526817321777 3.24800014495849609 56
63.9066673236167659 12.3487300836139067 1.20715534687042236 3.49160003662109375 57
63.9220819949198429 12.0477399564111955 2.61346650123596191 3.4104001522064209 64
63.8994037136114912 11.9745261416862121 3.38934040069580078 3.32920026779174805 63
63.9374155186070894 11.8036939073279168 3.26966667175292969 3.24800014495849609 54
65.0192118908054084 -4.16985082298455811 1.70164310932159424 3.5728001594543457 48.5
64.013812931293856 12.1593501537420803 1.47065544128417969 3.49160003662109375 56
63.9945917252565408 12.1593501537420803 2.15023398399353027 3.4104001522064209 60
63.964344598966143 12.0616192750783799 3.29561829566955566 3.32920026779174805 60
63.8405519682656362 11.8824459975282615 5.56527853012084961 3.24800014495849609 52.5
65.0197197441615913 -3.65281794057934661 4.08109569549560547 3.5728001594543457 45
63.8921066526266728 12.1733419314396532 5.21258068084716797 3.4104001522064209 49
63.9276753691969262 12.0754985937455643 4.9997105598449707 3.32920026779174805 56
63.8764890534337297 12.0021160904749955 5.77110958099365234 3.24800014495849609 48
63.6317464025031683 12.5383434451031501 7.8196415901184082 3.4104001522064209 53
63.5369333149978459 12.7995589335428015 8.15999794006347656 3.32920026779174805 53
63.8994705914879617 11.7220450437292492 6.84160947799682617 3.24800014495849609 48
64.0879659943967681 12.5383434451031501 1.69665372371673584 3.16680002212524414 49.5
63.7582547779912048 12.2013269102099464 7.94813013076782227 3.4104001522064209 52
63.6232254396421553 11.9234668198233837 9.33146095275878906 3.32920026779174805 54
63.6070992972732157 13.598799717742363 6.80955600738525391 3.24800014495849609 51.5
63.6383554447616007 14.4323799889020528 4.36189842224121094 3.16680002212524414 48
64.1483422967364589 11.732598151091322 5.85770606994628906 3.4104001522064209 51
64.0225566350206066 11.2171492783446318 7.89077663421630859 3.32920026779174805 51.5
63.709771765305824 15.0789249598753869 0.816871225833892822 3.24800014495849609 50
64.1377844983872762 11.1808511242183695 7.62469005584716797 3.32920026779174805 49
64.0741612582750548 11.9508144983403675 6.96294355392456055 3.24800014495849609 55.5
63.9461551850113139 12.2293118889802379 7.62469005584716797 3.16680002212524414 57
64.0043666115608971 12.5959239330322283 7.17107295989990234 3.32920026779174805 51.5
63.9390893793337156 11.9644876421185042 8.67666149139404297 3.24800014495849609 59
63.7888085700564957 11.7758768019754445 9.94771671295166016 3.16680002212524414 58.5
63.8140551535932588 12.6103201532919069 9.23237514495849609 3.32920026779174805 50.5
63.7522890419252732 11.8221751437111635 10.6005725860595703 3.24800014495849609 55.5
61.9901571384030703 20.2701044651547662 -7.92678499221801758 3.08560013771057129 49.5
61.9037606435758363 20.5151617274202742 -8.56757450103759766 3.16680002212524414 52.5
62.2494781863593616 19.9891319395377032 -7.19637823104858398 3.08560013771057129 45.5
61.0635262279272411 21.2374597476457012 -12.8965921401977539 3.16680002212524414 51
60.851672322300395 22.1436352993295742 -12.3628253936767578 3.08560013771057129 49
61.5324966220200338 21.2616196960076174 -10.8487567901611328 3.16680002212524414 50
61.0075535911397964 22.8698492696001274 -10.5379467010498047 3.08560013771057129 50.5
60.27705087669775 23.9255076563685414 -12.2575368881225586 3.00440025329589844 46.5
61.9091959213595544 21.1371614358011044 -9.2939910888671875 3.16680002212524414 47.5
61.1844528858298986 22.6151113955700112 -10.532130241394043 3.08560013771057129 51.5
60.2743502367558932 23.9526973926792976 -12.6165447235107422 3.00440025329589844 50.5
61.204458226901906 22.9218267284949846 -10.2189455032348633 3.08560013771057129 47.5
59.8536266644173551 24.6907668366442543 -13.5547857284545898 3.00440025329589844 47.5
66.2514246783843532 -2.95606861380358943 4.19684982299804688 3.65400028228759766 53
66.2829991113165704 -3.18856839241735424 3.46415114402770996 3.5728001594543457 55.5
66.2952476575493819 -2.92285435971590823 3.46415114402770996 3.49160003662109375 53.5
66.3578075734872641 -3.19216708138980465 3.46806073188781738 3.65400028228759766 54.5
66.2954930544091496 -3.19216708138980465 4.50480413436889648 3.5728001594543457 59
66.375115280033171 -3.19216708138980465 3.11925864219665527 3.49160003662109375 57
66.4082296736140307 -2.71832978024600536 2.85194063186645508 3.4104001522064209 47.5
66.3927413342837838 -3.19576613645472385 4.16553258895874023 3.65400028228759766 51.5
66.4137175154485391 -3.19576613645472385 3.81653690338134766 3.5728001594543457 56.5
66.3195245969246656 -3.19576613645472385 5.20274639129638672 3.49160003662109375 54
66.4572786507618787 -2.93275108997490941 4.51496171951293945 3.5728001594543457 48.5
64.7148452388650668 9.98995495789637467 -13.7040042877197266 3.5728001594543457 48
64.5257221265503205 9.89799721351406347 -14.6311712265014648 3.49160003662109375 50
65.3344096576078641 9.9509401373796198 -10.8648691177368164 3.5728001594543457 45.5
65.27579237060651 9.9509401373796198 -11.2116527557373047 3.49160003662109375 47.5
76.5832900910022119 -0 3.19723844528198242 -3.89760017395019531 57
76.5460457348175538 -0 3.99067473411560059 -3.97880029678344727 57
76.7185785234850073 0.172575417971663619 0.978152215480804443 -3.89760017395019531 58
76.7083099417229732 -0 1.60053455829620361 -3.97880029678344727 58.5
76.7157787035851157 -0 -3.59580445289611816 -3.89760017395019531 53
76.7422301300501317 -0.172744106517247226 -2.97329592704772949 -3.97880029678344727 52.5
76.7611667705756275 -1.22960209822457478 -3.99715161323547363 -3.89760017395019531 49
