
X Y Z V_r Mag
6.50925255636655109 2.87906844195412059 1.08655440807342529 0 52
6.50925255636655109 2.87906844195412059 1.08655440807342529 -0.0812000036239624023 46.5
6.50925255636655109 2.87906844195412059 1.08655440807342529 0.0812000036239624023 45.5
6.6579983617517664 2.87542266999842644 0.573262453079223633 -0.0812000036239624023 51.5
6.78591646438180529 2.8214871074362069 0.114246532320976257 0 73.5
6.79237039805844489 2.80495495641607295 0.135790631175041199 -0.0812000036239624023 68
6.78677432611163223 2.8214871074362069 0.03758273646235466 0.0812000036239624023 67
6.84595916936071003 2.8669785634941527 0.209544733166694641 0 79
6.84467361605673652 2.8669785634941527 0.247998535633087158 -0.0812000036239624023 73.5
6.84704051773463629 2.8669785634941527 0.170579120516777039 0.0812000036239624023 72.5
6.90206320115948735 2.91936797217056254 0.29802548885345459 0 72
6.90394318702806586 2.90905880758183866 0.350642174482345581 -0.0812000036239624023 67
6.90889241055837378 2.90905880758183866 0.233638614416122437 0.0812000036239624023 66
6.9874763338939907 2.90785912065346697 -0.316485553979873657 0 53
6.31441929123289825 -7.21686489449832891 0.452745288610458374 0 51
6.57543347679034884 -7.09673487190791707 0.07519492506980896 0 68
6.57543347679034884 -7.09673487190791707 0.07519492506980896 -0.0812000036239624023 62
6.57581359890900519 -7.09673487190791707 -0.0257247090339660645 0.0812000036239624023 62.5
6.64218799475065236 -7.1346911992103994 -0.200067728757858276 0 70.5
6.64446142975151499 -7.1346911992103994 -0.0990421473979949951 -0.0812000036239624023 64.5
6.65599019174314677 -7.12128928609712819 -0.21801169216632843 0.0812000036239624023 64.5
6.66836883585502438 -7.18957399749534076 -0.611167550086975098 0 58.5
6.67288724457476956 -7.18957399749534076 -0.559681713581085205 -0.0812000036239624023 52.5
6.66351796197382118 -7.18957399749534076 -0.661968111991882324 0.0812000036239624023 53
6.6200227696021603 -7.17146721305020929 1.6599280834197998 0 49.5
10.3816401033371264 1.56459380713158613 -1.26658165454864502 0 45
10.4474736891576949 1.53310396679129979 -1.38650417327880859 0 45.5
10.2992863855710048 2.7795568785564182 -1.10652244091033936 0 50
10.3442571021436951 2.87861852396227613 -1.16185390949249268 0 54.5
10.3612181113633373 2.8381316248910764 -1.10913395881652832 -0.0812000036239624023 49.5
10.3407606519936373 2.88671590377651599 -1.17283427715301514 0.0812000036239624023 48
10.4304875984920109 2.90676249066191339 -1.01058351993560791 -0.0812000036239624023 46.5
10.4579782437111426 2.6777774023429104 -1.83377242088317871 0 45.5
10.4140807812955671 3.72839361230990418 -0.92520451545715332 0 49
10.2627048123831734 4.11106971954881395 -1.62991476058959961 0 47.5
4.4817229772145879 -10.3086953349247032 -0.455467969179153442 0.324800014495849609 46
4.36126557295432971 -10.3466518021336178 -0.699044466018676758 0.243600010871887207 46.5
10.5238895678390438 -6.71122853930232921 -1.04057645797729492 0 46
12.9367759808480614 2.94277908750324757 0.453341215848922729 0 64.5
12.9312276271155984 2.94277908750324757 0.5908011794090271 -0.0812000036239624023 59
12.9367759808480614 2.94277908750324757 0.453341215848922729 0.0812000036239624023 58
13.010252106608208 2.9894326988612252 0.138342767953872681 0 72
13.0080265416136935 2.9894326988612252 0.277579784393310547 -0.0812000036239624023 66.5
13.010252106608208 2.9894326988612252 0.138342767953872681 0.0812000036239624023 66
13.0770737880179357 3.03642370018080854 0.0302034486085176468 0 66
13.0767279394596319 3.03642370018080854 0.0997648760676383972 -0.0812000036239624023 60.5
13.0838982666623185 3.00622722139448006 0.0695614218711853027 0.0812000036239624023 60
13.2047481214071141 2.80709181766155558 0.0699500367045402527 0 58.5
13.2002770588518583 2.80709181766155558 0.350628793239593506 -0.0812000036239624023 53
9.58994363987076426 -9.67983674077062162 0.810090184211730957 0 49.5
11.0441418177701394 -8.44747934041044424 -1.12673759460449219 0 46
9.95747161550055004 -10.0521378677528546 -0.856680870056152344 0 47.5
5.71201441090229967 13.381669839512119 -0.0793568640947341919 0 52
5.79477442738387616 13.3434884445895978 0.272777855396270752 -0.0812000036239624023 46.5
5.79550059720244892 13.3434884445895978 -0.256907641887664795 0.0812000036239624023 45
5.83011955557137451 13.4122700116342006 -0.1066875159740448 0 53.5
5.74156466603102533 13.4506482198702422 0.0717902779579162598 -0.0812000036239624023 48.5
6.00412276418508117 13.3336860614365893 -0.232310697436332703 0.0812000036239624023 47
9.68908297973620414 -11.0508245041251456 -0.301640599966049194 0 47.5
7.22824638677536235 -12.7977217952526399 -0.246529191732406616 3.89760017395019531 46.5
7.30670282090408651 -12.7554729648678524 0.00501115480437874794 3.81640005111694336 46
9.73579290658246777 -11.107206115486786 -0.380721837282180786 0 52
9.67071738281040716 -11.1662869990797997 -0.303179562091827393 -0.0812000036239624023 49
9.70679485585988289 -11.2322467604078344 -0.370509058237075806 0 50
9.69970276926341235 -11.2322467604078344 -0.524328768253326416 -0.0812000036239624023 47
7.76746257497196702 -13.0039611326618907 0.293320327997207642 3.73520016670227051 47
7.93125971645655259 -12.988431617272667 -0.443160742521286011 3.81640005111694336 48
7.81144894410234603 -13.0683370117249087 -0.0217983443289995193 3.73520016670227051 53
7.73043025554290963 -13.1158997465179095 0.119368128478527069 3.65400028228759766 48
7.84254633652035604 -13.1327128907879267 -0.341067641973495483 3.73520016670227051 45.5
12.6830685739140598 -8.856087603297361 -1.31723940372467041 0 45.5
13.0003870311579419 -8.8171472870074119 -1.14471995830535889 0 45.5
8.38785044388562895 -13.4152594413442596 -0.324725329875946045 3.65400028228759766 49
12.9364361526882146 -9.49852693458051611 0.170697703957557678 0 45.5
13.5152531263250069 -8.76916228099672246 0.674805998802185059 0 46.5
13.4668120165631251 -9.00428661847043443 0.0883566141128540039 0 68.5
13.4660000546751206 -9.00428661847043443 0.172293007373809814 -0.0812000036239624023 62.5
8.45809223432039659 -13.8080573346643085 -0.488100916147232056 3.73520016670227051 47.5
8.47083352855949556 -13.8080573346643085 -0.150204628705978394 3.65400028228759766 48.5
13.473860943828182 -8.99416489340470804 -0.00994054507464170456 0.0812000036239624023 62.5
13.5359151493116503 -9.03580496730839755 -0.0943138450384140015 0 71
13.5362405612933259 -9.03580496730839755 -0.00998656637966632843 -0.0812000036239624023 65
8.62636791100702993 -13.7967366415080264 -0.333959251642227173 3.65400028228759766 53.5
8.63245935019385158 -13.7967366415080264 -0.0798891857266426086 3.5728001594543457 51
13.4854673368226941 -9.11105249910907489 -0.0809989199042320251 0.0812000036239624023 65
13.5383627301669698 -9.15303827155736194 -0.50710296630859375 0 61
13.5801032724515967 -9.09583178236012735 -0.41127777099609375 -0.0812000036239624023 55
8.54734523091323695 -13.9359093862260632 -0.236305773258209229 3.89760017395019531 45.5
8.42937930189595264 -14.0094605866225042 -0.0557343177497386932 3.81640005111694336 55.5
8.42937930189595264 -14.0094605866225042 -0.0557343177497386932 3.73520016670227051 57
8.78157157739479111 -13.7847208076333736 -0.433563798666000366 3.65400028228759766 49
8.79226483876629672 -13.7847208076333736 -0.0078028491698205471 3.5728001594543457 54.5
8.87816050797671785 -13.729557407336042 0.00557363079860806465 3.49160003662109375 55
8.90651390472432425 -13.7111696072369309 -0.0189495868980884552 3.4104001522064209 48.5
13.5309036664597464 -9.15303827155736194 -0.677537977695465088 0.0812000036239624023 55
8.46246664291693129 -14.0737248195186542 -0.312406301498413086 3.81640005111694336 59.5
8.42247477518614573 -14.0983543510680516 -0.281057775020599365 3.73520016670227051 62
8.33797854294002683 -14.1496658751292976 -0.213876232504844666 3.65400028228759766 53
8.82564405359762461 -13.8479541136491697 -0.350472092628479004 3.5728001594543457 53.5
8.82864526163284857 -13.8479541136491697 -0.264262288808822632 3.49160003662109375 58
8.82564405359762461 -13.8479541136491697 -0.350472092628479004 3.4104001522064209 52
8.4356602410716981 -14.162729411547355 -0.711852192878723145 3.81640005111694336 53
8.30470556760378464 -14.2513882213736078 -0.424046844244003296 3.73520016670227051 58
8.16152480970184158 -14.3400470311998625 -0.0506201833486557007 3.65400028228759766 50
8.94505036527024799 -13.8555163263354526 -0.51063072681427002 3.5728001594543457 61
8.87589359151265533 -13.8988148148552515 -0.539864480495452881 3.49160003662109375 61.5
8.85750421163552737 -13.9111858115751925 -0.52299875020980835 3.4104001522064209 51.5
13.9225890907236742 -8.97660181645758826 0.559260845184326172 0 56.5
13.963404500448199 -8.92482169522744506 0.318649888038635254 -0.0812000036239624023 50.5
8.76437538166286068 -14.0510536970116018 0.695896267890930176 3.81640005111694336 49.5
8.66764312574201945 -14.1276882764322131 0.105092428624629974 3.73520016670227051 54.5
8.78831499341426969 -14.0510536970116018 -0.253116756677627563 3.65400028228759766 51.5
8.92110361590320444 -13.9619918884957563 -0.45534554123878479 3.5728001594543457 58
8.91060445778991372 -13.9619918884957563 -0.628147006034851074 3.49160003662109375 56.5
13.8964430501326266 -9.0138835037432905 0.607821881771087646 0.0812000036239624023 51
13.9914834145847191 -9.01722033554347391 0.388185888528823853 0 65
13.9914834145847191 -9.01722033554347391 0.388185888528823853 -0.0812000036239624023 59
8.68705425802546394 -14.2040985765471355 0.0351903699338436127 3.89760017395019531 50
8.29567887246312985 -14.4350426137518699 -0.183889955282211304 3.73520016670227051 49.5
8.68627625930792746 -14.2040985765471355 0.121460162103176117 3.65400028228759766 57
8.80403359041433298 -14.1146337693416974 0.699045121669769287 3.5728001594543457 54
9.06049123137458245 -13.962751654783629 0.414284855127334595 3.4104001522064209 54.5
13.9658347581059203 -9.05467071995505002 0.436981916427612305 0.0812000036239624023 59.5
13.9868448353800918 -9.12471618120827621 0.912893891334533691 0 56
13.9911293218478292 -9.1330759761521243 0.748899936676025391 -0.0812000036239624023 49.5
9.10760511661667493 -14.0256459670381926 0.241726160049438477 3.5728001594543457 61
8.98152948618895763 -14.0883444291170417 0.759151458740234375 3.49160003662109375 58.5
9.10485230016234581 -14.0256459670381926 0.329513132572174072 3.4104001522064209 55
13.9746500051017311 -9.1330759761521243 1.01079332828521729 0.0812000036239624023 50
14.1408124182095705 -9.06906584956424844 -0.171802759170532227 0 51
14.1415583179436268 -9.06906584956424844 0.0916290879249572754 -0.0812000036239624023 45.5
8.7873245534197828 -14.2417922970934843 -1.48133015632629395 3.81640005111694336 58.5
8.7522941649756536 -14.3194671666383648 -0.76827704906463623 3.73520016670227051 68.5
8.65196841287091978 -14.3950427153847329 -0.407711714506149292 3.65400028228759766 69.5
9.14211706343776243 -14.0885418788022374 0.418017119169235229 3.49160003662109375 63
9.14211706343776243 -14.0885418788022374 0.418017119169235229 3.4104001522064209 55
14.1223392789452955 -9.09845634074339138 -0.132861539721488953 0.0812000036239624023 45
13.2852197484356047 -10.3916372447515908 0.531437337398529053 0 47
8.66695962316622293 -14.4593053139735499 -0.760214030742645264 3.65400028228759766 65
8.65322690584072518 -14.4846096254461578 -0.288757950067520142 3.5728001594543457 55.5
9.16146043200063964 -14.17041442466126 0.180622473359107971 3.49160003662109375 56.5
9.04795786442596928 -14.22734912547463 0.694697558879852295 3.4104001522064209 50
8.6044890604048696 -14.6019379402245431 -0.220712453126907349 3.97880029678344727 48
8.38308887144779113 -14.7311398860257761 -0.140980243682861328 3.89760017395019531 57
8.05919392655423472 -14.9111753842733954 0.0936029627919197083 3.81640005111694336 57.5
8.37933857021869599 -14.7078411744878483 -0.876708269119262695 3.73520016670227051 58
8.25535587594425735 -14.7311398860257761 -1.46462666988372803 3.65400028228759766 52
9.07614848402191576 -14.27787404337883 1.03361856937408447 3.49160003662109375 47
10.9951546816777768 -12.4348677909773038 3.78567171096801758 0 46
8.60427177490148232 -14.6665489394349926 -0.842333197593688965 3.97880029678344727 51
8.57299548667342393 -14.7048428008956567 -0.349349051713943481 3.89760017395019531 63
8.46061348289544668 -14.77292077682573 -0.171782016754150391 3.81640005111694336 65.5
8.37606996849003771 -14.8218518220254705 0.0696426704525947571 3.73520016670227051 57.5
9.24858462775483936 -14.2772280145848907 0.689275443553924561 3.5728001594543457 47
8.69054684334921035 -14.6520963783546634 -1.48339402675628662 3.97880029678344727 50
8.54278051772278246 -14.8080834041122671 -0.389351218938827515 3.89760017395019531 59.5
8.45531935408656921 -14.8615036184128169 -0.230827018618583679 3.81640005111694336 63.5
8.55158047552921907 -14.8080834041122671 -0.0338088981807231903 3.73520016670227051 57
8.74334133864325302 -14.742114778865659 -1.09759259223937988 3.97880029678344727 48
8.44174364339539807 -14.9524404810535803 -0.377011001110076904 3.81640005111694336 52
8.31139177834443821 -15.0297029838981224 -0.0971871465444564819 3.73520016670227051 48.5
13.4795645479038502 -10.7605178742189622 0.274008005857467651 0 68.5
13.4747071381315404 -10.7605178742189622 0.453904837369918823 -0.0812000036239624023 62.5
13.4811012883709758 -10.7605178742189622 0.183460146188735962 0.0812000036239624023 62.5
13.5397153684806497 -10.807303210461864 0.184257805347442627 -0.0812000036239624023 66
9.52992397003057157 -14.4487062553330272 -0.755706548690795898 3.32920026779174805 46
13.5409679481066405 -10.807303210461864 0.00472465157508850098 0.0812000036239624023 66
13.5969691360351881 -10.8540885467047641 -0.266901642084121704 -0.0812000036239624023 57.5
8.36981403806108659 -15.1678929691130691 -1.62520086765289307 4.14120006561279297 47.5
8.25988458287956107 -15.2374704597970716 -1.53423488140106201 4.06000041961669922 47.5
9.7910569460207828 -14.3786233091663878 -0.387880891561508179 3.4104001522064209 54.5
9.81837208275557849 -14.3525317501598852 -0.60369342565536499 3.32920026779174805 56.5
9.79421274765235239 -14.3786233091663878 -0.297741562128067017 3.24800014495849609 52
13.5948700062729078 -10.8540885467047641 -0.358230173587799072 0.0812000036239624023 58
14.1977648215009964 -10.182445786888044 0.34190678596496582 0 45
8.3295220128239702 -15.2922298618007666 -1.46369433403015137 4.14120006561279297 47.5
8.32717736310514312 -15.303148203841177 -1.35919463634490967 4.06000041961669922 48
9.75177579952026719 -14.4951908928507045 -0.409800142049789429 3.49160003662109375 51.5
9.74755096771159124 -14.4951908928507045 -0.500316977500915527 3.4104001522064209 59
9.82434786298206575 -14.4405991826486453 -0.571765601634979248 3.32920026779174805 58
9.87635306412850511 -14.4143951617516581 -0.241844281554222107 3.24800014495849609 50
17.0055130224459141 3.80931129748607811 2.07466292381286621 0 49
9.58166634069844037 -14.6911781127571892 -0.602919876575469971 3.49160003662109375 52
9.6605483031420043 -14.636352100991413 -0.673467636108398438 3.4104001522064209 56.5
9.63744382571367098 -14.636352100991413 -0.948366701602935791 3.32920026779174805 51
13.8756739594771865 -10.8534877889627719 0.55505681037902832 0 64.5
13.9104460042715505 -10.8072371307711688 0.586281180381774902 -0.0812000036239624023 58.5
9.82603920038232737 -14.6196128131361363 -0.597090721130371094 3.5728001594543457 48.5
13.8756739594771865 -10.8534877889627719 0.55505681037902832 0.0812000036239624023 58.5
13.961224840230436 -10.8797672539860777 0.0699900016188621521 0 72
13.9590779413824784 -10.8797672539860777 0.254611015319824219 -0.0812000036239624023 66
7.91979641590545036 -15.6970335843747062 -2.04205918312072754 4.30360031127929688 45.5
9.8850788249814201 -14.6818245643341285 -0.138772249221801758 3.65400028228759766 47
9.81995667863125377 -14.721636682767091 -0.363199889659881592 3.5728001594543457 51
10.0008515552500867 -14.599988543110813 -0.336657017469406128 3.49160003662109375 50
10.0795446670565703 -14.5336350123892064 0.682840347290039062 3.4104001522064209 45.5
9.96307804042455913 -14.6265299553994552 -0.302875012159347534 3.24800014495849609 45
13.961224840230436 -10.8797672539860777 0.0699900016188621521 0.0812000036239624023 66.5
14.0173633411442413 -10.9258684296629252 -0.299310952425003052 0 69.5
14.0200957248647349 -10.9258684296629252 -0.113912381231784821 -0.0812000036239624023 63.5
7.92921058851293825 -15.7635471122825326 -2.14216899871826172 4.30360031127929688 45.5
7.82602641548494304 -15.8257394920407286 -2.06154489517211914 4.22240018844604492 45.5
9.85296514151223768 -14.7840171310909589 -0.550088584423065186 3.49160003662109375 48.5
10.0076963200918385 -14.6885074050337323 -0.210856318473815918 3.4104001522064209 48
14.0150946818560076 -10.9258684296629252 -0.391393423080444336 0.0812000036239624023 63.5
13.8826569352276916 -11.206173898573164 0.562142610549926758 0 57.5
13.8688975812571407 -11.2173265397938788 0.669171035289764404 -0.0812000036239624023 51
13.5430731376783626 -11.4682895702599961 2.52371931076049805 0 51.5
13.6192967714436648 -11.4279713647395518 2.28514909744262695 0.0812000036239624023 45.5
16.6735584871137341 -6.76581056974302619 -0.46505051851272583 0 46
15.2334495261112153 -9.49308154505887813 -2.12815976142883301 0 48.5
9.88774072468138421 -15.1306574519032662 0.0382021553814411163 3.5728001594543457 48.5
9.92533214496148375 -15.1058123657753445 -0.0887248516082763672 3.49160003662109375 56.5
9.92533214496148375 -15.1058123657753445 -0.0887248516082763672 3.4104001522064209 53.5
10.5546353852049801 -14.6721526806334683 -0.182376489043235779 3.32920026779174805 52
10.5906228726914762 -14.6473075945055502 -0.0271113160997629166 3.24800014495849609 58.5
10.4510433400523226 -14.7444292948237816 0.288345068693161011 3.16680002212524414 57.5
10.3317075548293058 -14.8279991299813325 0.303130865097045898 3.08560013771057129 47
9.9147766434451956 -15.1934408989167267 -0.528300046920776367 3.5728001594543457 51
9.95995487824541925 -15.1684927201007707 -0.37243381142616272 3.49160003662109375 59
9.92300966294721931 -15.1934408989167267 -0.340268731117248535 3.4104001522064209 56
10.7237568988297394 -14.6400449324537192 -0.304388105869293213 3.32920026779174805 52
10.6152482801060799 -14.7216935176695731 -0.103941917419433594 3.24800014495849609 62.5
10.4984010744091378 -14.8056101191414218 0.00618724199011921883 3.16680002212524414 62
10.4913935431486927 -14.8056101191414218 0.383568286895751953 3.08560013771057129 51
9.91554163957664514 -15.2835514062432427 -0.495704978704452515 3.49160003662109375 53.5
9.91554163957664514 -15.2835514062432427 -0.495704978704452515 3.4104001522064209 53
10.771788024852242 -14.7005400577112386 -0.115553535521030426 3.32920026779174805 51
10.5414047418313128 -14.8667893875660688 -0.0894611552357673645 3.08560013771057129 53.5
10.1528367633333776 -15.220675510155937 -0.375511765480041504 3.5728001594543457 51
10.0681075644180567 -15.2801312738674824 -0.202113285660743713 3.49160003662109375 60.5
10.0953151010282074 -15.2618371927254692 -0.225816160440444946 3.4104001522064209 59
10.7638231047532926 -14.761036721462828 -1.06861722469329834 3.32920026779174805 47
10.7000407980058441 -14.8296395257453817 -0.693519830703735352 3.24800014495849609 58
10.6963648559071114 -14.8433600866018907 -0.390480339527130127 3.16680002212524414 61.5
10.5835558224586741 -14.9279702118837072 -0.184646740555763245 3.08560013771057129 53.5
13.8075968292663465 12.1235767855435199 -0.0989657938480377197 0 47
10.1261459426035927 -15.324384747484368 -0.514812350273132324 3.5728001594543457 53
10.1305888488842388 -15.324384747484368 -0.418381780385971069 3.49160003662109375 63.5
10.0488645822332607 -15.3817880466583432 -0.248037800192832947 3.4104001522064209 62
10.3785442634771012 -15.1567671138963611 -0.445934653282165527 3.32920026779174805 53.5
10.8390429081942692 -14.8215318467203474 -0.691356003284454346 3.24800014495849609 59.5
10.8178761548910742 -14.8421970344229788 -0.56865692138671875 3.16680002212524414 60.5
10.7989920838289972 -14.8421970344229788 -0.855320155620574951 3.08560013771057129 50.5
10.3818961081925742 -15.2462981471341443 -0.411287486553192139 3.5728001594543457 47
10.1621680577751086 -15.3869338929341115 -0.612466156482696533 3.49160003662109375 56.5
10.0786568185745615 -15.4445714936718037 -0.537032246589660645 3.4104001522064209 56
10.4256178641176067 -15.1679110101308847 -1.28198707103729248 3.32920026779174805 45
10.8832843496989238 -14.882028510471935 -0.694177925586700439 3.24800014495849609 54.5
10.787138983615769 -14.96502665553421 -0.296842575073242188 3.16680002212524414 54
10.1728575461542121 -15.4494830383838551 -1.00105369091033936 3.49160003662109375 49
10.3215189088477359 -15.3661474990698288 -0.723502635955810547 3.4104001522064209 56.5
10.333241350994042 -15.3661474990698288 -0.530378937721252441 3.32920026779174805 51.5
16.9277665419839067 7.14008959876154226 2.90341806411743164 0 45
10.2377933529783789 -15.4701941306500093 -1.34932982921600342 3.49160003662109375 50
10.3561062149458731 -15.4283576681572665 -0.822722673416137695 3.4104001522064209 59
10.3044463613829755 -15.4701941306500093 -0.671942651271820068 3.32920026779174805 55.5
17.1218088907886212 7.12687541529240143 2.19248199462890625 0 45.5
10.3704839619026359 -15.4905694193552588 -1.1184765100479126 3.4104001522064209 53
10.4929073432927904 -15.4322289198849543 -0.707731306552886963 3.32920026779174805 48.5
11.0307777534799989 -15.0635169632326296 -0.40993770956993103 3.24800014495849609 48
11.1107882958521831 -15.0098437037199499 0.103128932416439056 3.16680002212524414 52.5
11.109469215039212 -15.0098437037199499 0.199888885021209717 3.08560013771057129 49.5
10.4396229864427426 -15.5527795884426983 -0.829357564449310303 3.49160003662109375 46
10.4632785264424033 -15.5527795884426983 -0.439699739217758179 3.4104001522064209 50.5
10.5582405571319367 -15.4942047933672118 -0.125274688005447388 3.32920026779174805 47
11.0709831492867394 -15.124012088490149 -0.50998455286026001 3.24800014495849609 52
11.0782603277671541 -15.124012088490149 -0.314450472593307495 3.16680002212524414 59.5
11.0805923272554416 -15.124012088490149 -0.217308521270751953 3.08560013771057129 57
16.5117284687934323 -8.93192559756187165 -1.40149247646331787 0 46.5
10.6280754367037069 -15.5279538766146725 -0.554360687732696533 3.4104001522064209 46.5
10.878086856659186 -15.3562313144282054 -0.48379892110824585 3.32920026779174805 48
11.0128930183767242 -15.2550796682087793 -0.615936338901519775 3.16680002212524414 58
11.0179122405909489 -15.2550796682087793 -0.518440306186676025 3.08560013771057129 56.5
14.980482234466697 -10.2782747591638959 -5.21078586578369141 -0.0812000036239624023 45
10.801514666765712 -15.5047963680861631 -0.372364044189453125 3.32920026779174805 52.5
10.9214262872305383 -15.4174121387458456 -0.485726445913314819 3.24800014495849609 49
11.106457363027129 -15.2450054159933259 -1.20268666744232178 3.16680002212524414 50
11.0257228375784955 -15.3300279094055263 -0.79608529806137085 3.08560013771057129 48
15.4397541622619698 -10.1032901326521856 -4.42585182189941406 0 50.5
15.2912396751876294 -10.2171033047637323 -4.67326593399047852 -0.0812000036239624023 46.5
5.30882682237685533 -17.7335148796305297 -4.17006635665893555 0.0812000036239624023 48.5
17.4727090832425027 -7.75028886553571272 0.634874045848846436 0 48
5.32881872036281834 -17.3295927968621761 -6.31893634796142578 -0.162400007247924805 50
11.1040583146575162 -15.6621323242304165 -0.19372771680355072 3.32920026779174805 49
17.6862781041418167 -7.63043138091302708 0.705520153045654297 0 49
5.57835224307121269 -17.3972872046511355 -6.14345741271972656 -0.0812000036239624023 53
5.56348905188686604 -17.4695450775764485 -5.94880342483520508 -0.162400007247924805 56.5
13.8363231641963615 -12.0935593319331787 5.81615543365478516 -0.243600010871887207 50.5
11.1472214217584948 -15.7233131485480566 0.206311032176017761 3.32920026779174805 47.5
11.1452088518711268 -15.7233131485480566 -0.295662611722946167 3.24800014495849609 46.5
11.4862159700304964 -15.4776363806019912 0.187916114926338196 3.16680002212524414 47
11.7070815822700727 -15.3114432728737722 0.172147288918495178 3.08560013771057129 51.5
11.702398086719036 -15.3114432728737722 0.373184800148010254 3.00440025329589844 49
17.6875281889666347 -7.81487124565805402 0.708265304565429688 0 52
5.55960341065020902 -17.5520267240816246 -5.95312404632568359 -0.162400007247924805 52.5
11.7905615705897979 -15.3420043482983743 -0.167538970708847046 3.16680002212524414 48
11.7905615705897979 -15.3420043482983743 -0.167538970708847046 3.08560013771057129 55.5
11.7538679639371768 -15.3710199593589856 -0.029023732990026474 3.00440025329589844 53.5
17.6615296791746381 -7.87532043536766047 0.68717038631439209 0.0812000036239624023 46.5
11.8344033940467384 -15.4014700851696098 -0.268831193447113037 3.08560013771057129 50.5
11.7994260542423905 -15.4305981609808054 -0.0291362293064594269 3.00440025329589844 49
11.4682182764872618 -15.8628517419120083 0.174826622009277344 3.24800014495849609 46.5
11.953375427560438 -15.4983852947963729 0.312274128198623657 3.16680002212524414 48.5
14.8789298624917645 -12.0219106187626998 -4.49596309661865234 -2.35480022430419922 46
11.9441428465696919 -15.5798657835068077 0.853106498718261719 3.16680002212524414 58.5
11.9100396075210835 -15.6093312507096584 0.788857400417327881 3.08560013771057129 63
11.8235246074926099 -15.6707176407155959 0.869167327880859375 3.00440025329589844 58.5
14.7405607390503466 -12.1466695476634161 -4.9244236946105957 -2.35480022430419922 47
11.9897304788824037 -15.6393300081015347 0.856362581253051758 3.16680002212524414 62
11.9897304788824037 -15.6393300081015347 0.856362581253051758 3.08560013771057129 67.5
11.8686518719075256 -15.7305286228059895 0.872484743595123291 3.00440025329589844 63.5
11.8872691308106209 -15.7305286228059895 0.564733743667602539 2.92320013046264648 49
12.0422021075648242 -15.6987957449727702 0.757112026214599609 3.16680002212524414 58
12.0009557021308382 -15.7284861388166917 0.79487919807434082 3.08560013771057129 60
11.8754068930948691 -15.8348767167574032 0.521003842353820801 3.00440025329589844 55
12.0128467685996281 -15.7284861388166917 0.588471353054046631 2.92320013046264648 49
12.150893582251916 -15.6837528302314801 1.1795269250869751 3.00440025329589844 49.5
11.9320820153245144 -15.8501521080819181 1.18899428844451904 2.92320013046264648 47
15.8390667015349909 -12.1256765699161537 -0.307376712560653687 0 49.5
12.2063257820385136 -15.7429374052262574 1.08077514171600342 3.08560013771057129 50.5
12.0626903338961498 -15.9697771144529899 0.677032709121704102 3.16680002212524414 47
12.2820225984098279 -15.8021219802210329 0.667479932308197021 3.08560013771057129 51
12.2872213597008333 -15.8021219802210329 0.563770890235900879 3.00440025329589844 47.5
10.378265515990984 -17.1472889274681393 1.50734639167785645 3.89760017395019531 47.5
10.2451443572137499 -17.1472889274681393 2.23998069763183594 3.81640005111694336 50
12.2463409815277799 -15.9366556679046951 0.245287284255027771 3.08560013771057129 46.5
10.1798918795848667 -17.2869037781794432 2.13621973991394043 3.81640005111694336 48
15.9377249748188419 -12.4699646937019093 0.742587804794311523 0 48.5
12.2926216941293944 -16.115051366241893 1.51730954647064209 3.08560013771057129 46.5
12.0496850984124677 -16.4549263830725359 -0.447803467512130737 3.24800014495849609 46
17.819201784797027 -10.0218289772469138 -1.12454819679260254 0 47.5
11.8432368006613817 -16.702195446379335 0.00697982218116521835 3.24800014495849609 46
17.9761554749335097 -9.86080957099821909 -1.38737058639526367 0 45
10.7259741007973961 -17.4843420308518809 2.15450239181518555 3.73520016670227051 48.5
12.5685320721449116 -16.352911289173818 -0.0703070461750030518 3.08560013771057129 53
12.5283473889932324 -16.3838387809736759 -0.0309361480176448822 3.00440025329589844 53
10.7006641566308875 -17.6436286358791676 1.63957870006561279 3.81640005111694336 45
10.8426984234213677 -17.5479221031819783 1.73100590705871582 3.73520016670227051 50.5
10.3574355470037496 -17.6436286358791676 3.14895534515380859 3.65400028228759766 46.5
12.6044258591558371 -16.4123770260450534 -0.50235903263092041 3.16680002212524414 50.5
12.6111786282291956 -16.4123770260450534 -0.286476492881774902 3.08560013771057129 57
12.6142362900571463 -16.4123770260450534 -0.0705627128481864929 3.00440025329589844 54.5
12.8580189695374631 -16.2823322000017292 -1.07596433162689209 3.16680002212524414 47.5
12.6741819997088836 -16.4484784469405199 -0.642930567264556885 3.08560013771057129 54
12.7606597574342278 -16.3939617096637313 -0.0651520118117332458 3.00440025329589844 49
10.9536807278959909 -17.6750806309337634 1.5267326831817627 3.65400028228759766 45.5
10.7655142219247946 -17.7871131290366762 1.56359076499938965 3.5728001594543457 46.5
12.5154236141379265 -16.6746043688054364 -0.210376188158988953 3.24800014495849609 47.5
12.5152020832409256 -16.6746043688054364 0.223169118165969849 3.16680002212524414 48.5
10.7703964944737862 -17.8510962000563644 1.78678107261657715 3.73520016670227051 52
12.5581162163799362 -16.7345855691168488 -0.320972234010696411 3.16680002212524414 47.5
10.6783886475195668 -17.9938021685004159 1.78747820854187012 3.73520016670227051 56.5
10.9008311337616988 -17.8993327390026771 1.3363192081451416 3.65400028228759766 61.5
13.0355335494546551 16.4586739391621144 0.43234744668006897 2.27360010147094727 46
10.1151755351950978 -18.3477539184089053 2.28008747100830078 3.73520016670227051 52.5
10.8171277216340034 -18.0580664013965659 1.02549123764038086 3.65400028228759766 53
10.6158690646542428 -18.2029101599027356 0.336203187704086304 3.5728001594543457 49
8.81706467378669068 -18.4923359265197789 5.25504255294799805 3.65400028228759766 51
13.5354347068200518 16.2379465388791644 -0.666067540645599365 2.59840011596679688 46
13.6085088874477265 16.1903744298785419 -0.053351081907749176 2.51719999313354492 47
13.4700058347445335 16.2855186478797869 0.814495205879211426 2.35480022430419922 46.5
13.3946998868829894 16.3515910214917639 0.728037714958190918 2.27360010147094727 46
9.15515424015848289 -18.5579105804976052 4.7209925651550293 3.65400028228759766 49
13.67740354384099 16.2265680908224006 -0.357405036687850952 2.51719999313354492 45.5
13.5372745512926258 16.3432678286445956 0.37476801872253418 2.27360010147094727 45.5
16.165062121715156 13.8697999495650404 -0.0972935110330581665 0 48
13.5502901489335397 16.4010184780694246 1.04223966598510742 2.43600010871887207 52
13.5937516343051339 16.3531089791071977 1.21480655670166016 2.35480022430419922 54
16.2219804829614098 13.9186365255087949 -0.0976360887289047241 0 57
13.6061592874220807 16.4587676588342333 0.933819413185119629 2.43600010871887207 52
13.6311445885595166 16.4106894670362742 1.33109462261199951 2.35480022430419922 53.5
13.7034370776680881 16.3626112752383186 1.17106890678405762 2.27360010147094727 49
16.2791900489454662 13.9674743434498527 0.0131626995280385017 0 56.5
16.2887780643888256 13.9513920471419084 0.369968950748443604 -0.0812000036239624023 51
13.6851427490464079 16.5165183082590659 0.155013114213943481 2.43600010871887207 47.5
13.9287518257934479 16.4101939160709911 0.145283743739128113 2.43600010871887207 49
13.8306129718725384 16.4774377855844776 0.730678021907806396 2.35480022430419922 48.5
14.0016034899275716 16.434981896302201 0.637552082538604736 2.35480022430419922 46
13.3337862642149521 -17.0879180919659426 0.137428551912307739 3.00440025329589844 51.5
13.3080969656850687 -17.1041690839697118 0.384191364049911499 2.92320013046264648 51
13.3757014574132675 -17.1470449308892121 0.363280415534973145 3.00440025329589844 49.5
13.3304200328054225 -17.1850951177702456 0.186836659908294678 2.92320013046264648 49
14.2921883775166236 16.4943629669013418 -0.0044629429467022419 2.51719999313354492 46
14.2612152191399169 16.5079991796716001 0.65906602144241333 2.43600010871887207 49
14.3045308574879542 16.5647282742786288 0.774743020534515381 2.43600010871887207 47.5
13.9364155087422059 -17.2798837880047564 -0.148325249552726746 3.00440025329589844 47
13.7879966563562171 -17.3991701907795537 0.00605409871786832809 2.92320013046264648 45
14.0327198351235669 -17.4550180362226328 1.13393545150756836 2.92320013046264648 50
13.8084925407344912 -17.7383223422991847 0.963046908378601074 3.08560013771057129 51.5
13.9246198301267619 -17.6342935062451218 1.17755937576293945 2.92320013046264648 54.5
14.0568892170148363 -17.5302646701910589 1.15917623043060303 2.84200000762939453 49
13.854521317427773 -17.7974506849186689 0.966257095336914062 3.08560013771057129 50.5
13.9888324616675543 -17.6930750825503047 0.947804391384124756 3.00440025329589844 54
14.1345909939705621 -17.5886994801819441 0.694023311138153076 2.92320013046264648 52
14.2083176297697182 -17.4801445671383142 2.36449956893920898 3.00440025329589844 48.5
13.8670840789164274 -17.7518566588554876 2.36603546142578125 2.92320013046264648 48
14.1563442397035892 -17.7197661446693999 1.42598676681518555 3.00440025329589844 50.5
14.0292468163969684 -17.8106367402830905 1.54502904415130615 2.92320013046264648 49
17.8204227673381652 -14.0707437895571914 0.933977782726287842 2.27360010147094727 46.5
17.8877491198731349 -13.9685143694917926 1.15529537200927734 1.94880008697509766 47.5
17.8655274752702624 -13.9940717245081423 1.18933498859405518 1.86760008335113525 50.5
17.9750363359400538 -14.1464690484343993 0.202739551663398743 2.19239997863769531 46
19.5695885121041897 -12.7781158088767306 -1.14499783515930176 -0.649600028991699219 48.5
21.262596386835444 8.93006079640950468 3.96434998512268066 -0.730800032615661621 52
21.2303690767173556 8.98269376770464945 4.01779699325561523 -0.812000036239624023 46.5
21.4426507122278984 9.01148401166918767 3.1751396656036377 -0.730800032615661621 53.5
21.4543296315154102 8.95868234753831416 3.24489808082580566 -0.812000036239624023 47.5
14.6454437486521556 18.5747897578625611 1.47588038444519043 0 62
13.7830494587098276 -19.205598147279769 1.69191217422485352 3.32920026779174805 46.5
14.7698718687872539 18.5385020926668886 1.850821852684021 0 71.5
14.7698718687872539 18.5385020926668886 1.850821852684021 -0.0812000036239624023 66.5
14.7847462807817482 18.5385020926668886 1.72798275947570801 0.0812000036239624023 65.5
14.8327002809473409 18.5820808476143142 1.87611293792724609 0 68.5
14.8327002809473409 18.5820808476143142 1.87611293792724609 -0.0812000036239624023 63.5
14.8164638105869777 18.59698227571986 1.85666036605834961 0.0812000036239624023 63
13.8468447398208614 19.1876230137145392 3.53634190559387207 0 52
13.8413056154618381 19.0560780756336037 4.20592689514160156 -0.0812000036239624023 47
14.7652162500395505 18.6989489815371321 2.88750672340393066 0 59
14.6869420671051305 18.6989489815371321 3.2623600959777832 -0.0812000036239624023 53.5
14.8119696967896743 18.6989489815371321 2.63720083236694336 0.0812000036239624023 52.5
14.8963564952866037 18.6972157601197466 2.84927225112915039 0 59
14.9174339258526061 18.6761569491268524 2.87697601318359375 -0.0812000036239624023 54
14.919820775424963 18.6972157601197466 2.72373700141906738 0.0812000036239624023 52.5
14.3881895800696622 19.0982606892813642 3.88420891761779785 0 55
14.242424373040091 19.0982606892813642 4.3886713981628418 -0.0812000036239624023 50
14.5002886878081263 19.0831249619955194 3.52513766288757324 0.0812000036239624023 48.5
14.4811115338367582 19.142206444302257 3.78990483283996582 0 58
14.4124043410923957 19.142206444302257 4.0433344841003418 -0.0812000036239624023 53
14.0171257750865053 -19.6007205897796766 3.13400554656982422 3.32920026779174805 47.5
13.8903401535464148 -19.6918161153712141 3.12743306159973145 3.24800014495849609 49
14.5299540787142991 19.1573890319008484 3.51638150215148926 0.0812000036239624023 51.5
15.2934807743760821 18.8814695204710006 1.93397700786590576 0 57
14.1641407609710779 -19.6612172535312624 2.63711190223693848 3.32920026779174805 49.5
14.0948374435624331 -19.6886302597716636 2.79895329475402832 3.24800014495849609 49.5
19.0410119818988051 15.5698368102085691 -0.424299269914627075 2.11120009422302246 45
19.1224757792924471 15.5895559108155162 -0.390270411968231201 2.19239997863769531 54
19.1014850443084825 15.6173063070175218 -0.297754913568496704 2.11120009422302246 51.5
19.2523385629742876 15.5534368247667025 -0.0253098681569099426 2.19239997863769531 53
19.2348972574302657 15.571993321276663 -0.30709463357925415 2.11120009422302246 50
14.3822659214360069 -19.9869671656481742 3.15471434593200684 3.24800014495849609 47.5
14.5630734914697353 -19.9094141345848179 2.7951362133026123 3.16680002212524414 47.5
19.2316958004249479 15.6843250022531695 -0.651535272598266602 2.19239997863769531 46
14.5529657402195074 -20.0473513646491774 2.51495075225830078 3.24800014495849609 50.5
14.5103587933382876 -20.0131249382932666 2.98904919624328613 3.16680002212524414 49
19.5716787379471384 15.3515355709780774 2.24286031723022461 2.11120009422302246 46
19.704007921395629 15.3140851894265957 0.990723252296447754 2.03000020980834961 46.5
19.6975935544959029 15.3515355709780774 0.292861491441726685 1.94880008697509766 45.5
19.7561354762578212 15.3600739003528606 1.1250835657119751 2.03000020980834961 49
19.7365389469710912 15.4258088813814744 0.126380026340484619 1.94880008697509766 47
18.7577494905240734 -16.828154884009745 0.00687221996486186981 0 52.5
19.9054957971063047 15.4520501526638903 0.213036298751831055 2.19239997863769531 51.5
19.9041798796061222 15.4520501526638903 -0.312678158283233643 2.11120009422302246 53.5
19.90556091356558 15.4174113607993473 -1.05457973480224609 2.03000020980834961 46
18.8734226427071228 -16.8055970640234769 0.437662631273269653 0 49.5
19.9657115991291789 15.4980388635901551 0.0827120319008827209 2.19239997863769531 53
20.0268533551603447 15.4190800350615707 0.0534196123480796814 2.11120009422302246 56.5
19.9575884823051908 15.4980388635901551 -0.575488448143005371 2.03000020980834961 48.5
20.0168089058922227 15.5440264049749182 -0.577196121215820312 2.19239997863769531 48
20.1283382222518696 15.4078142314648456 -0.267880409955978394 2.11120009422302246 51.5
19.8416574291570456 -15.582039104559124 2.47613620758056641 1.86760008335113525 49
20.3227990687932554 15.2500657339159726 0.921965122222900391 2.11120009422302246 46.5
19.6937612599192349 -15.860068363272612 2.6541898250579834 1.94880008697509766 48.5
19.7906176530558255 -15.742515773240342 2.63350176811218262 1.86760008335113525 54.5
19.711200368073122 -15.860068363272612 2.52141165733337402 1.78640007972717285 48.5
19.8996004945875562 -15.8176325649829739 2.01457095146179199 1.94880008697509766 46
19.7859328571831412 -15.9068536995155121 2.39560985565185547 1.86760008335113525 49
20.1506711738571447 -15.4870450724182565 2.86052250862121582 2.19239997863769531 48.5
20.2088867029850583 -15.5901559211187166 2.54372501373291016 2.27360010147094727 48
20.3033828399122669 -15.4523317630989592 2.63071465492248535 2.19239997863769531 61
20.2283122860333151 -15.5324620875290531 2.73506450653076172 2.11120009422302246 61.5
20.2408301403007798 -15.5901559211187166 2.27561187744140625 2.03000020980834961 51
20.4250620724441383 -15.4975133276019044 2.10227537155151367 2.19239997863769531 60.5
20.3955745206425085 -15.4975133276019044 2.37134408950805664 2.11120009422302246 60.5
20.4027309874744276 -15.5521612692258877 1.906441330909729 2.03000020980834961 48.5
20.5264167742011843 -15.6232949627479734 0.467858076095581055 2.19239997863769531 45
20.5660138144694571 -15.5781595666525394 0.00703584449365735054 2.11120009422302246 47.5
20.5524984761109017 -15.4326789662236727 2.99047207832336426 2.35480022430419922 47.5
20.529926617413885 -15.4968668876689613 3.4309999942779541 2.51719999313354492 50
20.7764427992462792 -15.2374508276117275 3.09225845336914062 2.43600010871887207 59
20.796131078590907 -15.2374508276117275 2.95695948600769043 2.35480022430419922 60
20.8670739525589291 -15.217994623107435 2.52593779563903809 2.27360010147094727 50.5
20.875090450960986 -15.2814901495278725 2.82973384857177734 2.51719999313354492 51.5
20.9261148735116045 -15.2814901495278725 2.42373251914978027 2.43600010871887207 60
21.0308762865548324 -15.1936841835697436 2.03835940361022949 2.35480022430419922 60.5
21.1700255492688605 -15.1253906544911985 0.594340205192565918 2.27360010147094727 49.5
12.7750589792958582 -22.5431053342014742 3.13309955596923828 3.81640005111694336 45.5
21.3592084271739893 -14.8200044326694886 2.31553459167480469 2.67960023880004883 51
21.3111100268826377 -14.8200044326694886 2.7228848934173584 2.59840011596679688 50.5
21.1975205710003323 -15.0287368894676501 2.45197701454162598 2.51719999313354492 50
21.0406788402611689 -15.2081163445285714 2.68571877479553223 2.43600010871887207 52
21.268865912188339 -14.8920284351907704 3.31565022468566895 2.76080012321472168 51
21.3356700315014862 -14.8625910848905907 3.00387191772460938 2.67960023880004883 64.5
21.3356700315014862 -14.8625910848905907 3.00387191772460938 2.59840011596679688 66
21.4474945053143422 -14.7939039341901726 2.50520968437194824 2.51719999313354492 57
21.3755407937035606 -14.8362937730977524 3.46889424324035645 2.76080012321472168 53.5
21.3968043757316408 -14.9051777371116927 3.01247906684875488 2.67960023880004883 67.5
21.4335889148322032 -14.9051777371116927 2.73853397369384766 2.59840011596679688 69
21.4317185112757187 -14.9773693515902231 3.06030654907226562 2.67960023880004883 60
21.5858324437514106 -14.8786825339869484 2.3837580680847168 2.59840011596679688 61.5
21.7398889031836013 -14.7372314287555906 1.78799545764923096 2.51719999313354492 52.5
21.9111467008778611 -14.6736524241951951 1.24325132369995117 2.84200000762939453 52.5
21.9063400535599051 -14.6571577609485733 1.49668943881988525 2.76080012321472168 53.5
22.019781285676622 -14.6987967759011919 -0.0162454266101121902 2.84200000762939453 47.5
22.0845533138318366 -14.5796978148540539 0.794075310230255127 2.76080012321472168 48.5
22.0250721530470912 -14.6210004945059904 2.45460391044616699 2.76080012321472168 48.5
14.2626895357644035 -22.3577665827867627 2.36572527885437012 3.73520016670227051 46.5
14.0492242785057329 -22.4475968949497435 2.75960230827331543 3.65400028228759766 52.5
13.7564225428416904 -22.5706976930990173 3.1961219310760498 3.5728001594543457 47
13.9125452869713406 -22.6342761485207049 2.64966249465942383 3.65400028228759766 50
14.5745572713252489 -22.7680897292189712 2.51375842094421387 3.5728001594543457 49.5
14.6483301956693825 -22.8616022587844085 1.99353945255279541 3.5728001594543457 49
11.2632211866541514 25.0946807011610211 -1.01124405860900879 0 48.5
10.5313135784290477 25.456212669022392 -1.68306267261505127 0 48
15.3621986292309227 -22.9903743481512635 2.34694528579711914 3.5728001594543457 48.5
15.331048650581522 -23.0525095426450441 2.78773236274719238 3.5728001594543457 48.5
13.4678049567417357 24.9399297229885804 0.583669066429138184 0 50
13.4155091161178959 24.9399297229885804 1.32156872749328613 -0.0812000036239624023 45
15.6224233509509105 -23.5158030541474687 2.58252143859863281 3.5728001594543457 49
15.4823340070021462 -23.5158030541474687 3.32067012786865234 3.49160003662109375 50.5
15.7854154311072588 -23.4465917038393172 3.00976681709289551 3.49160003662109375 47.5
22.6511171000235869 -17.367980149663854 1.34567821025848389 2.19239997863769531 45.5
22.9877649146120753 -17.08777752032303 0.626948237419128418 2.27360010147094727 48.5
22.9712188836556237 -17.08777752032303 1.07404768466949463 2.19239997863769531 49.5
23.1306365503555718 -16.9996990881379482 1.0533745288848877 2.19239997863769531 48
16.1331074066070776 -23.7095322381078901 3.36847615242004395 3.49160003662109375 47.5
16.1638189563537367 -23.7095322381078901 3.21788287162780762 3.4104001522064209 51
26.0466498548819665 -12.6362049811204145 0.029605792835354805 0 52
16.235145998366491 -23.7711144949734461 3.07516717910766602 3.49160003662109375 50
16.235145998366491 -23.7711144949734461 3.07516717910766602 3.4104001522064209 53
26.0514098497868041 -12.6181170839244228 0.457883119583129883 0.0812000036239624023 47
12.7560599709260867 26.06327349155519 0.662852048873901367 0 57.5
12.6121020933921528 26.1140508125796487 1.20081222057342529 -0.0812000036239624023 52.5
12.5842563184235203 26.153947279098869 0.241413995623588562 0.0812000036239624023 51
12.8011845774541477 26.1306194203081787 0.361069738864898682 0 57.5
12.7890208615160255 26.1306194203081787 0.664564847946166992 -0.0812000036239624023 52
12.6189533805401144 26.2215275034570396 -0.0595187023282051086 0.0812000036239624023 51
25.9518091290670867 -13.4506482198702422 1.0706336498260498 0 48
25.9794230565589395 -13.602398589761048 0.00599753251299262047 0 51
25.9752814034238284 -13.602398589761048 0.463814258575439453 0.0812000036239624023 45
26.3427756568864204 -13.2005284526609277 -0.761520206928253174 0 50.5
26.4324734234872807 -13.0421515766942946 -0.0482267141342163086 -0.0812000036239624023 45.5
16.5295655227637752 -24.2021965575990414 3.13093447685241699 3.4104001522064209 46
16.6641568248483587 -24.2416250492588929 2.80215930938720703 3.4104001522064209 47
12.4166607935999149 27.0269554069767821 1.38596880435943604 0 47.5
16.3135336127731456 24.9875580441054694 0.716281592845916748 0 53
16.3884051098457206 24.9241473131381888 1.10886383056640625 -0.0812000036239624023 47
16.5135729209860038 24.8271661951882372 1.39149308204650879 0.0812000036239624023 47
16.8947216245668272 24.6838788151777955 0.883275330066680908 0 62.5
16.8235515442297725 24.7287517959052821 0.981158316135406494 -0.0812000036239624023 57
16.8388465857714422 24.7287517959052821 0.66912919282913208 0.0812000036239624023 56
16.9517308138624792 24.7120047159529364 1.39848554134368896 0 62
16.892769589872966 24.74574380006149 1.51084494590759277 -0.0812000036239624023 56.5
16.9178158033003321 24.74574380006149 1.19823050498962402 0.0812000036239624023 55.5
26.2460750001214009 -14.6718525305702663 -0.62123262882232666 0 56
26.1964554893773673 -14.7733228221495168 -0.0184544380754232407 -0.0812000036239624023 50
17.3901567501749739 -24.3942097274414955 2.64776086807250977 3.4104001522064209 49.5
17.1647981405581014 -24.533261608494545 2.82744836807250977 3.32920026779174805 51
26.2419263652332759 -14.6718525305702663 -0.777021944522857666 0.0812000036239624023 50.5
26.2742985533535673 -14.7875592139687235 0.108944624662399292 0 60.5
26.178344118715458 -14.9495630473956407 0.476862728595733643 -0.0812000036239624023 54.5
17.2991891738363961 -24.5944424328121833 2.20772147178649902 3.4104001522064209 48
17.2991891738363961 -24.5944424328121833 2.20772147178649902 3.32920026779174805 48
26.2742985533535673 -14.7875592139687235 0.108944624662399292 0.0812000036239624023 54.5
16.5184774997617545 25.301472085874007 0.725280106067657471 0 59
16.4611026621113545 25.3467949198836351 0.350302308797836304 -0.0812000036239624023 54
16.6126091663621978 25.2372647376936996 0.807678103446960449 0.0812000036239624023 52.5
26.4949118522220104 -14.9346987250022636 -1.4754481315612793 0 45
26.6639449508906239 -14.8570523451260836 0.27886277437210083 0 45
26.7097327011123653 -14.9279694644449172 0.325442343950271606 0 64.5
26.6465551709162867 -15.0312110565402062 0.619565069675445557 -0.0812000036239624023 58.5
26.6533897192719209 -15.0312110565402062 0.139774739742279053 0.0812000036239624023 58.5
26.708267239447764 -15.0872183080827043 0.00627363380044698715 0 71
26.7187173185839306 -15.0680526344189811 0.140117332339286804 -0.0812000036239624023 65
17.8966044648592337 -24.6010587147547746 3.93131041526794434 3.24800014495849609 48.5
26.6381672810159422 -15.2098786195305298 -0.152666166424751282 0.0812000036239624023 65
26.6919172761652383 -15.247066963723606 -0.794461369514465332 0 64.5
26.6962317731678702 -15.247066963723606 -0.633079171180725098 -0.0812000036239624023 58.5
26.6213028104171379 -15.3700271811729916 -0.794461369514465332 0.0812000036239624023 59
26.2978636497254463 -15.9817165730012771 2.79593086242675781 0 48
26.6088517319045259 -15.6876330178568626 -2.30604124069213867 0 53.5
26.6249917156480116 -15.7302098654256817 -1.76660144329071045 -0.0812000036239624023 48
26.5180523585971457 -15.7843985805132707 -2.66388249397277832 0.0812000036239624023 48
26.7642030130144164 -15.725617987366574 -0.696400165557861328 0 58.5
26.7679461921610233 -15.725617987366574 -0.533431589603424072 -0.0812000036239624023 52.5
26.7595337716260033 -15.725617987366574 -0.857233047485351562 0.0812000036239624023 52.5
18.4190454606848704 -24.9619550400276324 2.53087782859802246 3.16680002212524414 48
18.5462223822433963 -24.8919464406632649 2.27911543846130371 3.08560013771057129 47.5
26.5476728141798191 -16.8121943205980635 -3.09060478210449219 -0.0812000036239624023 45
26.7833428887476792 -16.7057947760136081 -2.30034208297729492 0 53
26.7687951763048702 -16.7057947760136081 -2.46386909484863281 -0.0812000036239624023 47.5
15.942289159350624 -26.8305188826885193 -5.26206111907958984 -0.406000018119812012 48.5
15.7088846421964448 -26.8305188826885193 -5.92256546020507812 -0.487200021743774414 45
26.6953857936201722 -17.3751777716703977 2.50242400169372559 0 57.5
26.624544908026035 -17.3751777716703977 3.16849946975708008 -0.0812000036239624023 52
16.1826610379655733 -26.4021255983585377 -7.86459589004516602 -0.487200021743774414 53.5
16.1826610379655733 -26.4021255983585377 -7.86459589004516602 -0.568400025367736816 52.5
26.6553042379421115 -17.4470420179686698 2.42858386039733887 0.0812000036239624023 51.5
26.7954091440895255 -17.5200125728281471 0.809943258762359619 0 58
26.8330095456319455 -17.415964987882159 1.5081486701965332 -0.0812000036239624023 52.5
16.1985406882082934 -26.5641488027485728 -7.58643865585327148 -0.487200021743774414 53.5
16.2206488907122264 -26.4641030479928148 -7.88305759429931641 -0.568400025367736816 52
26.757087456701349 -17.5880436860620648 0.565462708473205566 0.0812000036239624023 52
27.5586984540639506 -16.8883884064053227 0.453972876071929932 0 51.5
27.5586984540639506 -16.8883884064053227 0.453972876071929932 -0.0812000036239624023 46
27.5821109226352483 -16.8560738626953892 0.0749286636710166931 0.0812000036239624023 46
27.8930150877935645 -16.4538762668452563 -1.00490140914916992 0 55.5
27.9278642995071067 -16.4093406765560594 -0.726678431034088135 -0.0812000036239624023 49.5
17.0650608798411447 -26.7739871438601575 -6.45735597610473633 -0.487200021743774414 49.5
27.9624098589940182 -16.3243181860039535 -1.17489254474639893 0.0812000036239624023 50
28.0665848803444788 -16.252538665801481 -1.6576002836227417 0 50.5
28.1025464933530422 -16.2322483553572852 -1.17761218547821045 -0.0812000036239624023 45
16.0291415085295554 -27.0835063809136329 -8.01099586486816406 -0.324800014495849609 45
16.5803163100569613 -26.9374161457154173 -7.35489368438720703 -0.406000018119812012 53
17.2532022981345143 -26.4910293159430914 -7.42819595336914062 -0.649600028991699219 49
28.0343056458623821 -16.3336999075782678 -1.38335967063903809 0.0812000036239624023 45
27.069102917931037 -16.1395787127075039 8.14127635955810547 -0.568400025367736816 59.5
17.2186191585308563 -26.5522101402607298 -7.61590862274169922 -0.649600028991699219 49.5
20.035376205184253 25.8369022281505352 0.572922348976135254 0 49
19.6321339199169671 26.2715003193581396 1.87353968620300293 0 51
19.9187499557122081 26.0457296134886569 1.99650430679321289 0.0812000036239624023 46
16.9741172747007241 -27.0100494683953301 -9.55127143859863281 -0.406000018119812012 50.5
26.298917423541841 -17.9761845175578223 -9.70123481750488281 -0.568400025367736816 60.5
17.2826911259192926 -26.4025210101630528 10.6351165771484375 -0.730800032615661621 46.5
16.8032187856046811 -27.7590171247967419 -7.80893754959106445 -0.162400007247924805 48.5
16.6376215134147962 -27.7590171247967419 -8.15580654144287109 -0.243600010871887207 51
16.8993013280330189 -27.4045224649999071 -8.79183864593505859 -0.324800014495849609 52
16.8773271744740683 -27.225189872396804 -9.37205696105957031 -0.406000018119812012 52
25.9407557912317905 -18.0750571242291294 -10.6892509460449219 -0.487200021743774414 52
26.2161518249534247 -18.0750571242291294 -9.99481678009033203 -0.568400025367736816 59.5
17.6100433802799721 -26.290992180696918 10.609461784362793 -0.730800032615661621 46
16.4993946599299335 -27.8213975731206098 -8.52304935455322266 -0.162400007247924805 45.5
16.6750098072576094 -27.8213975731206098 -8.17413520812988281 -0.243600010871887207 49
16.7684344236566467 -27.6416619818279159 -8.58257770538330078 -0.324800014495849609 46
19.5123070906661944 -28.1777859901727332 -0.240683466196060181 -0.974400043487548828 48.5
19.5584517896916417 -28.1435220765199894 0.429954499006271362 -1.05560004711151123 53
19.55373975148159 -28.1435220765199894 0.607527554035186768 -1.13680005073547363 46.5
19.4686058457180735 -28.2952454861791871 -0.524558722972869873 -0.974400043487548828 50.5
19.419074191610914 -28.3338767376014609 -0.117093205451965332 -1.05560004711151123 54.5
19.4360975890604237 -28.2952454861791871 -1.24092638492584229 -1.13680005073547363 47.5
19.8556122271510702 -28.0205343649541483 0.725926697254180908 -1.29920005798339844 45.5
20.0639321104609145 -27.9575153903485472 2.46291017532348633 -1.21800005435943604 47.5
20.9888442378873066 -27.5248503641450561 1.57277131080627441 -1.05560004711151123 56.5
20.9888442378873066 -27.5248503641450561 1.57277131080627441 -1.13680005073547363 67
20.9067556618686474 -27.5724787036142409 1.81344151496887207 -1.21800005435943604 64.5
20.9777520417745826 -27.4728921756332234 2.40763521194458008 -1.29920005798339844 51
20.906681814748012 -27.6929090933969206 1.35620236396789551 -1.05560004711151123 61
21.0471308150490586 -27.5844285657668777 1.39404952526092529 -1.13680005073547363 70.5
20.9668210185052715 -27.6321599979240951 1.6376645565032959 -1.21800005435943604 68.5
21.0040356675804922 -27.5844285657668777 1.93792819976806641 -1.29920005798339844 53.5
20.980098093749934 -27.7527215965824539 0.813711583614349365 -1.05560004711151123 53.5
21.1134888911664405 -27.6440067673886958 1.03428304195404053 -1.13680005073547363 62.5
20.9518370914445207 -27.7527215965824539 1.3591315746307373 -1.21800005435943604 61
21.1757723587312938 -27.5918236493756943 1.14811110496520996 -1.29920005798339844 47
28.0144455993863986 -20.594937242465452 -1.44209921360015869 0.0812000036239624023 45
28.109757899365686 -20.639321073125668 -0.354266136884689331 0 55.5
28.111346518802069 -20.639321073125668 0.190212145447731018 -0.0812000036239624023 49.5
28.0911752162636859 -20.639321073125668 -1.0816645622253418 0.0812000036239624023 49.5
28.2722915889325606 -20.5439523832388424 -0.355028003454208374 0 49.5
20.4096988414982263 -28.5917164115898323 2.91898822784423828 3.32920026779174805 46
20.5012113299403147 -28.5917164115898323 2.18554258346557617 3.24800014495849609 48.5
20.2688606586810494 -28.7546949214078609 2.2143254280090332 3.16680002212524414 45
20.2443248110803751 -28.8158757457255028 2.7691657543182373 3.32920026779174805 52.5
20.4903330857720825 -28.6746214528542964 2.40167880058288574 3.24800014495849609 50.5
20.3920144422451521 -28.8770565700431412 1.85510408878326416 3.4104001522064209 51.5
20.8167554020131966 -28.5939481722976225 1.48625802993774414 3.32920026779174805 57.5
21.0417142318500048 -28.4523939734248614 0.931491672992706299 3.24800014495849609 54
21.5009428310305744 -28.1206263198168287 0.316161572933197021 3.16680002212524414 48.5
34.0452396340242274 9.96968380819813049 -0.053210180252790451 0 51
19.9712614730875018 -29.3150373604331875 0.503049015998840332 3.4104001522064209 46
20.7369683207951709 -28.7476209409359207 1.42415857315063477 3.32920026779174805 50.5
17.8610726294086959 -30.0730702333553239 5.92184591293334961 3.24800014495849609 48.5
21.3312281447288861 -28.2910280408717085 1.75275516510009766 3.08560013771057129 53
20.4678336745259593 -28.5614374282883752 4.87728166580200195 3.00440025329589844 46
34.0442752998877509 10.235088783062972 0.181777730584144592 0 56.5
34.065417730319794 10.1551271519452921 0.472606807947158813 -0.0812000036239624023 51.5
17.4158680992226209 -30.1366503056854178 7.22997522354125977 3.32920026779174805 46
17.189965435002371 -30.5497853997934321 5.91763448715209961 3.24800014495849609 48.5
21.8342160926354509 -28.053205583785882 -0.295684248208999634 3.16680002212524414 53.5
20.6817767620163693 -28.7728602638449971 2.86170029640197754 3.08560013771057129 56
20.1152917842544667 -28.9994182186784215 4.26749801635742188 3.00440025329589844 50
34.0442752998877509 10.235088783062972 0.181777730584144592 0.0812000036239624023 50.5
33.9400588984312321 10.8264965233919881 -0.00242649787105619907 -0.0812000036239624023 56
21.2041732879914377 -28.4907803247157574 2.79268312454223633 3.24800014495849609 50.5
20.7336231853792015 -28.7756881279629155 3.34922170639038086 3.16680002212524414 54
20.6422119552792296 -28.8691735009033899 3.10008549690246582 3.08560013771057129 52
33.9185974693218881 11.1347969947605971 -0.187412112951278687 0 58
33.9191148227566188 11.1347969947605971 -0.00243160617537796497 -0.0812000036239624023 52.5
20.3751717761796662 -29.1217767555277121 3.35627293586730957 3.16680002212524414 45.5
33.9495148233400243 11.0411148085066007 0.119261965155601501 0.0812000036239624023 51.5
33.9157383510633039 11.3638293762204174 0.660940110683441162 0 55
33.9064150439381677 11.3638293762204174 1.0340045690536499 -0.0812000036239624023 49.5
33.9151403782435636 11.3817110904237531 0.265853911638259888 0.0812000036239624023 48
26.5450898002045008 -24.0834080975459912 0.755182564258575439 0 47.5
33.5330265079190326 12.8345446804880705 -1.19012224674224854 0 54
33.521765054463323 12.8884147525992478 -0.886541247367858887 -0.0812000036239624023 48
33.6034525384690639 12.9153205756198322 0.0490892753005027771 0 56
33.6239715255822489 12.8613380444782663 0.120264165103435516 -0.0812000036239624023 51
33.5873553190119978 12.9558074739760087 -0.191437438130378723 0.0812000036239624023 50
21.095689553982492 -29.1977740327882849 1.96661078929901123 3.24800014495849609 48.5
21.1163201431745549 -29.0985998736526739 2.96279406547546387 3.16680002212524414 50.5
20.7404237344863951 -29.1391711205717883 4.70629549026489258 3.08560013771057129 46.5
33.4150198457619254 13.628659063260832 -2.1257171630859375 0 51
33.9935221985156417 12.9453108706984814 -0.00247758184559643269 0 57.5
34.0014044560297535 12.9180384461113338 0.411659061908721924 -0.0812000036239624023 52
33.9961864019570967 12.9180384461113338 -0.724092543125152588 0.0812000036239624023 50.5
34.0071979723084965 13.1177553419700601 -0.193830415606498718 0 61
34.0077498580323976 13.1177553419700601 -0.00248269038274884224 -0.0812000036239624023 55.5
33.9885380326124604 13.1177553419700601 -1.14293515682220459 0.0812000036239624023 54.5
34.1143225355000155 13.0488997694281412 0.122018024325370789 0 57.5
34.1143225355000155 13.0488997694281412 0.122018024325370789 -0.0812000036239624023 52.5
34.1437581779085662 12.9713092496379065 -0.156880050897598267 0.0812000036239624023 50.5
35.2573453432122292 9.8056274921196902 -0.573890626430511475 0 59.5
35.2935829821169875 9.69128948498210185 -0.044914931058883667 -0.0812000036239624023 54.5
35.26417267665785 9.78275989069217289 -0.543950438499450684 0.0812000036239624023 53
35.2926418872452885 9.97237374936168486 -0.192530527710914612 0 63.5
35.2926418872452885 9.97237374936168486 -0.192530527710914612 -0.0812000036239624023 58
35.2884800285674984 9.97237374936168486 -0.575066626071929932 0.0812000036239624023 57
34.9695443936517734 11.1683858872885757 1.72064971923828125 0 67
34.9695443936517734 11.1683858872885757 1.72064971923828125 0.0812000036239624023 60.5
34.9936638712504333 11.3384310952938474 1.72165310382843018 0 70
35.0310155697361338 11.1911787434069137 1.9147343635559082 -0.0812000036239624023 64.5
35.0310155697361338 11.1911787434069137 1.9147343635559082 0.0812000036239624023 63.5
35.0519225531557268 11.2139715995252498 2.6869354248046875 0 62.5
35.0365798469050702 11.2139715995252498 2.88009405136108398 -0.0812000036239624023 57
35.0249352538114707 11.3338578090596478 2.53134799003601074 0.0812000036239624023 56.5
35.1737095461022236 11.2367644556435859 1.92253375053405762 0 53
35.1374743558826239 11.2367644556435859 2.49877119064331055 -0.0812000036239624023 47.5
35.1737095461022236 11.2367644556435859 1.92253375053405762 0.0812000036239624023 47
35.1518267389729999 11.1252944984226581 3.64410591125488281 -0.0812000036239624023 52
32.9914677306300206 16.775071552241851 -2.90270185470581055 0.0812000036239624023 49.5
34.9786481291314288 11.1331475189022768 6.03218412399291992 0 56
34.9786481291314288 11.1331475189022768 6.03218412399291992 -0.0812000036239624023 50.5
35.0143383545572533 11.1052565439071138 5.87446498870849609 0.0812000036239624023 49.5
32.9650648466585281 17.2900056265210154 -1.94574582576751709 0 54
32.9531157131415426 17.2900056265210154 -2.13859343528747559 0.0812000036239624023 47.5
32.9640154759683597 17.4554774415151144 -1.92423152923583984 0 52
32.9463896799708849 17.5606781357496935 -2.6055450439453125 0 52.5
32.8871047644242225 17.7009764963548832 -2.39678645133972168 -0.0812000036239624023 48
33.0724160450266069 17.3595838188822498 -2.34331250190734863 0.0812000036239624023 45.5
33.124381690663796 17.3943711456159349 -2.54189848899841309 0 58
33.1087259970454255 17.3943711456159349 -2.73827028274536133 -0.0812000036239624023 53
33.1386907296523603 17.3943711456159349 -2.34800839424133301 0.0812000036239624023 51.5
36.5854214992004358 -8.56432873950348039 0.199814021587371826 0 61.5
36.5708993664406918 -8.61597765185794096 0.46366468071937561 -0.0812000036239624023 55.5
36.573766470648053 -8.61597765185794096 0.0717296525835990906 0.0812000036239624023 55
37.7117628076097233 -0.400698482463203776 0.915532410144805908 0 51.5
37.7001598722603859 -0.400698482463203776 1.30887103080749512 -0.0812000036239624023 46.5
37.7083025693203808 -0.362985684113725782 1.06208527088165283 0.0812000036239624023 46
37.7905185373649246 -0.604604397597876209 0.592707991600036621 0 50
33.3897640995863725 18.0061922711477784 1.05031716823577881 0 51
33.5114208506400146 17.9419946537339072 0.985012471675872803 0 56.5
33.4787259003957729 17.9419946537339072 1.77775585651397705 -0.0812000036239624023 51
33.580691711472987 17.8137017894196035 0.953912973403930664 0.0812000036239624023 50
33.644250572257306 17.8774034096929917 -0.270141005516052246 0 57.5
33.5673814802556834 18.0202321985853473 0.335079848766326904 -0.0812000036239624023 52
33.5825549845258422 17.977383561917641 -0.797387540340423584 0.0812000036239624023 51.5
33.8191535499422571 17.7074712417945683 -0.203003466129302979 0 63.5
33.819199782480716 17.7074712417945683 0.195200130343437195 -0.0812000036239624023 58
33.8191535499422571 17.7074712417945683 -0.203003466129302979 0.0812000036239624023 57.5
33.9564113230735245 17.5893080636271506 -0.800526797771453857 0.0812000036239624023 61.5
33.9479561288493912 17.5998518771026689 -2.56654095649719238 0 64.5
33.9479561288493912 17.5998518771026689 -2.56654095649719238 -0.0812000036239624023 59.5
33.9963823768827424 17.4705468429035484 -2.79851222038269043 0.0812000036239624023 58.5
32.4233805457882553 20.6159298693740958 -2.00838565826416016 0 47.5
38.5450999993678565 -0.438364429080230711 -0.431020170450210571 0 61
38.5468166056286563 -0.438364429080230711 -0.231283560395240784 -0.0812000036239624023 55.5
38.5430009263843516 -0.616600515629335488 -0.399482965469360352 0.0812000036239624023 54.5
38.5663131666808567 -0.0868781360559588989 2.12665653228759766 0 61.5
38.5677519170707299 0.0868781360559588989 2.10036325454711914 -0.0812000036239624023 56
38.5825166194999696 -0 1.81106889247894287 0.0812000036239624023 55.5
38.5913170541121247 -1.23799940525276075 2.62060761451721191 0 56.5
38.5732623561744745 -1.15095257207092616 2.91009855270385742 -0.0812000036239624023 51
38.6120047664637696 -1.17029631277800061 2.33097386360168457 0.0812000036239624023 51
38.6321724564966331 -1.15318312295750669 3.11867475509643555 0 53
38.5222628828102174 -1.24039865326521737 4.24233627319335938 -0.0812000036239624023 47.5
38.9759980680194076 -0.623798137635881877 -1.21757745742797852 0 51
38.9818522022282679 -0.623798137635881877 -1.01292634010314941 -0.0812000036239624023 45.5
38.9522352569531165 -0.623798137635881877 -1.82599437236785889 0.0812000036239624023 45.5
38.9772868098708329 -0.0878903102309217255 2.76028323173522949 0 47
36.8067809490561189 -13.1501450986151038 2.24883484840393066 0 45.5
37.1724700020902361 -12.6603290748244461 1.55362057685852051 0 49
37.9517452512879885 -10.3916372447515908 1.43855440616607666 0 61.5
37.9589264476055561 -10.3916372447515908 1.23465335369110107 -0.0812000036239624023 55.5
37.9589264476055561 -10.3916372447515908 1.23465335369110107 0.0812000036239624023 55.5
37.9720743970562822 -10.569179996018816 1.64823305606842041 0 71
37.9710705649533722 -10.5445317217743693 1.820198655128479 -0.0812000036239624023 65
37.9803879760620404 -10.569179996018816 1.44398283958435059 0.0812000036239624023 65
37.9681232634305275 -10.7473225592891541 2.2676846981048584 0 68
38.0053823313298835 -10.6090298057688894 2.2945864200592041 -0.0812000036239624023 62.5
37.9797842223073374 -10.7473225592891541 2.06319665908813477 0.0812000036239624023 62
37.8446169953106946 -10.9112197376406499 4.10978937149047852 0 56.5
37.872713884986517 -10.8963745407186874 3.88416600227355957 -0.0812000036239624023 50.5
37.866506909683963 -10.9112197376406499 3.90297150611877441 0.0812000036239624023 50.5
38.1660052099081213 -10.7881097755009154 1.03857231140136719 0 54.5
38.1711021834323176 -10.7881097755009154 0.830351710319519043 -0.0812000036239624023 49
38.1660052099081213 -10.7881097755009154 1.03857231140136719 0.0812000036239624023 49
37.4595178226566077 -10.5103990146138955 8.50568866729736328 0 47.5
37.9228998782907141 12.5878274949050653 8.24866104125976562 0 50.5
39.2243210101859674 -12.7575903674405673 0.509013116359710693 0 52.5
39.2032445226308397 -12.8297545149735654 -0.255915522575378418 -0.0812000036239624023 46.5
39.1759845333334198 -12.912227826439846 0.281226098537445068 0.0812000036239624023 47
39.2978326635317217 -12.780786222248496 0.295826345682144165 0 59.5
39.2472143207007989 -12.9357048431242347 0.281737416982650757 -0.0812000036239624023 54
39.2481687407321971 -12.9357048431242347 0.0676168873906135559 0.0812000036239624023 53.5
39.4279462114988064 -12.6043219112299418 2.59689855575561523 0 54
39.4919680619859719 -12.6043219112299418 1.30050158500671387 0.0812000036239624023 48
37.827483722549907 -17.1442158559967162 -1.24905657768249512 0 45.5
39.6330820718420611 -12.3846329322359416 2.9121088981628418 0 47.5
39.762889226183681 -12.0057151455399147 3.6967003345489502 0 47.5
39.2381597555912478 -14.2250066532559742 1.77951931953430176 -0.0812000036239624023 51
39.2169515912907158 -14.2980892562451789 1.65715575218200684 0.0812000036239624023 51
39.1833194907193487 -14.6323032569965452 1.4092181921005249 0 57
39.2301224899081546 -14.5015643072378211 1.45769202709197998 -0.0812000036239624023 51
39.1543913839068622 -14.6323032569965452 2.06203198432922363 0.0812000036239624023 51
39.6992119207281391 -13.3173601944658859 -2.0800023078918457 -0.324800014495849609 47.5
39.7400746791200845 -13.2440151737253196 -1.74021291732788086 -0.406000018119812012 46.5
39.4182471868168776 -14.3750981885730322 1.88636744022369385 0 55.5
39.7303223186932968 -13.3411827657366366 -2.74121737480163574 -0.324800014495849609 46
39.7774589026129419 -13.2099752247675521 -2.69263792037963867 -0.406000018119812012 45
39.4285758190742541 -14.4433261098769563 0.881874442100524902 0.0812000036239624023 49.5
37.613932612583227 -18.8435025455025205 -0.648264408111572266 0 47
37.8899770787035948 -18.5729907489611001 -1.53116786479949951 0 45
39.8630419304899632 -13.8223405596253297 3.02836799621582031 0 48
22.9517894128553692 -35.5205080537981743 0.893935978412628174 -0.487200021743774414 45.5
23.0833955906468908 -35.5358286575426376 -0.0491124615073204041 -0.487200021743774414 46
19.2422149712181749 -37.4098954234447731 6.21390342712402344 -0.162400007247924805 46.5
19.7462171426951123 -37.069805465049825 6.65524053573608398 -0.243600010871887207 56.5
19.7039612750173418 -37.0219803146505342 7.03580760955810547 -0.324800014495849609 58
19.6342706828952913 -37.1813974826481726 6.35727024078369141 -0.406000018119812012 48.5
18.9670617054754693 -37.4758747437873296 7.11122322082519531 -0.162400007247924805 50.5
40.8216776906116507 -11.5834521935342654 -3.76491045951843262 -0.406000018119812012 52
40.671018064055481 -11.7744905928407366 -5.32781028747558594 -0.324800014495849609 55.5
22.1566918785119675 -35.9793876946994757 5.97666549682617188 -0.406000018119812012 52
21.4168899361363785 -36.4059996727009505 6.08899211883544922 -0.487200021743774414 52.5
21.2158331239369069 -36.4059996727009505 6.75628900527954102 -0.568400025367736816 46.5
40.9945674643704621 -11.6038458016401442 -2.43969964981079102 -0.730800032615661621 49.5
40.9808331752347144 -11.6038458016401442 -2.66042184829711914 -0.812000036239624023 51
20.2404581251463789 -37.0629438549146073 6.65014791488647461 -0.324800014495849609 49
21.9233002464438087 -36.5127156598935372 3.70848679542541504 -0.487200021743774414 49.5
41.1386659746346197 -11.4532936905357339 -1.99865889549255371 -0.812000036239624023 47
42.721639071319764 2.9700233222552388 0.145984366536140442 0 52
42.7177751920912314 2.9700233222552388 0.592675507068634033 -0.0812000036239624023 46.5
42.8043990229858835 2.84120568107020643 -0.34804689884185791 0 59.5
42.804604042529462 2.84120568107020643 0.32172691822052002 -0.0812000036239624023 54
42.7902092126105487 2.97522481696974417 -0.745781064033508301 0.0812000036239624023 53
42.8808584177124104 2.824692324226874 -0.322288006544113159 0 56
42.8863632978887068 2.74951039924745144 0.225599482655525208 -0.0812000036239624023 50.5
40.6512819838266637 -11.6854191968016679 -7.60098600387573242 -0.162400007247924805 45.5
40.7411473740057204 -11.5135747968487028 -7.37883758544921875 -0.243600010871887207 49
18.8331350504713129 -38.262229677027527 5.30712175369262695 -0.324800014495849609 47.5
40.8213735377363562 -11.4867241093560537 -6.96573972702026367 -0.487200021743774414 48
42.8650180290006517 2.98042631168424954 -0.747084915637969971 0.0812000036239624023 49.5
42.9649605344766528 2.52298998414597486 0.974340736865997314 0 57
42.9497975648992067 2.65747772317294562 1.2472081184387207 -0.0812000036239624023 52
42.9749440825850115 2.52298998414597486 0.302303999662399292 0.0812000036239624023 50.5
43.004581015841822 3.21716204472592171 -0.147005647420883179 0 62.5
43.0037638936834909 3.21716204472592171 0.302830666303634644 -0.0812000036239624023 57.5
43.000688591304943 3.21716204472592171 -0.596826016902923584 0.0812000036239624023 56
43.0767743717030029 3.25514668532442997 -0.188495784997940063 0 69
43.0767743717030029 3.25514668532442997 -0.188495784997940063 -0.0812000036239624023 63.5
43.0716580965013591 2.86107420103142296 -1.69896483421325684 -0.243600010871887207 45.5
43.1062168824461551 2.76390564326054422 -0.674433767795562744 -0.324800014495849609 47.5
43.0685451294853934 3.25514668532442997 -0.86289823055267334 0.0812000036239624023 62.5
43.1675749695713407 3.00123202598325944 -0.528098464012145996 0 68.5
43.172538158189198 2.94174814799079787 -0.451397478580474854 -0.0812000036239624023 63
43.1810548244952344 2.768704139285457 -0.675604701042175293 -0.243600010871887207 46.5
43.1863408319566346 2.768704139285457 -1.89161039543250808e-06 -0.324800014495849609 48
43.1596914074533444 3.00123202598325944 -0.979431688785552979 0.0812000036239624023 62
43.2393235409207151 3.07143748871285149 -0.387162536382675171 0 63.5
43.2393235409207151 3.07143748871285149 -0.387162536382675171 -0.0812000036239624023 58
43.2290063462388403 3.19061143007384418 -0.543792307376861572 0.0812000036239624023 57
43.2689042960536341 3.67365208186325498 0.192439943552017212 0 59
43.2693173235580275 3.67365208186325498 -0.0355241596698760986 -0.0812000036239624023 53.5
43.2673196885459959 3.67365208186325498 0.417437821626663208 0.0812000036239624023 52.5
43.3206079089050888 3.87568332088255074 -0.744353830814361572 0 55
43.3132163121391471 3.94091221267861069 -0.827377378940582275 -0.0812000036239624023 49.5
43.3021740156633541 3.94091221267861069 -1.28099286556243896 0.0812000036239624023 49.5
43.3793525246432097 3.68634153183981272 -1.85025668144226074 0 54
43.3526947657691153 3.79524379275088553 -2.21823549270629883 -0.0812000036239624023 48
38.5887689287060098 -20.2470487212757213 2.50732159614562988 0 47
40.3648901302933396 -11.7874236773555605 13.286931037902832 0 53
41.8694401890822263 -13.7547496487515097 -1.60216438770294189 -0.406000018119812012 50.5
41.9267783193821018 -13.8278231184962994 -1.53867340087890625 -0.406000018119812012 52.5
22.0738743311423349 -39.96982147975136 1.16761887073516846 -0.487200021743774414 45
22.1570778748222779 -39.9355763092703526 0.647688925266265869 -0.568400025367736816 51
22.7029698178292634 -39.6330773033547743 0.0155703732743859291 -0.649600028991699219 48.5
43.8505526977710076 -12.022640698669445 -5.06436395645141602 0 45
22.2028447123535173 -40.0011492955730432 -0.0655024126172065735 -0.487200021743774414 47
22.1963089339379955 -40.0011492955730432 -0.542710304260253906 -0.568400025367736816 52.5
21.7338967937821046 -40.2469759955458386 -0.938779354095458984 -0.649600028991699219 47
22.5117494857697622 -39.8949374553685274 -1.24328422546386719 -0.568400025367736816 47
33.7435142307496463 -32.4270065537883241 -2.67023706436157227 0 48.5
25.189200013494748 -39.5204142374295273 0.952278673648834229 -0.893200039863586426 47.5
25.900274429228233 -39.155367378828231 -0.57934802770614624 -0.812000036239624023 46.5
25.5755856186927346 -39.3724408869218294 -0.0544148683547973633 -0.893200039863586426 54.5
25.5739108395469152 -39.3724408869218294 -0.297681123018264771 -0.974400043487548828 49.5
25.7245368209888277 -39.3648221150941211 0.0993890091776847839 -0.893200039863586426 50.5
25.94767941037912 -39.2179165242779746 0.153888553380966187 -0.974400043487548828 47.5
45.6711000759047749 11.3003437347733318 2.20524096488952637 0 49
45.7805544062978456 11.3183380948667551 -1.23168265819549561 0.0812000036239624023 52.5
45.7778767852464412 11.1178709840154788 -3.65259599685668945 0 57
45.7574760699556009 11.1178709840154788 -3.89984703063964844 -0.0812000036239624023 51.5
45.7806243911810498 11.16510569876435 -3.46950006484985352 0.0812000036239624023 50.5
45.8029787412138347 12.4759539822289121 0.559937655925750732 0 52.5
45.8113248663925319 12.404764515853854 1.14891481399536133 -0.0812000036239624023 47
45.8753380500052685 12.4956634297687401 0.560822248458862305 0 63.5
45.9051240603371298 12.3590013951112603 0.988683044910430908 -0.0812000036239624023 58
45.8787162376956701 12.4956634297687401 0.0680810734629631042 0.0812000036239624023 57
46.0104105503476362 12.2951775051966621 0.107146307826042175 0 62.5
45.9855399940878087 12.3784942937120324 0.49352613091468811 -0.0812000036239624023 57
45.9668038136654715 12.4439574846883918 -0.584430038928985596 0.0812000036239624023 56
33.871331237708965 32.8069841171673389 7.19199800491333008 -0.0812000036239624023 45.5
33.9675495082980845 33.4675021665213421 2.92959880828857422 0 48
36.9558355096870059 30.0699769822282406 4.43682336807250977 0 45.5
36.4220261827684979 30.8177855140795138 4.52835845947265625 0 46
46.541889127473496 11.2583567725245217 3.33198690414428711 0 58
46.5364151278946494 11.2943451266188983 3.286285400390625 0.0812000036239624023 52
46.706991792884935 11.2759481339283525 1.58607578277587891 0 61.5
46.706991792884935 11.2759481339283525 1.58607578277587891 -0.0812000036239624023 56
46.8709620628313743 10.6571827328656887 -0.8619651198387146 -2.43600010871887207 47.5
46.8982677787931053 10.5069969559087308 -1.16671073436737061 -2.51719999313354492 46.5
46.7415370657563756 11.0957252015800041 1.82191216945648193 0.0812000036239624023 55.5
46.8819355895625378 10.9746489288683566 -0.252770125865936279 0 60
46.8826164780745742 10.9746489288683566 -0.00327960331924259663 -0.0812000036239624023 54.5
46.866796959725761 11.0408337634174529 0.160853326320648193 0.0812000036239624023 53.5
46.6741927046316007 12.0824812827680947 1.08818352222442627 0 65.5
46.6597595303367498 12.0824812827680947 1.59102463722229004 -0.0812000036239624023 60
46.6391198654513559 12.233135662852483 0.890952765941619873 0.0812000036239624023 59.5
46.7116542232889032 12.2521609498262585 0.892338395118713379 0 72
46.7061215189974845 12.2521609498262585 1.14583837985992432 -0.0812000036239624023 66.5
46.6908805375695053 12.3608008006128944 0.250265687704086304 0.0812000036239624023 66
46.7718304575220856 12.2711862368000357 1.39818227291107178 0 72.5
46.7636689364279334 12.2711862368000357 1.64870941638946533 -0.0812000036239624023 67
46.7786472855924416 12.2711862368000357 1.14761757850646973 0.0812000036239624023 66
46.7839685984223763 12.1388532832490519 3.36322450637817383 0 66
46.7650382207046036 12.1388532832490519 3.61690759658813477 -0.0812000036239624023 60.5
46.7582391384423559 12.2902105561075192 3.16548800468444824 0.0812000036239624023 60
46.8918101168792774 12.7715926879338983 0.0695844367146492004 0 60.5
46.8794194432458866 12.7715926879338983 1.08007979393005371 -0.0812000036239624023 55
46.8867959893331587 12.7715926879338983 -0.689164936542510986 0.0812000036239624023 54
47.0209361287390593 12.5662530727002952 0.61391061544418335 0 57
47.0169055079756433 12.5662530727002952 0.869405984878540039 -0.0812000036239624023 51.5
47.0540626260056243 12.4567697448645696 -0.00331536238081753254 0.0812000036239624023 50.5
36.1853453648594794 32.6899657206381988 2.42232990264892578 0 49.5
36.5872669996872091 32.3307762033064137 2.7023766040802002 0 52.5
36.6633841973245325 32.0680237223496647 4.31837320327758789 -0.0812000036239624023 47.5
33.8842777459337654 35.2505944828591637 2.79319953918457031 0 49
40.7638769860043553 27.1465232686014879 2.69730806350708008 0 53.5
40.8671653913509374 27.0668427984069027 1.77865839004516602 0.0812000036239624023 47
47.572665497957594 11.9826233291589013 2.55427908897399902 0 49.5
39.9415105782304423 28.66817336466044 1.85784173011779785 0 50.5
39.9478468109452933 28.5267691211718706 3.32158970832824707 -0.0812000036239624023 45.5
40.4235889793357401 28.1761830018611263 0.248597815632820129 0 53.5
40.3622190914891732 28.2623863589472393 0.393049031496047974 -0.0812000036239624023 48.5
40.2854299996132497 28.3732192466293824 -0.265389919281005859 0.0812000036239624023 45.5
40.4249890560997969 27.9415655980637254 -4.52900886535644531 -0.0812000036239624023 45
40.3914823094071522 28.6141176183618064 0.104620017111301422 0 47
41.4331176995743959 27.0008632950181138 -4.40146541595458984 0 53
41.6410388189620733 26.73408086816017 -4.0540771484375 -0.0812000036239624023 48
41.1888079657685466 27.2676457218760611 -5.00801277160644531 0.0812000036239624023 46.5
42.1691787611401665 26.2463078491348796 -2.33830380439758301 0 54
41.9804526113991443 26.4078618273729262 -3.58361482620239258 -0.0812000036239624023 48.5
42.2051661035796997 26.2463078491348796 -1.5591893196105957 0.0812000036239624023 48
33.2731643678746707 36.9085335848934619 3.27062702178955078 0 54
33.5317867688195719 36.6409451606563294 3.61949706077575684 -0.0812000036239624023 48.5
33.3128809595049447 36.840080732181633 3.61949706077575684 0.0812000036239624023 48
41.1090951207898954 28.2388171460692803 0.357031822204589844 0 54.5
41.3069778592372998 27.9209668537608486 1.29197895526885986 -0.0812000036239624023 49
41.0541025173505645 28.3198378088145724 0.251624912023544312 0.0812000036239624023 48
41.3884481646664142 27.9629515584394319 -0.26902538537979126 0 52
32.6880773497978439 37.8379223497931605 1.51064276695251465 0 48.5
43.6759878990361514 24.696925151685015 -0.0307880770415067673 0 48
34.849319935160203 35.9518695710604135 5.05903482437133789 0 51.5
34.8110386518316304 35.9015608503032837 5.64581394195556641 -0.0812000036239624023 47.5
34.6902910174495602 36.1125150093233103 5.71227264404296875 0 48.5
43.5265677894715708 25.3491762291267548 3.25314903259277344 0 52
43.4668732420031887 25.4311715739833488 3.40766739845275879 -0.0812000036239624023 46
43.5778230251330712 25.0275021839201202 4.72476530075073242 0.0812000036239624023 46
44.0990766093881348 24.866640978001449 2.72246694564819336 0 46
43.7887664068726465 25.4490810149243991 3.60404038429260254 0 47
33.8200682448334717 38.5651225417147216 0.790398895740509033 0 46
44.4206992067116815 25.7498098460106171 1.77196156978607178 0 49
44.5206044063832707 25.7873992769181655 0.168369293212890625 0 52.5
44.5163975172991968 25.7873992769181655 -0.634876549243927002 -0.0812000036239624023 47
44.4865103612619848 25.8388326337407364 0.638386189937591553 0.0812000036239624023 45.5
44.1825236284142946 26.3722666613573189 -2.68959236145019531 0 51.5
44.1036877883497738 26.4881604113339861 -2.84042501449584961 -0.0812000036239624023 46.5
44.0607273910451909 26.5267170766591676 -4.18875932693481445 0 50.5
45.8297005748795954 24.3526826378727534 0.442292124032974243 0 48.5
45.3230917901991575 25.4400280501076423 0.152373358607292175 0 48.5
45.6026315339076973 24.5596538857702669 5.14063739776611328 0 45.5
46.2317946012979064 24.2129649885867693 -1.09248363971710205 0 52
46.2414104879605503 24.2129649885867693 -0.551611721515655518 -0.0812000036239624023 46.5
46.1175033034250674 24.4543118917596445 -0.0498214103281497955 0.0812000036239624023 46
46.2982202682802608 24.2477540847673865 -1.09405338764190674 -0.0812000036239624023 49.5
46.1017588112481533 24.760082419150919 -1.44528663158416748 0 53.5
46.0214326639813081 24.8385820199513958 -2.36548471450805664 -0.0812000036239624023 48
46.2012587089754376 24.6161664843500425 0.103504344820976257 0.0812000036239624023 46.5
46.3373643685247387 24.9809230959754345 0.908105611801147461 0 45
46.9461219785199901 24.1547848583536897 -0.669535279273986816 0 48.5
40.9822382472457676 31.3806460615223877 12.139277458190918 0 52
40.899981812758412 31.3806460615223877 12.4135923385620117 -0.0812000036239624023 46.5
40.9794579462282016 31.5926774538299675 11.5860967636108398 0.0812000036239624023 46.5
49.1422502073436789 20.4413865899764673 1.65883409976959229 0 53.5
47.4835167854216706 24.5571324377123084 -1.35607802867889404 0 52.5
47.4835167854216706 24.5571324377123084 -1.35607802867889404 -0.0812000036239624023 47.5
47.5018414430380247 24.5571324377123084 0.313536316156387329 0.0812000036239624023 46
48.2892728445107267 24.7527913372644335 -1.98383355140686035 0 47
52.0054151393895765 -16.1341793979251875 2.84619331359863281 0 59
51.897342542890776 -16.3181417474792312 3.65512442588806152 -0.0812000036239624023 52
52.0449889402230852 -16.1341793979251875 1.99577093124389648 0.0812000036239624023 53
52.1146164762343389 -16.0949673102927875 2.48574471473693848 0 66.5
52.0217688769317945 -16.2996510827848553 3.03596401214599609 -0.0812000036239624023 60.5
52.1273311000760913 -16.0949673102927875 2.20309948921203613 0.0812000036239624023 60.5
52.1078162230992135 -16.3630339270873044 2.52639484405517578 0 61
52.1089680719941342 -16.3220409402136006 2.7572319507598877 -0.0812000036239624023 55
52.1209264127757237 -16.3630339270873044 2.23964500427246094 0.0812000036239624023 55
50.6803361188766957 22.546517950479565 1.84616208076477051 0 47
55.1806889266214782 9.17283177783692238 1.16333997249603271 0 55
55.1351546022815668 9.24973814182793319 2.22708225250244141 -0.0812000036239624023 49
55.2089863821290123 9.07495095093927162 0.12587583065032959 0.0812000036239624023 49
55.2438066706926492 9.26213738057980862 1.06560683250427246 0 62
55.2374429361349968 9.26213738057980862 1.35582840442657471 -0.0812000036239624023 56.5
55.2519863288207631 9.26213738057980862 0.481265485286712646 0.0812000036239624023 56
55.2675167902034588 9.56896635327871969 -1.07085621356964111 0 58
55.2611217697842179 9.56896635327871969 -1.36146581172943115 -0.0812000036239624023 52.5
55.2591553014156318 9.61102774384258218 -1.12439393997192383 0.0812000036239624023 52
55.4213608923953061 9.11144576250374705 -1.04165637493133545 0 57
55.4150361432288818 9.11144576250374705 -1.3364872932434082 -0.0812000036239624023 51.5
55.3933448077430626 9.2869358580835577 -0.980385899543762207 0.0812000036239624023 50.5
55.4953554473442878 9.12361069969190375 -1.04304718971252441 0 53
55.4613822241249039 9.38368280746432326 -0.210924193263053894 -0.0812000036239624023 46.5
55.4509661625719517 9.22201636209227971 -2.05124306678771973 0.0812000036239624023 47.5
55.522595691914475 9.19208179791850988 -2.29188203811645508 0 51.5
55.611049212319017 8.88239450916780982 -1.00988423824310303 -0.0812000036239624023 45
55.4755226645786621 9.13577501814565451 -3.39256572723388672 0.0812000036239624023 46
51.5398882381823498 22.8861480481115187 -3.04794979095458984 0 47.5
51.6408351165012647 23.3364804566314668 4.53380775451660156 0 48
52.1799379079374503 23.4904150180898412 0.394039243459701538 0 47.5
54.6504273807869225 -16.86876378315797 -1.86454832553863525 -0.406000018119812012 55
54.6422261417964634 -16.9331210845773974 -1.48237395286560059 -0.487200021743774414 61.5
54.6495466661399121 -16.9331210845773974 -1.18204617500305176 -0.568400025367736816 58
51.8842671774998934 24.2873418600191542 -1.19922065734863281 0 45
54.6984115459860192 -16.8908724787102571 -2.46426153182983398 -0.406000018119812012 51.5
54.6546186323867431 -17.1056779786514639 -1.88651740550994873 -0.487200021743774414 57
54.659860972860578 -17.1486390786397038 -1.23046398162841797 -0.568400025367736816 54
53.1627974279740059 -23.3024598862637404 5.16607189178466797 0 48
53.8371536342487431 -22.3991524669626685 2.13577675819396973 0 45.5
55.7078696095183759 -18.6776568414136435 2.28444433212280273 0 58.5
55.7200485845989348 -18.4939662745232667 3.26949977874755859 -0.0812000036239624023 53
55.6965270213513293 -18.809914049574715 1.23462426662445068 0.0812000036239624023 53
55.7599758026834422 -18.8339065296992771 1.54117071628570557 0 63.5
55.7507118674335871 -18.8339065296992771 1.84610080718994141 -0.0812000036239624023 58
55.7255331586423566 -18.9663324349862279 1.09975218772888184 0.0812000036239624023 57.5
55.6900200798084057 -19.3293452342535055 0.317500293254852295 0 56
55.742145361548971 -19.1746515414488847 -0.49835088849067688 -0.0812000036239624023 50.5
55.7134181550686236 -19.2630479373372374 0.229082658886909485 0.0812000036239624023 50
51.1855157950019759 -24.9268005468581464 16.1362533569335938 0 46.5
54.1222116836157667 -24.2412495434940531 1.61359298229217529 0 46
54.1242600882624316 -24.4648837418167666 0.627690911293029785 0 45.5
52.3968733865414791 -25.0531718313661855 12.8133583068847656 0 50
53.1642847517188812 -25.337770694040735 8.81811141967773438 0 54
53.1740063992053109 -25.3973014328226228 8.58516120910644531 -0.0812000036239624023 48
53.328777816199981 -25.2410332435201674 8.07060050964355469 0.0812000036239624023 47.5
55.5109200364001509 -21.3015924990035472 4.46331071853637695 0 49.5
55.8455836601273319 -20.8136399292593701 3.48614621162414551 0 50
33.6887128712224637 -49.4575035918105641 -1.02412831783294678 -0.893200039863586426 47
33.9212817114025285 -49.3004481592643629 -0.913969099521636963 -0.974400043487548828 49
33.8330299308778137 -49.3677576303555909 0.41619536280632019 -1.05560004711151123 46.5
55.6341926403963924 -21.7232745351930276 4.89306449890136719 0 52.5
55.5755021172131904 -21.7232745351930276 5.51984977722167969 -0.0812000036239624023 46.5
55.7773487805968884 -21.6633689177226572 3.25454163551330566 0.0812000036239624023 47.5
56.0315498906677405 -21.2481254141415725 2.99717307090759277 0 54
55.9464429314375948 -21.4355647703001964 3.24228096008300781 -0.0812000036239624023 48
55.9086901003067211 -21.5930138294734384 2.82148456573486328 0.0812000036239624023 48
55.8188191392634678 -22.1004485300282987 2.19891667366027832 0 49.5
54.7445429299413959 -24.4355494758626719 4.89508533477783203 0 52.5
54.7717758826691323 -24.4355494758626719 4.58030223846435547 0.0812000036239624023 47
54.5607428332500177 -24.8498282390310656 5.715087890625 0 50.5
54.6608329533019059 -25.0454961779210734 3.45941472053527832 0.0812000036239624023 45
55.8842001904807688 23.0088920655537308 -1.32282602787017822 0 50.5
56.9843303689696299 20.731823691329879 3.67976117134094238 0 49.5
56.8637421753710441 21.403474060197432 2.84370803833007812 0 53
56.8048341675778872 21.5402860392754008 2.98453974723815918 -0.0812000036239624023 47.5
56.9791071337269841 21.2058567570848133 1.83677840232849121 0.0812000036239624023 47
56.9148266391845823 21.6277267650733371 1.32437920570373535 0 53
56.8297886650416615 21.8484178545128636 1.35343337059020996 -0.0812000036239624023 47.5
57.1083694622551619 21.3191081431417579 1.4423753023147583 0 51
57.271780178791424 21.5354313585434838 1.26832830905914307 0 50
57.9276909897227554 -19.5776648714031687 2.55695462226867676 -0.487200021743774414 49.5
57.8960228147046578 -19.5776648714031687 3.19462680816650391 -0.568400025367736816 55
57.7984278761406927 -19.7153203275302253 4.01099634170532227 -0.649600028991699219 50
57.4440758000765754 21.3168023697864086 0.630799770355224609 0 49
58.0753910504027431 -19.4638331982748056 1.74180281162261963 -0.487200021743774414 49.5
58.0527145946237439 -19.4638331982748056 2.38060092926025391 -0.568400025367736816 55.5
58.0054041203851796 -19.4638331982748056 3.34037637710571289 -0.649600028991699219 50.5
59.4730325878890511 20.2468613114858229 1.77372205257415771 0 46
60.4019234046349212 10.0887353864880662 -15.1089639663696289 0 50
60.6817517305751011 9.83651700182586453 -14.1217403411865234 -0.0812000036239624023 45
59.80301235916167 10.534747438628683 -17.3361282348632812 0 54
59.9628137229527809 10.2427731650487122 -16.9549198150634766 -0.0812000036239624023 48.5
59.3026614392277196 10.534747438628683 -18.9772491455078125 0.0812000036239624023 48
59.5812893555887229 -20.4551066717666572 6.20878028869628906 0 48
60.4538669700157811 -18.9416269282857606 3.52805709838867188 0 45.5
53.1568450924681954 -34.9237007088636346 4.32990360260009766 0 45
60.3834556691732587 20.6726105477753848 -0.335058212280273438 0 47
61.6763728893837637 19.6928282878777878 2.69411969184875488 0 46.5
61.506967296967197 20.1290643182641062 4.52545356750488281 0 47
54.9644324260970549 -35.5002262068589118 -3.9303591251373291 0 47.5
49.4178897949325702 -39.5796571998829947 -17.5446147918701172 0 46.5
63.2307154897486114 -20.7341011978657868 6.12821054458618164 0 45.5
65.2250953329638889 19.0198464202023096 -1.0654609203338623 0 47
65.2324825372291599 19.2193466360341816 -1.65550541877746582 0 46
54.8817455961400924 -40.3465455812631362 -2.82514691352844238 0 46.5
56.6730081243163468 -38.291609610633742 -0.694818794727325439 0 48.5
55.943565493623268 -39.4288442602880167 -2.12378478050231934 0 49.5
54.6092625691697648 -42.4011610827439185 -1.3011099100112915 0 48.5
54.3538531228404267 -42.8623678047263112 -0.759831428527832031 0 51
70.2006157316902772 -2.73105690866923645 1.72942721843719482 0 52.5
70.2115836757338485 -2.87156144416347336 0.814474582672119141 -0.0812000036239624023 46.5
70.150062359524 -3.04719211353127006 2.87387776374816895 0.0812000036239624023 47.5
70.2699688072831918 -2.53178093019495964 2.20111942291259766 0 56.5
70.2957773432656694 -2.53178093019495964 1.1030954122543335 -0.0812000036239624023 50
70.2699688072831918 -2.53178093019495964 2.20111942291259766 0.0812000036239624023 50.5
70.2814008072297156 -2.73688633157450179 3.56588411331176758 0 45
70.4754169376081734 -1.45359211459322824 1.16311824321746826 0 59
70.4699674643778167 -1.57692720310416878 1.32170712947845459 -0.0812000036239624023 53
70.5040703388679475 -2.0989271690231015 2.36685824394226074 0 69.5
70.5003909257541181 -1.97546086496291884 2.57362842559814453 -0.0812000036239624023 64
70.523284793491797 -1.97546086496291884 1.84263086318969727 0.0812000036239624023 63.5
70.6009044056144432 -1.77450705419449317 1.94570231437683105 0 74
70.5877158925827217 -1.97756010019684814 2.21050572395324707 -0.0812000036239624023 68.5
70.598226781397841 -1.97756010019684814 1.8445889949798584 0.0812000036239624023 68
70.6818978733654433 -1.97965954898471774 1.47537064552307129 0 67.5
70.6791124129128292 -1.88244412470421829 1.71639573574066162 -0.0812000036239624023 61.5
70.6870591983735466 -1.88244412470421829 1.35002553462982178 0.0812000036239624023 61
73.0770479444394141 -28.4387300782484012 2.32090091705322266 0 45.5
58.7859150420054846 52.6796610373980343 4.2394108772277832 0 47
76.7222895907820686 -19.8618699153474658 1.92929601669311523 0 48
76.7733254853994964 -19.7616753516298935 3.42877054214477539 0 45
83.1146708873810667 22.2281335063777554 3.32747960090637207 0 53
83.2466061044888619 21.8408088179800792 2.48854756355285645 -0.0812000036239624023 47.5
83.1575941733192394 22.2281335063777554 1.98389816284179688 0.0812000036239624023 47
83.1462592954624711 22.2474952027764061 4.22840499877929688 0 55.5
83.2074992490781966 22.0536641700319826 4.03474807739257812 -0.0812000036239624023 50
83.2874093013694505 21.8598331372875627 3.3890838623046875 0.0812000036239624023 49
83.0969098350822577 21.8788574565950462 7.43517160415649414 0 49.5
