
X Y Z V_r Mag
6.5154602590686812 2.87906844195412059 1.04868960380554199 0 52
6.52706624334802132 2.87906844195412059 0.973844766616821289 -0.0812000036239624023 46.5
6.5154602590686812 2.87906844195412059 1.04868960380554199 0.0812000036239624023 46
6.6110127811290651 2.90905866076350428 0.870351552963256836 -0.0812000036239624023 52
6.78645643645814101 2.8214871074362069 0.0756650939583778381 0 73.5
6.78591646438180529 2.8214871074362069 0.114246532320976257 -0.0812000036239624023 68
6.78677432611163223 2.8214871074362069 0.03758273646235466 0.0812000036239624023 67
6.84595916936071003 2.8669785634941527 0.209544733166694641 0 79
6.84467361605673652 2.8669785634941527 0.247998535633087158 -0.0812000036239624023 73.5
6.84704051773463629 2.8669785634941527 0.170579120516777039 0.0812000036239624023 72.5
6.90363057794803403 2.91936797217056254 0.259191632270812988 0 72
6.90025228483453024 2.91936797217056254 0.33736225962638855 -0.0812000036239624023 66.5
6.90746965964047188 2.90905880758183866 0.272477179765701294 0.0812000036239624023 66
6.9855899110272146 2.90785912065346697 -0.355696231126785278 0 53.5
7.00785627903767239 2.86715666551411186 -0.223585739731788635 -0.0812000036239624023 48.5
6.37154825203163355 -7.17247925601820313 0.344846874475479126 0 51
6.57581614429555739 -7.09673487190791707 0.025065302848815918 0 68
6.57466892357249932 -7.09673487190791707 0.125322535634040833 -0.0812000036239624023 62
6.57581359890900519 -7.09673487190791707 -0.0257247090339660645 0.0812000036239624023 62
6.643516498541576 -7.1346911992103994 -0.149556949734687805 0 70.5
6.643516498541576 -7.1346911992103994 -0.149556949734687805 -0.0812000036239624023 64.5
6.64044880987798525 -7.1346911992103994 -0.251237750053405762 0.0812000036239624023 64.5
6.65820557155724568 -7.18957399749534076 -0.713419079780578613 0 58.5
6.66836883585502438 -7.18957399749534076 -0.611167550086975098 -0.0812000036239624023 53
6.65257023852982332 -7.18957399749534076 -0.764182448387145996 0.0812000036239624023 52.5
6.54487510266852457 -7.20486890612461917 1.80678677558898926 0 48.5
10.4156960254136148 1.53310396679129979 -1.60791277885437012 0 46
10.3133687133630279 2.74471190322253866 -1.06142079830169678 0 50.5
10.3432770489726433 2.85027769461243619 -1.23795640468597412 0 55
10.3342145666722569 2.88671590377651599 -1.22917842864990234 -0.0812000036239624023 49.5
10.3377720759118876 2.87861852396227613 -1.21820437908172607 0.0812000036239624023 48.5
10.38388047413385 2.95704309475470906 -1.3025130033493042 -0.0812000036239624023 46.5
10.4030240516185444 2.91355716689066924 -1.24655330181121826 0.0812000036239624023 45.5
10.4255960691053051 2.74345615314130598 -1.9190901517868042 0 46
10.3971467232223365 3.72839361230990418 -1.09928655624389648 0 49
10.2434828719579318 4.11106971954881395 -1.74664974212646484 0 47
10.5032994195930893 -6.78948446909829872 -0.677678585052490234 0 46
10.6880405353757819 -6.97454343839521584 -1.2657705545425415 0 46.5
12.9367759808480614 2.94277908750324757 0.453341215848922729 0 64.5
12.934184013448121 2.94277908750324757 0.522078216075897217 -0.0812000036239624023 59
12.9332973251812557 2.97263817632797034 0.344784945249557495 0.0812000036239624023 58
13.010252106608208 2.9894326988612252 0.138342767953872681 0 72
13.0080265416136935 2.9894326988612252 0.277579784393310547 -0.0812000036239624023 67
13.0108040498651114 2.9894326988612252 0.0691728144884109497 0.0812000036239624023 66
13.0770737880179357 3.03642370018080854 0.0302034486085176468 0 66
13.0824186442862622 3.00622722139448006 0.208674773573875427 -0.0812000036239624023 61
13.0786276105320027 3.02971337156162468 -0.0311184395104646683 0.0812000036239624023 60
13.2047481214071141 2.80709181766155558 0.0699500367045402527 0 58.5
13.2171856728077124 2.74467451161980236 0.150941342115402222 0.0812000036239624023 52.5
9.60560571116397988 -9.67983674077062162 0.596333861351013184 0 49.5
11.0311130743716532 -8.47885668835253625 -1.01294612884521484 0 45.5
9.97006687072720688 -10.0220257366952676 -1.0427778959274292 0 47.5
5.8002212043793886 13.3434884445895978 -0.106140390038490295 0 51.5
5.81916414602632504 13.3325794746117356 0.286661654710769653 -0.0812000036239624023 46.5
5.82823866745956476 13.4122700116342006 -0.182462170720100403 0 53.5
5.70327227562625882 13.4670960233999768 -0.0259237755089998245 -0.0812000036239624023 48.5
5.81661070974918903 13.4122700116342006 -0.410745471715927124 0.0812000036239624023 47
9.6792196631553491 -11.0508245041251456 -0.531051456928253174 0 47
9.65454550944501477 -11.17551838714121 -0.445166110992431641 0.0812000036239624023 46
14.0617667359901741 -6.31893674117337323 -1.01993811130523682 0 45
12.5051042668499814 -9.18782713893018688 -0.481515228748321533 0 45.5
13.0137801080049744 -8.8171472870074119 -0.980806112289428711 0 46
13.0603172320016832 -9.32805083883741126 -0.134588941931724548 0 46.5
13.5496525341836378 -8.74095265968836976 0.135218381881713867 0 46
13.4671024059250808 -9.00428661847043443 0.0033132149837911129 0 68.5
13.4660000546751206 -9.00428661847043443 0.172293007373809814 -0.0812000036239624023 62.5
13.4671024059250808 -9.00428661847043443 0.0033132149837911129 0.0812000036239624023 62.5
13.5359151493116503 -9.03580496730839755 -0.0943138450384140015 0 71
13.5294507335460761 -9.04597355268686698 0.00332855409942567348 -0.0812000036239624023 65.5
13.4854673368226941 -9.11105249910907489 -0.0809989199042320251 0.0812000036239624023 65
13.5349250786871789 -9.15303827155736194 -0.591771423816680908 0 61
13.5383627301669698 -9.15303827155736194 -0.50710296630859375 -0.0812000036239624023 55
13.565494165056263 -9.09583178236012735 -0.752151012420654297 0.0812000036239624023 55
13.8924236204748421 -9.0138835037432905 0.69363778829574585 0 56.5
13.8999730136685535 -9.0138835037432905 0.520859956741333008 -0.0812000036239624023 51
13.9341034195246571 -8.96003217766394222 0.537800490856170654 0.0812000036239624023 51
13.9887857815821235 -9.01722033554347391 0.475562542676925659 0 65
13.9658347581059203 -9.05467071995505002 0.436981916427612305 -0.0812000036239624023 59.5
13.9880195254421995 -9.02554264319048904 0.31214788556098938 0.0812000036239624023 59.5
13.9964020696361668 -9.09545689890481412 1.04835045337677002 0 55.5
13.9964020696361668 -9.09545689890481412 1.04835045337677002 -0.0812000036239624023 50
13.9922914201740536 -9.12471618120827621 0.825212657451629639 0.0812000036239624023 50
14.1376255437421676 -9.06906584956424844 -0.345877408981323242 0 52
14.098300735520521 -9.13624411511657364 -0.0836117863655090332 -0.0812000036239624023 46
14.1668052773440678 -9.02078147119851259 -0.40885692834854126 0.0812000036239624023 46
13.2405438548922039 -10.4063980931106119 1.07727289199829102 0 47
11.0351777523582673 -12.4093385500035271 3.75284504890441895 0 46.5
13.4795645479038502 -10.7605178742189622 0.274008005857467651 0 68.5
13.4747071381315404 -10.7605178742189622 0.453904837369918823 -0.0812000036239624023 62.5
13.4811012883709758 -10.7605178742189622 0.183460146188735962 0.0812000036239624023 62.5
13.5397153684806497 -10.807303210461864 0.184257805347442627 0 72
13.5381719464652637 -10.807303210461864 0.275199353694915771 -0.0812000036239624023 66
13.5409679481066405 -10.807303210461864 0.00472465157508850098 0.0812000036239624023 66
14.2018647677861463 -10.182445786888044 -0.0214450377970933914 0 45
17.0725433277721699 3.85975122831059148 1.27793276309967041 0 49
13.8717235891941773 -10.8534877889627719 0.646326422691345215 0 64.5
13.8717235891941773 -10.8534877889627719 0.646326422691345215 -0.0812000036239624023 58.5
13.8921865805589135 -10.8336660783092285 0.528633713722229004 0.0812000036239624023 58.5
13.961224840230436 -10.8797672539860777 0.0699900016188621521 0 72
13.9430299756505818 -10.8996733132025589 0.281156063079833984 -0.0812000036239624023 66.5
13.9819958764589209 -10.8532258416974354 0.0362026579678058624 0.0812000036239624023 66.5
14.0173633411442413 -10.9258684296629252 -0.299310952425003052 0 69.5
14.0190278211738253 -10.9258684296629252 -0.207220450043678284 -0.0812000036239624023 63.5
14.0150946818560076 -10.9258684296629252 -0.391393423080444336 0.0812000036239624023 63.5
13.8826569352276916 -11.206173898573164 0.562142610549926758 0 57.5
13.8688975812571407 -11.2173265397938788 0.669171035289764404 -0.0812000036239624023 51.5
13.8889448604399099 -11.206173898573164 0.376011401414871216 0.0812000036239624023 52
13.5068086814944834 -11.4682895702599961 2.71110916137695312 0 51.5
16.6758973793653063 -6.76581056974302619 -0.371810048818588257 0 45
15.2606350507443214 -9.48856425667198344 -1.9457169771194458 0 48
13.8079510038611559 12.1235767855435199 -0.00375746050849556923 0 47.5
13.8217222641458406 12.2053383322135414 0.626295387744903564 0 45
17.0134919140147716 7.0982531362687995 2.47303986549377441 0 45
17.1555489823417027 7.04053147607635132 2.20765423774719238 0 45.5
16.4509208786545322 -9.03307724378129606 -1.46675634384155273 0 45
17.5644812142967979 -7.75429100366309854 0.00392677308991551399 0 53.5
17.5202350012257462 -7.85265917542986447 0.130897969007492065 -0.0812000036239624023 48
17.6878586610298392 -7.61838840209214219 0.790872573852539062 0 48
17.6803145188293875 -7.8003634401277484 0.991620838642120361 0 52
17.6678591056265546 -7.8003634401277484 1.19314122200012207 0.0812000036239624023 46
15.8720783467778048 -12.0808035891886689 -0.365853726863861084 0 49
16.0301601872670325 -12.3535648609279036 0.69705730676651001 0 48
17.857852526929026 -9.98856786499156257 -0.74246680736541748 0 47.5
17.9874560747290992 -9.92757546913518851 -0.444093942642211914 0 45.5
17.2291886976122193 -12.1352734399351565 -0.214083418250083923 0 45
16.2267377848889787 13.7979357011217001 -0.00435558706521987915 0 47
16.2209177934071 13.9186365255087949 -0.209843680262565613 0 57
16.2219804829614098 13.9186365255087949 -0.0976360887289047241 -0.0812000036239624023 51.5
16.2165395504317615 13.9186365255087949 -0.431326508522033691 0.0812000036239624023 50.5
16.2927947063259673 13.9513920471419084 -0.0775071904063224792 0 56.5
16.3595814003077642 13.870980565602185 0.250064194202423096 -0.0812000036239624023 51.5
16.3406024703823007 13.8951040100641023 -0.115527413785457611 0.0812000036239624023 50.5
14.7685062054459415 18.4652127136914963 1.6177666187286377 0 62.5
14.7685062054459415 18.4652127136914963 1.6177666187286377 0.0812000036239624023 56
14.7537493729999571 18.5385020926668886 1.97522664070129395 0 71
14.8010747693561857 18.5236475236823814 1.74738204479217529 0.0812000036239624023 64.5
14.7808043107944158 18.5820808476143142 2.24869203567504883 0 67
14.7252196329332907 18.59698227571986 2.47844886779785156 -0.0812000036239624023 62
14.7992351105496969 18.5820808476143142 2.12401604652404785 0.0812000036239624023 60.5
14.7658256626630511 18.6179751848247825 3.36769914627075195 0 57
14.7063467880704088 18.6179751848247825 3.61861538887023926 -0.0812000036239624023 51.5
14.7658256626630511 18.6179751848247825 3.36769914627075195 0.0812000036239624023 50.5
14.8668710172690233 18.6761569491268524 3.12777042388916016 0 58.5
14.8932605535959812 18.6490813349931308 3.1635735034942627 -0.0812000036239624023 53
14.8932605535959812 18.6490813349931308 3.1635735034942627 0.0812000036239624023 52
17.3521487382818016 -16.7637325311046474 -1.05011880397796631 0 46
14.5303112277162469 19.0831249619955194 3.39927124977111816 0 55.5
14.4364162925980981 19.0831249619955194 3.77820754051208496 -0.0812000036239624023 50
14.6268965189446085 18.9862563073660979 3.52513766288757324 0.0812000036239624023 49
14.3008245200674562 19.142206444302257 4.42180871963500977 0 58
14.3497230944752214 19.0450378836712808 4.67568159103393555 -0.0812000036239624023 52
14.3765408112535464 19.142206444302257 4.16906547546386719 0.0812000036239624023 51.5
18.8174178548920779 -16.7557283192020705 0.436363935470581055 0 52
18.8041060329967493 -16.7557283192020705 0.831390738487243652 -0.0812000036239624023 46
18.7874417538492864 -16.7935160921452038 0.22334587574005127 0.0812000036239624023 46.5
18.8413122556855015 -16.8434973017171963 0.356685847043991089 0 49.5
11.2752507820928631 25.0946807011610211 -0.866832613945007324 0 49
10.5732465940570695 25.456212669022392 -1.39561188220977783 0 47.5
13.4518652957440139 24.9399297229885804 0.877357304096221924 0 50.5
13.2557298100399095 25.0532930399112566 0.583669066429138184 -0.0812000036239624023 46
26.0136867163667134 -12.686851093269194 -0.659164786338806152 0.0812000036239624023 46
12.5748019263019515 26.153947279098869 0.544149637222290039 0 57
12.7244462899771804 26.06327349155519 1.11578702926635742 -0.0812000036239624023 52
12.5672844354640372 26.153947279098869 0.696484863758087158 0.0812000036239624023 51
12.7959670554160709 26.1306194203081787 0.513816237449645996 0 57
12.7890208615160255 26.1306194203081787 0.664564847946166992 -0.0812000036239624023 51.5
12.804551372636837 26.1306194203081787 0.210297495126724243 0.0812000036239624023 51
26.033644458263133 -13.3336860614365893 0.157538324594497681 0 48.5
25.9776926796025514 -13.602398589761048 -0.29988783597946167 0 51.5
26.0387568258976643 -13.4851365329527635 -0.29988783597946167 -0.0812000036239624023 46
25.9754945203192413 -13.602398589761048 -0.451820671558380127 0.0812000036239624023 45
26.3181243145376129 -12.8546658709886579 -2.54440546035766602 0 48.5
26.3682200859791251 -13.0826665914764568 -1.52855563163757324 0 50
12.4152994504252074 27.008352051107444 1.72045540809631348 0 48.5
16.3135336127731456 24.9875580441054694 0.716281592845916748 0 53
16.2968910297879077 24.9875580441054694 1.02751410007476807 -0.0812000036239624023 47
16.7160567790395156 24.7301850772382821 0.118033982813358307 0.0812000036239624023 46
16.8755208362388167 24.6838788151777955 1.19523489475250244 0 62.5
16.8755208362388167 24.6838788151777955 1.19523489475250244 -0.0812000036239624023 57
16.7739041579274009 24.7698853615721433 0.771107614040374756 0.0812000036239624023 56.5
16.938206565363096 24.7120047159529364 1.55374002456665039 0 62.5
17.0268701150340114 24.6332801863663136 1.81308221817016602 -0.0812000036239624023 56.5
16.9178158033003321 24.74574380006149 1.19823050498962402 0.0812000036239624023 56
26.1960093346903555 -14.7507738684652416 -0.830315113067626953 0 55.5
26.1960093346903555 -14.7507738684652416 -0.830315113067626953 0.0812000036239624023 49.5
26.2614291074494588 -14.8101644000282917 0.137719228863716125 0 60.5
26.2731870222953745 -14.7875592139687235 0.265161603689193726 -0.0812000036239624023 54.5
26.261208346614481 -14.8101644000282917 -0.174719661474227905 0.0812000036239624023 54.5
16.331311782581075 25.4298867822346146 0.39975467324256897 0 58.5
16.4513728744126198 25.3467949198836351 0.665534913539886475 -0.0812000036239624023 53.5
16.4513728744126198 25.3467949198836351 0.665534913539886475 0.0812000036239624023 52.5
26.6601915602728639 -15.0082684805190336 0.588276684284210205 0 64
26.6561645318556053 -15.0082684805190336 0.748876512050628662 -0.0812000036239624023 58
26.6653231249290137 -15.0082684805190336 0.269119232892990112 0.0812000036239624023 58
26.6380935901631481 -15.2098786195305298 0.165213257074356079 0 70.5
26.7077569530538632 -15.0872183080827043 0.165213257074356079 -0.0812000036239624023 65
26.7064255426480592 -15.0872183080827043 -0.313693434000015259 0.0812000036239624023 65
26.6867013670385589 -15.247066963723606 -0.953725814819335938 -0.0812000036239624023 58
26.6733169459221777 -15.247066963723606 -1.2742687463760376 0.0812000036239624023 58
26.3143305152536655 -15.9817165730012771 2.6364445686340332 0 48
26.7821966137491678 -15.5250668725940955 -1.0662386417388916 0 53.5
26.7821966137491678 -15.5250668725940955 -1.0662386417388916 -0.0812000036239624023 47.5
26.7673939063674595 -15.5250668725940955 -1.38908505439758301 0.0812000036239624023 47
26.8501174054993186 -15.593698172027203 0.101610623300075531 0 58.5
26.7997008848943707 -15.6790580525409133 0.213803723454475403 -0.0812000036239624023 53
26.8502436778154348 -15.593698172027203 -0.05927262082695961 0.0812000036239624023 52.5
26.9334922997633086 -15.4330067932112236 2.27488207817077637 0 53
26.4407261774885676 -15.7575016090175044 5.54210329055786133 0 50
26.4060232513279871 -16.4024985672800518 4.06232786178588867 0 45
26.7530344107093576 -16.7057947760136081 -2.62948060035705566 0 53
26.7362471525481773 -16.7057947760136081 -2.79501962661743164 -0.0812000036239624023 47.5
26.6835050838243575 -17.4470420179686698 2.09614992141723633 0 59
26.6835050838243575 -17.4470420179686698 2.09614992141723633 -0.0812000036239624023 53
26.6835050838243575 -17.4470420179686698 2.09614992141723633 0.0812000036239624023 53
26.7898807849650282 -17.5200125728281471 0.975813925266265869 0 58.5
26.7530650288897398 -17.5880436860620648 0.731363892555236816 -0.0812000036239624023 53
26.7480170030613316 -17.5880436860620648 0.897245407104492188 0.0812000036239624023 52.5
17.5258641860670679 26.9820742301634695 0.206196844577789307 0 48
27.4531040513412172 -17.0620790788462315 0.343788355588912964 0 51
27.4504949904591165 -17.0620790788462315 0.511263251304626465 -0.0812000036239624023 45.5
27.4531040513412172 -17.0620790788462315 0.343788355588912964 0.0812000036239624023 45.5
27.8985553271522733 -16.4538762668452563 -0.837090969085693359 0 55
27.9624098589940182 -16.3243181860039535 -1.17489254474639893 -0.0812000036239624023 49.5
27.8930150877935645 -16.4538762668452563 -1.00490140914916992 0.0812000036239624023 49.5
28.0012674655361415 -16.3621063422001463 -1.68413388729095459 0 50
20.6254400705914627 25.2721187652359056 0.549369215965270996 0 49
32.0287157979354191 6.59100479108126081 0.100321047008037567 -4.06000041961669922 49
32.0465107616661129 6.50110887948560734 0.216250434517860413 -4.14120006561279297 50
20.0881928260896636 25.8961617796456984 0.232386112213134766 0 49.5
32.1499957007459898 6.36448448609353346 -0.268137753009796143 -4.06000041961669922 55.5
32.1501908690928602 6.36448448609353346 0.243560075759887695 -4.14120006561279297 57
32.1457833604401486 6.36448448609353346 0.585408926010131836 -4.22240018844604492 47
19.8570898355343495 26.1647723493107449 0.472540795803070068 0 52.5
19.838259641996725 26.1647723493107449 0.985283315181732178 -0.0812000036239624023 47
32.2132564612822634 6.43651757824274462 -1.43591921641927911e-06 -3.97880029678344727 48
32.2193442502974889 6.37904867129414832 0.58674854040145874 -4.06000041961669922 59.5
32.215795562916 6.37904867129414832 0.756922781467437744 -4.14120006561279297 59
32.2112830245405206 6.37904867129414832 0.929315805435180664 -4.22240018844604492 47.5
19.5522593290973745 26.4055388114436234 2.12427973747253418 0 46.5
32.2775334490501962 6.49647020618097226 0.112236678600311279 -3.97880029678344727 46
32.2893483506655059 6.39361285649476319 0.75865095853805542 -4.06000041961669922 56
32.2575868635204088 6.49647020618097226 1.14009106159210205 -4.14120006561279297 55
19.9401720091730184 26.2842443643042181 -0.726637542247772217 0 48
32.3221786388097598 6.40817630093014667 1.79223811626434326 -4.06000041961669922 47
32.3148920470672181 6.87737462607566741 -1.55083656311035156 -4.14120006561279297 49
32.5221113042299308 6.42073503253773037 0.0949243232607841492 -3.97880029678344727 48.5
32.493152783176825 6.54086491379166279 -0.578545510768890381 -4.06000041961669922 59
32.4957853593183756 6.54086491379166279 -0.404539912939071655 -4.14120006561279297 58
32.5331930335035509 6.36274129675997013 0.171766206622123718 -4.22240018844604492 46.5
32.6054099357285025 6.37713678483470847 -0.346566885709762573 -3.97880029678344727 50
32.6163388441374096 6.30240471313742745 -0.595710694789886475 -4.06000041961669922 60
32.6190298388670783 6.30240471313742745 -0.423578053712844849 -4.14120006561279297 58.5
32.6190298388670783 6.30240471313742745 -0.423578053712844849 -4.22240018844604492 46.5
32.6932373371027509 6.1626688126164666 -1.43664729595184326 -4.06000041961669922 54
32.6858700333340835 6.12521842820488693 -1.73371672630310059 -4.14120006561279297 51
32.735942040954555 6.07112342849927344 -0.624294698238372803 -4.54720020294189453 45.5
32.6726757629187148 7.16852416434823425 -0.104901790618896484 -4.06000041961669922 49.5
32.6000920669345504 7.49037626968631809 -0.175600424408912659 -4.14120006561279297 49
32.8633847242906896 6.61485659493101519 -0.409116148948669434 -4.06000041961669922 52
32.8633847242906896 6.61485659493101519 -0.409116148948669434 -4.14120006561279297 49.5
32.9970658475095036 6.31475696191880953 -0.526850402355194092 -4.06000041961669922 52
27.1351341090739275 -18.5868052740280589 -8.51562976837158203 0 49
33.4445287472445401 5.97766601777786821 -0.17835649847984314 -4.06000041961669922 48.5
33.4218760143681308 6.09654005790413311 -0.333541035652160645 -4.14120006561279297 47.5
33.5188347311978703 5.9908618818463788 -1.48837295910198009e-06 -4.06000041961669922 49
33.518358475080035 5.9908618818463788 -0.178750231862068176 -4.14120006561279297 46.5
33.6723067804417582 5.85912910448424729 -1.21919381618499756 -4.14120006561279297 49.5
16.7950223460963954 -29.8781327051899943 0.0116841718554496765 0 48.5
33.7101190167686795 6.0304488028823835 -1.42734861373901367 -4.06000041961669922 50.5
33.6801867280411429 6.18891940352630954 -1.45536541938781738 -4.14120006561279297 52
33.756810383123117 6.04364466695089408 -1.96843791007995605 -4.06000041961669922 45
33.7615514999558783 6.22821620152396882 -1.1356046199798584 -4.14120006561279297 47.5
30.4799082386958524 16.1974681984111406 -2.01192498207092285 1.94880008697509766 48.5
30.5771711548172718 16.2585831551619791 -1.14788401126861572 2.03000020980834961 49.5
30.5677099706933255 16.2326040609060591 -1.65536260604858398 1.94880008697509766 49.5
30.7370899334919301 16.1071887425085158 -1.27103316783905029 2.03000020980834961 48
30.7370899334919301 16.1071887425085158 -1.27103316783905029 1.94880008697509766 47.5
28.0307665449014962 -20.594937242465452 -1.07933855056762695 0 51
28.1771242889435349 -20.4079477362521864 -0.77813410758972168 -0.0812000036239624023 45
28.0911752162636859 -20.639321073125668 -1.0816645622253418 0 55.5
28.0911752162636859 -20.639321073125668 -1.0816645622253418 -0.0812000036239624023 49.5
28.0836372513506127 -20.639321073125668 -1.26226472854614258 0.0812000036239624023 49.5
28.1018403285768628 -20.6837071613561143 -1.99330818653106689 0 49.5
30.855818685295386 16.565843105930135 0.491891741752624512 2.03000020980834961 46.5
34.0444398360508913 9.96968380819813049 -0.239438638091087341 0 51
34.028272335621061 10.0228790975260011 -0.307154804468154907 -0.0812000036239624023 45
31.68377120842894 15.8876597459235658 -1.4821552038192749 2.11120009422302246 47.5
31.7134964864802775 15.8876597459235658 -0.55866926908493042 2.03000020980834961 48.5
34.0427662302017282 10.235088783062972 0.36839592456817627 0 56.5
34.0058228496813797 10.3150504141806518 1.00327479839324951 -0.0812000036239624023 51
31.8399479528297178 15.7302297659835002 -1.6063607931137085 2.03000020980834961 47.5
32.3654314579948732 14.7040554999732809 -0.269024521112442017 1.38040006160736084 49
32.3898910785739176 14.6418631202150848 -0.559850394725799561 1.29920005798339844 47.5
34.0176641682355054 10.3150504141806518 0.448372334241867065 0.0812000036239624023 50
33.9400588984312321 10.8264965233919881 -0.00242649787105619907 0 61.5
33.9380506617367033 10.8264965233919881 0.369173109531402588 -0.0812000036239624023 56
32.3550920441191394 14.8152057688521932 -1.67282867431640625 1.38040006160736084 51.5
32.5033927621833598 14.5703631254366694 -0.612029016017913818 1.29920005798339844 49.5
33.9032331709986181 11.174946503155164 -0.425926119089126587 0 58
33.9461649667888992 11.0411148085066007 0.49163520336151123 -0.0812000036239624023 52.5
32.3990563340747997 14.926695009803268 -1.40887057781219482 1.38040006160736084 46.5
33.9108843839506733 11.1347969947605971 -0.747158408164978027 0.0812000036239624023 51.5
33.938523431867786 11.3012433765087401 0.556077480316162109 0 55.5
33.8755856746658992 11.3638293762204174 1.77731895446777344 -0.0812000036239624023 50
33.9054389196441832 11.3817110904237531 -0.853579521179199219 0.0812000036239624023 49
26.8188094433398945 -23.765342253995815 1.08747637271881104 0 47
32.6364489996655962 14.8281400302971047 -0.4594879150390625 0.893200039863586426 49
32.6675472314725184 14.7654228217097465 -0.190639793872833252 0.812000036239624023 50
33.5482359846753511 12.8345446804880705 -0.629425048828125 0 54
33.5295779741907509 12.8884147525992478 -0.511878430843353271 -0.0812000036239624023 48
32.6781744510342236 14.859161557333163 -1.39572441577911377 0.974400043487548828 54.5
32.717059598050632 14.796313139870124 -1.12647318840026855 0.893200039863586426 59.5
32.7549100385704151 14.7469322404348784 -0.499631404876708984 0.812000036239624023 55
33.5319019951418511 12.8884147525992478 -0.325744062662124634 0.0812000036239624023 47.5
33.6034525384690639 12.9153205756198322 0.0490892753005027771 0 56
33.6410322276100331 12.8118540575984969 0.370604515075683594 -0.0812000036239624023 51
32.6528455335553218 15.0521290999735147 -1.79585099220275879 0.974400043487548828 54
32.7656262248460095 14.8901815065488137 -0.834411442279815674 0.893200039863586426 57
32.8455337386273953 14.723735368862318 -0.618471384048461914 0.812000036239624023 52
33.6409495631512101 12.8118540575984969 -0.377967238426208496 0.0812000036239624023 49.5
32.7469729456641545 15.0834880212613243 -1.23687684535980225 1.46160006523132324 48
32.8412788673598044 14.921203033584872 -0.462371706962585449 1.38040006160736084 53
32.8443776141358512 14.921203033584872 0.100840136408805847 1.29920005798339844 48.5
32.6849212545261594 15.0834880212613243 -2.36432385444641113 0.974400043487548828 50
33.4434330841067933 13.6828665239035647 -1.06701314449310303 0 52
32.9219667062472467 14.8889825232044064 -1.13352835178375244 1.46160006523132324 51.5
32.985385951211839 14.7850848903058338 -0.433759748935699463 1.38040006160736084 58.5
33.0058705983100467 14.7444292948237816 -0.192235097289085388 1.29920005798339844 54
33.0353360336930635 14.8157596510275908 -1.18771684169769287 1.38040006160736084 53
33.1266997777355101 14.652799874847636 -0.409964680671691895 1.29920005798339844 48.5
33.9532422904510653 13.0498551649492054 -0.13887360692024231 0 57
33.9742212289737253 12.9953103157749155 0.121516920626163483 -0.0812000036239624023 51.5
33.9743674723525046 12.9953103157749155 -0.0694377273321151733 0.0812000036239624023 50
34.0072398879942099 13.1177553419700601 0.186379685997962952 0 61
34.0072398879942099 13.1177553419700601 0.186379685997962952 -0.0812000036239624023 55.5
33.2561036064478373 14.9077823730097254 -0.626202285289764404 1.38040006160736084 49.5
33.2467725850294187 14.9077823730097254 -1.00631701946258545 1.29920005798339844 48
34.0071979723084965 13.1177553419700601 -0.193830415606498718 0.0812000036239624023 54.5
34.1131221003360707 13.0488997694281412 0.311266273260116577 0 57.5
34.1131221003360707 13.0488997694281412 0.311266273260116577 -0.0812000036239624023 51.5
33.2834189414837951 14.9384571337314824 -1.76981091499328613 1.38040006160736084 48.5
33.2610076971403572 14.9384571337314824 -2.15025424957275391 1.29920005798339844 47
34.0546040776878058 13.2040808090086088 0.109565302729606628 0.0812000036239624023 51
35.2573453432122292 9.8056274921196902 -0.573890626430511475 0 59.5
35.2679943849937771 9.78275989069217289 -0.162193477153778076 -0.0812000036239624023 54
35.2573453432122292 9.8056274921196902 -0.573890626430511475 0.0812000036239624023 53.5
35.2910653456898444 9.97237374936168486 -0.385054171085357666 0 63.5
35.2931666282509511 9.97237374936168486 -0.00249801576137542725 -0.0812000036239624023 58
35.2884800285674984 9.97237374936168486 -0.575066626071929932 0.0812000036239624023 57
34.9695443936517734 11.1683858872885757 1.72064971923828125 0 67
34.9983811644800653 11.3200245513079789 1.74673092365264893 0 70
35.0200816534859598 11.1911787434069137 2.10526013374328613 -0.0812000036239624023 64.5
35.040911536758415 11.1911787434069137 1.72416138648986816 0.0812000036239624023 63.5
35.0281330642275535 11.3200247848826017 2.5489192008972168 0 62.5
35.0203938267605324 11.2139715995252498 3.07066631317138672 -0.0812000036239624023 56.5
35.0519225531557268 11.2139715995252498 2.6869354248046875 0.0812000036239624023 56
35.1737095461022236 11.2367644556435859 1.92253375053405762 0 54
35.1737095461022236 11.2367644556435859 1.92253375053405762 -0.0812000036239624023 48.5
35.1836458229716911 11.2367644556435859 1.73118448257446289 0.0812000036239624023 48
35.1266252044739105 11.2595573117619221 3.47061944007873535 0 58
35.0891138369021007 11.1114052418703189 4.24186038970947266 -0.0812000036239624023 52.5
35.0170973682571045 10.9854450873088236 5.60254621505737305 0 54.5
32.8027232600307102 17.8085385728188612 -2.73279404640197754 0 52
32.8783502211464338 17.7570958405969606 -2.08096885681152344 0.0812000036239624023 46.5
36.5772435277512855 -8.2473311466282464 -0.580332517623901367 0 55
36.5813451942648555 -8.2473311466282464 -0.191747456789016724 -0.0812000036239624023 49.5
36.598878488545644 -8.13955352368935436 -0.720926105976104736 0.0812000036239624023 48.5
36.6202689127784211 -8.41407735810868118 0.199814021587371826 0 61
36.5999792599478226 -8.49859376014325463 0.309970617294311523 -0.0812000036239624023 55.5
36.5999792599478226 -8.49859376014325463 0.309970617294311523 0.0812000036239624023 55
37.6426621548256435 -0.451653862189064836 0.590355932712554932 0 55
37.7169903213184057 -0.259275488652661257 0.732968568801879883 0 51
37.7187120318794769 -0.202706291128444266 0.658391177654266357 -0.0812000036239624023 45.5
33.3419367909044553 18.124747658763976 0.106081306934356689 0 50
33.5026898430414946 17.9847589418386775 0.137400314211845398 0 56
33.5166320607562582 17.9419946537339072 0.788042247295379639 -0.0812000036239624023 51
33.501969562624339 17.9847589418386775 -0.259238094091415405 0.0812000036239624023 50
33.5659405804839039 18.0202321985853473 -0.45715758204460144 0 56.5
33.5094299853140143 18.1297342700694841 -0.202604636549949646 -0.0812000036239624023 51.5
33.4726310542245287 18.1963877048859182 -0.290919512510299683 0.0812000036239624023 50
33.7388331007018536 17.8601218559479733 0.195200130343437195 0 65.5
33.8146019039690131 17.7074712417945683 0.590779781341552734 -0.0812000036239624023 60
33.7393969313680486 17.8601218559479733 -0.00520325032994151115 0.0812000036239624023 58.5
33.8810325980382174 17.7422585685282534 0.591940402984619141 0 68.5
33.8004970561099043 17.8952090734293598 0.591940402984619141 -0.0812000036239624023 63.5
33.8033865338701034 17.8952090734293598 0.393767297267913818 0.0812000036239624023 61.5
33.8506853160247161 17.954243452315076 0.762911081314086914 0 62.5
33.8456274508325521 17.954243452315076 0.961438894271850586 -0.0812000036239624023 57
33.931741961550415 17.7770476647088742 1.19128119945526123 0.0812000036239624023 55.5
32.4233805457882553 20.6159298693740958 -2.00838565826416016 0 47
38.5474990904935026 -0.438364429080230711 -0.0289120897650718689 0 61
38.5457296603413226 -0.438364429080230711 0.370575219392776489 -0.0812000036239624023 55.5
38.5474990904935026 -0.438364429080230711 -0.0289120897650718689 0.0812000036239624023 55
38.5769445878288693 -0.0868781360559588989 1.92416918277740479 0 61.5
38.5615271827491526 -0 2.21341943740844727 -0.0812000036239624023 56
38.5863977861548477 -0.0868781360559588989 1.72426009178161621 0.0812000036239624023 55
38.6026032244918582 -1.36373371984874425 2.38101458549499512 0 56.5
38.5816755206793189 -1.0832494795961658 2.82326912879943848 -0.0812000036239624023 51
38.6255955136247096 -1.15095257207092616 2.10444164276123047 0.0812000036239624023 51
38.6763424148065269 -1.15318312295750669 2.51226329803466797 0 53
38.5895059089963937 -1.32761418357292804 3.54797673225402832 -0.0812000036239624023 47
38.9531997079417422 -0.443481488475509722 -1.85786592960357666 0 51.5
38.9865788264165118 -0.623798137635881877 -0.810905933380126953 -0.0812000036239624023 45
38.9037193165737349 -0.414240950773827832 -2.70723819732666016 0.0812000036239624023 45
39.0277030120577066 0.0878903102309217255 1.91997969150543213 0 47
36.9302679277369634 -12.9935957522030208 0.210858970880508423 0 45.5
37.1298615898053868 -12.842032789242019 0.972508251667022705 0 48.5
37.9433559321585108 -10.3916372447515908 1.64509952068328857 0 61.5
37.9517452512879885 -10.3916372447515908 1.43855440616607666 -0.0812000036239624023 55.5
37.9433559321585108 -10.3916372447515908 1.64509952068328857 0.0812000036239624023 55.5
37.9720743970562822 -10.569179996018816 1.64823305606842041 0 71
37.9077155902268572 -10.7269289511832753 2.05928158760070801 -0.0812000036239624023 65
37.9720743970562822 -10.569179996018816 1.64823305606842041 0.0812000036239624023 65
37.9681232634305275 -10.7473225592891541 2.2676846981048584 0 68
37.9551854745284274 -10.7473225592891541 2.47480201721191406 -0.0812000036239624023 62.5
37.9797842223073374 -10.7473225592891541 2.06319665908813477 0.0812000036239624023 62
37.8215998590172475 -10.9112197376406499 4.31649446487426758 0 56.5
37.8215998590172475 -10.9112197376406499 4.31649446487426758 -0.0812000036239624023 51
38.1441334699356105 -10.7881097755009154 1.65763366222381592 0 54.5
38.152504220346465 -10.7881097755009154 1.45221853256225586 0.0812000036239624023 48.5
37.7357373226279478 -10.4058922062299501 7.33227014541625977 0 47.5
38.0854560409318665 -10.8051386258154469 8.18094444274902344 0 48.5
37.100027030167027 16.7172943139213963 -1.62659645080566406 0 46
37.5760122403716537 -16.0178166015059844 1.49614179134368896 0 47.5
39.2317168836025729 -12.7266628756407112 0.683355391025543213 0 53
39.2450927278178412 -12.9357048431242347 0.49585530161857605 0 60
39.3030480035466852 -12.7498024980733486 0.68459784984588623 -0.0812000036239624023 53.5
39.2987133296666897 -12.780786222248496 -0.135234087705612183 0.0812000036239624023 54
39.3971435314130645 -12.6043219112299418 3.02852869033813477 0 54
39.2953141326549016 -12.7546201577043128 3.65703511238098145 -0.0812000036239624023 49
39.3808819522734481 -12.7546201577043128 2.57714557647705078 0.0812000036239624023 48
37.6644968292849853 -17.4142035072722585 2.12929439544677734 0 45
39.6755719114529342 -12.3846329322359416 2.26066398620605469 0 47
39.267917512428852 -14.2250066532559742 0.9113197922706604 -0.0812000036239624023 51
39.1905148844144264 -14.6323032569965452 1.19248032569885254 0 56.5
39.1965797270222254 -14.6323032569965452 0.972857534885406494 -0.0812000036239624023 51
39.1833194907193487 -14.6323032569965452 1.4092181921005249 0.0812000036239624023 50
39.4717141352187042 -14.3331117754629247 0.738727033138275146 0 55
39.4564425919167547 -14.3750981885730322 -0.738725662231445312 0.0812000036239624023 49
39.7864529459004572 -13.8223405596253297 3.9078526496887207 0 47.5
40.5550365717867365 -12.2648317343303983 -4.42980289459228516 0 49.5
42.725938836648794 2.91115799514747708 -1.87194018508307636e-06 0 52
42.7143546974239925 3.03424004273643355 0.508013784885406494 -0.0812000036239624023 47
42.8097696884853178 2.74471190322253866 0.447487235069274902 0 59.5
42.7989015702845919 2.84120568107020643 0.769180834293365479 -0.0812000036239624023 53.5
42.8121091221715062 2.74471190322253866 -1.8752185724224546e-06 0.0812000036239624023 53
42.8863632978887068 2.74951039924745144 0.225599482655525208 0 56
42.8794380249612388 2.84617287422099485 0.322289377450942993 -0.0812000036239624023 50
42.8863632978887068 2.74951039924745144 0.225599482655525208 0.0812000036239624023 49.5
42.9593269746490805 2.52298998414597486 1.19733536243438721 0 56
42.9449075348152576 2.2970505825806633 1.9393918514251709 -0.0812000036239624023 50
42.9640503259469497 2.65747772317294562 0.575248062610626221 0.0812000036239624023 50.5
43.0107942656408326 3.10399554064008498 0.449834197759628296 0 62
42.998296250943433 3.21716204472592171 0.749693870544433594 -0.0812000036239624023 55.5
43.004581015841822 3.21716204472592171 -0.147005647420883179 0.0812000036239624023 56
43.0780244589419539 3.22275716606747054 -0.371094882488250732 0 69
43.0795556832306232 3.22275716606747054 0.0765762180089950562 -0.0812000036239624023 63.5
43.1091379353031172 2.76390564326054422 0.450616508722305298 -0.324800014495849609 46
43.0754731582909045 3.22275716606747054 -0.597863972187042236 0.0812000036239624023 62.5
43.1675749695713407 3.00123202598325944 -0.528098464012145996 0 68.5
43.174898666917727 2.94174814799079787 -1.89161039543250808e-06 -0.0812000036239624023 63.5
43.1885995728721497 2.67136688438870307 0.578254580497741699 -0.243600010871887207 45.5
43.192284985859537 2.67136688438870307 0.126867860555648804 -0.324800014495849609 47.5
43.1761177136589609 2.86604139418221182 -0.578253209590911865 0.0812000036239624023 62.5
43.2455573600954892 3.00643352069776482 -0.0768407285213470459 0 63.5
43.2453734624677679 3.00643352069776482 0.147774025797843933 -0.0812000036239624023 58.5
43.2536041309056785 2.87100858733300068 0.325101673603057861 0.0812000036239624023 57.5
43.2734411485145998 3.62481475728900238 0.0296086166054010391 0 58.5
43.2710434468349092 3.64652023487755894 0.225005954504013062 -0.0812000036239624023 53.5
43.3149756971880961 3.98439814054265051 -0.432982295751571655 0 54
43.2895638056707028 4.27249241264191415 0.0978659242391586304 -0.0812000036239624023 48.5
38.8266943174739367 -19.8979616743571768 1.37167644500732422 0 48
43.67335334626258 3.1033209752241806 1.20326745510101318 0 50.5
43.6552829538970641 3.22373201835457213 1.50472450256347656 0.0812000036239624023 48
40.1539824739022109 -11.6584281142771218 -14.2537603378295898 0 46.5
28.0758198808422108 34.3612868666890137 4.73719263076782227 0 48
44.5097255804125425 3.10005936732281517 2.71366190910339355 0 45
43.2847658805632989 -12.1941476986504664 -8.41393375396728516 0 45.5
36.1255711354161946 29.2564700459424927 1.11898529529571533 0 48
46.0139928454936182 6.44397721568028281 -1.85409295558929443 -4.79080009460449219 52.5
46.0370226034039476 6.3219542025790334 -1.6956942081451416 -4.87200021743774414 55
46.0072887250728044 6.47884093370921121 -1.89843583106994629 -4.95320034027099609 47
35.8652194178681043 29.6935978270554521 1.09856557846069336 0 49
46.1117579063882559 6.4543708330467453 -1.13030791282653809 -4.79080009460449219 57.5
46.1266049676384426 6.33215100663197283 -1.21284258365631104 -4.87200021743774414 60.5
46.0988707366445212 6.48929078345096499 -1.41915643215179443 -4.95320034027099609 52.5
46.1949613866057618 6.49974063319271878 0.0381638780236244202 -4.79080009460449219 53.5
46.0785896095230143 7.27504601813857743 -0.244895666837692261 -4.87200021743774414 52.5
19.6953161730787052 -42.3483511862993112 1.39188778400421143 0 48.5
46.3530133006677332 5.87376827428886106 -0.350410878658294678 -4.79080009460449219 54
46.3773397466796382 5.60518642476869378 -0.974713146686553955 -4.87200021743774414 54.5
46.4098632743185178 5.88319656921281098 -1.32395529747009277 -4.79080009460449219 50
46.3838973668147503 5.98846251180309963 -1.7066342830657959 -4.87200021743774414 52
46.587251652926156 5.81991675753635107 -0.243269190192222595 -4.79080009460449219 50
46.5837835329938059 5.75538139026528217 1.06260848045349121 -4.87200021743774414 51
46.6581992784422894 5.76457538362551603 1.06430602073669434 -4.79080009460449219 51.5
46.3880064286656122 7.5215662497866056 1.71163642406463623 -4.95320034027099609 53
45.7767063470629907 11.0825766940511379 0.2825813889503479 0 47.5
46.5458948086750155 7.08037162131891584 1.32602286338806152 -4.79080009460449219 53
46.4962989509883116 7.38053700177383298 1.42552447319030762 -4.87200021743774414 60
45.8196216088674291 11.1002242878302617 -1.68173897266387939 0 57
46.6351720654175281 7.0916462125649522 0.591775476932525635 -4.79080009460449219 54
46.5618182847255966 7.54555872991117038 0.736492574214935303 -4.87200021743774414 59
45.8349496555964109 11.1002242878302617 -1.1930999755859375 0.0812000036239624023 51.5
45.7778767852464412 11.1178709840154788 -3.65259599685668945 0 54.5
46.7552675490224132 6.8017989238374037 -0.492860317230224609 -4.79080009460449219 49.5
45.7866394425521719 11.1473926807335229 -3.44701313972473145 0.0812000036239624023 48.5
45.1029244532860147 11.8569913693458204 -8.04944324493408203 -4.87200021743774414 45
45.8289072113281009 12.2564531275724846 1.83475136756896973 0 53.5
45.7501958180870645 12.404764515853854 2.63009095191955566 -0.0812000036239624023 48
45.8275906115073468 12.1496689280098948 2.46848654747009277 0.0812000036239624023 48
45.8892804999993942 12.4243614986430977 0.9011688232421875 0 63.5
45.8836973603493306 12.4243614986430977 1.15072989463806152 -0.0812000036239624023 58
45.9302282531179813 12.2758158087980114 0.84931182861328125 0.0812000036239624023 58
46.0104105503476362 12.2951775051966621 0.107146307826042175 0 62.5
45.9702417991967067 12.4439574846883918 0.159099474549293518 -0.0812000036239624023 56.5
47.202681849453505 6.28446633373072316 -0.743516385555267334 -4.87200021743774414 45
46.0103135868282038 12.2951775051966621 -0.142866507172584534 0.0812000036239624023 57
33.7448186103514089 33.4626469538113156 4.10225152969360352 0 51
33.4703215472006974 33.6772275185311543 4.56860494613647461 -0.0812000036239624023 46.5
34.1844498025307075 33.079455851711522 4.42986917495727539 0 49
34.8324989903335833 32.6563125550477267 4.13136959075927734 -0.0812000036239624023 47
46.5602105122618042 11.1323975331941991 3.49520063400268555 0 58
46.4984630329376429 11.2943451266188983 3.7856132984161377 -0.0812000036239624023 52.5
46.4943361544649463 11.3243354216975476 3.74646377563476562 0.0812000036239624023 51
46.6760285073525623 11.0957252015800041 3.07230210304260254 0 60.5
46.6501393347488644 11.0236360286406647 3.66735219955444336 -0.0812000036239624023 55
46.6509515555432586 11.1497920812845077 3.25217986106872559 0.0812000036239624023 54
46.8144575209880074 11.1130354011073749 1.82475447654724121 0 56.5
46.7688929924496222 11.2454050702055692 2.15274572372436523 -0.0812000036239624023 51
46.8623827832279432 11.0408337634174529 0.663087785243988037 0.0812000036239624023 49.5
46.6505756996396812 12.0824812827680947 1.84074068069458008 0 65.5
46.6090555491586187 12.233135662852483 1.89658915996551514 -0.0812000036239624023 60.5
46.6454847571867859 12.1487692100052254 1.50229620933532715 0.0812000036239624023 59.5
46.6855136548677194 12.3608008006128944 0.750762939453125 0 72
46.7116542232889032 12.2521609498262585 0.892338395118713379 -0.0812000036239624023 67
46.7157620220917664 12.2521609498262585 0.642107129096984863 0.0812000036239624023 66
46.7718304575220856 12.2711862368000357 1.39818227291107178 0 72.5
46.7718304575220856 12.2711862368000357 1.39818227291107178 -0.0812000036239624023 67
46.7786472855924416 12.2711862368000357 1.14761757850646973 0.0812000036239624023 66
46.7403670223769225 12.2902105561075192 3.41924405097961426 0 66.5
46.7213785500565493 12.2902105561075192 3.66961145401000977 -0.0812000036239624023 61
48.0411573341195535 6.19959389628280721 1.00739622116088867 -4.87200021743774414 47
46.7403670223769225 12.2902105561075192 3.41924405097961426 0.0812000036239624023 60
46.8344863832518854 12.6791192846714225 0.668252050876617432 0 59.5
46.8463947867438151 12.6124189919256633 1.00895571708679199 -0.0812000036239624023 54.5
46.767683378070835 12.9337931297006907 -0.420146197080612183 0.0812000036239624023 53
46.9289884538162383 12.6319128820268709 -0.255132466554641724 0 60
46.9289884538162383 12.6319128820268709 -0.255132466554641724 -0.0812000036239624023 54.5
46.9187290630296587 12.6319128820268709 -1.01382684707641602 0.0812000036239624023 54
47.0533873511369123 12.4567697448645696 0.252208739519119263 0 57
47.024717149631428 12.5662530727002952 -0.146016329526901245 -0.0812000036239624023 51.5
47.0204435825871272 12.5662530727002952 -0.65040963888168335 0.0812000036239624023 51.5
37.1186276591349227 31.5002413243103838 3.717926025390625 0 52.5
36.8195312738986971 31.8419057663327258 3.78098964691162109 -0.0812000036239624023 47
37.10951083753109 31.6283654900687665 2.53203654289245605 0.0812000036239624023 45.5
37.2253470210348567 31.6219555570044761 2.35279369354248047 0 55.5
37.2253470210348567 31.6219555570044761 2.35279369354248047 -0.0812000036239624023 50.5
37.3762820246224194 31.4814135323066786 1.77321910858154297 0.0812000036239624023 49
37.2399504841305031 31.7255350345732516 2.28635764122009277 0 49.5
37.2574554242186196 31.5970172421878281 3.47294425964355469 -0.0812000036239624023 45
47.4983153596880854 12.2343075281832423 2.73821711540222168 0 52.5
47.4660630053370767 12.2343075281832423 3.24969339370727539 -0.0812000036239624023 47.5
47.6464114957402458 11.7861868811399013 2.04241728782653809 0.0812000036239624023 45
39.6828148305810018 28.8526136822542192 3.66620588302612305 -0.0812000036239624023 51
39.6581778273034331 28.8526136822542192 3.92371726036071777 0.0812000036239624023 49.5
40.2049641694810589 28.3732192466293824 2.55872273445129395 0 57.5
40.135456560704732 28.4840521343115292 2.41445255279541016 -0.0812000036239624023 52.5
40.1879272731974879 28.3732192466293824 2.81366372108459473 0.0812000036239624023 51
40.8721663354905047 27.6270611077743347 1.27837908267974854 0 54.5
40.7253032158690758 27.855231032101937 0.979014277458190918 -0.0812000036239624023 49.5
40.8721663354905047 27.6270611077743347 1.27837908267974854 0.0812000036239624023 48
40.2030004212091967 28.7251656263643511 1.18937313556671143 0 49
40.533535585874553 28.3419556695490265 2.00406074523925781 0 50.5
40.6650363816516958 28.106906713756171 2.57040667533874512 -0.0812000036239624023 45.5
34.6316761940044699 35.0505768506172686 5.45754814147949219 0 50.5
41.8811627400207414 26.6596299583393481 -0.595744729042053223 0 55
41.91760444811014 26.603791775973729 -0.524665176868438721 -0.0812000036239624023 49.5
42.0204277956663077 26.4362772288768824 0.727746129035949707 0.0812000036239624023 49
41.9933643746751599 26.6004838783490563 -1.2440335750579834 0 56.5
42.0102097600518007 26.5632021910633505 -1.45414578914642334 -0.0812000036239624023 51
41.9388371933309116 26.6812608674680796 -1.34909558296203613 0.0812000036239624023 51
33.6783678891896727 36.6409451606563294 1.80246150493621826 0 54.5
33.7862756918987088 36.4791475087920176 2.79279327392578125 -0.0812000036239624023 49.5
33.9966432826247953 36.373356736419197 1.11693322658538818 0.0812000036239624023 47
34.2536002912870572 36.702032183789072 2.17133855819702148 0 51
43.8323854085815725 25.0275021839201202 -0.268411248922348022 0 50
20.1948568320473427 -46.3204071680075842 1.37492001056671143 0 50
32.0206163372649755 39.3896489518937969 2.97627854347229004 0 50.5
31.7940282195572976 39.3896489518937969 4.82889318466186523 -0.0812000036239624023 45
41.9126333149673371 -28.7442281565733104 3.2336432933807373 0 54.5
41.9126333149673371 -28.7442281565733104 3.2336432933807373 -0.0812000036239624023 49
41.9663264946977677 -28.7442281565733104 2.4398200511932373 0.0812000036239624023 48.5
41.944062511506587 -28.8247993921909682 3.29045605659484863 0 52.5
42.0119567148766464 -28.786561763105599 2.70732879638671875 -0.0812000036239624023 46.5
42.0119567148766464 -28.786561763105599 2.70732879638671875 0.0812000036239624023 46.5
44.6130267497837565 24.859096541535628 0.598914921283721924 0 50
44.2588634858771641 26.2181536403072251 -0.929492831230163574 0 52.5
44.3575924794676553 26.0574244002366804 -0.71905517578125 -0.0812000036239624023 47.5
44.0721122748342395 26.5010371028313791 -1.56419277191162109 0.0812000036239624023 46
44.0658568131252082 26.4881604113339861 -3.37690329551696777 0 51.5
44.1857931006378379 26.2563729113806552 -3.61172032356262207 0.0812000036239624023 45.5
44.3366715543695946 25.9979881509697996 -4.57433271408081055 0 49
46.5252935304727231 23.6585194002166546 0.715302467346191406 0 47.5
46.3111455955830209 24.2477540847673865 -0.00712507916614413261 -0.0812000036239624023 49.5
46.4561758790211954 23.8754151885303898 2.11284780502319336 0.0812000036239624023 48.5
46.1201302008943017 24.760082419150919 -0.628141701221466064 0 54
46.1017588112481533 24.760082419150919 -1.44528663158416748 -0.0812000036239624023 48.5
46.2236550010701919 24.5638334171497235 0.717357993125915527 0.0812000036239624023 47
45.2712720946455462 26.4136540251569549 -1.10076665878295898 0 45
47.1506282367797382 23.4418589340447276 2.68761897087097168 0 50.5
47.0731609062328573 23.8182937281225975 -2.15564346313476562 0 49
33.1837795913145825 40.8789775537294062 4.84892082214355469 0 47
33.7640875083101264 40.5333464097099778 4.5537571907043457 0 51
33.5504588786741778 40.4804135381334618 6.27737855911254883 -0.0812000036239624023 46
49.1071381841819274 20.1714733393683723 1.10046136379241943 0 56
49.0478381942124884 20.2643682823786193 1.8097461462020874 -0.0812000036239624023 51
49.2879581469949031 19.9009517784543739 1.49343013763427734 0 56.5
49.2285921378166194 19.9408201292626295 2.54761767387390137 -0.0812000036239624023 52
49.3421191403073323 19.7747020008948979 1.37746322154998779 0.0812000036239624023 49
48.6989576018658923 21.323100105995902 4.1584620475769043 0 51.5
48.4043828631855533 22.327325469619776 3.17277860641479492 0 51.5
48.7323295442670315 23.7960633826168788 -2.71983599662780762 0 45
51.9660064938233006 -16.27726122535611 2.74966740608215332 0 59
52.0288053793820637 -16.0728586147405039 2.76451992988586426 -0.0812000036239624023 53.5
52.0766409225761109 -16.0728586147405039 1.63167405128479004 0.0812000036239624023 53.5
52.0374872829087138 -16.2996510827848553 2.75344967842102051 0 66.5
52.1003725502042414 -16.0949673102927875 2.76832270622253418 -0.0812000036239624023 61
52.0518491226072797 -16.2996510827848553 2.4671485424041748 0.0812000036239624023 60.5
52.1089680719941342 -16.3220409402136006 2.7572319507598877 0 61
52.1719397210264191 -16.1170760058450711 2.7721254825592041 -0.0812000036239624023 55.5
52.1881678038069623 -16.1785654861556303 2.00126147270202637 0.0812000036239624023 55.5
53.0560724086604765 17.4902007044500998 1.07799100875854492 0 47.5
55.1666181584282924 9.07495095093927162 2.16609406471252441 -0.0812000036239624023 49.5
55.2374429361349968 9.26213738057980862 1.35582840442657471 0 61.5
55.2294457405290657 9.26213738057980862 1.64983224868774414 -0.0812000036239624023 56.5
55.2359375192468605 9.34614769695694747 0.664599478244781494 0.0812000036239624023 54.5
55.3259522550272536 9.27453661933168227 0.481909781694412231 0 54.5
55.3226022376673825 9.27453661933168227 0.776394546031951904 -0.0812000036239624023 49
55.352067084912882 9.09928082531558857 -0.74962460994720459 0.0812000036239624023 48.5
55.2889301331084653 9.11144576250374705 -3.96823692321777344 0 55.5
55.2889301331084653 9.11144576250374705 -3.96823692321777344 -0.0812000036239624023 50
55.2634495205344649 9.20972021602844038 -4.09429550170898438 0.0812000036239624023 50
55.5896278396012988 9.32413294368770096 1.95295774936676025 0 48
50.9198520609923619 -22.8388105467050373 9.13565254211425781 0 46
52.3684105503360158 22.8526054600840176 -1.19608128070831299 0 50
52.6521194464715094 22.3605868376155037 1.5681765079498291 0 50
52.7319685161749589 -23.3024598862637404 8.5035552978515625 0 48.5
52.93857710764253 -23.3324504864194466 7.60437202453613281 0 46.5
55.7475136274015242 -18.5747901239550295 2.15224814414978027 0 58
55.7349306310746897 -18.5747901239550295 2.45668196678161621 -0.0812000036239624023 52.5
55.7678082835868523 -18.5747901239550295 1.5392073392868042 0.0812000036239624023 51.5
55.7599758026834422 -18.8339065296992771 1.54117071628570557 0 63.5
55.7507118674335871 -18.8339065296992771 1.84610080718994141 -0.0812000036239624023 58
55.7735613591114543 -18.8339065296992771 0.927180230617523193 0.0812000036239624023 57.5
55.6345752151653912 -19.4840389270581262 0.518450319766998291 0 56.5
55.6947887806579374 -19.2630479373372374 1.45876228809356689 -0.0812000036239624023 51
55.6699839036616666 -19.3293452342535055 -1.52705883979797363 0.0812000036239624023 50.5
53.3968267672835921 -24.3216622763263963 8.23400402069091797 0 48.5
54.1823270879678205 -24.1448776034128834 0.869557619094848633 0 46.5
54.6058760713032569 -23.2772680261945943 2.1742098331451416 0 46.5
53.355514388596184 -25.337770694040735 7.57555675506591797 0 54
53.0023132543563236 -25.7172791537752623 8.69362258911132812 -0.0812000036239624023 48.5
53.5497910332647464 -25.3973014328226228 5.79651641845703125 0.0812000036239624023 48.5
55.9734401781730568 -20.6868184673248159 1.76619219779968262 0 49.5
55.736616696461688 -21.4087700434735808 5.10883951187133789 0 51.5
55.7070046065597779 -21.4087700434735808 5.42220592498779297 -0.0812000036239624023 45.5
55.736616696461688 -21.4087700434735808 5.10883951187133789 0.0812000036239624023 45
55.9067344115527192 -21.4355647703001964 3.86704206466674805 0 53.5
55.9464429314375948 -21.4355647703001964 3.24228096008300781 -0.0812000036239624023 48
55.9946283293920928 -21.2481254141415725 3.62208080291748047 0.0812000036239624023 47.5
55.8302059006491191 -22.1004485300282987 1.88782262802124023 0 51
55.8188191392634678 -22.1004485300282987 2.19891667366027832 -0.0812000036239624023 45
55.9768323901837306 -21.7776498592432404 1.15492546558380127 0.0812000036239624023 45
55.1683076852700154 -23.4133302421753982 5.128021240234375 0 52
55.0374327668092036 -23.4133302421753982 6.3811802864074707 -0.0812000036239624023 46.5
55.2376618935390056 -23.2855528379644916 4.96048164367675781 0.0812000036239624023 46.5
54.6091705184383258 -24.4058125315498948 7.01752138137817383 0 50
56.1674121443662528 22.2384038873900813 -2.20852184295654297 0 49
54.758283692689858 -25.749668971435721 5.38960695266723633 0 48.5
56.5601104511611723 22.0951346210915993 3.52699708938598633 0 47.5
56.7551420333542467 22.0767189815192673 -0.531445682048797607 0 49
56.4309112736683218 -23.0160343646959653 3.59406161308288574 0 47.5
57.2509659801703137 21.2065877689066369 4.24828338623046875 0 51
57.3680260590447304 20.9465719073333148 3.9485471248626709 -0.0812000036239624023 45.5
57.4767853671319457 20.9109868074305645 3.71156144142150879 0 48
56.3814740707997686 -26.121303662113931 4.81794977188110352 0 45.5
59.0217408913594284 20.4394180097126856 3.34175467491149902 0 46.5
59.2089082293472089 20.6631078784015507 4.17899608612060547 0 46
60.6495849361952608 10.2306082278605555 -13.9792041778564453 0 51.5
60.3160048243040094 10.4276538408779 -15.2216682434082031 -0.0812000036239624023 46
60.5917253742073498 10.3532499172141073 -14.4698171615600586 0 55
60.3046019097618426 10.4400530796297755 -15.5654439926147461 -0.0812000036239624023 49.5
60.78777221858833 10.1007316265503473 -13.8110380172729492 0.0812000036239624023 48.5
59.7278792932322915 -20.6627608594453136 6.40753507614135742 0 47
54.3024684629009684 -33.2037286717818816 1.80568504333496094 0 46.5
54.0628084852526456 -33.649113091751822 3.00216937065124512 0 47.5
60.2226011021962648 21.0315100364520404 -2.13178348541259766 0 47.5
54.6943449098666861 -32.7829929183664177 6.01720809936523438 0 47
54.9503123838140297 -31.7957108423827854 9.02836799621582031 0 46
54.9929596828895271 -35.647666001903545 -1.34953951835632324 0 49
48.8667129722094842 -39.7192245453295882 -18.7328090667724609 0 46
54.9137191712183537 -40.3465455812631362 -2.11448001861572266 0 48
56.5428520914452761 -38.291609610633742 -3.90106654167175293 0 48.5
55.0577543894439501 -41.5676736150718042 1.33121025562286377 0 47
54.6781601138034645 -42.2542648654203603 -2.56877303123474121 0 48
54.3280027040179405 -42.8623678047263112 -1.84040415287017822 0 50.5
70.182704946706707 -2.52908163889627025 2.56268835067749023 0 52.5
70.1317051465246237 -2.73105690866923645 3.5582890510559082 -0.0812000036239624023 46.5
70.1720152038895861 -2.81009070988474452 2.56268835067749023 0.0812000036239624023 46.5
70.2536384669153904 -2.7339717683702518 2.4647676944732666 0 56
70.2675364962959748 -2.40870824608826029 2.40724658966064453 -0.0812000036239624023 49.5
70.2656149194634168 -2.7339717683702518 2.09565138816833496 0.0812000036239624023 49.5
70.4900104383538064 -1.12763509495717096 0.370093375444412231 -0.0812000036239624023 53
70.5040703388679475 -2.0989271690231015 2.36685824394226074 0 69.5
70.5003909257541181 -1.97546086496291884 2.57362842559814453 -0.0812000036239624023 64
70.5371381545474065 -1.87845162605849003 1.34716224670410156 0.0812000036239624023 63
70.6009044056144432 -1.77450705419449317 1.94570231437683105 0 74
70.5753085853554865 -1.97756010019684814 2.57636332511901855 -0.0812000036239624023 68.5
70.598226781397841 -1.97756010019684814 1.8445889949798584 0.0812000036239624023 68
70.6818978733654433 -1.97965954898471774 1.47537064552307129 0 67.5
70.6731763931073402 -1.97965954898471774 1.84654724597930908 -0.0812000036239624023 62
70.7011167653587478 -1.77639093458003683 0.472538411617279053 0.0812000036239624023 61
72.8469743364733375 -28.5465639392827768 5.72846460342407227 0 45
58.5857986036586809 52.9266123829699424 3.92186737060546875 0 47
76.5679024936858212 -19.8618699153474658 5.23337411880493164 0 48.5
76.6112089153589153 -19.8806618565067446 5.64850282669067383 0 45.5
83.0591309231238029 22.0344711621789138 5.37346220016479492 0 54
82.9365889072582121 22.378759774087964 5.82449722290039062 -0.0812000036239624023 49
82.9963010538134114 22.0344711621789138 6.2695164680480957 0.0812000036239624023 47.5
83.0957582275077016 22.2474952027764061 5.12597179412841797 0 55.5
83.00883037792876 22.3982526726887343 5.82957077026367188 -0.0812000036239624023 50.5
83.131479133359619 22.0536641700319826 5.37814235687255859 0.0812000036239624023 49.5
83.0969098350822577 21.8788574565950462 7.43517160415649414 0 49
