
X Y Z V_r Mag
6.5154602590686812 2.87906844195412059 1.04868960380554199 -0.0812000036239624023 46.5
6.6110127811290651 2.90905866076350428 0.870351552963256836 0 57
6.61589558468720451 2.90905866076350428 0.832423031330108643 0.0812000036239624023 51
6.78645643645814101 2.8214871074362069 0.0756650939583778381 0 73.5
6.79237039805844489 2.80495495641607295 0.135790631175041199 -0.0812000036239624023 67.5
6.78677432611163223 2.8214871074362069 0.03758273646235466 0.0812000036239624023 67.5
6.84595916936071003 2.8669785634941527 0.209544733166694641 0 79
6.84467361605673652 2.8669785634941527 0.247998535633087158 -0.0812000036239624023 73
6.84704051773463629 2.8669785634941527 0.170579120516777039 0.0812000036239624023 73
6.90206320115948735 2.91936797217056254 0.29802548885345459 0 72
6.90025228483453024 2.91936797217056254 0.33736225962638855 -0.0812000036239624023 66
6.90746965964047188 2.90905880758183866 0.272477179765701294 0.0812000036239624023 66.5
6.97507414078306009 2.92489735768854597 -0.41707223653793335 0 53.5
6.96302964617319642 2.93246990748191427 -0.545405030250549316 0.0812000036239624023 47.5
6.37732055476521964 -7.16528158491331801 0.385395973920822144 0 51.5
6.57581614429555739 -7.09673487190791707 0.025065302848815918 0 68
6.57466892357249932 -7.09673487190791707 0.125322535634040833 -0.0812000036239624023 62
6.57581359890900519 -7.09673487190791707 -0.0257247090339660645 0.0812000036239624023 62.5
6.64218799475065236 -7.1346911992103994 -0.200067728757858276 0 70.5
6.643516498541576 -7.1346911992103994 -0.149556949734687805 -0.0812000036239624023 64.5
6.64044880987798525 -7.1346911992103994 -0.251237750053405762 0.0812000036239624023 65
6.67624527695835468 -7.17606899169403434 -0.680012047290802002 0 59
6.66351796197382118 -7.18957399749534076 -0.661968111991882324 -0.0812000036239624023 52.5
6.69011899752543382 -7.16133625809260987 -0.698720753192901611 0.0812000036239624023 53
6.53037284068775126 -7.20486890612461917 1.85852301120758057 0 49
10.4389789124680785 1.58234428516914538 -1.39514279365539551 0 45.5
10.3189822014208925 2.74471190322253866 -1.00538063049316406 0 50
10.3442571021436951 2.87861852396227613 -1.16185390949249268 0 54.5
10.3621182070465139 2.85027769461243619 -1.06884336471557617 -0.0812000036239624023 48.5
10.3503562135706773 2.87861852396227613 -1.10620379447937012 0.0812000036239624023 49
10.38388047413385 2.95704309475470906 -1.3025130033493042 0 51.5
10.3848395760962848 3.01547731032201272 -1.15223085880279541 -0.0812000036239624023 45.5
10.4461963678317566 2.80229336739820134 -1.71074497699737549 0 45.5
10.3798081184565891 3.7991332232577486 -1.0179290771484375 0 49
10.4980760028028186 -6.76131233437175005 -0.975038230419158936 0 46
10.2028633790010872 -8.29516614672635377 -1.15404129028320312 0 49
12.9367759808480614 2.94277908750324757 0.453341215848922729 0 64.5
12.934184013448121 2.94277908750324757 0.522078216075897217 -0.0812000036239624023 58.5
12.9367759808480614 2.94277908750324757 0.453341215848922729 0.0812000036239624023 59
13.0093326935147093 2.9894326988612252 0.20750899612903595 0 72
13.0139971103916423 2.9594049150556998 0.316706866025924683 -0.0812000036239624023 66
13.0166403209120833 2.9594049150556998 0.177476808428764343 0.0812000036239624023 66.5
13.0767279394596319 3.03642370018080854 0.0997648760676383972 0 66
13.0760000667682963 3.03642370018080854 0.170237377285957336 -0.0812000036239624023 60
13.0770737880179357 3.03642370018080854 0.0302034486085176468 0.0812000036239624023 60.5
13.2041919951221463 2.80709181766155558 0.139897182583808899 0 58.5
13.2066702923029009 2.76840429429931145 1.48338770866394043 -0.0812000036239624023 49
11.0529445682310214 -8.43353385243617915 -1.14474749565124512 0 45.5
9.99072218966199266 -10.0521378677528546 -0.265747040510177612 0 47.5
5.67317928562761331 13.398033294478914 -0.10117986798286438 0 52
5.70820463943331546 13.381669839512119 0.223185449838638306 -0.0812000036239624023 46
5.76626556475815999 13.3580337378934164 -0.124986812472343445 0.0812000036239624023 45.5
5.69766099274248283 13.4670960233999768 -0.254243552684783936 0 53.5
5.7420109598052278 13.4506482198702422 -0.00398787716403603554 -0.0812000036239624023 47.5
5.68288398260987382 13.4670960233999768 -0.48250308632850647 0.0812000036239624023 47.5
9.86508251588410801 -10.8946875222683239 -0.275589525699615479 0 49
9.62494633138786959 -11.2823492984106455 -0.769100785255432129 0 51.5
12.627241298146318 -8.93950748652666682 -1.28981626033782959 0 45
12.9230902524035596 -8.77516044678942464 -1.30227816104888916 0 45
12.9298401192642025 -8.9017761560568136 -1.28068459033966064 0 46.5
12.937265771975806 -9.49852693458051611 0.087538503110408783 0 46
13.5631763829610978 -8.71677298428121006 0.271527290344238281 0 47
13.4668120165631251 -9.00428661847043443 0.0883566141128540039 0 68.5
13.4729251757280934 -8.99416489340470804 0.159039944410324097 -0.0812000036239624023 62
13.4671024059250808 -9.00428661847043443 0.0033132149837911129 0.0812000036239624023 63
13.5362405612933259 -9.03580496730839755 -0.00998656637966632843 0 71
13.5291589997753139 -9.04597355268686698 0.0887656807899475098 -0.0812000036239624023 65
13.5271271913228759 -9.04597355268686698 -0.250754714012145996 0.0812000036239624023 65.5
13.5383627301669698 -9.15303827155736194 -0.50710296630859375 0 61
13.5436737480291534 -9.15303827155736194 -0.336612820625305176 -0.0812000036239624023 54.5
13.5309036664597464 -9.15303827155736194 -0.677537977695465088 0.0812000036239624023 55
13.9225890907236742 -8.97660181645758826 0.559260845184326172 0 57
13.9225890907236742 -8.97660181645758826 0.559260845184326172 -0.0812000036239624023 50.5
13.9225890907236742 -8.97660181645758826 0.559260845184326172 0.0812000036239624023 51.5
13.962869456074392 -9.05467071995505002 0.523216784000396729 0 65
13.9593235196910346 -9.05467071995505002 0.610572218894958496 -0.0812000036239624023 59
13.9658347581059203 -9.05467071995505002 0.436981916427612305 0.0812000036239624023 59.5
13.9868448353800918 -9.12471618120827621 0.912893891334533691 0 56
13.9609681656322646 -9.1330759761521243 1.18487560749053955 -0.0812000036239624023 50
13.9647071517291064 -9.16233525845558638 0.874180316925048828 0.0812000036239624023 50
14.1408124182095705 -9.06906584956424844 -0.171802759170532227 0 51.5
14.1376255437421676 -9.06906584956424844 -0.345877408981323242 0.0812000036239624023 46
13.2004262482117412 -10.4591154086785476 1.05890107154846191 0 47
11.1098117757983168 -12.4710342156901532 3.3009185791015625 0 46.5
13.47745190164569 -10.7605178742189622 0.363372355699539185 0 68.5
13.4193331969036826 -10.8294955528998518 0.453904837369918823 -0.0812000036239624023 62.5
13.5406389589820595 -10.807303210461864 0.094492495059967041 0 72
13.5409679481066405 -10.807303210461864 0.00472465157508850098 0.0812000036239624023 66.5
13.5969691360351881 -10.8540885467047641 -0.266901642084121704 0 63.5
13.5984395947732928 -10.8540885467047641 -0.176752164959907532 -0.0812000036239624023 57.5
13.5948700062729078 -10.8540885467047641 -0.358230173587799072 0.0812000036239624023 58
17.0755383317689109 3.83562778313365049 1.31014919281005859 0 49
13.8921865805589135 -10.8336660783092285 0.528633713722229004 0 64
13.8839780536350883 -10.8336660783092285 0.712366163730621338 -0.0812000036239624023 58
13.8790655759913424 -10.8534877889627719 0.462570905685424805 0.0812000036239624023 58.5
13.961224840230436 -10.8797672539860777 0.0699900016188621521 0 72
13.9590779413824784 -10.8797672539860777 0.254611015319824219 -0.0812000036239624023 66
13.9613826677406649 -10.8797672539860777 -0.0217211544513702393 0.0812000036239624023 66.5
14.0022806721646251 -10.945858837442346 -0.273865729570388794 0 69.5
14.0190278211738253 -10.9258684296629252 -0.207220450043678284 -0.0812000036239624023 63
14.0001763665160226 -10.945858837442346 -0.365950673818588257 0.0812000036239624023 64
13.8688975812571407 -11.2173265397938788 0.669171035289764404 0 57.5
13.8525776454618761 -11.2173265397938788 0.948780477046966553 -0.0812000036239624023 51.5
13.8860929092058019 -11.206173898573164 0.469692826271057129 0.0812000036239624023 52.5
13.5260691786067859 -11.4996481745536769 2.47168326377868652 0 51.5
16.644954645295396 -6.8512829107171731 -0.0736304372549057007 0 45
15.2323843831997117 -9.49534018925232459 -2.12571191787719727 0 48.5
13.8717670361689258 12.050100562600834 -0.0989657938480377197 0 47
17.1761870935274672 7.09420473558903097 1.84567451477050781 0 45.5
16.4509208786545322 -9.03307724378129606 -1.46675634384155273 0 46.5
16.0284648689757816 -9.88858833102464096 -1.58561992645263672 0 45.5
17.5283411392282211 -7.64752524505528175 -0.195579022169113159 0 46.5
17.5633090152824032 -7.75429100366309854 0.202889993786811829 0 53
17.5515291617628257 -7.7662871221712404 0.518300950527191162 -0.0812000036239624023 46.5
17.6878586610298392 -7.61838840209214219 0.790872573852539062 0 48.5
15.8407515691153229 -12.1256765699161537 -0.202655479311943054 0 49.5
15.9518045722615902 -12.4471908133765599 0.818463265895843506 0 48
12.0070434807254021 16.3944297193209501 -0.399053424596786499 1.86760008335113525 47
12.0577344909598487 16.4549263830725359 -0.0806658044457435608 1.86760008335113525 49
12.2549495734411842 16.3747014180189545 0.954466342926025391 1.86760008335113525 53
12.3887030150600559 16.2646838928666426 1.09806370735168457 1.78640007972717285 48.5
12.3006923052720971 16.3884600734663159 1.55366611480712891 1.86760008335113525 46.5
12.5038928469207278 16.3838387809736759 0.783036887645721436 1.86760008335113525 49.5
12.5539754490547679 16.352911289173818 0.608773708343505859 1.78640007972717285 48
12.4994553487098958 16.4718702761000628 0.964954972267150879 1.86760008335113525 52.5
12.5556145087413178 16.4434169825954939 0.678695976734161377 1.78640007972717285 49.5
12.4555119559312804 16.6146246938793141 0.644347131252288818 1.86760008335113525 49.5
12.8918488010591936 16.2823322000017292 0.535330355167388916 1.78640007972717285 48
12.8203277050807642 16.4375123379364858 0.412204623222351074 1.86760008335113525 54
12.9424228323233788 16.3411122814293286 0.429259240627288818 1.78640007972717285 54.5
13.3525723095943274 16.2067554605014692 -0.22334212064743042 1.78640007972717285 47
13.4493345934481674 16.3225191771024924 -0.115353807806968689 1.86760008335113525 48
13.4143001927088878 16.3515910214917639 0.0677708759903907776 1.78640007972717285 48
13.599375505757882 16.2955270268082408 -0.115762852132320404 1.86760008335113525 47
13.461867903839968 16.409574497861751 0.0680111944675445557 1.78640007972717285 48
16.2740457563764132 13.742041285665767 -0.042112838476896286 0 47.5
16.2349222103111615 13.9026104615761437 -0.187987029552459717 0 57
16.2349222103111615 13.9026104615761437 -0.187987029552459717 -0.0812000036239624023 51
16.2358263151871824 13.9026104615761437 -0.0772361829876899719 0.0812000036239624023 51.5
16.3406511406813131 13.8951040100641023 0.108217619359493256 0 57
16.2929445116170335 13.9513920471419084 0.0336343459784984589 -0.0812000036239624023 50.5
16.2929445116170335 13.9513920471419084 0.0336343459784984589 0.0812000036239624023 51
16.3295748959177693 14.0163121613909087 0.46222996711730957 0 45
12.9438893041005549 -19.2232365205815086 -0.0600394047796726227 3.32920026779174805 48.5
12.7863357600394387 -19.327490288996831 0.195917308330535889 3.24800014495849609 46.5
12.6386223091099659 -19.4975343076782615 0.820919573307037354 3.4104001522064209 53.5
12.6562436526997271 -19.4626705896493313 1.25954997539520264 3.32920026779174805 59
1.76072978049452789 22.2604839614708432 -6.47558259963989258 3.24800014495849609 47
11.999589911776571 -19.8171183896101049 1.96319985389709473 3.16680002212524414 57
12.6951305559104632 -19.4626705896493313 0.774976670742034912 3.00440025329589844 47
12.3698753530907961 -19.7732019980176723 0.249660417437553406 3.5728001594543457 49.5
12.3667972706429161 -19.7732019980176723 0.372096747159957886 3.49160003662109375 63
11.63927666624034 -20.1870868275752322 1.03172147274017334 3.4104001522064209 63
12.9211684481996496 -19.4001227150362041 0.856940507888793945 3.32920026779174805 74
12.6505065120718125 -19.5604302194423063 1.18738663196563721 3.24800014495849609 81
12.485250052368789 -19.665358767780841 1.20326781272888184 3.16680002212524414 79.5
12.6065149581723634 -19.58666235652694 1.22232496738433838 3.08560013771057129 71
12.661257948516484 -19.5604302194423063 1.06667113304138184 3.00440025329589844 57.5
12.4028880709709419 -19.8367820703477662 -0.480162590742111206 3.5728001594543457 49
12.4096502752173503 -19.8367820703477662 0.250463187694549561 3.49160003662109375 69
12.2267857394271413 -19.9449720668988988 0.513657629489898682 3.4104001522064209 80
12.5843215969162294 -19.7110477500315895 0.818242788314819336 3.32920026779174805 85
12.5757381575828049 -19.7110477500315895 0.940997004508972168 3.24800014495849609 90.5
12.3630212423747512 -19.8367820703477662 1.10356664657592773 3.16680002212524414 87
12.5465023901425603 -19.7285920737966372 0.9633139967918396 3.08560013771057129 74
13.2183469830511076 -19.3016801955138 0.529606819152832031 3.00440025329589844 66.5
13.5149670565936066 -19.0882242563723814 0.738521337509155273 2.92320013046264648 63
13.6110046609678204 -18.994654529625457 1.22625529766082764 2.84200000762939453 60.5
13.5764937469188016 -18.9624899360562011 1.9138641357421875 2.76080012321472168 55
13.8636420991976159 -18.7665783206798302 1.78186321258544922 2.67960023880004883 49.5
12.5909666439745997 -19.8064909006479049 0.496102750301361084 3.49160003662109375 67.5
12.4519568004817884 -19.9003605257694574 0.0080025065690279007 3.32920026779174805 88.5
12.6187595312501344 -19.7918237717226617 0.355286300182342529 3.24800014495849609 91
12.4220575552348294 -19.9003605257694574 0.862451314926147461 3.16680002212524414 86
12.1855721439710933 -20.0088972798162565 1.49381399154663086 3.08560013771057129 68.5
13.8134627467034008 -18.9616642745539181 -0.848056614398956299 3.00440025329589844 68
13.5785095596372116 -19.1494035247970267 0.0080025065690279007 2.92320013046264648 68.5
13.857613537002841 -18.9352634424884805 0.705695152282714844 2.84200000762939453 68.5
13.982788538972736 -18.8267266884416848 1.05434465408325195 2.76080012321472168 68
13.9503630224156243 -18.8267266884416848 1.4203345775604248 2.67960023880004883 63
13.8652797476329734 -18.900062333067897 1.27173912525177002 2.59840011596679688 48
12.6433821551772905 -19.8550570777384578 0.723997771739959717 3.49160003662109375 61
12.4322123665300079 -19.9639405980995548 -1.21808147430419922 3.4104001522064209 76.5
12.3743648244671114 -19.9639405980995548 -1.70842564105987549 3.32920026779174805 85
12.390562947159431 -19.9639405980995548 -1.58670210838317871 3.24800014495849609 84
12.6914263258492621 -19.8374002906528766 0.0883048698306083679 3.16680002212524414 77
13.1880552941730986 -19.5107497295695822 -0.0915157347917556763 3.08560013771057129 70.5
13.8079033967124403 -19.0605016588872083 -0.801021873950958252 3.00440025329589844 71
13.6198216472224747 -19.2105843491146651 -0.237619161605834961 2.92320013046264648 68
13.9669085506399941 -18.9604465320689037 0.171794995665550232 2.84200000762939453 67.5
14.0274624384999882 -18.8868765858789729 1.05771327018737793 2.76080012321472168 70.5
14.0944319658508732 -18.833906224622222 1.1106407642364502 2.67960023880004883 66
14.1500019217726258 -18.7809358633654711 1.28702354431152344 2.59840011596679688 48.5
12.2893227037368682 -20.027519053521246 -2.45186209678649902 3.32920026779174805 80
12.4653475799166849 -19.9330496240235036 -2.33007955551147461 3.24800014495849609 80.5
12.7616602019412806 -19.7765846314178688 -2.04140448570251465 3.16680002212524414 74
13.4971175266831747 -19.3809938953960774 -0.587835788726806641 3.00440025329589844 72
13.4842700499033583 -19.3987069134269028 -0.0724788978695869446 2.92320013046264648 67
13.1460115100285488 -19.3662330470370563 3.20500469207763672 2.84200000762939453 54
14.0919049374226297 -18.8938858995483443 1.60621833801269531 2.76080012321472168 62
14.1484229772642074 -18.8938858995483443 0.991888284683227539 2.67960023880004883 62.5
14.1743580167358996 -18.8938858995483443 0.499272704124450684 2.59840011596679688 47.5
14.7381062311599695 18.4800204223632605 1.72253167629241943 0 63.5
14.5873328999171772 18.5747897578625611 1.96899557113647461 -0.0812000036239624023 57.5
12.396403835338516 -20.0910991258513434 -2.08973360061645508 3.4104001522064209 66.5
12.6837789927839424 -19.9815220816802785 -1.24520337581634521 3.32920026779174805 75.5
12.4694835257212926 -20.0910991258513434 -1.59680843353271484 3.24800014495849609 72
12.89893664271702 -19.8393680784313311 -1.30651283264160156 3.16680002212524414 74.5
13.4928849727639442 -19.4839830703089589 0.0807899534702301025 3.08560013771057129 67
13.5096710496086079 -19.460290736434132 -0.689846277236938477 3.00440025329589844 64
13.7063105206828144 -19.3329444418569523 0.253674238920211792 2.92320013046264648 63
14.1694145650350141 -18.9953286841406985 -0.308606803417205811 2.84200000762939453 51
14.0168156229064849 -19.08121339443694 -1.06122064590454102 2.76080012321472168 60.5
14.156679762509313 -19.007174851078112 0.0759418308734893799 2.67960023880004883 55.5
14.7685062054459415 18.4652127136914963 1.6177666187286377 0.0812000036239624023 57.5
14.7987656842492541 18.5385020926668886 1.60347986221313477 0 73
14.7698718687872539 18.5385020926668886 1.850821852684021 -0.0812000036239624023 67
12.7353979957940044 -20.0447553876960747 -1.12610924243927002 3.4104001522064209 61.5
12.9112038703085563 -19.9378024910076128 -1.01761889457702637 3.32920026779174805 68
12.8797956688565822 -19.9021515254447898 -1.80718791484832764 3.24800014495849609 63
12.9265293023745382 -19.9021515254447898 -1.4352487325668335 3.16680002212524414 64.5
13.5454796228723797 -19.5218745594413647 -0.816776096820831299 3.08560013771057129 59.5
14.3855605745448489 -18.8860990069043915 -1.27342140674591064 2.92320013046264648 63
14.3634800391993398 -18.9366045414517217 -0.588329613208770752 2.84200000762939453 57
13.8177507889421776 -19.2663759729078166 -1.76839590072631836 2.76080012321472168 56.5
14.0700585016100455 -19.1415975934379432 -0.939880430698394775 2.67960023880004883 52
14.8582943197201871 18.59698227571986 1.48522138595581055 0 70.5
14.8749683481412891 18.5820808476143142 1.50469553470611572 -0.0812000036239624023 64
14.9080179018218217 18.5820808476143142 1.13128399848937988 -0.243600010871887207 47
13.084311284679389 -19.8904262352811436 -1.41218471527099609 3.4104001522064209 51
13.0522874289281923 -19.8367810941011804 -2.2276458740234375 3.32920026779174805 57.5
13.0990348265222067 -19.7831359529212243 -2.42183804512023926 3.24800014495849609 55.5
13.4183011261592977 -19.6728653849401915 -1.32290077209472656 3.16680002212524414 47.5
12.0076936163772547 -19.8367810941011804 -5.58031988143920898 3.08560013771057129 48.5
14.0584884103491401 -19.2645662548482655 -0.240646153688430786 2.92320013046264648 55.5
14.3183376307684043 -19.0201828339173318 -1.42841577529907227 2.84200000762939453 54.5
14.3409462980239528 -19.0201828339173318 -1.18000853061676025 2.76080012321472168 53.5
13.9364618640470894 -19.3271522528915547 -1.02894997596740723 2.67960023880004883 47
14.8870801576707148 18.5820808476143142 1.37972140312194824 0.0812000036239624023 64.5
17.2253684953100112 -16.5836311712487614 -0.821929216384887695 0 51.5
12.5679449814728823 -20.1712203916378918 -2.75213837623596191 3.32920026779174805 51
12.8041948164119628 -20.1712203916378918 -1.25702488422393799 3.24800014495849609 53.5
12.8920609871597627 -20.1532824455359503 0.213676989078521729 3.16680002212524414 52
16.4625736079400937 -16.8377520743596563 -4.22840499877929688 3.08560013771057129 47
16.3599939158939911 -16.8915659126654951 -4.40809154510498047 3.00440025329589844 50.5
14.7402141541130156 18.6989489815371321 3.0125420093536377 0 58.5
14.6293016586592799 18.6989489815371321 3.51181888580322266 -0.0812000036239624023 52.5
12.8379230879457982 -20.1534782928515668 -2.24165630340576172 3.24800014495849609 48.5
12.729892779132264 -20.345416181354917 -0.117808923125267029 3.16680002212524414 49.5
13.8455674986333985 -19.5776646273415231 1.00763249397277832 3.00440025329589844 45.5
14.1483575259495993 -19.3857267388381764 0.132535159587860107 2.92320013046264648 49
14.786277791923407 18.7573837915280137 3.02195620536804199 0 59
14.7777993503201213 18.739333382105535 3.1717078685760498 -0.0812000036239624023 53
12.4423031439538612 -20.4089962536850109 -2.87534809112548828 3.16680002212524414 46.5
14.8353514631700598 18.7573837915280137 2.77102446556091309 0.0812000036239624023 53
14.5149945422825244 19.0982606892813642 3.37964701652526855 0 55.5
14.2737208513720084 19.1799936166249338 3.90377068519592285 -0.0812000036239624023 49.5
14.5713769872578531 19.0710163801668386 3.28967475891113281 0.0812000036239624023 49.5
14.2824338215507325 19.2393750049332333 4.0433344841003418 0 58
14.2865190140004508 19.1573890319008484 4.40225887298583984 -0.0812000036239624023 52
13.6613252705096464 -20.080490357895119 -0.795073211193084717 3.08560013771057129 47
14.3623844089123587 -19.6007205897796766 -0.154071390628814697 2.76080012321472168 47.5
14.4327355110843083 19.1573890319008484 3.89623451232910156 0.0812000036239624023 52
13.5611198091722933 19.1891043682799314 6.4819025993347168 0 55
13.7679461161159544 -20.2044436810116537 -0.163358211517333984 3.16680002212524414 48.5
13.9538704905576676 -20.0761227019397488 -0.203360885381698608 3.08560013771057129 57.5
13.8224929870621196 -20.167780544133965 0.0433400124311447144 3.00440025329589844 59
14.4897529935826377 -19.6086677067492481 -1.83023738861083984 2.84200000762939453 46
13.4192185074136674 -20.4962686408226169 -1.14159059524536133 3.24800014495849609 53
13.5869116964117929 -20.3982003698138961 -0.885988891124725342 3.16680002212524414 59
13.8571123774270664 -20.2296455290176596 -0.466469705104827881 3.08560013771057129 65.5
13.8633344249104553 -20.2296455290176596 -0.212345927953720093 3.00440025329589844 65.5
13.9000744179978248 -20.2020638277964544 -0.374521166086196899 2.92320013046264648 57.5
14.3157887325290236 -19.8925358474251794 -0.906037330627441406 2.84200000762939453 45.5
13.4306461311042415 -20.5159113270151998 -1.96854615211486816 3.32920026779174805 48.5
13.3603450813236666 -20.5927614593459438 -1.61226236820220947 3.24800014495849609 55.5
13.5853220199955089 -20.4605792317370643 -1.40134036540985107 3.16680002212524414 58
14.0155113566299825 -20.1992887818125375 -0.845118463039398193 3.08560013771057129 63
13.8884807012552631 -20.2915089406094289 -0.724423527717590332 3.00440025329589844 62.5
13.894541106973449 -20.2915089406094289 -0.597006380558013916 2.92320013046264648 52.5
13.3673586738936674 -20.6555449063594061 -1.87559878826141357 3.24800014495849609 49
12.9063826572467395 -20.917631981600568 -2.17570376396179199 3.16680002212524414 47
14.8152420291834286 -20.1681182270172172 -1.12166988849639893 2.92320013046264648 48
14.9468204777112881 -20.0898622972212451 -0.701825797557830811 2.84200000762939453 52.5
14.796304065080113 -20.2056810733192798 -0.549876272678375244 2.76080012321472168 49
14.9349432076689741 -20.1939667242199583 -0.64570772647857666 2.92320013046264648 49
14.8841711764143749 -20.2285024260182205 -0.731324374675750732 2.84200000762939453 56
14.9286586231810272 -20.1939667242199583 -0.777551412582397461 2.76080012321472168 52.5
18.7885397413003226 -16.7935160921452038 0.0927765220403671265 0 52
14.9451421114760237 -20.2888850893852535 -0.209598943591117859 2.92320013046264648 49.5
14.9286008568086466 -20.2888850893852535 -0.733507394790649414 2.84200000762939453 54
14.9658541477513456 -20.2542462975207123 -0.910373866558074951 2.76080012321472168 49.5
18.7824778483098562 -16.7935160921452038 0.486181139945983887 0.0812000036239624023 46.5
18.961233650821292 -16.7108464697891783 -0.21194612979888916 0 49.5
14.0580836498738595 -21.7856357760560151 -2.24878525733947754 3.24800014495849609 45.5
14.07985287751786 -21.8246606498151863 -1.65608036518096924 3.16680002212524414 46.5
15.0534920667206915 -21.2295313249878603 0.00887178909033536911 3.00440025329589844 47.5
15.1991892029818256 -21.1254649949634086 0.00887178909033536911 2.92320013046264648 51.5
14.1750002565764799 -21.848417626420094 -1.7105710506439209 3.24800014495849609 53.5
14.2051578252233224 -21.848417626420094 -1.43881785869598389 3.16680002212524414 52.5
15.0479118770716767 -21.2907105934125056 -1.21490371227264404 2.92320013046264648 51
14.3598263049245265 -21.8294306559330558 -1.54985058307647705 3.24800014495849609 53
14.1764646180083105 -21.9504508738337947 -1.52847301959991455 3.16680002212524414 52
14.9185409792290162 -21.351891417730144 -2.58158016204833984 3.00440025329589844 45.5
15.3466630265368771 -21.3525377687617244 -1.24689066410064697 2.92320013046264648 48.5
15.3869833542857091 -21.3525377687617244 -0.561715543270111084 2.84200000762939453 48.5
15.4409422402834906 -21.3935782308691209 0.923145711421966553 2.92320013046264648 45.5
15.5581778486539104 -21.3243006452333077 0.421151310205459595 2.84200000762939453 48.5
15.1264974303945134 -21.8004525185838105 -0.912109553813934326 3.00440025329589844 46.5
14.8540252114026998 -21.5804168392960918 5.87929534912109375 3.08560013771057129 52.5
15.0935482071512599 -21.5935944363990906 5.55492353439331055 3.08560013771057129 53
15.5080317878018192 -21.4724711270020236 4.83628368377685547 3.00440025329589844 53
14.8073114924168969 -22.664594454348169 0.33963581919670105 3.24800014495849609 48.5
14.7178799424368147 -22.7051938174549264 0.955974102020263672 3.16680002212524414 50.5
14.9396044023962062 -22.6697028118970572 0.124015830457210541 3.24800014495849609 50.5
14.7897162361894861 -22.7680897292189712 -0.0314667485654354095 3.16680002212524414 53.5
14.7876068830227894 -22.7680897292189712 0.251732677221298218 3.08560013771057129 47.5
14.3575727775886008 -23.0793318041061646 -1.55087363719940186 3.16680002212524414 46
15.7376927738262555 -22.2084136228191404 -0.558650672435760498 3.00440025329589844 49
11.2752507820928631 25.0946807011610211 -0.866832613945007324 0 49
10.3991856148749111 25.5148436967115089 -1.61544239521026611 0 48
13.4773682353229578 24.9399297229885804 0.287984997034072876 0 50.5
13.2338792183943692 25.0710060581804228 -0.177816852927207947 0.0812000036239624023 45.5
15.6178563747983432 -24.0458159187998568 -1.7340700626373291 3.32920026779174805 47.5
15.4423592559611453 -24.1965733853754053 -1.08859872817993164 3.24800014495849609 51
15.4442562164615147 -24.2597504590159083 -1.54256725311279297 3.24800014495849609 49
26.0639243709432229 -12.596411607289232 -0.323684394359588623 0 51.5
26.0263566061563303 -12.6723807755123996 -0.376969069242477417 -0.0812000036239624023 45.5
26.0303854643515891 -12.6579104577556052 -0.54668658971786499 0.0812000036239624023 46.5
12.5804091564214602 26.153947279098869 0.393774926662445068 0 57
12.7629882625379398 26.06327349155519 0.512492001056671143 -0.0812000036239624023 51
12.5804091564214602 26.153947279098869 0.393774926662445068 0.0812000036239624023 51
12.6940279645434035 26.1815279468715403 0.446370899677276611 0 57.5
12.7890208615160255 26.1306194203081787 0.664564847946166992 -0.0812000036239624023 51
12.8011845774541477 26.1306194203081787 0.361069738864898682 0.0812000036239624023 51
25.9914187570290771 -13.4104424779086742 0.41078755259513855 0 49
25.9754945203192413 -13.602398589761048 -0.451820671558380127 0 51.5
25.9794230565589395 -13.602398589761048 0.00599753251299262047 -0.0812000036239624023 45.5
25.9723597496865644 -13.602398589761048 -0.605740547180175781 0.0812000036239624023 46.5
26.347137161091986 -12.8840563616911172 -2.04684090614318848 0 49
26.3732575758014001 -13.1342311557446632 -0.847896754741668701 0 50
26.4444963516862188 -12.9979533787501182 -0.719334125518798828 0.0812000036239624023 45
12.4283630520151149 26.9588767446233284 0.919136285781860352 0 45
16.4186125325823831 24.9241473131381888 0.488398998975753784 0 52.5
16.3060116209040729 24.9875580441054694 0.870892524719238281 -0.0812000036239624023 47
16.4249448296211362 -24.9241473131381888 -0.175016522407531738 3.16680002212524414 45.5
16.806172339138719 -24.666774346271005 -0.35409623384475708 3.08560013771057129 47
16.2056450976654709 25.0658889470650479 -0.317464858293533325 0.0812000036239624023 46.5
16.8235515442297725 24.7287517959052821 0.981158316135406494 0 62
16.8137989707623134 24.7287517959052821 1.13611531257629395 -0.0812000036239624023 56.5
16.0874712713709904 -25.207396923665133 -1.13407540321350098 3.32920026779174805 48
16.0874712713709904 -25.207396923665133 -1.13407540321350098 3.24800014495849609 53
16.2626199417923694 -25.0952144718464147 -1.12388360500335693 3.16680002212524414 52
16.8320728793148504 -24.7287517959052821 -0.822094380855560303 3.08560013771057129 49.5
16.7803132809556921 24.7698853615721433 0.616095125675201416 0.0812000036239624023 56.5
16.9230422646699594 24.7120047159529364 1.71099507808685303 0 62
16.9066380565758543 24.7120047159529364 1.86616146564483643 -0.0812000036239624023 56.5
16.1129760198623693 -25.2930667200446671 -0.795529961585998535 3.32920026779174805 49
16.1379893742304965 -25.270573997305636 -0.98157191276550293 3.24800014495849609 55
16.0666678653646073 -25.3118106556605298 -1.0837785005569458 3.16680002212524414 53
17.6426214444926011 -24.2321599641868595 -1.24114859104156494 3.00440025329589844 48
17.1003335823601361 24.610787463627279 1.37396764755249023 0.0812000036239624023 56
26.1919151113761011 -14.7733228221495168 -0.487978458404541016 0 56
26.263901065657361 -14.6380291000438501 -0.664281308650970459 -0.0812000036239624023 50
16.1532578426897189 -25.3562984179706916 -0.797518730163574219 3.24800014495849609 46.5
16.4093204077938459 -25.1759067884964693 -1.1889338493347168 3.16680002212524414 47.5
17.9462936950462435 -23.9545051305980721 -2.9356224536895752 3.00440025329589844 46.5
26.2040715402709878 -14.7507738684652416 -0.516681313514709473 0.0812000036239624023 50.5
26.2601210208425222 -14.8101644000282917 0.295991003513336182 0 61
26.2742985533535673 -14.7875592139687235 0.108944624662399292 -0.0812000036239624023 54.5
26.2742985533535673 -14.7875592139687235 0.108944624662399292 0.0812000036239624023 55
16.5184774997617545 25.301472085874007 0.725280106067657471 0 59
16.6041373185178998 25.2372647376936996 0.966279327869415283 -0.0812000036239624023 53.5
16.4569606364743777 25.3467949198836351 0.508955836296081543 0.0812000036239624023 53
16.4576507876192899 25.6191914689019669 -0.0726578012108802795 0 46.5
16.7591403071904494 -25.4877596328966582 -1.13185775279998779 3.16680002212524414 47.5
16.9286763546714134 -25.3885854709009493 -0.784486711025238037 3.08560013771057129 48.5
17.2021229305482244 -25.1787939743715725 -1.37514281272888184 3.00440025329589844 47.5
26.7073296068654606 -14.9279694644449172 0.483980059623718262 0 64.5
26.6372968871464728 -15.0312110565402062 0.936564743518829346 -0.0812000036239624023 58
26.6653231249290137 -15.0082684805190336 0.269119232892990112 0.0812000036239624023 58.5
26.7077569530538632 -15.0872183080827043 0.165213257074356079 0 71
26.6341855774392045 -15.2098786195305298 0.485166311264038086 -0.0812000036239624023 64.5
26.7078304516951412 -15.0872183080827043 -0.152666166424751282 0.0812000036239624023 65.5
26.6919172761652383 -15.247066963723606 -0.794461369514465332 0 64.5
26.6327136436300549 -15.3700271811729916 -0.153039440512657166 -0.0812000036239624023 58.5
27.4944082968775803 -13.5085383185880943 -3.42893028259277344 0 48.5
26.1400525164065023 -16.028051581185867 3.82221341133117676 0 48.5
26.5264571281947497 -15.6876330178568626 -3.1138310432434082 0 52.5
26.465013768396787 -15.7843985805132707 -3.14744448661804199 -0.0812000036239624023 46
26.5062651228193467 -15.6411855477817863 -3.49597668647766113 0.0812000036239624023 47
26.7788078429522436 -15.6790580525409133 -1.07939636707305908 0 57.5
26.7595337716260033 -15.725617987366574 -0.857233047485351562 -0.0812000036239624023 51
26.7638058549547679 -15.6790580525409133 -1.40302395820617676 0.0812000036239624023 52
26.5546560746711542 -16.8358679103477868 -2.89559555053710938 0 50
26.6553042379421115 -17.4470420179686698 2.42858386039733887 0 57.5
26.6621671925838406 -17.3751777716703977 2.8345339298248291 -0.0812000036239624023 51
26.6953857936201722 -17.3751777716703977 2.50242400169372559 0.0812000036239624023 52
26.8330095456319455 -17.415964987882159 1.5081486701965332 0 57.5
26.812177706874877 -17.415964987882159 1.84174430370330811 -0.0812000036239624023 51
29.0997708260609365 12.2215894009632624 5.42556858062744141 4.46600008010864258 45.5
26.7670125633699492 -17.5200125728281471 1.47543227672576904 0.0812000036239624023 52
27.5350051416399921 -16.8883884064053227 -1.22943401336669922 0 51.5
27.6015579564729663 -16.7672088674930642 -1.38577854633331299 0.0812000036239624023 46
27.8604894106741128 -16.4538762668452563 -1.68024444580078125 0 55.5
27.8313623759930593 -16.5105579272133269 -1.60523712635040283 -0.0812000036239624023 49
27.9142585478688581 -16.3243181860039535 -2.01765823364257812 0.0812000036239624023 50
28.0155618171029417 -16.3336999075782678 -1.72171914577484131 0 50.5
26.8413037265189942 -18.6043675225002971 -1.64681994915008545 0 47.5
27.8184052217679891 -17.2996026185708409 1.02993571758270264 0 47.5
28.5504245740566986 -16.1569726964052549 1.71700000762939453 0 45.5
18.1689245484627584 -27.875569463685153 -1.31642556190490723 3.24800014495849609 48
18.5747336129477674 -27.6217390804511176 -0.953393757343292236 3.16680002212524414 53.5
19.0245102572903093 -27.3179748513349772 -0.828568637371063232 3.08560013771057129 61.5
19.0245102572903093 -27.3179748513349772 -0.828568637371063232 3.00440025329589844 64
19.0245102572903093 -27.3179748513349772 -0.828568637371063232 2.92320013046264648 59.5
18.9610318100313222 -27.3429417742760279 -1.31642556190490723 2.84200000762939453 46
18.6886427148978171 -27.6255603116967592 -1.2057034969329834 3.16680002212524414 57
19.0149465151991564 -27.4045224649999071 -1.14657831192016602 3.08560013771057129 67
19.0246943783121267 -27.4045224649999071 -0.971460700035095215 3.00440025329589844 70
19.0673565059492454 -27.3794993125436648 -0.830434679985046387 2.92320013046264648 65
18.8508252948869774 -27.5296382272811435 -0.809962928295135498 2.84200000762939453 49
19.046440552148443 -27.4661062880071398 -1.32235538959503174 3.16680002212524414 52.5
19.0674469354076557 -27.4661062880071398 -0.973643779754638672 3.08560013771057129 63
19.0576771667614864 -27.4661062880071398 -1.1491549015045166 3.00440025329589844 66
19.046440552148443 -27.4661062880071398 -1.32235538959503174 2.92320013046264648 61.5
18.964679713546353 -27.5538841349175279 -0.164196193218231201 2.84200000762939453 47
18.9795777627405151 -27.6156647712382828 -1.03750884532928467 3.08560013771057129 49.5
19.0424816917227524 -27.5863398844969794 -0.550813138484954834 3.00440025329589844 49
18.7549559968675439 -27.653368197048529 -2.7328639030456543 2.92320013046264648 45.5
16.7942051597143589 -29.8781327051899943 -0.165908753871917725 0 48.5
16.6092710054404797 -30.0594059677962449 0.697829842567443848 0 46
28.0372011234336753 -20.594937242465452 -0.896725594997406006 0 51
28.111454830494452 -20.639321073125668 -0.173569098114967346 -0.0812000036239624023 49
28.1580492736536492 -20.6837071613561143 -0.900590717792510986 0 48.5
34.0564304598576655 9.92978734120223017 -0.186230957508087158 0 51.5
34.0447598696599485 10.235088783062972 -0.00242138956673443317 0 56.5
34.0447598696599485 10.235088783062972 -0.00242138956673443317 -0.0812000036239624023 50.5
34.0676355818287178 10.1551271519452921 -0.269024521112442017 0.0812000036239624023 50.5
33.9379971665705895 10.8264965233919881 -0.374030083417892456 0 61.5
33.9395440344240953 10.8264965233919881 -0.187018394470214844 -0.0812000036239624023 55.5
33.9379971665705895 10.8264965233919881 -0.374030083417892456 0.0812000036239624023 55.5
33.9584027708493537 11.0143484695768876 -0.0316389650106430054 0 58
33.9543490539503949 11.0143484695768876 0.525707721710205078 -0.0812000036239624023 52
33.9108843839506733 11.1347969947605971 -0.747158408164978027 0.0812000036239624023 52.5
33.949815637553634 11.2520686624495649 0.807252764701843262 0 55
33.9002577137996752 11.3638293762204174 1.21927809715270996 -0.0812000036239624023 48.5
33.9410542951214467 11.3012433765087401 0.3707275390625 0.0812000036239624023 50
26.657721456188046 -23.9669332815980383 0.417939454317092896 0 47
33.5131933754259919 12.9288173066826317 -0.563306570053100586 0 54.5
33.4574200067281566 13.0724708323124386 -0.563306570053100586 -0.0812000036239624023 48
33.5158054360756879 12.9288173066826317 -0.377179831266403198 0.0812000036239624023 49.5
33.6034525384690639 12.9153205756198322 0.0490892753005027771 0 56
33.5879003913204954 12.9558074739760087 -0.00245203985832631588 -0.0812000036239624023 50
33.6239715255822489 12.8613380444782663 0.120264165103435516 0.0812000036239624023 51
33.5004350512968756 13.4931404116539948 -1.574379563331604 0 51
33.9519229355668415 13.0498551649492054 -0.329824358224868774 0 57.5
33.9136178611584853 13.1498540551020735 0.297591090202331543 -0.0812000036239624023 51
33.9684615248169237 12.9953103157749155 -0.63730919361114502 0.0812000036239624023 51.5
34.0077498580323976 13.1177553419700601 -0.00248269038274884224 0 61
33.9704646776767873 13.2134056413385927 -0.126737162470817566 -0.0812000036239624023 55
34.0232496877308463 13.0767623565264035 -0.139159947633743286 0.0812000036239624023 55
34.1108329981497249 13.0488997694281412 0.502996504306793213 0 57.5
34.0908197012618359 13.1036695481035999 0.430789321660995483 -0.0812000036239624023 51.5
34.1131221003360707 13.0488997694281412 0.311266273260116577 0.0812000036239624023 51.5
35.2490672352117116 9.8056274921196902 -0.955582082271575928 0 59.5
35.2910653456898444 9.97237374936168486 -0.385054171085357666 0 63.5
35.2926418872452885 9.97237374936168486 -0.192530527710914612 -0.0812000036239624023 57.5
20.7056936668382505 -30.251672389492871 -1.0800095796585083 3.16680002212524414 49.5
20.8704503578113538 -30.1508487578357212 -0.637564599514007568 3.08560013771057129 54.5
20.5791994096695454 -30.3570789134980714 0.0125023201107978821 3.00440025329589844 52.5
35.2926418872452885 9.97237374936168486 -0.192530527710914612 0.0812000036239624023 58
34.9695443936517734 11.1683858872885757 1.72064971923828125 0 67
20.6938631649624512 -30.3135342277927222 -1.8482811450958252 3.16680002212524414 49
20.7570885269542025 -30.3135342277927222 -0.891869306564331055 3.08560013771057129 57
20.7570885269542025 -30.3135342277927222 -0.891869306564331055 3.00440025329589844 54.5
34.9983811644800653 11.3200245513079789 1.74673092365264893 0 70
35.0200816534859598 11.1911787434069137 2.10526013374328613 -0.0812000036239624023 64
20.9538622037445812 -30.2373501327824137 -1.64892196655273438 3.08560013771057129 50
20.6073142985204889 -30.4812368405951482 -1.52100098133087158 3.00440025329589844 47
35.0498822799867753 11.1911787434069137 1.53103327751159668 0.0812000036239624023 64
35.0365798469050702 11.2139715995252498 2.88009405136108398 0 62
35.0203938267605324 11.2139715995252498 3.07066631317138672 -0.0812000036239624023 56
35.0662008678143451 11.2139715995252498 2.49370265007019043 0.0812000036239624023 56
35.1094461096339217 11.4077185201414544 2.0836341381072998 0 52.5
35.1529522652443234 11.3846166195336345 1.34583210945129395 -0.0812000036239624023 46.5
35.0906570985388626 11.4354408008708379 2.24217367172241211 0.0812000036239624023 46.5
35.1452241746106893 11.2595573117619221 3.27692914009094238 0 57
35.1149698579560763 11.4077093816535289 3.08314871788024902 0.0812000036239624023 51.5
34.8597871209587353 11.3051418647057762 6.38976573944091797 -0.0812000036239624023 49.5
20.845899743441219 -30.7405029405013579 2.07605242729187012 -4.06000041961669922 50
20.8464828903370005 -30.6847209905110319 2.7770683765411377 -4.14120006561279297 54
21.1545130110174924 -30.5452661155352203 1.82024955749511719 -4.22240018844604492 53
20.9350790352112242 -30.6847209905110319 2.00261545181274414 -4.30360031127929688 55.5
20.8808624858369321 -30.7405029405013579 1.68851625919342041 -4.38479995727539062 49
32.9256367483543499 17.2900056265210154 -2.52664709091186523 -0.0812000036239624023 48
20.8219092462982829 -30.8024803901356314 2.66101384162902832 -3.97880029678344727 48
20.7107609632659617 -30.853716936981467 2.92202854156494141 -4.06000041961669922 53.5
20.6008904804232138 -30.9189270875125253 3.00815916061401367 -4.14120006561279297 56
20.4582030312972876 -31.0027687096238864 3.1170649528503418 -4.22240018844604492 52
21.036053966261882 -30.6068499385424531 3.18290376663208008 -4.38479995727539062 47.5
21.1362131611718098 -30.5789027311720005 2.75985980033874512 -4.46600008010864258 52.5
32.9760201706900702 17.2900056265210154 -1.75030720233917236 0.0812000036239624023 48
20.5281882875224007 -31.0651491579477543 2.92790794372558594 -3.97880029678344727 48.5
20.7192259290998066 -30.9811388387105175 2.43010234832763672 -4.06000041961669922 52.5
20.9786533081351507 -30.8084509602784173 2.39960908889770508 -4.14120006561279297 57
20.9305421424506299 -30.8084509602784173 2.78826642036437988 -4.22240018844604492 58.5
21.1813739092307927 -30.6684337615496858 2.41231679916381836 -4.30360031127929688 61.5
20.9992517591552854 -30.7664458006597954 2.73493862152099609 -4.46600008010864258 59
32.8095814761662226 17.6588869881733252 -3.51082730293273926 0 52.5
32.8666584839490667 17.6588869881733252 -2.92870235443115234 -0.0812000036239624023 46
21.6038256676397253 -30.5289232676894784 1.3749624490737915 -4.14120006561279297 55
21.2895418371066079 -30.7019579124358799 2.18541097640991211 -4.22240018844604492 60.5
21.2646721663073883 -30.7300175845569186 2.02746939659118652 -4.30360031127929688 64.5
21.2459406064521943 -30.7019579124358799 2.57500100135803223 -4.46600008010864258 59.5
20.9981110610122634 -30.7019579124358799 4.1352086067199707 -4.54720020294189453 48
32.7808629639145224 17.7009764963548832 -3.56670928001403809 0.0812000036239624023 47
33.1386907296523603 17.3943711456159349 -2.34800839424133301 0 58
33.1640477839134533 17.3943711456159349 -1.95749068260192871 -0.0812000036239624023 51.5
21.9302463817920703 -30.4167195867976936 0.370704889297485352 -4.14120006561279297 46
21.2878942460638569 -30.7915982752807977 2.22552251815795898 -4.30360031127929688 59
21.3841504504540865 -30.7634823736445639 1.60507810115814209 -4.38479995727539062 59.5
21.3512311555878327 -30.7634823736445639 1.99578964710235596 -4.46600008010864258 56
33.1386907296523603 17.3943711456159349 -2.34800839424133301 0.0812000036239624023 52.5
36.6203102773786 -8.41407735810868118 -0.192130953073501587 0 61
36.6203102773786 -8.41407735810868118 -0.192130953073501587 -0.0812000036239624023 55
21.0747281205276877 -31.0503870363687007 1.90000545978546143 -4.30360031127929688 49.5
21.4713542358164382 -30.8250099642765072 0.824815630912780762 -4.38479995727539062 49.5
19.1919009338588289 -32.3040469998815496 0.0128091247752308846 3.24800014495849609 48.5
19.2756556573703826 -32.2523980875270837 0.335586726665496826 3.16680002212524414 47
36.6012001724428657 -8.49859376014325463 -0.0819770470261573792 0.0812000036239624023 55.5
37.7225844507054049 -0.259275488652661257 0.339498698711395264 0 51.5
37.7243947266111448 -0.202706291128444266 0.0694436207413673401 -0.0812000036239624023 45.5
37.7149852985651819 -0.428983081225312257 0.756111025810241699 0.0812000036239624023 46
37.7969559355464781 -0.401495107779839711 -0.262859046459197998 0 49.5
33.4814703913245779 17.8449569439897537 0.86667478084564209 0 51
33.5714254558962963 17.8422113148227801 0.718058466911315918 0 56.5
33.5857099848668881 17.8137017894196035 0.756939172744750977 -0.0812000036239624023 51
33.5253438881878694 17.9419946537339072 0.191840335726737976 0.0812000036239624023 51
33.5825549845258422 17.977383561917641 -0.797387540340423584 0 58
33.5896071891198247 17.977383561917641 -0.402613162994384766 -0.0812000036239624023 52
33.5772123562292819 17.977383561917641 -0.997342348098754883 0.0812000036239624023 52.5
33.8197622733031125 17.7074712417945683 -0.00520325032994151115 0 63.5
33.8146019039690131 17.7074712417945683 0.590779781341552734 -0.0812000036239624023 57
33.9605034311698262 17.5893080636271506 -0.602370619773864746 0 67.5
33.9652382079216153 17.5893080636271506 -0.203402280807495117 -0.0812000036239624023 61.5
33.9479561288493912 17.5998518771026689 -2.56654095649719238 0 64.5
33.9623561090266648 17.5998518771026689 -2.36837029457092285 -0.0812000036239624023 58.5
33.9963823768827424 17.4705468429035484 -2.79851222038269043 0.0812000036239624023 59
32.6632404602808819 20.3082294235625405 -1.00715875625610352 0 46.5
38.5477686859078474 -0.409461279910105669 -0.0683324187994003296 0 61
38.5474990904935026 -0.438364429080230711 -0.0289120897650718689 -0.0812000036239624023 55
38.5450715279484513 -0.616600515629335488 0.00262695131823420525 0.0812000036239624023 55
38.5547735536618887 -0.0868781360559588989 2.32645630836486816 0 61.5
38.5726152335314794 -0 2.0109562873840332 -0.0812000036239624023 55.5
38.5913831817244954 -0 1.61113274097442627 0.0812000036239624023 56
38.616565426312782 -1.23799940525276075 2.21771717071533203 0 56.5
38.616565426312782 -1.23799940525276075 2.21771717071533203 -0.0812000036239624023 51
38.616565426312782 -1.23799940525276075 2.21771717071533203 0.0812000036239624023 51.5
38.6603583200537742 -1.17256435191477593 2.73909115791320801 0 53.5
38.6076107993032807 -1.32761418357292804 3.34522867202758789 0.0812000036239624023 47.5
38.9310673331131625 -0.623798137635881877 -2.23225259780883789 0 50.5
38.9332537234735554 -0.467848603226911353 -2.23225259780883789 -0.0812000036239624023 45.5
39.0104755420474518 -0.156249440410527518 2.23920679092407227 0 46.5
37.1832466921455307 -12.6996163644282429 0.78499901294708252 0 48.5
37.9433559321585108 -10.3916372447515908 1.64509952068328857 0 61.5
37.9339696288972732 -10.3916372447515908 1.84891724586486816 -0.0812000036239624023 55.5
37.9405429685642872 -10.4260792242559752 1.48415684700012207 0.0812000036239624023 56
37.9720743970562822 -10.569179996018816 1.64823305606842041 0 71
37.9077155902268572 -10.7269289511832753 2.05928158760070801 -0.0812000036239624023 64.5
37.9803879760620404 -10.569179996018816 1.44398283958435059 0.0812000036239624023 65.5
37.9551854745284274 -10.7473225592891541 2.47480201721191406 0 68
37.9551854745284274 -10.7473225592891541 2.47480201721191406 -0.0812000036239624023 62
37.9681232634305275 -10.7473225592891541 2.2676846981048584 0.0812000036239624023 62.5
37.866506909683963 -10.9112197376406499 3.90297150611877441 0 56
37.8446169953106946 -10.9112197376406499 4.10978937149047852 -0.0812000036239624023 50
37.866506909683963 -10.9112197376406499 3.90297150611877441 0.0812000036239624023 50
38.1660052099081213 -10.7881097755009154 1.03857231140136719 0 54.5
38.1660052099081213 -10.7881097755009154 1.03857231140136719 -0.0812000036239624023 48
38.1598589302617839 -10.7881097755009154 1.24406027793884277 0.0812000036239624023 48.5
37.8873867719800543 -10.4058922062299501 6.50338649749755859 0 48.5
36.4690764564950527 16.8194390822535311 -3.03127002716064453 0 45
37.9216005552108939 12.6184175981733642 8.20779705047607422 0 49.5
39.2364585905705283 -12.7008899658074998 0.866126656532287598 0 53
39.2317168836025729 -12.7266628756407112 0.683355391025543213 -0.0812000036239624023 47.5
39.2894694944756822 -12.5359433428749334 0.866126656532287598 0.0812000036239624023 47.5
39.2922762412246627 -12.780786222248496 0.72403717041015625 0 60
39.2922762412246627 -12.780786222248496 0.72403717041015625 -0.0812000036239624023 54
39.2922762412246627 -12.780786222248496 0.72403717041015625 0.0812000036239624023 54.5
39.3148967343998379 -12.7546201577043128 3.44010591506958008 -0.0812000036239624023 47
37.7640939556547721 -17.2792096816344873 1.30568516254425049 0 45.5
39.2343991848962972 -14.2563277688227767 1.60308444499969482 0 56.5
39.1927367773765809 -14.5904667930737535 1.57174849510192871 0 56.5
39.1239302945371961 -14.7264353008228266 1.96798539161682129 -0.0812000036239624023 50.5
39.2078017450753791 -14.5904667930737535 1.13543426990509033 0.0812000036239624023 51
39.408462741772432 -14.4433261098769563 1.53732001781463623 0 55
39.4367609748839598 -14.3750981885730322 1.44861078262329102 0.0812000036239624023 50
37.6188359609425689 -18.8435025455025205 0.22661280632019043 0 46
37.7371194555263543 -18.5729907489611001 -3.72890043258666992 0 45.5
39.8087937542040109 -13.9809142562940725 3.01398801803588867 0 47
42.7143546974239925 3.03424004273643355 0.508013784885406494 0 52
42.7124723403265421 2.87904963490688015 1.15605401992797852 0.0812000036239624023 45.5
42.805698317735434 2.84120568107020643 0.0994412899017333984 0 59.5
42.805698317735434 2.84120568107020643 0.0994412899017333984 -0.0812000036239624023 53.5
42.7989015702845919 2.84120568107020643 0.769180834293365479 0.0812000036239624023 54
42.8863632978887068 2.74951039924745144 0.225599482655525208 0 56.5
42.880534213255153 2.84617287422099485 0.099615141749382019 -0.0812000036239624023 50.5
42.880534213255153 2.84617287422099485 0.099615141749382019 0.0812000036239624023 50.5
42.9448695146633881 2.45843586941302839 1.7311931848526001 0 56
42.9223055721960023 2.2970505825806633 2.3878791332244873 -0.0812000036239624023 49.5
42.9749762722394806 2.34008665906929414 0.989014327526092529 0.0812000036239624023 50.5
43.0003554362933613 3.27643973734231198 -1.8850536207537516e-06 0 61.5
42.9909437778464749 3.27643973734231198 0.89961618185043335 -0.0812000036239624023 54.5
43.0004021673312167 3.24949533160758897 -0.414552599191665649 0.0812000036239624023 56.5
43.0879534883223982 3.10939384866811208 -1.88833200809312984e-06 0 69
43.0771720420001145 3.25514668532442997 0.0353414677083492279 -0.0812000036239624023 62.5
43.0625095181773361 2.93664974596432815 1.79902291297912598 -0.324800014495849609 47
43.0751862361834625 3.25514668532442997 -0.415273547172546387 0.0812000036239624023 63.5
43.1697547524928922 3.00123202598325944 -0.300931870937347412 0 68.5
43.1707372995534016 3.00123202598325944 -0.076707787811756134 -0.0812000036239624023 62.5
43.1770764487465968 2.90930239635854671 0.0413044728338718414 -0.243600010871887207 45.5
43.1661951286927916 3.06612352924776221 0.0649058818817138672 -0.324800014495849609 47.5
43.1675749695713407 3.00123202598325944 -0.528098464012145996 0.0812000036239624023 63
43.2445731101631949 3.00643352069776482 -0.301453441381454468 0 63.5
43.2455573600954892 3.00643352069776482 -0.0768407285213470459 -0.0812000036239624023 57.5
43.2367278067157415 3.07143748871285149 -0.611762464046478271 0.0812000036239624023 58
43.2665741236263202 3.67365208186325498 -0.488487452268600464 0 59
43.2805996992754771 3.47287641416910375 -0.677946507930755615 -0.0812000036239624023 52.5
43.2654808070073358 3.7062102982460905 -0.304935961961746216 0.0812000036239624023 53.5
43.3412119577410735 3.71261109139240153 -0.0771066099405288696 0 55.5
43.3412119577410735 3.71261109139240153 -0.0771066099405288696 -0.0812000036239624023 49.5
43.3082528357009409 3.94091221267861069 -1.05568206310272217 0.0812000036239624023 50
43.34503599552189 3.68634153183981272 -2.52970385551452637 0.0812000036239624023 49
38.6639741993627553 -20.2470487212757213 0.690383374691009521 0 47.5
39.3582386617738536 -18.8830903817696978 -2.4967505931854248 0 47
40.2112711994673475 -11.7874236773555605 13.7448358535766602 0 53
40.1539824739022109 -11.6584281142771218 -14.2537603378295898 0 47.5
24.5744815874239322 -38.4112719617734513 0.170985221862792969 -3.89760017395019531 49
24.8385596137818716 -38.2403272712448654 -0.2891215980052948 -3.97880029678344727 48
24.5618785304526241 -38.5086942058949688 -0.0217978693544864655 -3.89760017395019531 50
24.8008270282619172 -38.3545909387304249 -0.224205121397972107 -3.97880029678344727 47
43.3373479557386574 -11.9540378986770381 -8.48750591278076172 0 47
25.7793476823984342 -38.0549872227759707 0.971600592136383057 -4.06000041961669922 45
25.6306834798689174 -38.4259659129306002 0.976355552673339844 -4.06000041961669922 45.5
25.6306834798689174 -38.4259659129306002 0.976355552673339844 -4.14120006561279297 47
46.1478882389624729 3.40589483274923133 0.38489001989364624 0 47.5
36.314972558687856 29.0066134000685061 1.44539010524749756 0 48.5
35.9976140734162513 29.5480980337045303 0.558849632740020752 0 48.5
19.9312580578043317 -42.2257377332574961 1.71982038021087646 0 49
24.7250546653171845 -39.6099840683654421 1.71663641929626465 -3.81640005111694336 45
25.1470404787575674 -39.4571841475932743 -0.998605430126190186 -3.73520016670227051 50.5
25.4922063021761005 -39.2466522624126952 -0.296730071306228638 -3.81640005111694336 50.5
25.4126294535055841 -39.3095449751577846 -2.4947357177734375 -3.73520016670227051 52
25.5566208213966952 -39.2392552210672036 -2.09893321990966797 -3.81640005111694336 52
25.6037657713191713 -39.2023021913890091 -3.4538567066192627 -3.73520016670227051 47
25.3267050165250609 -39.4252425510527047 -2.91734576225280762 -3.81640005111694336 48.5
25.3987807524048108 -39.8365775513289648 0.715113043785095215 -3.89760017395019531 45.5
45.7612077969300088 11.16510569876435 -3.71682596206665039 0.0812000036239624023 52
33.8292166650840684 33.1041135065988072 2.5420377254486084 0 46
45.825455845341672 12.404764515853854 0.158598378300666809 0 52.5
45.825455845341672 12.404764515853854 0.158598378300666809 -0.0812000036239624023 46.5
45.8220286879460943 12.404764515853854 -0.582589387893676758 0.0812000036239624023 47
45.8776881199488642 12.4956634297687401 0.314455926418304443 0 63.5
45.9098195627770451 12.3590013951112603 0.739105105400085449 -0.0812000036239624023 57.5
45.8969110627631096 12.4243614986430977 -0.333902239799499512 0.0812000036239624023 57.5
46.0088855549672004 12.2951775051966621 -0.389628082513809204 0 62.5
45.9702417991967067 12.4439574846883918 0.159099474549293518 -0.0812000036239624023 56
46.0088855549672004 12.2951775051966621 -0.389628082513809204 0.0812000036239624023 56.5
35.055453694108337 32.3511227685299971 2.64020538330078125 0 50.5
34.967898540906944 32.4764915779300978 2.23033666610717773 -0.0812000036239624023 45
36.2297451547244407 31.0745019639371947 3.37690043449401855 0 52
34.6615497684870277 32.9617356139707809 2.98445439338684082 0.0812000036239624023 45.5
46.6144467370775573 11.2583567725245217 2.0839240550994873 0 58
46.6334196208521945 11.0784150020526333 2.56767845153808594 -0.0812000036239624023 52.5
46.6103146427434964 11.1323975331941991 2.74738931655883789 0.0812000036239624023 52.5
46.7148764051263683 11.2759481339283525 1.3338170051574707 0 61.5
46.7311689941102415 11.0957252015800041 2.07080507278442383 -0.0812000036239624023 55.5
46.7583819360994397 11.0957252015800041 1.32070958614349365 0.0812000036239624023 56
46.8669915631487584 11.0408337634174529 -0.0886322781443595886 0 60
46.8465256518160942 11.1130354011073749 0.571181893348693848 -0.0812000036239624023 54.5
46.9020341605799373 10.8904136848967781 -0.144441425800323486 0.0812000036239624023 54.5
46.6677014474692626 12.0824812827680947 1.33797872066497803 0 65.5
46.6597595303367498 12.0824812827680947 1.59102463722229004 -0.0812000036239624023 59.5
46.6741927046316007 12.0824812827680947 1.08818352222442627 0.0812000036239624023 60
46.7061215189974845 12.2521609498262585 1.14583837985992432 0 72
46.6993152597594943 12.2521609498262585 1.39601457118988037 -0.0812000036239624023 66
46.7116542232889032 12.2521609498262585 0.892338395118713379 0.0812000036239624023 66.5
46.7718304575220856 12.2711862368000357 1.39818227291107178 0 72.5
46.7540307512390001 12.2711862368000357 1.90248847007751465 -0.0812000036239624023 66.5
46.7905732705482791 12.1865573662014146 1.50696909427642822 0.0812000036239624023 67
46.7839685984223763 12.1388532832490519 3.36322450637817383 0 66
46.7650382207046036 12.1388532832490519 3.61690759658813477 -0.0812000036239624023 60
46.7745265479742685 12.2902105561075192 2.91494274139404297 0.0812000036239624023 60.5
46.8463947867438151 12.6124189919256633 1.00895571708679199 0 60
46.8511865690453604 12.6124189919256633 0.754260241985321045 -0.0812000036239624023 54
46.8194454796622352 12.7518832403940703 0.0694770589470863342 0.0812000036239624023 54.5
46.9113670689447417 12.6987162674606662 0.162356629967689514 0 60.5
46.9391286952640883 12.5468903914747667 1.11983096599578857 -0.0812000036239624023 54.5
46.9104067201005108 12.6987162674606662 -0.341275453567504883 0.0812000036239624023 54.5
47.0479788000937944 12.4567697448645696 0.756591856479644775 0 57
47.0563799669830729 12.3716160454367845 1.37699985504150391 -0.0812000036239624023 51
47.0479788000937944 12.4567697448645696 0.756591856479644775 0.0812000036239624023 51
36.1236771922961495 32.799786434145382 1.77049934864044189 0.0812000036239624023 47
36.3647213697398257 32.5874181614502163 2.6224818229675293 0 56.5
36.460841832354312 32.3796603858099985 3.65715146064758301 -0.0812000036239624023 50.5
36.4667038843599229 32.459097182378315 2.7922508716583252 0.0812000036239624023 50.5
35.2879600620011047 33.6839013947320893 4.3249964714050293 0 53
38.5359307262372681 30.2847079408805477 1.92903470993041992 0 50
47.5917063057828287 12.0992574701701798 1.3796851634979248 0 49.5
39.4777512847253931 29.2891224338928424 2.07235026359558105 0 54.5
39.5197242584684005 29.1169781374719783 3.32158970832824707 -0.0812000036239624023 48.5
39.5241777113665194 29.2891224338928424 0.79158174991607666 0.0812000036239624023 48.5
40.0818688092275366 28.4840521343115292 3.18251419067382812 0 58
40.1029445784990273 28.3732192466293824 3.8392798900604248 -0.0812000036239624023 52
40.1044397331959317 28.5333111955035932 2.34734392166137695 0.0812000036239624023 52
40.7762541097173994 27.6270611077743347 3.07655239105224609 -0.0812000036239624023 48
41.8010834225784293 26.4830710562723226 -2.99949097633361816 0 51
41.8062876567528008 26.5636043717650843 -2.07125687599182129 -0.0812000036239624023 45
41.7162428975148813 26.8395529904063324 -2.1251220703125 0 54.5
41.7286955219424556 26.8395529904063324 -1.86468911170959473 -0.0812000036239624023 48.5
41.6145780582688687 27.0008632950181138 -2.07439041137695312 0.0812000036239624023 49.5
42.0779332805222097 26.3767937546348392 -2.50761008262634277 0 51.5
42.1297645192058283 26.3581529109919828 -1.70488440990447998 -0.0812000036239624023 46
41.89369651532418 26.3892209837300733 -4.59380388259887695 0.0812000036239624023 46
33.4742471406037865 36.7529589196393118 2.95549392700195312 0 56
33.7756600555595128 36.5289314016733471 2.20956015586853027 -0.0812000036239624023 50
33.6067583702048296 36.6409451606563294 2.84025192260742188 0.0812000036239624023 50
40.8628742003963197 28.5566674383777226 1.50271379947662354 0 54
40.7473723833748096 28.7187087638682961 1.55029761791229248 -0.0812000036239624023 48.5
40.7768533907679185 28.7187087638682961 -0.00679795956239104271 0.0812000036239624023 47
41.5104541179964244 28.04692523887541 0.512341916561126709 0 50.5
34.9035652677118762 35.8823312117525646 3.42495536804199219 0 48
34.295769810379781 36.5701685951047963 3.38905835151672363 0 50
34.2600749613501634 36.6247487111869603 4.1810002326965332 0 51
34.008666226758983 36.8637151347832983 4.13312864303588867 -0.0812000036239624023 45.5
34.3341942384243666 36.5429970399566315 4.28698301315307617 0.0812000036239624023 45
20.7525792967979292 -46.0866890355629764 0.806409060955047607 0 49.5
20.7154171133649605 -46.1550676039179848 1.86336886882781982 0 48.5
32.7625159326443409 39.3856570638788668 2.66038870811462402 0 47
44.4416061303261642 25.9224118385774212 -0.273596018552780151 0 53.5
44.6600266647169946 25.5109449839968256 1.33277809619903564 -0.0812000036239624023 47
44.6791532468707189 25.5109449839968256 0.259570926427841187 0.0812000036239624023 47
44.2348166855812011 26.3722666613573189 -1.6156306266784668 0 53
44.134981178419487 26.4881604113339861 -2.30363774299621582 -0.0812000036239624023 46
44.2879373570841679 26.2563729113806552 -2.0018010139465332 0.0812000036239624023 47.5
44.4215695996212148 26.2043213902632139 -1.61798238754272461 0 52
44.5230818024079511 26.0560193745210746 -1.1573026180267334 0.0812000036239624023 46
45.0080611825469319 25.383590442328746 -0.503789007663726807 0 47.5
45.5256964405098046 24.7353213264571714 -3.03066849708557129 0 47
33.2976648184237192 39.9614707293889069 1.88389801979064941 0 47
46.6288417871975014 23.1750959377352572 2.38371849060058594 0 47.5
46.36967096665051 23.9716180854138976 -0.234884455800056458 0 53.5
46.4868781202264003 23.7367940715159627 0.612106919288635254 -0.0812000036239624023 48
46.3078499710123523 24.2477540847673865 -0.552404284477233887 0 55.5
46.3111455955830209 24.2477540847673865 -0.00712507916614413261 -0.0812000036239624023 49.5
46.1937601189121665 24.456786447567108 -0.82323986291885376 0.0812000036239624023 50
45.9163839372333129 25.1198722561531085 -1.09562301635742188 0 54
45.9163839372333129 25.1198722561531085 -1.09562301635742188 -0.0812000036239624023 48.5
45.9286112415412973 25.1198722561531085 -0.278381943702697754 0.0812000036239624023 48.5
46.9335453078202178 23.5123930500916849 0.812467277050018311 0 47
46.9792850083728837 23.9304574381996282 -2.84961056709289551 0 47
33.2987809858418373 40.8062979427562311 4.66940689086914062 0 47
34.1096232751128667 40.2289823981450567 4.67602968215942383 0 49.5
40.1236854459677943 31.1686146692148007 15.174260139465332 0 52
49.1813763558851278 20.2683800628477577 2.43879270553588867 0 53.5
49.1192872995395362 20.7567052594303867 -0.101794280111789703 0 51
47.595905350291325 24.2023937472537156 -0.658938944339752197 0 48.5
47.1890177759207958 25.0516161929206653 -2.27791094779968262 0 49
31.9850481468243579 42.9465923423998959 0.386990785598754883 0 46
31.4504910866860214 43.3755641944060741 3.62173986434936523 0 45
48.3930793419960281 23.5988581141949538 -1.01322877407073975 0 47.5
49.0954048186759664 22.6636100788900379 0.32810935378074646 0 50
48.4969348078425071 24.3185318401194408 -2.26866888999938965 0 47.5
52.0288053793820637 -16.0728586147405039 2.76451992988586426 0 58.5
52.0872143814581889 -15.9161499466018732 2.56402397155761719 -0.0812000036239624023 52.5
51.9660064938233006 -16.27726122535611 2.74966740608215332 0.0812000036239624023 52.5
52.0916473259271839 -16.1563724420404071 2.5675508975982666 0 66.5
52.0042809454211366 -16.2996510827848553 3.32210683822631836 -0.0812000036239624023 60
52.0916473259271839 -16.1563724420404071 2.5675508975982666 0.0812000036239624023 61
52.0770800791078585 -16.3630339270873044 3.09595584869384766 0 61
52.056883943738022 -16.3220409402136006 3.60939431190490723 -0.0812000036239624023 54.5
52.0770800791078585 -16.3630339270873044 3.09595584869384766 0.0812000036239624023 55.5
40.5946078049004484 36.1575206218249434 6.50188827514648438 0 50
40.4991283514201754 36.1575206218249434 7.07228565216064453 0.0812000036239624023 45.5
50.6605573976096721 22.4494243634888839 3.12756443023681641 0 49
55.1666181584282924 9.07495095093927162 2.16609406471252441 0 55
55.1921086838619175 8.94910417349943543 2.03649234771728516 -0.0812000036239624023 49
55.1544864342756256 9.07495095093927162 2.45574760437011719 0.0812000036239624023 49.5
55.231679828197251 9.34614769695694747 0.954858541488647461 0 62.5
55.2392521005797121 9.18512792390076172 1.74909877777099609 -0.0812000036239624023 56.5
55.248640790139099 9.26213738057980862 0.775356590747833252 0.0812000036239624023 56.5
55.2675167902034588 9.56896635327871969 -1.07085621356964111 0 58
55.2757555678048789 9.56896635327871969 -0.485733151435852051 -0.0812000036239624023 51.5
55.2962351285033193 9.42175148630519921 -0.875827193260192871 0.0812000036239624023 53
55.3859750179399271 9.1676025930892866 -1.99492335319519043 0 57
55.3869538207014003 9.11144576250374705 -2.21307182312011719 -0.0812000036239624023 51
55.397812942912303 9.11144576250374705 -1.922202467918396 0.0812000036239624023 51.5
55.4673019576611708 9.29933509683543136 -0.981694877147674561 0 52.5
55.4253634399257749 9.59455208403655568 -0.191746518015861511 -0.0812000036239624023 46
55.4745810352178879 9.29933509683543136 -0.394994765520095825 0.0812000036239624023 47
55.5673156133632773 9.19208179791850988 -0.533760726451873779 0 52
55.5396228135243888 9.31173370493582553 1.07131290435791016 -0.0812000036239624023 46.5
55.5990534117199715 9.00908476365673216 -0.295685917139053345 0.0812000036239624023 46.5
51.1894635811191208 23.4548106096694369 -3.23585963249206543 0 49
51.5335694250147043 23.0343469716423073 -1.7708439826965332 0 48.5
51.7918367115439509 23.038114496455357 4.33287858963012695 0 47.5
52.0904739797214162 23.0811315146848592 -4.46840190887451172 0 49.5
52.3154750634186172 23.1900809447991954 -0.109239153563976288 0 49.5
53.2140059209713456 22.5306593276133427 -6.91947555541992188 0 46
53.3342810707845487 -22.8364106885384643 5.47071695327758789 0 48
55.7349306310746897 -18.5747901239550295 2.45668196678161621 0 58
55.7078696095183759 -18.6776568414136435 2.28444433212280273 -0.0812000036239624023 51.5
55.8002305827245948 -18.4057948024158797 2.2363736629486084 0.0812000036239624023 52.5
55.7507118674335871 -18.8339065296992771 1.84610080718994141 0 63.5
55.6998171750174933 -18.9663324349862279 2.01860547065734863 -0.0812000036239624023 57
55.7507118674335871 -18.8339065296992771 1.84610080718994141 0.0812000036239624023 58
55.7134181550686236 -19.2630479373372374 0.229082658886909485 0 56.5
55.6771662845027748 -19.3293452342535055 1.23777377605438232 -0.0812000036239624023 50.5
55.6900200798084057 -19.3293452342535055 0.317500293254852295 0.0812000036239624023 51
51.9211187437291173 -24.2908750508540514 14.6912126541137695 0 45
53.371124163451853 -24.6400280230180329 7.41317129135131836 0 48
53.9860702381344382 -24.5377785898976484 1.69041562080383301 0 47.5
53.8626892539874831 -25.021578608514659 1.04477107524871826 0 48
53.1642847517188812 -25.337770694040735 8.81811141967773438 0 54
53.0581105527625638 -25.337770694040735 9.43595123291015625 -0.0812000036239624023 48
53.2230500040300711 -25.3973014328226228 8.27569484710693359 0.0812000036239624023 48
55.4593261809186018 -21.4580575016195212 4.35385227203369141 0 49
56.0302235030167495 -20.4331755434557039 2.68133664131164551 0 49.5
55.6057327592648463 -21.7232745351930276 5.20652866363525391 0 52
55.6760485453346021 -21.4087700434735808 5.73135519027709961 -0.0812000036239624023 45.5
55.5961658811776545 -22.0452672290962646 3.75211930274963379 0.0812000036239624023 46
55.9667529869491531 -21.308106008112329 3.69966268539428711 0 53
55.9736935117417929 -21.2481254141415725 3.93234968185424805 -0.0812000036239624023 47
55.8279209964328231 -21.6904822946759239 3.57308101654052734 0.0812000036239624023 47.5
55.8188191392634678 -22.1004485300282987 2.19891667366027832 0 49.5
54.6502219482622777 -24.4660180512083585 6.46670961380004883 0 47.5
56.0092603887884763 22.7218474501594301 0.939619362354278564 0 50
55.3863970792600639 24.2021687386231825 3.14290618896484375 0 46.5
56.7230043674194775 21.8215106629356654 -2.45013093948364258 0 48.5
56.6693809096192851 21.916908192614784 -4.12804317474365234 0 48.5
57.041936108137179 21.2065877689066369 6.47598123550415039 0 50
57.5443584604191827 20.8650454230129192 2.81466937065124512 0 50
57.8829369674353913 20.323280353011814 -0.593929290771484375 0 46
57.6462645164001302 -20.8084665936339697 9.03981590270996094 0 45
59.4622793403068357 20.2468613114858229 2.10350322723388672 0 48
60.3318053090127151 10.2306082278605555 -15.292597770690918 0 50.5
59.7319866830787234 10.522235735126225 -17.3155403137207031 0.0812000036239624023 45.5
59.1606904814257888 10.7714833361259572 -19.2849845886230469 0 54
59.2596987623537288 10.6057682078778654 -19.0716743469238281 -0.0812000036239624023 47.5
58.7514188130348884 10.534747438628683 -20.6206817626953125 0.0812000036239624023 49
59.7625526247510663 -20.6627608594453136 6.07566690444946289 0 48
61.0311953792377579 -20.6093317542936028 1.01458323001861572 0 47
54.8389680941953941 -35.7951057969481852 -2.86371874809265137 0 47
52.2799949399341699 39.18853681900287 14.0229091644287109 3.00440025329589844 48
55.7212244679367359 -39.1027542690029151 -3.7350916862487793 0 47
56.6063492256121421 -38.291609610633742 -2.83447074890136719 0 48.5
55.9250263924914819 -39.2063724827777165 -4.90696001052856445 0 49.5
54.3217874158255825 -42.4902500674287253 2.1729881763458252 0 47.5
70.2285098108667256 -2.52908163889627025 0.368912249803543091 0 52.5
70.2011364145646581 -3.04719211353127006 1.04443168640136719 -0.0812000036239624023 46.5
70.2187954159319219 -2.81009070988474452 0.00478881970047950745 0.0812000036239624023 46
70.243715212097726 -2.99769894859889297 2.44079732894897461 0 56
70.2755409172963539 -2.7339717683702518 1.73127305507659912 -0.0812000036239624023 50
70.2790740502084788 -2.40870824608826029 2.04291558265686035 0.0812000036239624023 50
70.4684407293590453 -1.45359211459322824 1.52834224700927734 0 59
70.4321462825785574 -1.50645000966934561 2.70058131217956543 -0.0812000036239624023 52.5
70.4837854997102795 -1.50645000966934561 0.129775345325469971 0.0812000036239624023 53
70.5040703388679475 -2.0989271690231015 2.36685824394226074 0 69.5
70.5003909257541181 -1.97546086496291884 2.57362842559814453 -0.0812000036239624023 63.5
70.523284793491797 -1.97546086496291884 1.84263086318969727 0.0812000036239624023 64
70.6009044056144432 -1.77450705419449317 1.94570231437683105 0 74
70.5898734074971088 -1.77450705419449317 2.31160378456115723 -0.0812000036239624023 68
70.598226781397841 -1.97756010019684814 1.8445889949798584 0.0812000036239624023 68.5
70.6923365026432435 -1.77639093458003683 1.21021902561187744 0 67.5
70.6731763931073402 -1.97965954898471774 1.84654724597930908 -0.0812000036239624023 61.5
70.6934440061207852 -1.97965954898471774 0.737728118896484375 0.0812000036239624023 62
58.9507763475348554 52.4722219071176426 4.51385354995727539 0 48.5
76.6598755903553979 -20.1095241536934424 1.84285008907318115 0 48.5
76.8186199407406889 -19.7616753516298935 2.19070935249328613 0 46.5
83.0738982222499942 22.2281335063777554 4.22472476959228516 0 53.5
83.1557549479375808 22.0344711621789138 3.57968688011169434 -0.0812000036239624023 47.5
82.9943798322934754 22.2281335063777554 5.57262992858886719 0.0812000036239624023 47
83.1677476240882783 22.2474952027764061 3.78237819671630859 0 55.5
83.2181837294748448 22.2474952027764061 2.43198895454406738 -0.0812000036239624023 50
83.1010441581620825 22.0536641700319826 5.82957077026367188 0.0812000036239624023 49.5
83.1408880190440982 22.072857177885048 6.28043842315673828 0 48.5
