
X Y Z V_r Mag
13.163998029426093 -2.60696266855302561 -0.378873378038406372 -0.406000018119812012 50.5
13.1586178254629278 -2.64890222242292683 -0.254430502653121948 -0.487200021743774414 62.5
13.1672818442825879 -2.60696266855302561 -0.238874197006225586 -0.568400025367736816 62
13.161000248147138 -2.64890222242292683 -0.0448480844497680664 -0.649600028991699219 47.5
13.2419273657149965 -2.62152685375364047 -0.170267552137374878 -0.406000018119812012 60.5
13.2419273657149965 -2.62152685375364047 -0.170267552137374878 -0.487200021743774414 73
13.2488168882074007 -2.59116167784143592 -0.0690290853381156921 -0.568400025367736816 72
13.2429601397138264 -2.62152685375364047 0.0404964163899421692 -0.649600028991699219 58
13.3218391431264092 -2.60555698286994009 0.142525583505630493 -0.406000018119812012 56.5
13.3224063935594668 -2.60555698286994009 0.0721883028745651245 -0.487200021743774414 69
13.3208859760889897 -2.60555698286994009 0.213782951235771179 -0.568400025367736816 68.5
13.315345778224863 -2.63609085376294727 0.182319119572639465 -0.649600028991699219 54.5
13.3439536063382125 -2.66430043860505883 -1.07838904857635498 -0.487200021743774414 54.5
13.3667549469193947 -2.64042066514765139 -0.824952006340026855 -0.568400025367736816 56
13.4825173288979734 -2.53487353017319705 -0.414463728666305542 -0.487200021743774414 54.5
13.4952850815426473 -2.86947147278507408 0.28881797194480896 -0.487200021743774414 55.5
13.4966253343589422 -2.86947147278507408 0.217326313257217407 -0.568400025367736816 55.5
13.4269704298571071 -3.47629717707717134 -0.384008824825286865 -0.487200021743774414 53.5
13.4269704298571071 -3.47629717707717134 -0.384008824825286865 -0.568400025367736816 54
13.3968455604922507 -3.85767061088079055 -0.495401531457901001 -0.649600028991699219 46
13.4382358631521246 -3.98181164004565025 -0.509531855583190918 -0.487200021743774414 54
13.4508944252958802 -3.94150280742194825 -0.488509207963943481 -0.568400025367736816 54.5
14.0822912007038248 -2.57229586179595593 -0.527263879776000977 -0.487200021743774414 48
14.0696493926246173 -2.62241714511557067 -0.611187636852264404 -0.568400025367736816 46.5
14.0449786572823161 -3.47287626163057483 -0.45092204213142395 -0.487200021743774414 48.5
14.0423717451476566 -3.47287626163057483 -0.52588045597076416 -0.568400025367736816 48
14.0824795839128818 -3.56905134442422467 -0.805071473121643066 -0.568400025367736816 48.5
15.0100879331360311 -2.53985003794624431 0.216934338212013245 -0.487200021743774414 51
15.0187752751374397 -2.49609232193668396 0.0809625685214996338 -0.568400025367736816 49.5
15.0633970141455009 -2.6097180224087233 0.611097514629364014 -0.406000018119812012 46
15.0760404262699694 -2.55236158235578436 0.537090182304382324 -0.487200021743774414 57.5
15.0760404262699694 -2.55236158235578436 0.537090182304382324 -0.568400025367736816 56
15.0873405048706388 -2.70512478388644606 1.20212960243225098 -0.487200021743774414 51.5
15.0877199649375893 -2.78773867998525127 0.989883303642272949 -0.568400025367736816 51
16.0074584876796706 -2.47982264110303152 -0.227512583136558533 -0.487200021743774414 50
16.0085780098926627 -2.41909229070867182 -0.55985337495803833 -0.568400025367736816 48.5
16.0639101201000827 -2.51570802263346538 -0.705471336841583252 -0.487200021743774414 47
16.05764218516304 -2.41808960300015396 -1.08657920360565186 -0.568400025367736816 46.5
11.457885018570181 17.9421073613544309 0.698368370532989502 -2.59840011596679688 45
13.3387174833806856 17.7043214536918221 1.21475660800933838 -1.78640007972717285 47
13.8269776049880058 17.4579517670847366 0.458597123622894287 -1.54280006885528564 46.5
13.606306398241145 17.6360941320549891 0.110860981047153473 -1.62400007247924805 48
13.4783066073715094 17.7251653145401171 0.573982357978820801 -1.70520007610321045 48.5
13.4289522285639986 17.7641339568773589 0.523882508277893066 -1.78640007972717285 49
13.2779984822796973 17.8643390371731243 0.85781937837600708 -1.86760008335113525 46
13.832684706500249 17.516731848512336 1.15905821323394775 -1.54280006885528564 47.5
13.7671809302188954 17.6061029293720956 0.111234240233898163 -1.62400007247924805 48.5
13.6448156700961043 17.6954740102318517 0.460141211748123169 -1.70520007610321045 45
13.4691543316763749 17.8239449389677524 0.641411781311035156 -1.78640007972717285 46
13.3475652833763654 17.9244874049349789 0.278840333223342896 -1.86760008335113525 47.5
15.0226521331713627 17.6642838013237693 1.68982529640197754 -1.05560004711151123 46
14.9322384884851171 -17.7979280537679969 -0.908039689064025879 -1.86760008335113525 46.5
15.0425551652694782 -17.7824742614837561 -1.24931871891021729 -1.62400007247924805 46.5
15.0690688797383316 -17.7474980787042469 -1.41602087020874023 -1.70520007610321045 50.5
15.0522120575806699 -17.7824742614837561 -1.12703049182891846 -1.78640007972717285 49.5
14.9804074897337287 -17.8553413089410746 -0.910968899726867676 -1.86760008335113525 47
15.0459751875650642 -17.8718178086623745 -1.33298242092132568 -1.62400007247924805 46.5
15.1175229687329722 -17.8045645675630233 -1.42057406902313232 -1.70520007610321045 49.5
15.0738512658597568 -17.8718178086623745 -0.968095898628234863 -1.78640007972717285 48.5
18.4532806691244922 15.6927220499658571 -0.255992203950881958 0.324800014495849609 46.5
18.3165130827633682 17.7081545081034974 2.23769283294677734 -0.0812000036239624023 45
18.4434579316144394 17.5899083942612613 2.1247704029083252 -0.162400007247924805 47
18.4281162817199089 17.6414922265290777 2.66550183296203613 -0.0812000036239624023 46
18.5813472118200842 17.6414922265290777 1.1974492073059082 -0.162400007247924805 47.5
18.164139006959573 18.0466790751207391 2.48134326934814453 -0.406000018119812012 45
20.5729932709303469 15.66871197785877 -0.871290087699890137 0.812000036239624023 45
18.9634179839195731 17.6402920838918504 1.61599564552307129 -0.0812000036239624023 46.5
18.9558842504016773 17.7790820701146792 1.37090456485748291 -0.0812000036239624023 46
17.9145162850903539 18.9261632312458268 1.44237267971038818 -0.649600028991699219 45.5
17.701700528377355 19.1446800219564039 1.15802240371704102 -0.730800032615661621 50
17.7702618706766522 19.0990197970318079 0.809504687786102295 -0.812000036239624023 45.5
17.7562823862680155 19.1179236116165292 2.08568954467773438 -0.649600028991699219 49
17.8068017100653044 19.1539025953167474 1.08468317985534668 -0.730800032615661621 52
17.7014310044355945 19.2585687297173855 0.947378098964691162 -0.812000036239624023 50
17.533491003065965 19.3992138478182454 1.17382824420928955 -0.893200039863586426 47.5
17.3712319734178777 19.4384636482184838 2.34884786605834961 -0.974400043487548828 46
18.3681460921597548 18.6150712275767738 2.27001142501831055 -0.406000018119812012 45
17.7456117270081748 19.2547080362776519 1.84717512130737305 -0.649600028991699219 52.5
17.7592143225128538 19.2547080362776519 1.71147549152374268 -0.730800032615661621 53.5
17.644558181545996 19.3727948317301184 1.55786585807800293 -0.812000036239624023 52.5
17.5122699359164749 19.4941618159451586 1.53642702102661133 -0.893200039863586426 51.5
17.5877802223441329 19.3727948317301184 2.10415196418762207 -0.974400043487548828 46
17.7253867104078502 19.3689327349359175 1.91331839561462402 -0.649600028991699219 49
17.71017698087444 19.3689327349359175 2.04933261871337891 -0.730800032615661621 51
17.4882618169338322 19.5103838401672789 2.55172371864318848 -0.812000036239624023 47.5
17.7950542720455012 -19.3689327349359175 -1.08910787105560303 -1.21800005435943604 46
17.8681432939223832 -19.3228788867210568 -0.601190507411956787 -1.29920005798339844 46.5
12.9444613449479942 -22.9183686080670093 -0.441488504409790039 -3.89760017395019531 49.5
13.0123062462015078 -22.8788938810257001 -0.491735488176345825 -3.97880029678344727 50.5
17.6999999092873423 -19.5296812840007981 -1.50387763977050781 -1.29920005798339844 46
13.0568465508092508 -22.9440765760516143 -0.21957986056804657 -3.81640005111694336 46.5
12.9813405262803681 -22.9836637678435096 -0.44274631142616272 -3.89760017395019531 56
13.1819106462852993 -22.8616032598185015 -0.737849295139312744 -3.97880029678344727 56.5
13.260079717448253 -22.8022224721306621 -1.09041213989257812 -4.06000041961669922 47.5
13.012818124435185 -23.0489572670951191 -0.581156671047210693 -3.89760017395019531 53
13.0864502506293121 -23.0092576134127391 -0.494537383317947388 -3.97880029678344727 53
19.4801054392741904 19.8049916070748395 1.58694791793823242 -0.324800014495849609 47.5
19.3553320598996947 19.7736986076956818 2.9330289363861084 -0.406000018119812012 45
21.2282789484424761 19.4543297938559334 4.20704841613769531 0.162400007247924805 46
23.1271689252301904 17.6670398526857255 -2.04704904556274414 0.812000036239624023 45.5
21.064538576179821 19.694046488693413 4.42836952209472656 0.162400007247924805 46.5
22.8331772676321414 18.4425329157939579 1.69678592681884766 0.568400025367736816 45
22.4441853750789448 18.6519401620489909 3.56704306602478027 0.487200021743774414 46
23.7276458866354183 17.4435554553019436 1.22344207763671875 0.974400043487548828 46
23.6702042875749825 17.5466845838383563 0.781609117984771729 0.893200039863586426 47
22.6343222574809211 18.7400359283311424 2.29655551910400391 0.487200021743774414 49
22.6389257001027353 18.7916004925993469 1.76931953430175781 0.406000018119812012 48.5
22.3170679451690503 19.1415028929907507 2.08012819290161133 0.324800014495849609 46
20.7198326159512227 20.9688399789539943 3.61750888824462891 -0.406000018119812012 45.5
15.8348395292923279 -25.8261810702829422 -0.596964538097381592 -3.5728001594543457 49
15.7046988528016893 -25.9925903768266231 -0.623287975788116455 -3.5728001594543457 49.5
15.6787084892262047 -25.9925903768266231 -1.09732568264007568 -3.65400028228759766 47.5
17.8854061330476029 24.8272136639867043 2.16272902488708496 -1.86760008335113525 47
16.6967800212008477 -25.8216456643706245 -0.150942698121070862 -3.24800014495849609 49.5
16.6908583501050138 -25.8216456643706245 -0.469583123922348022 -3.32920026779174805 46.5
16.5762424489053295 -25.9886250457695667 -0.0147108761593699455 -3.16680002212524414 49.5
16.5631942606092686 -25.9886250457695667 -0.657735288143157959 -3.24800014495849609 53.5
16.8293363534252798 -25.8037348720335444 -1.05897462368011475 -3.32920026779174805 48.5
14.370064791430277 -27.259744990204716 -0.766985774040222168 -4.38479995727539062 47.5
16.7303018713939551 -25.9476045833700368 -1.27627789974212646 -3.24800014495849609 49
14.422685879254157 -27.3260710768615702 -0.286501407623291016 -4.30360031127929688 48
14.422685879254157 -27.3260710768615702 -0.286501407623291016 -4.38479995727539062 53.5
14.2252674734170288 -27.4303248452768926 0.1706390380859375 -4.46600008010864258 49
14.3038890076037717 -27.4698079269010975 -0.508916854858398438 -4.30360031127929688 49
14.2600309057166168 -27.4969022844448894 -0.149935036897659302 -4.38479995727539062 53.5
14.337733189670482 -27.4465841918635611 0.751719415187835693 -4.46600008010864258 47.5
14.2079591966721583 -27.5984013679098048 -0.751421988010406494 -4.38479995727539062 47.5
17.3187263615992393 -25.9500031602129653 -0.314807534217834473 -2.92320013046264648 46.5
17.4686620226741205 -25.8486359603683837 0.36585700511932373 -3.00440025329589844 46.5
14.4787283671929945 -27.5913720500040824 -1.5882718563079834 -4.38479995727539062 47
17.2559206781163255 -26.0827295978628051 -0.223882123827934265 -2.84200000762939453 48
17.351364229955756 -26.0123836085368332 -0.641755759716033936 -2.92320013046264648 56
17.6042524003248602 -25.8443348562581257 -0.535164773464202881 -3.00440025329589844 55
17.4048604954382746 -26.0747624704600014 0.0106870541349053383 -2.84200000762939453 48.5
17.4946019090876455 -26.0042477882983007 -0.735177934169769287 -2.92320013046264648 57
17.5393477242130515 -25.9729079295597671 -0.775778412818908691 -3.00440025329589844 56
17.4345839865821333 -26.1371429187838693 -0.644833683967590332 -2.92320013046264648 51
17.3177767529127777 -26.2078262980714456 -0.880434155464172363 -3.00440025329589844 50.5
25.9408494236643286 17.7179670747525257 -0.822611093521118164 1.29920005798339844 46
26.0992517438750724 17.6342945740148238 -0.332869142293930054 1.21800005435943604 50.5
25.9833137751189973 17.8035523121136272 -0.388699948787689209 1.13680005073547363 49
26.1629682165257549 17.6762803464631091 -0.17005959153175354 1.21800005435943604 49.5
25.9889878748822625 17.9287986371268673 -0.333661675453186035 1.13680005073547363 49.5
14.6741815960935291 -28.465018143107951 -0.109167680144309998 -4.54720020294189453 51
14.6741815960935291 -28.465018143107951 -0.109167680144309998 -4.62840032577514648 52.5
14.6102469782563933 -28.5798160510499031 -0.380786925554275513 -4.46600008010864258 48.5
14.524990418087679 -28.6239392758304732 -0.323888540267944336 -4.54720020294189453 57.5
14.7063678764062082 -28.5316816240165565 -0.275744110345840454 -4.62840032577514648 56
14.9132451882434705 -28.5098924699879568 0.109680034220218658 -4.46600008010864258 47.5
14.7407288960994372 -28.598345104925162 -0.276388406753540039 -4.54720020294189453 54
14.9994117461341006 -28.4536044295733674 -0.800576448440551758 -4.62840032577514648 50.5
17.7687114128514416 -28.4200045218568746 0.708491802215576172 -3.49160003662109375 46.5
17.5718557259882466 -28.6389343332767297 0.0389433391392230988 -3.4104001522064209 52.5
17.5697628733010589 -28.7281092538785394 0.0711733177304267883 -3.4104001522064209 52.5
28.9112315384055734 17.545269585439744 -0.659499406814575195 1.62400007247924805 45
28.9584327913823572 17.5841730170792232 -1.19002223014831543 1.62400007247924805 46
28.8547893300538156 17.7112568981951881 -1.70956230163574219 1.54280006885528564 45.5
29.132478602445012 17.9328758080032244 -2.11809229850769043 1.62400007247924805 47
29.1964432173892874 17.9328758080032244 -0.869183242321014404 1.54280006885528564 47
29.6061962978490385 17.8349289738706815 -0.905068516731262207 1.54280006885528564 47.5
29.6969411638566001 17.8129989614744026 -1.1880190372467041 1.62400007247924805 45
29.7143466236811555 17.8129989614744026 0.614174425601959229 1.54280006885528564 47
29.7779628930659364 17.8515556267995805 -0.648642539978027344 1.62400007247924805 49
29.8779801304285968 17.6953436670123239 -0.0828585252165794373 1.54280006885528564 47.5
14.296133060162493 -31.7273357519062351 0.192176014184951782 -5.1156001091003418 51
14.292512345994238 -31.7273357519062351 0.374856501817703247 5.19680023193359375 50.5
29.8572590109676845 17.7335629380857505 -2.25945496559143066 1.62400007247924805 48
29.9032804858801384 17.7335629380857505 -1.5345463752746582 1.54280006885528564 46.5
29.1367979385439995 19.0033521430688381 0.979736685752868652 1.38040006160736084 45.5
14.6327892038121519 -31.6562559702670718 -0.168813064694404602 -5.03439998626708984 51.5
14.3233139182547102 -31.7957108423827854 0.375664353370666504 -5.1156001091003418 57
14.6324968977853818 -31.6562559702670718 0.19259016215801239 5.19680023193359375 55
29.7982941012255047 17.7717802652462993 -3.53427386283874512 1.62400007247924805 45.5
14.7074421273599025 -31.7024979485397012 -0.381237179040908813 -4.95320034027099609 45.5
14.3590464077362832 -31.8640894107377939 0.011914275586605072 -5.03439998626708984 55
14.6642578878040677 -31.724334632620522 -0.169176101684570312 -5.1156001091003418 56
14.9596963205252749 -31.5845798545032537 -0.352644979953765869 5.19680023193359375 50.5
14.388864144040042 -31.9324679790928059 -0.169539153575897217 -5.03439998626708984 48
15.0771910052546847 -31.612968230946727 -0.222072020173072815 -5.1156001091003418 48
33.0205256182024058 -13.5125401030167662 1.24347913265228271 2.43600010871887207 45.5
32.9811233408731113 -13.5616117243879053 1.67878317832946777 2.35480022430419922 49
33.0672814862847346 -13.5901027945358255 1.30946731567382812 2.43600010871887207 46.5
33.0404671459722721 -13.5901027945358255 1.8674473762512207 2.35480022430419922 47
33.1592687308691083 -13.5693160579365362 1.24870395660400391 2.43600010871887207 45.5
33.0841694761282668 -13.761947484311996 1.12656581401824951 2.35480022430419922 45
29.0135808651592022 20.8893102602040521 2.65922784805297852 1.05560004711151123 47
33.2532283725096391 -13.5438339632852447 1.18033015727996826 2.35480022430419922 47
28.8115729652009449 20.9330121878684423 4.72314691543579102 1.05560004711151123 45.5
33.5273073682113321 -13.4931404116539948 0.82310330867767334 2.43600010871887207 45
33.4204359144269887 -13.6828665239035647 1.63593161106109619 2.35480022430419922 49.5
33.1894129407582668 -14.1255607858192302 2.39875149726867676 2.27360010147094727 48
32.9526730793306157 -14.6495662386989967 2.51677989959716797 2.19239997863769531 45.5
33.4784786662015179 -13.6161946319251435 2.45793962478637695 2.35480022430419922 50.5
33.2686948267809441 -13.9873807887794861 3.13015460968017578 2.27360010147094727 49
31.4121504272725964 17.9617886633906139 -1.70347011089324951 1.78640007972717285 47
31.0951070673251735 18.3465548015932853 -2.95788407325744629 1.70520007610321045 47
33.6087258702467011 -13.5219129182477271 2.30251264572143555 2.35480022430419922 50
33.4138993336891517 -13.9346918768389845 2.65064716339111328 2.27360010147094727 46.5
33.1297634983599636 -14.8056101191414218 0.950224995613098145 2.19239997863769531 45
33.0340904229199737 -14.9507631595251613 1.70699810981750488 2.11120009422302246 45
29.8813076300573393 20.4892588566672202 2.23335480690002441 1.21800005435943604 45.5
29.4221176891541774 21.1923438960259602 -1.70699703693389893 1.05560004711151123 45.5
33.8620222500268682 -13.2362167329613687 1.14306366443634033 2.43600010871887207 46.5
33.7899684951263382 -13.3816696640928114 1.51975858211517334 2.35480022430419922 46.5
33.2638374537824859 -14.7134730647650933 0.414139211177825928 2.19239997863769531 47.5
33.2609116309936965 -14.7134730647650933 0.605075180530548096 2.11120009422302246 46.5
30.2977805641257163 20.0725044961392207 1.50984573364257812 1.29920005798339844 50.5
33.9736360342377424 -13.1177553419700601 1.52289211750030518 2.43600010871887207 45
33.2409046148173601 -14.743810431235099 2.50295758247375488 2.27360010147094727 48.5
33.2529396880226855 -14.7711390881975362 2.15824556350708008 2.19239997863769531 49.5
33.1556188463471457 -15.0763090909447559 1.41860592365264893 2.11120009422302246 48.5
33.0463608613720083 -15.3040478989650701 1.5253753662109375 2.03000020980834961 46.5
30.2828145291894053 20.2095418237226205 1.76866042613983154 1.29920005798339844 47.5
33.3208272215048353 -14.6052743134557712 3.23793721199035645 2.27360010147094727 50
33.167418761061775 -14.9384571337314824 3.29250144958496094 2.19239997863769531 50
33.189876281857515 -15.189485285994003 1.33691942691802979 2.11120009422302246 48.5
33.058930464441822 -15.4405134382565237 1.66534185409545898 2.03000020980834961 45.5
31.9208952768558696 17.7225875497339871 -1.02083122730255127 1.86760008335113525 50
31.8270310448537899 17.9142817750980967 0.440746515989303589 1.78640007972717285 52
32.0193455073852533 17.6812294237568679 -1.30225718021392822 1.94880008697509766 49.5
32.0254718043694595 17.7086705454698894 -0.576386034488677979 1.86760008335113525 55
31.8951812901494307 17.9510671206015822 -0.129754379391670227 1.78640007972717285 55.5
31.7817267536577468 18.1477284928782332 0.376781284809112549 1.70520007610321045 52.5
33.1941215228946263 -15.251865734317871 3.25372576713562012 2.03000020980834961 47
32.066851596071885 17.7953709874868657 0.312544584274291992 1.94880008697509766 48.5
32.0250099228143483 17.8503656956634948 -0.905049443244934082 1.86760008335113525 52
31.7512947740519635 18.3544838539492403 0.155024722218513489 1.70520007610321045 50
33.2183179655071115 -15.7744081958877072 1.94732809066772461 2.03000020980834961 47.5
34.0090673523555438 -14.0820186122327762 2.58656072616577148 2.35480022430419922 45.5
30.3054970140672744 -21.442030064840111 0.28600725531578064 0.893200039863586426 45.5
30.194920644249315 -21.6759360670736179 1.50354743003845215 0.812000036239624023 47
30.1233076973779674 -21.8153909420494259 0.717695951461791992 0.730800032615661621 48.5
30.1300524696758778 -21.8153909420494259 0.329701036214828491 0.649600028991699219 48
33.4548508773793429 16.4376158017221599 -0.0584473088383674622 2.27360010147094727 49.5
33.5363885995218425 16.269932557499434 0.160102590918540955 2.19239997863769531 49.5
33.4754675027445856 16.3956949906664811 -0.00508058024570345879 2.11120009422302246 47.5
32.8916784333974164 -17.4902939460092703 -1.28564095497131348 1.70520007610321045 45.5
32.8421092142947373 -17.6300299828615401 0.0609901845455169678 1.62400007247924805 48
30.452713590206411 -21.4634552605088444 1.17388606071472168 0.812000036239624023 46.5
30.4145033274905217 -21.5472968826202091 0.312574595212936401 0.730800032615661621 46
30.1530669273988607 -21.9106105784361134 -0.378645777702331543 0.649600028991699219 45.5
33.6023871949379114 16.302669171981897 0.353946417570114136 2.27360010147094727 55.5
33.6015928641363928 16.302669171981897 -0.422696501016616821 2.19239997863769531 56.5
33.6774870539288784 15.9806296149058173 -2.33861637115478516 2.11120009422302246 49
32.9302352871907829 -17.6234980799895915 -0.185886919498443604 1.70520007610321045 48.5
32.9283641868308266 -17.6234980799895915 0.397231101989746094 1.62400007247924805 48.5
33.7551272031589917 16.1623711417179585 -0.00510102557018399239 2.27360010147094727 55
33.6426986922566229 16.33540578646436 -1.39790844917297363 2.19239997863769531 57
33.6426986922566229 16.33540578646436 -1.39790844917297363 2.11120009422302246 51.5
30.4192662104270006 -21.7509225058247218 -1.48204612731933594 0.730800032615661621 48.5
33.5319287229149765 16.4946622932564928 -3.12823891639709473 2.19239997863769531 52
29.9061750517720455 -22.591126964712938 -1.22952044010162354 0.487200021743774414 47
29.7726806312185204 -22.7926242597726052 -0.577775776386260986 0.406000018119812012 45
34.7808311861370285 -13.8231270883214048 3.33101940155029297 2.35480022430419922 45.5
30.6476457522741264 -21.7207153228854715 0.901650965213775635 0.812000036239624023 48
30.4269700671317516 -22.0353041526808262 0.724930822849273682 0.730800032615661621 47.5
34.8896783904845051 -14.0906595547525963 1.2985762357711792 2.35480022430419922 48
33.8300049928561819 -16.2595390388063343 2.94630646705627441 2.03000020980834961 46.5
32.9142455071100315 -18.2684577800014445 0.662216007709503174 1.62400007247924805 48.5
30.5321973312948387 -21.9381454102875999 -2.00633549690246582 0.730800032615661621 46.5
33.8796262911073569 -16.291928886974496 3.14956879615783691 2.03000020980834961 48.5
33.9675408389440321 -15.9477996020355093 3.87938547134399414 1.94880008697509766 47
32.9467639021338314 -18.3614186964021044 0.738107860088348389 1.70520007610321045 47
33.0440419381732085 -18.1869970040357636 0.707253932952880859 1.62400007247924805 50
30.8279205797676035 -21.7225718492993281 -0.972096920013427734 0.812000036239624023 50.5
33.3803284001044602 -17.7366368201564484 0.074736669659614563 1.78640007972717285 46.5
33.1162927493285935 -18.1381319279362856 1.77753520011901855 1.70520007610321045 45
30.8990754986596663 -21.7657583135235448 -0.582397997379302979 0.812000036239624023 51.5
30.8823184796562167 -21.7657583135235448 -1.17238497734069824 0.730800032615661621 50
31.0131349760780637 -21.7237513992351623 0.883035361766815186 0.812000036239624023 49
30.8588412344667979 -21.8089425811929445 2.57247185707092285 0.730800032615661621 48.5
30.7860429326483036 -22.2992004528530785 0.930589199066162109 0.730800032615661621 45.5
31.3056356479895292 -21.5052546475587896 3.01518535614013672 0.974400043487548828 47
31.7900685059014592 -21.0991770750154615 1.24384808540344238 0.974400043487548828 49
31.8140596280789225 -21.0991770750154615 -0.145745709538459778 0.893200039863586426 47
33.3095555084578336 18.7603353667762427 1.25932562351226807 1.78640007972717285 45
31.8798124012196524 -21.0641523468491449 1.74399244785308838 0.974400043487548828 46
31.6887490421107216 -21.4130706861547928 0.604975104331970215 0.893200039863586426 46
33.7173228484643346 18.184119068669073 -1.13382315635681152 1.86760008335113525 45
33.3986539296285088 18.7971207122797246 0.0627082213759422302 1.78640007972717285 48.5
33.2528343978003846 19.0030509519301738 1.39235842227935791 1.70520007610321045 48.5
34.0184792169104355 17.8118367608894914 -0.204199939966201782 1.94880008697509766 46.5
33.7732830778603699 18.2724877116021531 -0.204199939966201782 1.86760008335113525 45.5
33.5205852133578972 18.7331386623148113 -0.00523391738533973694 1.78640007972717285 48
33.3322656295515003 19.0402392961232501 0.994726598262786865 1.70520007610321045 49
32.2198231030925584 -20.8828430989738862 -0.591642379760742188 1.05560004711151123 46
30.6440864122749339 -23.0757335622622755 -1.73514068126678467 0.487200021743774414 48
38.0097282419865081 -6.07929570878297998 2.09890961647033691 3.4104001522064209 45
38.0592367918394672 -5.90105962223387515 1.66577315330505371 3.32920026779174805 49
38.0609547648531219 -5.75654387638325016 2.08054089546203613 3.24800014495849609 47.5
38.1331952146677224 -6.02355076654648425 1.2111361026763916 3.4104001522064209 51.5
38.1331952146677224 -6.02355076654648425 1.2111361026763916 3.32920026779174805 57.5
38.1600120252396806 -5.91253981491942593 0.863662958145141602 3.24800014495849609 57
38.1476154214768144 -6.02355076654648425 0.605644047260284424 3.16680002212524414 52
31.6360345047123239 -22.1539246942695236 -0.505584478378295898 0.812000036239624023 46
31.4697199667464389 -22.395252849980519 0.00789956282824277878 0.730800032615661621 46
29.9686605746145993 -24.2486530858409743 -2.40268135070800781 0.162400007247924805 47
38.2372714572525609 -5.88049717495061408 1.01041173934936523 3.4104001522064209 52.5
38.2131517668306913 -6.0352471006072097 1.01041173934936523 3.32920026779174805 59.5
38.2381220457852606 -5.92402059154153182 0.664857983589172363 3.24800014495849609 59.5
38.2094094262561512 -6.10295019308196984 0.69651484489440918 3.16680002212524414 53.5
30.4806536135419996 -23.7879651345247325 -1.65907597541809082 0.406000018119812012 48
30.4118258137950477 -23.9330431898277851 0.142478227615356445 0.324800014495849609 51
38.3152262778315063 -5.9355013681636386 0.462614268064498901 3.4104001522064209 50.5
38.2812867996214621 -6.04694343466793516 1.21583962440490723 3.32920026779174805 56.5
38.3051702771122322 -5.99364505503544454 0.539269387722015381 3.24800014495849609 56.5
38.2984259404814864 -6.04694343466793516 0.407103449106216431 3.16680002212524414 52
30.4699758511409549 -23.9794255273810961 -0.261712014675140381 0.406000018119812012 46
30.3053636308426313 -24.1877737386717406 -0.192978993058204651 0.324800014495849609 49.5
38.3575094160204628 -6.12660527895478335 0.699214577674865723 3.32920026779174805 48.5
38.3627556552014894 -6.12660527895478335 0.293998479843139648 3.24800014495849609 48.5
38.3863333259024557 -5.9469821447857445 0.667434990406036377 3.16680002212524414 46.5
30.6037696676985789 -23.9238595995952252 0.617113709449768066 0.406000018119812012 47
30.6181525984310028 -23.880167485878431 -1.26054489612579346 0.324800014495849609 47.5
34.1027450777181755 18.765510163911415 -0.119417622685432434 1.86760008335113525 46
33.9082847726933849 19.0914016053271958 -0.94996035099029541 1.78640007972717285 45
34.2526178951719587 18.6262225159714099 -0.906604290008544922 1.94880008697509766 49
34.1303990735778413 18.8698936634854277 -0.207390561699867249 1.86760008335113525 50
34.1657705037964519 18.9598930348149501 -0.27971842885017395 1.86760008335113525 48.5
34.1657705037964519 18.9598930348149501 -0.27971842885017395 1.78640007972717285 45.5
34.2823671511181445 18.8739805768069466 1.10220372676849365 1.94880008697509766 45
34.2526960267762206 18.9424709158622342 0.81135714054107666 1.86760008335113525 47
34.353972309412562 18.910137994119669 0.901140213012695312 1.86760008335113525 45
34.5264572920011119 18.700749851408645 -1.64196479320526123 1.94880008697509766 46
30.3806106725055329 -25.0343988169015574 0.829436898231506348 0.162400007247924805 48.5
30.4232656537303718 -25.1116618002424659 -0.363086163997650146 0.162400007247924805 46.5
33.6676312749228543 20.7044008127482257 -0.210182368755340576 1.62400007247924805 46
26.0200413870187717 29.5567870716224945 4.18497085571289062 -0.974400043487548828 52.5
26.0836063611248541 29.4083351024028943 4.79118680953979492 -1.05560004711151123 46.5
26.1773987119190927 29.3202579100700405 5.40113019943237305 -0.812000036239624023 47.5
26.0550085326425744 29.5086532094583873 4.94790458679199219 -0.893200039863586426 52
26.073745609972736 29.6425130274448385 3.94804739952087402 -0.974400043487548828 51.5
30.8379478167780938 -24.9623771689554736 0.0811491832137107849 0.243600010871887207 47
30.6646789025762097 -25.1706035524899576 -0.473350673913955688 0.162400007247924805 47.5
35.2234539260248738 18.2588323790806726 -3.45745229721069336 2.11120009422302246 47.5
35.5336503696509993 17.959164064489304 -2.61501097679138184 2.19239997863769531 49.5
35.6034703879712708 17.959164064489304 -1.36802184581756592 2.11120009422302246 53
35.5944227469725405 18.1777468097613131 -0.779408395290374756 2.11120009422302246 50.5
35.4012796975172321 18.3619906715537518 -3.68639063835144043 2.11120009422302246 45.5
35.5529610239314664 18.0266804030898378 -3.87667202949523926 2.03000020980834961 47.5
30.4592849288106216 -26.4610386547719756 -0.409882158041000366 -0.0812000036239624023 48
30.4364390206886029 -26.4610386547719756 -1.24872434139251709 -0.162400007247924805 45
36.6257071738877187 17.8063357091053156 0.133271917700767517 2.19239997863769531 49.5
36.4879532599138301 18.0760515686602119 -0.641347587108612061 2.11120009422302246 50
36.7772196675481595 17.6198994825402586 1.27099406719207764 2.27360010147094727 49
36.5852099084296327 18.0532592788411641 0.492332905530929565 2.19239997863769531 52.5
36.5884587795171825 18.0532592788411641 0.0695399269461631775 2.11120009422302246 53
36.5986013197860061 18.1732753406117027 1.01983678340911865 2.19239997863769531 49
36.6442435662917134 18.0864440643918023 0.919546365737915039 2.11120009422302246 50
29.7702612006959306 -29.2643623112488029 1.57461977005004883 -0.649600028991699219 46
29.4359654751437603 -29.4940504920720201 2.96237373352050781 -0.730800032615661621 47
30.437838873839457 -28.8866522197539126 1.76049554347991943 -0.487200021743774414 46
38.3123262153246813 17.2714581088102079 2.04160189628601074 2.35480022430419922 47
37.6206277674216523 19.137567456386904 -1.18013966083526611 2.11120009422302246 46.5
37.7432901301471873 18.9106814898512994 -0.88371884822845459 2.03000020980834961 47.5
36.9077152111625253 -21.8612014479326433 -0.564467370510101318 1.38040006160736084 49
36.8854947239784892 -21.9960831939796115 1.57593631744384766 1.46160006523132324 49
36.8400508330410474 -22.0927456689531567 1.2538226842880249 1.38040006160736084 52
36.8400508330410474 -22.0927456689531567 1.2538226842880249 1.29920005798339844 47
36.7405594563441937 -22.3303441880382536 2.18857955932617188 1.38040006160736084 45.5
37.3656627462512745 -21.6200041040204667 1.6195063591003418 1.46160006523132324 49
37.2485892098100777 -21.8791202580761457 -0.294519037008285522 1.38040006160736084 51.5
37.3376125794748503 -21.8522137243213521 -1.05317163467407227 1.46160006523132324 54
37.166191057503184 -22.149633114283656 -0.89094310998916626 1.38040006160736084 53.5
37.6395097854214171 -21.494645423655367 0.685638487339019775 1.62400007247924805 45
36.9983209190944322 -22.2855270345055914 -3.7016451358795166 1.46160006523132324 50
37.0203118029192666 -22.2855270345055914 -3.47485542297363281 1.38040006160736084 49
37.7733972329928562 -21.5690202205637611 -0.444846391677856445 1.54280006885528564 46.5
37.572771073451328 -22.069043173628895 0.157454788684844971 1.46160006523132324 45
37.4648473585626292 -22.3415710027870027 1.60068929195404053 1.46160006523132324 45
37.2655482763646901 -22.6415676837326352 1.9902031421661377 1.38040006160736084 47
37.2324717015714128 -22.9263446880514046 0.0387524738907814026 1.38040006160736084 47
37.1206699952926797 -23.0793326888296306 -1.12968528270721436 1.29920005798339844 45
42.3671786310710843 11.110655343395214 0.125420376658439636 3.08560013771057129 48
37.3100246158870377 -22.9164107994067763 1.1137157678604126 1.38040006160736084 48.5
37.1988605479748742 -23.1189202810351624 -0.447914332151412964 1.29920005798339844 47
42.391876776616968 11.2283664774458725 1.36678576469421387 3.16680002212524414 49
42.4397222128422413 11.1296796627026975 0.125635117292404175 3.08560013771057129 53
42.462269176849162 10.992614642226064 -1.06478273868560791 3.00440025329589844 50.5
37.6186145692155023 -22.5554197696349235 1.052825927734375 1.46160006523132324 46
37.5619383964637095 -22.6321761811018405 1.37874686717987061 1.38040006160736084 46.5
42.5634174707961037 10.9455019530567537 0.392522603273391724 3.08560013771057129 52
42.5019928169341412 11.0114056276361225 -1.98292899131774902 3.00440025329589844 50.5
41.1989167279486708 -15.4917873627621177 0.924393415451049805 2.51719999313354492 47.5
41.151976320692448 -15.5908115717570475 1.2814563512802124 2.43600010871887207 47.5
41.2768589650298523 -15.5181790908991388 0.466012954711914062 2.51719999313354492 48.5
41.2768589650298523 -15.5181790908991388 0.466012954711914062 2.43600010871887207 48
42.508051523417997 12.0117138147097595 -0.463797330856323242 3.00440025329589844 49
42.4502726186356938 12.1883566649260811 -0.921518504619598389 2.92320013046264648 48
42.481047982377369 12.2698731937240524 -1.69504415988922119 2.92320013046264648 49
41.3770710296466433 -15.493548755662367 2.4393765926361084 2.43600010871887207 45.5
42.9281005928454888 11.0388936063251073 0.163187265396118164 3.24800014495849609 49
42.8090131178663071 11.3435294057971987 -1.84889078140258789 3.16680002212524414 52.5
42.8736829025139983 11.2438304168790602 0.359609305858612061 3.08560013771057129 61.5
42.8915155091629927 11.0388936063251073 1.77944540977478027 3.00440025329589844 59.5
42.9086635560677863 9.80927274300138663 5.22785377502441406 2.92320013046264648 46
42.9539389652246086 11.0575721269845815 2.01230144500732422 3.24800014495849609 53
42.9838082208664574 11.1241505843472606 0.0756758004426956177 3.16680002212524414 61.5
42.9674013540185129 11.1851808369297121 -0.233083978295326233 3.08560013771057129 67
42.992516009032677 11.0575721269845815 0.856604874134063721 3.00440025329589844 64.5
42.9297732454501784 11.0575721269845815 2.47484636306762695 2.92320013046264648 52.5
43.0531005844178907 11.1429415697573191 0.539711415767669678 3.24800014495849609 53.5
43.0399821597015659 11.2040749150278067 -0.23347771167755127 3.16680002212524414 63.5
43.0406149339068236 11.2040749150278067 -0.0030292910523712635 3.08560013771057129 66.5
43.0691128299871622 11.0762506476440574 0.627640068531036377 3.00440025329589844 62.5
43.0387979301627013 11.1429415697573191 1.23393690586090088 2.92320013046264648 52.5
43.0976663839706902 11.2229689931259013 1.15707492828369141 3.24800014495849609 52.5
43.1877919177175968 10.9279207011439219 -0.312835842370986938 3.16680002212524414 58.5
43.0664304500839847 11.4011113580961538 -0.00303439958952367306 3.08560013771057129 60.5
43.2781950157621154 10.3712258106118824 2.03427290916442871 3.00440025329589844 53.5
42.9314642454338653 11.6404901610249318 2.4680473804473877 2.92320013046264648 52.5
43.000574245200113 11.9277495306471621 0.264689534902572632 3.16680002212524414 52.5
42.8634201845685894 12.3403972469949359 1.35365772247314453 3.08560013771057129 57.5
42.8756641777501812 11.9277495306471621 3.28585529327392578 3.00440025329589844 55.5
42.7697291445366758 12.7028580789220342 0.882236480712890625 2.92320013046264648 49
42.92798021321493 12.1340733888210472 1.15902280807495117 2.84200000762939453 52
37.8906086107321158 -23.5543777547702717 0.940028488636016846 1.21800005435943604 46
42.9340760412590967 12.3332091586464436 1.62700998783111572 3.16680002212524414 55.5
42.9340760412590967 12.3332091586464436 1.62700998783111572 3.08560013771057129 65
42.9396427428914365 12.1544669969269279 2.55850648880004883 3.00440025329589844 64.5
42.935460279045607 12.3611376214151161 1.35593283176422119 2.92320013046264648 60
42.9421474501141986 12.3611376214151161 1.1244121789932251 2.84200000762939453 57.5
43.0116898549965114 12.1748606050328068 2.56279921531677246 3.16680002212524414 53.5
42.9902258787127352 12.3818779958352962 1.82496094703674316 3.08560013771057129 66.5
42.9902258787127352 12.3818779958352962 1.82496094703674316 3.00440025329589844 70.5
43.0075003735226247 12.3818779958352962 1.3582078218460083 2.92320013046264648 68
43.0196475575665289 12.3818779958352962 0.8943595290184021 2.84200000762939453 60
42.0640373835504775 -15.0395336885699393 3.03807425498962402 2.59840011596679688 46
42.7586501089749405 12.8341599945255478 4.3017268180847168 3.16680002212524414 49
43.0167929426453881 12.5539381605839448 1.86468005180358887 3.08560013771057129 64
43.0917079992917849 12.4026183702554764 0.895857632160186768 3.00440025329589844 70
43.0917079992917849 12.4026183702554764 0.895857632160186768 2.92320013046264648 69
43.0862500794675043 12.4026183702554764 1.12818551063537598 2.84200000762939453 60
42.0699442460388795 -15.2440677664233615 3.04316329956054688 2.59840011596679688 45
42.0738096350257607 -15.3057165698905138 2.65561914443969727 2.51719999313354492 47.5
43.0080112378907202 12.4570415971239417 3.65910840034484863 3.16680002212524414 46.5
43.1589530391857252 12.4570415971239417 0.618675410747528076 3.08560013771057129 56.5
43.1622112827932085 12.4570415971239417 -0.318532377481460571 3.00440025329589844 64.5
43.1633093864698978 12.4570415971239417 -0.0826958492398262024 2.92320013046264648 64.5
43.1097637380000265 12.6254558593653634 0.633990585803985596 2.84200000762939453 58
43.1686135250374221 12.6465325559774477 -1.23929941654205322 3.00440025329589844 56
43.1909883414638713 12.5959239330322301 -0.938728451728820801 2.92320013046264648 56
43.2005432506102451 12.5959239330322301 -0.236233755946159363 2.84200000762939453 52
43.1974146279824325 12.7971590296146704 1.40416800975799561 3.00440025329589844 48
43.9195412062672474 10.420634463479086 1.00340747833251953 3.24800014495849609 46
43.9389778181217281 10.2908702010751778 1.40958166122436523 3.16680002212524414 46
43.9761981398722028 10.4888063316404896 1.17460644245147705 3.24800014495849609 51.5
43.9761981398722028 10.4888063316404896 1.17460644245147705 3.16680002212524414 56
44.0244605870199237 10.6250749198570631 1.02218174934387207 3.24800014495849609 51.5
44.0244605870199237 10.6250749198570631 1.02218174934387207 3.16680002212524414 57
43.8698571158374264 11.1571777661365328 1.7445216178894043 3.00440025329589844 50
44.210620583920317 9.91690024562380046 2.44270634651184082 3.24800014495849609 47
44.047146960397022 10.886477113549283 -0.473302364349365234 3.00440025329589844 49.5
44.0828868000959133 11.0634950159666641 0.0278901960700750351 3.00440025329589844 46.5
41.7269236000945725 18.204109722893552 -0.00620505446568131447 2.43600010871887207 50
41.869287125724739 18.0232685380640021 1.21853184700012207 2.51719999313354492 49
42.1328300703165226 17.5335272862767653 1.89898025989532471 2.51719999313354492 49.5
42.1116951310555336 17.876746298021569 0.299432665109634399 2.43600010871887207 50
42.1570165292637213 18.141842365681601 -0.685296833515167236 2.43600010871887207 48.5
43.0377938872179513 -15.4426035106916988 4.7932286262512207 2.59840011596679688 46
43.0219375805530433 -15.6264440286761257 4.31602239608764648 2.51719999313354492 46
43.1607653545570784 -15.2548832495887012 5.00395822525024414 2.59840011596679688 47
43.4106021338098671 -15.7920183161938041 2.73999500274658203 2.59840011596679688 46
43.4459985415605487 -15.9913696997064001 2.2458806037902832 2.51719999313354492 45.5
42.476985769587877 18.5340032738357401 0.720452606678009033 2.35480022430419922 49
42.476985769587877 18.5340032738357401 0.720452606678009033 2.27360010147094727 45.5
42.4520462561985852 18.7786400531594708 0.683640956878662109 2.35480022430419922 48.5
43.6399322687818056 -15.8943974256543381 3.4864351749420166 2.59840011596679688 45
43.696181877676743 -16.0689971776754419 1.28902566432952881 2.51719999313354492 49
43.5685954579116839 -16.4154884511844799 2.92092370986938477 2.59840011596679688 48
43.6854833732324153 -16.3105599028459451 1.32925224304199219 2.51719999313354492 51.5
43.7586548335441066 -16.1648258079313116 -0.318039655685424805 2.43600010871887207 47.5
43.7696322294272662 -16.1207497070691304 2.75073766708374023 2.59840011596679688 47.5
43.7476844147397657 -16.3367829338570907 1.57337450981140137 2.51719999313354492 50
45.9925938265683953 11.9787244291078352 1.48126876354217529 1.46160006523132324 46
45.9493241823834069 12.2951775051966621 -2.37251782417297363 1.54280006885528564 48.5
46.0593359318445223 12.0809343347285694 -0.853896796703338623 1.46160006523132324 47.5
46.0180884448492122 12.3622247563599306 -2.19110536575317383 1.54280006885528564 48
46.0237035705883173 12.4635544674776373 -1.32991397380828857 1.46160006523132324 46.5
46.0184945842160289 12.5547907699240788 -2.66947174072265625 1.54280006885528564 46.5
46.3925058945084103 12.3032188483139393 2.75168228149414062 1.21800005435943604 45
46.094730462112139 12.195085088904932 6.14503955841064453 1.05560004711151123 45
46.2454238929951345 13.6887517573197535 4.62400150299072266 1.13680005073547363 45
44.3367438600174069 20.8015226818122052 -0.317199259996414185 2.27360010147094727 47.5
44.4313272239285197 20.7353100514063726 1.34415137767791748 2.27360010147094727 46
47.3221765202140503 -15.6027513935377051 4.43471050262451172 2.67960023880004883 46.5
51.2018591857912853 4.82187720211633586 1.49056565761566162 -1.21800005435943604 45
51.3139825088726909 4.53273333242078902 1.07484579086303711 -1.05560004711151123 45
51.3045083890651341 4.59068020740912353 1.26448822021484375 -1.13680005073547363 50.5
51.3053000828132824 4.66794270739356865 0.895721197128295898 -1.21800005435943604 51.5
51.3037594614642032 4.66794270739356865 -0.980014264583587646 -1.29920005798339844 49
51.3927247037882751 4.59736248800631664 0.460845679044723511 -1.05560004711151123 49
51.3784888516226061 4.74566450374845505 0.538236379623413086 -1.13680005073547363 54.5
51.3784888516226061 4.74566450374845505 0.538236379623413086 -1.21800005435943604 56.5
51.3947380431829046 4.59736248800631664 -0.0738781392574310303 -1.29920005798339844 53.5
51.4306957384993666 4.75256234178426773 1.61329197883605957 -1.05560004711151123 49
51.4691281234249871 4.60404476860350975 0.19376450777053833 -1.13680005073547363 54.5
51.4559917948010508 4.75256234178426773 -2.25878602577722631e-06 -1.21800005435943604 59
51.4691281234249871 4.60404476860350975 0.19376450777053833 -1.29920005798339844 57
51.3576933837252128 5.54680849401180165 1.38791370391845703 -1.46160006523132324 48
51.4112801680629659 5.07542663130765614 1.19420707225799561 -1.54280006885528564 48.5
51.5220095972802525 4.84999338976230998 0.151713728904724121 -1.05560004711151123 50
51.5368947264485868 4.68832694343690015 -0.176406785845756531 -1.13680005073547363 51
51.5438300808340486 4.61072704920070287 0.194045737385749817 -1.21800005435943604 60
51.5421236724451646 4.61072704920070287 0.46218535304069519 -1.29920005798339844 59.5
51.4561774415866324 5.17332628241313053 1.8871452808380127 -1.46160006523132324 54
51.5048052796639055 4.96639323111660502 -0.80791550874710083 -1.54280006885528564 54
51.4299839690549945 4.84999338976230998 -3.08178067207336426 -1.62400007247924805 49
51.6115828335297451 4.69512134318957219 -0.176662445068359375 -1.05560004711151123 51
51.6240746727804733 4.55912472497304666 -2.2653428004559828e-06 -1.21800005435943604 60.5
51.6233769355274248 4.55912472497304666 -0.268528759479522705 -1.29920005798339844 61.5
51.5966761325898275 4.85702207916162632 0.151933595538139343 -1.38040006160736084 55.5
51.5927138578459008 4.85702207916162632 -0.657171666622161865 -1.46160006523132324 58
51.5045171393255643 4.85702207916162632 -3.08624696731567383 -1.54280006885528564 56
51.4157056859839798 4.69512134318957219 -4.49572515487670898 -1.62400007247924805 48.5
51.6568976570073985 4.86405112607311985 1.23124241828918457 -1.05560004711151123 51
51.6846532396889486 4.70191608853734966 -0.445829272270202637 -1.13680005073547363 46
51.6739299161418444 4.62409127052017954 -1.42578780651092529 -1.21800005435943604 60
51.6875212570186164 4.56572265700730195 -1.07912874221801758 -1.29920005798339844 62
51.665697224016526 4.62409127052017954 -1.69811928272247314 -1.38040006160736084 59
51.6206239015029809 4.70191608853734966 -2.61022567749023438 -1.46160006523132324 58.5
51.5585851005159981 4.98078835309887502 -3.24258589744567871 -1.54280006885528564 54
51.7803619083074409 4.43593034419798826 0.719306766986846924 -1.05560004711151123 49.5
51.7308140065988695 4.63077355111737266 -1.96970987319946289 -1.13680005073547363 51
51.7403593934900243 4.63077355111737266 -1.70057320594787598 -1.21800005435943604 57.5
51.790729398642263 4.36448783499421378 -0.269306004047393799 -1.29920005798339844 60
51.7850571863405804 4.43593034419798826 0.177175432443618774 -1.38040006160736084 59.5
51.7518279760808468 4.70871083388512712 -0.988573372364044189 -1.46160006523132324 56.5
51.8332062160713036 4.63745583171456577 1.00774407386779785 -1.05560004711151123 49
51.7698179694103899 4.7155055792329037 -2.61776971817016602 -1.13680005073547363 50
51.8445702541904367 4.40330658915955286 -1.39798402786254883 -1.21800005435943604 53.5
51.8825834893962963 4.16265320097801172 0.269696265459060669 -1.29920005798339844 57.5
51.8332062160713036 4.63745583171456577 1.00774407386779785 -1.38040006160736084 60.5
51.7643957204511906 4.99518384117361336 2.1675727367401123 -1.46160006523132324 55
48.7489787449205423 -7.70090842180932178 16.5358982086181641 -1.54280006885528564 46
51.8403734098493629 3.69316452970654652 -3.99402046203613281 -1.21800005435943604 47.5
51.9112923464955713 4.40965147550499381 -1.66996312141418457 -1.29920005798339844 56.5
51.8941091940201673 4.88513826680760044 -0.390907824039459229 -1.38040006160736084 60.5
51.8650440682262825 4.88513826680760044 1.78006875514984131 -1.46160006523132324 54
51.9685239162462409 4.89216695620691766 0.423499256372451782 -1.29920005798339844 54.5
51.9583594078616784 5.00957896315588336 0.270473450422286987 -1.38040006160736084 58
51.8584291096195855 4.65082005303404333 3.73004031181335449 -1.46160006523132324 51
51.9987857217916485 5.01677670719325253 1.90629017353057861 -1.29920005798339844 52.5
52.0012227401351836 5.13435741126809475 1.47884261608123779 -1.38040006160736084 54
52.1076665549772216 5.0239744512306217 -0.27124902606010437 -1.29920005798339844 49
52.1494114753781517 5.14909029359458525 -1.51881098747253418 -1.38040006160736084 47
52.3108531293798507 4.44137558451787662 -0.31497761607170105 -1.13680005073547363 47.5
52.342484144811614 4.68423111614509935 1.56615304946899414 -1.13680005073547363 47
51.959228737155712 5.1638228012483145 6.14037227630615234 -1.46160006523132324 45
53.7287730918888968 5.39825349550299194 -0.279798448085784912 -1.46160006523132324 45
53.8541573047523983 4.61515971493199029 1.59240829944610596 -1.29920005798339844 48
53.8451482030203223 4.61515971493199029 1.87245011329650879 -1.38040006160736084 49.5
53.8358502898970954 4.81787536858932519 1.61083638668060303 -1.46160006523132324 48
53.902060788951637 4.98018854109576115 1.41010212898254395 -1.29920005798339844 51.5
53.9291815343184382 4.8245576491865183 0.767867565155029297 -1.38040006160736084 52
53.9334365465688705 4.8245576491865183 -0.361793339252471924 -1.46160006523132324 48
53.9359723389691723 5.4952813226572097 1.03137052059173584 -1.21800005435943604 47.5
53.9979621726806585 4.91255112074781319 0.661726534366607666 -1.29920005798339844 52.5
54.0038764492916386 4.83123992978371142 0.768931150436401367 -1.38040006160736084 52
54.0081373549706214 4.83123992978371142 -0.362294435501098633 -1.46160006523132324 47
54.0566228400881741 5.08897848216785231 -0.688556194305419922 -1.29920005798339844 52
54.0607743408603838 5.08897848216785231 0.159189477562904358 -1.38040006160736084 49.5
54.1138199824498116 5.09600752907934584 -1.53824925422668457 -1.29920005798339844 48
51.6751894136585008 19.4505063131436735 2.58423280715942383 2.67960023880004883 48.5
51.5610236621116016 20.1063006413362899 0.905624270439147949 2.67960023880004883 47
51.5610236621116016 20.1063006413362899 0.905624270439147949 2.59840011596679688 48.5
53.5817562330921362 20.291959561112705 0.722692966461181641 2.67960023880004883 46.5
53.6979224397438912 20.1894679892849993 -0.899644136428833008 2.67960023880004883 48.5
57.4977559490379733 -18.3480636884097663 1.580436110496521 2.76080012321472168 48
58.2521073854344067 14.8281205268161447 -6.40481424331665039 0 47
58.1792943887013223 14.8281205268161447 -7.03555631637573242 0.0812000036239624023 50
58.479647869978578 14.7633229305601432 -5.04486513137817383 0 45.5
58.2317499136128944 14.8011388192142412 -7.29831790924072266 0.162400007247924805 47
58.2603190965506315 15.0053446179463741 -6.62198114395141602 0.0812000036239624023 50.5
59.1271432315367775 13.9988144047786207 5.92595148086547852 3.16680002212524414 48
59.2936476491606825 14.0903597850823488 3.58160185813903809 3.08560013771057129 48
59.2756107766669871 14.1076699846097195 4.86228370666503906 3.16680002212524414 52
59.3856475549760177 14.3368145972455032 2.0166175365447998 3.08560013771057129 51.5
59.4074032647105454 13.8420208661092712 -4.95974445343017578 3.08560013771057129 49
59.6569662382591943 13.3919135577429707 -4.0409245491027832 3.08560013771057129 48
59.6407038082820975 14.067604469172645 -2.98523592948913574 3.08560013771057129 47.5
58.7913009692111856 18.4504985874071785 1.97092223167419434 3.00440025329589844 48.5
58.8223594734035728 18.404276043973173 1.39111483097076416 2.92320013046264648 51
59.0437801260421651 17.6107890483560787 2.10114598274230957 2.84200000762939453 49
58.7913009692111856 18.4504985874071785 1.97092223167419434 2.76080012321472168 46.5
58.9006928417829698 18.4266659014019147 1.0688319206237793 3.00440025329589844 55
58.9390088969637489 18.2646901860693767 1.60315263271331787 2.92320013046264648 62
58.9088235529887214 18.4266659014019147 0.429234087467193604 2.84200000762939453 60.5
59.0677712044067533 17.9098862381980943 0.458695501089096069 2.76080012321472168 52
59.0930776700892508 17.9316481674360801 2.38836503028869629 3.08560013771057129 52
59.0312139603464772 18.1247107015385325 2.45994067192077637 3.00440025329589844 62
59.02964591376562 18.2173807179077123 1.69354844093322754 2.92320013046264648 67
59.0494377178347705 18.2173807179077123 0.728892028331756592 2.84200000762939453 64.5
59.0315602638078545 18.2868832301845963 -0.324427694082260132 2.76080012321472168 52
59.0350315148693738 18.1467069323402335 3.75211620330810547 3.00440025329589844 65
59.0724604606114951 18.1467069323402335 3.10769009590148926 2.92320013046264648 68.5
58.7092434417739071 18.3312681896299274 7.41564130783081055 3.08560013771057129 52.5
58.889896749863432 18.4938343348926928 5.26885175704956055 3.00440025329589844 63
58.9921529648097547 18.2615969845173147 4.92369842529296875 2.92320013046264648 65.5
58.8840206230721392 18.6014809801471124 5.81012582778930664 2.92320013046264648 57
60.8642285809357233 18.608979209832448 3.64887666702270508 3.00440025329589844 50.5
60.9158784512723699 18.608979209832448 2.65046501159667969 2.92320013046264648 50.5
60.9724557847320483 18.8143087508495874 1.41843807697296143 3.00440025329589844 50
61.0452402684752755 18.6308712344148546 -0.0043472624383866787 2.92320013046264648 52
60.9817500754109147 18.7186022205358142 -2.11439228057861328 2.84200000762939453 45
60.901246022450735 19.0759649340627711 -3.21809768676757812 2.92320013046264648 47
70.3004195434850203 13.2414093675707623 1.3852851390838623 3.32920026779174805 48
70.2209257685072146 13.2414093675707623 3.61797451972961426 3.24800014495849609 46.5
70.4188933696662218 13.0583836551121966 0.893599033355712891 3.4104001522064209 49
70.3447738835372718 13.4611439460512301 0.742232203483581543 3.32920026779174805 55
70.3564410489251202 13.3626914304883542 1.24514365196228027 3.24800014495849609 54.5
70.3277701219513318 13.3626914304883542 2.36303019523620605 3.16680002212524414 48
70.3668917735618464 13.761947484311996 -3.13410669150471222e-06 3.4104001522064209 49.5
70.4213793342513981 13.4752402450554971 0.371512413024902344 3.32920026779174805 56
70.385682181946521 13.6006746622302153 1.32953965663909912 3.24800014495849609 55.5
70.3417420968290656 13.6006746622302153 2.81981229782104492 3.16680002212524414 48.5
70.4960730397537958 13.2830487355070712 -2.34841060638427734 3.4104001522064209 46
70.4870324470984286 13.4893351101975938 -1.12543714046478271 3.32920026779174805 50.5
70.4413361867096626 13.6149007295744333 2.07451224327087402 3.24800014495849609 50.5
70.3203467133034934 13.937783750829162 3.5267188549041748 3.16680002212524414 46
71.3346993010717085 13.3678746896984197 3.783721923828125 3.4104001522064209 47
71.2819735643013814 13.7856207737514964 3.23933672904968262 3.32920026779174805 49.5
71.2488249715892721 13.249816013770376 5.45006990432739258 3.24800014495849609 46.5
71.4045616189079766 13.6725755263556987 2.64798593521118164 3.4104001522064209 50.5
71.4083176250013878 13.7998468410957127 1.72587442398071289 3.32920026779174805 56
71.467192760787853 13.5725766362028306 0.887793481349945068 3.24800014495849609 54.5
71.4880668214722874 13.463486937854249 -0.867958664894104004 3.16680002212524414 46.5
71.4366952924434742 14.1416808621073056 0.54118269681930542 3.4104001522064209 50
71.4699795636651771 13.9778776088782628 0.377341598272323608 3.32920026779174805 57
71.4908912565957166 13.8140743556492218 -1.30572259426116943 3.24800014495849609 56.5
71.4804872457780647 13.4773676684561909 -3.5187995433807373 3.16680002212524414 48.5
71.5004590976542289 14.1562443065426891 1.30209946632385254 3.4104001522064209 47.5
71.5445772686043284 13.9922723647680627 -3.18656020681373775e-06 3.32920026779174805 52
71.6126060444545232 13.4912469871233753 -2.00766515731811523 3.24800014495849609 51
71.7167250123803086 13.0630980280451858 -0.690832853317260742 3.16680002212524414 45
72.5041581721147566 20.8646056868487051 0.720144689083099365 3.08560013771057129 46
72.1958174267072366 20.9211748843729204 6.54002857208251953 3.00440025329589844 45.5
72.6698967490026604 20.5361548729599157 1.17394137382507324 3.08560013771057129 47
72.4995820677022209 20.5361548729599157 5.10911893844604492 3.00440025329589844 46
72.0939183987071175 22.8380519840414919 -16.8305377960205078 -0.487200021743774414 48.5
72.3007553868943944 22.6372754220902195 -16.5576972961425781 -0.487200021743774414 47
72.3471435433291958 22.8601595550988108 -16.0407962799072266 -0.568400025367736816 47.5
78.5576672988345592 3.7751784909372188 2.04874944686889648 0.324800014495849609 48
78.5576672988345592 3.7751784909372188 2.04874944686889648 0.243600010871887207 47
78.5669259733643628 4.05045192256805731 -0.767016947269439697 0.162400007247924805 47.5
78.545812691260835 3.7751784909372188 2.4615929126739502 0.0812000036239624023 47.5
78.6049192077713599 4.09367527823547483 2.46393942832946777 0 45.5
78.6323199189210129 4.1428781060988813 1.16501855850219727 0.406000018119812012 47.5
78.6392354779243163 4.09367527823547483 0.82143634557723999 0.324800014495849609 51
78.6496758259781075 3.77877717990966877 1.22943902015686035 0.243600010871887207 50
78.6339143577579733 4.09367527823547483 1.22943902015686035 0.162400007247924805 49.5
78.6421298496845793 3.77877717990966877 1.64277732372283936 0.0812000036239624023 49.5
78.7072124134494544 4.14682394511536856 1.16612815856933594 0.406000018119812012 47.5
78.6999964010404938 4.14682394511536856 1.57986617088317871 0.324800014495849609 52
78.6656789362022266 4.14682394511536856 2.81003046035766602 0.243600010871887207 51
78.7072124134494544 4.14682394511536856 1.16612815856933594 0.162400007247924805 48.5
78.7331180422208519 3.78237623497458797 0.413795918226242065 0.0812000036239624023 50
78.6793083046215145 3.78597492394703794 4.5213923454284668 0.324800014495849609 51
78.6793083046215145 3.78597492394703794 4.5213923454284668 0.243600010871887207 49
78.7893218605286876 4.1507693827648513 -0.473366320133209229 0.0812000036239624023 49
78.688470708915716 4.15471522178133856 5.28341197967529297 0.324800014495849609 49
78.7295692842652954 3.78957397901195758 4.93415927886962891 0.243600010871887207 47.5
78.8668277444102586 3.78957397901195758 1.64747107028961182 0.0812000036239624023 47.5
78.8288902573787595 3.79317266798440755 4.52998828887939453 0.243600010871887207 46
78.8231695567846202 3.79677135695685752 5.76700019836425781 0.162400007247924805 45
78.7123569663707343 11.0171223364856452 1.79930508136749268 3.4104001522064209 45
78.7036838995459078 11.1368967181178178 3.72573375701904297 3.49160003662109375 50
78.7575807642265602 11.0871784291976478 2.54939937591552734 3.32920026779174805 55
78.7938067698369053 11.0871784291976478 0.889715373516082764 3.24800014495849609 49
78.8486888365439995 11.1473928942874636 1.65612196922302246 3.4104001522064209 59
78.8622370400119195 11.097627747437965 1.30864584445953369 3.24800014495849609 52
78.9423357119088109 11.1080781286811554 0.89139246940612793 3.49160003662109375 52.5
79.0355702730180099 10.759543601101587 -2.37715411186218262 3.4104001522064209 46.5
79.0103601390071049 11.1983016348814495 -0.0380836315453052521 3.32920026779174805 47.5
78.7907055630410582 15.2225114638890844 -0.601829230785369873 3.24800014495849609 48.5
78.7479500314437075 15.4030155523936969 1.25285696983337402 3.16680002212524414 47.5
78.8271321916825656 15.4174117726533737 0.832388222217559814 3.32920026779174805 46.5
78.7680302108788339 15.7386078512503218 -3.51111748386756517e-06 3.24800014495849609 52
78.7636310630554277 15.7386078512503218 0.832388222217559814 3.16680002212524414 50
78.819274212736147 15.8638167373500494 -0.147996574640274048 3.24800014495849609 50
78.7640864973663781 15.9843777258542925 2.20873737335205078 3.16680002212524414 48
79.7500882842473118 27.5956652321211777 3.1946718692779541 2.84200000762939453 48
79.8980044489038335 27.2052103129668836 2.82642555236816406 2.76080012321472168 48.5
79.8476520967383721 27.3772411626703871 4.39491987228393555 2.84200000762939453 50.5
79.7913575242461661 27.4934254422959157 4.68264198303222656 2.76080012321472168 50.5
79.9080903087875356 27.6446811192506594 2.76226973533630371 2.84200000762939453 47.5
79.9584151833721393 27.2535326674677663 4.58888721466064453 2.76080012321472168 47.5
84.9584864904906141 10.041116836178972 2.07678413391113281 3.49160003662109375 47.5
84.9075063748731935 10.4902402729409712 1.93679928779602051 3.4104001522064209 52.5
84.9291878776643472 10.3619192910089701 1.65682423114776611 3.32920026779174805 52.5
85.0036188395900751 10.3710003577128873 1.65827631950378418 3.49160003662109375 52
85.011115828203387 10.3710003577128873 1.21454954147338867 3.4104001522064209 57
84.989402753304077 10.6171644528907994 -3.74388037016615272e-06 3.32920026779174805 56
84.9271237853478596 10.9596536287905018 -1.78671324253082275 3.24800014495849609 47
85.0908014387887306 10.3800823482282709 0.765620052814483643 3.49160003662109375 51.5
85.0908014387887306 10.3800823482282709 0.765620052814483643 3.4104001522064209 56
85.0393029071103399 10.8192808789582582 0.192863374948501587 3.32920026779174805 54.5
85.0097682313866585 10.9692511089636202 1.33833229541778564 3.24800014495849609 46
85.1372594367014983 10.5178217853957445 -1.63193058967590332 3.4104001522064209 48.5
85.1194312198779244 10.6357586249873357 -1.78984236717224121 3.32920026779174805 48
85.998449954128148 -5.51341604250799566 0.00587230920791625977 3.49160003662109375 49
85.9673678042306193 -5.97645684295300317 0.158629670739173889 3.4104001522064209 49
86.0200502821700042 -5.9816580731084974 1.95795607566833496 3.49160003662109375 49.5
86.0626651432070986 -5.51821429447126199 1.3524090051651001 3.4104001522064209 51
86.0082691641195538 -6.34810199110073015 -1.15837836265563965 3.32920026779174805 46.5
93.8355328692676949 14.9971728467600105 3.74008584022521973 3.32920026779174805 49.5
93.9436457629050068 15.0089997881225923 2.75732922554016113 3.4104001522064209 51
94.0065707877237173 14.7116741187857745 2.14759707450866699 3.32920026779174805 53.5
93.9690853614613673 14.9138555739348106 2.38111710548400879 3.24800014495849609 50
94.0732640322445661 14.925607542610468 -0.0974046364426612854 3.32920026779174805 51
94.1050466007411188 14.7232667705017128 0.168839916586875916 3.24800014495849609 48
100.812627055096087 7.0115439733381173 2.97720742225646973 3.97880029678344727 45.5
100.885522805537704 7.5477421378120475 1.23467361927032471 4.06000041961669922 45
100.918472352704342 7.16845861329887946 0.675985455513000488 3.97880029678344727 47
