
X Y Z V_r Mag
6.49547868776590409 2.91235767081421493 1.08024656772613525 0 52.5
6.49634754158872241 2.87906844195412059 1.16122198104858398 -0.0812000036239624023 46.5
6.50925255636655109 2.87906844195412059 1.08655440807342529 0.0812000036239624023 46.5
6.65105463761626403 2.87542266999842644 0.648879826068878174 -0.0812000036239624023 51.5
6.62495046134352794 2.90905866076350428 0.75699162483215332 0.0812000036239624023 51.5
6.7934701286228778 2.80495495641607295 0.0591294877231121063 0 73.5
6.78591646438180529 2.8214871074362069 0.114246532320976257 -0.0812000036239624023 67.5
6.78677432611163223 2.8214871074362069 0.03758273646235466 0.0812000036239624023 67.5
6.84595916936071003 2.8669785634941527 0.209544733166694641 0 79
6.84467361605673652 2.8669785634941527 0.247998535633087158 -0.0812000036239624023 73
6.84704051773463629 2.8669785634941527 0.170579120516777039 0.0812000036239624023 73
6.91053692654878748 2.89593805265073501 0.32867780327796936 0 72
6.90206320115948735 2.91936797217056254 0.29802548885345459 -0.0812000036239624023 66
6.90497983005873017 2.91936797217056254 0.220349878072738647 0.0812000036239624023 66
6.9855899110272146 2.90785912065346697 -0.355696231126785278 0 53
6.37154825203163355 -7.17247925601820313 0.344846874475479126 0 51.5
6.57543347679034884 -7.09673487190791707 0.07519492506980896 0 68
6.57543347679034884 -7.09673487190791707 0.07519492506980896 -0.0812000036239624023 62.5
6.59391217457444512 -7.0798090987892266 -0.0474917218089103699 0.0812000036239624023 62
6.64218799475065236 -7.1346911992103994 -0.200067728757858276 0 70.5
6.643516498541576 -7.1346911992103994 -0.149556949734687805 -0.0812000036239624023 65
6.65599019174314677 -7.12128928609712819 -0.21801169216632843 0.0812000036239624023 64
6.66836883585502438 -7.18957399749534076 -0.611167550086975098 0 58.5
6.67288724457476956 -7.18957399749534076 -0.559681713581085205 -0.0812000036239624023 53
6.67624527695835468 -7.17606899169403434 -0.680012047290802002 0.0812000036239624023 52.5
6.54276624592042388 -7.21600280381608972 1.76961100101470947 0 49.5
10.3798008621842577 1.58234428516914538 -1.78281605243682861 0 46.5
10.3048667250859971 2.72058845876062172 -1.19739341735839844 0 50.5
10.3417249263751696 2.8381316248910764 -1.27817773818969727 0 54.5
10.3346133746576232 2.8381316248910764 -1.33445727825164795 -0.0812000036239624023 48
10.3238810662494256 2.87861852396227613 -1.33080458641052246 0.0812000036239624023 48
10.3520237074243813 3.81716488879347349 -1.21444010734558105 0 49.5
10.7651167841091961 5.23780503548590204 -0.823202252388000488 -3.73520016670227051 52
10.7971752900583162 5.18232298959040261 -0.75136268138885498 -3.81640005111694336 53.5
10.8116683846832426 5.18232298959040261 -0.501363277435302734 -3.89760017395019531 48.5
10.6437177630058972 5.60098786277771854 -1.07044708728790283 -3.5728001594543457 47.5
10.8400564368727998 5.27959497086725094 -0.651686489582061768 -3.65400028228759766 53
10.8273783747968295 5.27054164996836505 -0.891575396060943604 -3.73520016670227051 63.5
10.8323994484375721 5.27054164996836505 -0.828347265720367432 -3.81640005111694336 66.5
10.8688758020741059 5.2147128377585652 -0.692783832550048828 -3.89760017395019531 59.5
10.7160279566953438 5.63577651659660361 -1.01354944705963135 -3.5728001594543457 48.5
11.0099315302702276 5.13019634956355741 -0.291551440954208374 -3.65400028228759766 48.5
10.8946289968790708 5.30327784818748249 -0.897113144397735596 -3.73520016670227051 66
10.8996812572313306 5.30327784818748249 -0.833492279052734375 -3.81640005111694336 69.5
10.8946289968790708 5.30327784818748249 -0.897113144397735596 -3.89760017395019531 62.5
10.9506689379739974 5.33601404640660082 -1.02977240085601807 -3.73520016670227051 60
10.9564958422319521 5.33601404640660082 -0.965809941291809082 -3.81640005111694336 65.5
10.9564485437705006 5.34517983062602209 -0.9142875075340271 -3.89760017395019531 59.5
11.0059361232556103 5.37797226050540811 -1.11210775375366211 -3.81640005111694336 54.5
10.9837068621351559 5.4240823399038538 -1.1079326868057251 -3.89760017395019531 52.5
10.8019987913334461 5.97406714575918318 -1.62168467044830322 -3.65400028228759766 47
11.0064734802226312 5.77493157423387782 -0.714298844337463379 -3.73520016670227051 54
11.1537635839917382 5.50889889664928933 -0.498113453388214111 -3.81640005111694336 56
11.2477543537014277 5.31909780503923191 -0.444677740335464478 -3.89760017395019531 52.5
11.2954896805217828 5.17752485965795906 -0.779538810253143311 -3.97880029678344727 48
10.5067901020451711 -6.78322399471462223 -0.686204969882965088 0 46
10.9870370677631666 5.88954127644465153 -1.21406745910644531 -3.65400028228759766 49.5
11.0403778591215875 5.80972022805276289 -1.11033952236175537 -3.73520016670227051 57
11.2120783657480807 5.48887091588928921 -1.01844918727874756 -3.81640005111694336 55
11.4036670213439333 5.1414145875951851 -0.630777359008789062 -3.89760017395019531 48.5
10.9478979894214952 6.07438450060905577 -1.41611790657043457 -3.65400028228759766 48
11.0296295438351688 5.91221197506143259 -1.46732163429260254 -3.73520016670227051 58.5
11.1075899991897789 5.71067718603137564 -1.66421711444854736 -3.89760017395019531 49
11.0183950779520536 6.05352240878481052 -1.6141437292098999 -3.73520016670227051 55.5
11.1428902550734268 5.87929753569053304 -1.38761842250823975 -3.81640005111694336 57.5
11.3814985048505459 5.66872851190666971 -0.943149089813232422 -3.81640005111694336 53
11.2452354424154919 6.11234114752742475 -0.815236091613769531 -3.73520016670227051 52
11.3492036204032622 5.9488752856900371 -0.535831987857818604 -3.81640005111694336 52
11.1638143546113611 6.32701534552061506 -1.322174072265625 -3.73520016670227051 53.5
11.6041181118674928 5.74120167914164004 -0.856549918651580811 -3.81640005111694336 50.5
12.0218089212411936 4.87702192907598242 -0.20344892144203186 -3.89760017395019531 49
11.521836815371497 6.05324124714669232 -0.952918052673339844 -3.73520016670227051 49
11.5904716533474907 5.88690757063565773 -1.14358639717102051 -3.81640005111694336 51
11.5341703484825722 6.17167515677281031 -1.0672372579574585 -3.73520016670227051 48.5
11.7430200406889806 5.83545580860952917 -0.560882806777954102 -3.81640005111694336 47.5
10.2037163128754109 -8.30506294467432582 -1.07244026660919189 0 49
11.5145784908382325 6.33395068670296091 -1.23918390274047852 -3.73520016670227051 47.5
12.9390293199532564 2.94277908750324757 0.383687227964401245 0 64.5
12.9312529646841856 2.97263817632797034 0.414445102214813232 -0.0812000036239624023 59
12.9423933757846115 2.94277908750324757 0.245254501700401306 0.0812000036239624023 58.5
13.010252106608208 2.9894326988612252 0.138342767953872681 0 72
13.0093326935147093 2.9894326988612252 0.20750899612903595 -0.0812000036239624023 66.5
13.010252106608208 2.9894326988612252 0.138342767953872681 0.0812000036239624023 66
13.0770737880179357 3.03642370018080854 0.0302034486085176468 0 66
13.0767279394596319 3.03642370018080854 0.0997648760676383972 -0.0812000036239624023 60
13.0838982666623185 3.00622722139448006 0.0695614218711853027 0.0812000036239624023 60
13.2047481214071141 2.80709181766155558 0.0699500367045402527 0 59
13.2049332174163219 2.80709181766155558 -0.000919515034183859825 0.0812000036239624023 53
13.2287392994272306 2.76840429429931145 1.27162361145019531 -0.0812000036239624023 50.5
12.7421743043245392 4.55972472002239559 -1.06139206886291504 -3.97880029678344727 47
9.66540915222248209 -9.6064917222942956 0.785935044288635254 0 49.5
12.3367506504782494 6.18040009522939027 -0.217325866222381592 -3.81640005111694336 47.5
12.3856188614033869 6.24519822036507222 -0.331052869558334351 -3.73520016670227051 47
12.3418525283083991 6.32495366682170523 -0.435067921876907349 -3.81640005111694336 48
10.9815949285398098 -8.55381368621420712 -0.916169166564941406 0 46.5
9.92960138197273245 -10.0893352061181076 -0.734141647815704346 0 48
13.4466544848031617 4.36448770152300192 -1.03410398960113525 -3.89760017395019531 48
13.4623308475615229 4.38397202161908606 -0.690708160400390625 -3.97880029678344727 47
13.5401833635119804 4.38045776808503273 -0.733174145221710205 -3.89760017395019531 47.5
13.5260889828181625 4.44456202810579004 -0.594398081302642822 -3.97880029678344727 50
13.5910141999440235 4.48406481127269885 -0.618993043899536133 -3.97880029678344727 47
5.67317928562761331 13.398033294478914 -0.10117986798286438 0 51.5
5.54861947374871267 13.4398510127273898 -0.534554064273834229 -0.0812000036239624023 45.5
5.57430579257810521 13.4398510127273898 -0.00396742671728134155 0.0812000036239624023 46
5.70056908271659868 13.4670960233999768 -0.177476316690444946 0 53.5
5.69377413852434522 13.4670960233999768 -0.330008536577224731 -0.0812000036239624023 47
5.8310182308620444 13.4122700116342006 -0.029912751168012619 0.0812000036239624023 48
9.72404079148411782 -11.107206115486786 -0.611265659332275391 0 52
9.69412065831501657 -11.2229685126295351 -0.769100785255432129 0 51
12.6352755866580555 -8.93950748652666682 -1.2085803747177124 0 46
12.8507843788818441 8.80530080188416342 -0.827061355113983154 -4.14120006561279297 50.5
12.8602133608459184 8.80530080188416342 -0.664523780345916748 -4.22240018844604492 48
12.9293978057971088 8.83784016426649011 -0.654905736446380615 -4.14120006561279297 51
12.9125668374559073 8.84763387012228364 -0.831037580966949463 -4.22240018844604492 53.5
12.8520922843118335 8.90051988174355735 -1.14459693431854248 -4.30360031127929688 46.5
12.9125807148481222 -8.9017761560568136 -1.4443589448928833 0 46
12.9595994409662598 8.9017761560568136 -0.932574868202209473 -4.06000041961669922 53
12.8731769144627766 9.03363974271518444 -0.858603060245513916 -4.14120006561279297 58
12.9248205309469721 8.96081955306802413 -0.845736324787139893 -4.22240018844604492 57.5
12.9414094786192475 8.88996747665457221 -1.24536383152008057 -4.30360031127929688 50.5
13.0178254591098224 8.93230054489269243 -1.08667445182800293 -4.06000041961669922 56
13.0150792445584571 8.94416545595520063 -1.01993179321289062 -4.14120006561279297 62.5
12.9863671351318448 9.0034900112677505 -0.849763631820678711 -4.22240018844604492 60
13.0437269694166478 8.92241311900726686 -0.826061129570007324 -4.30360031127929688 48
13.2724026806574624 8.68256561642276914 -1.12534689903259277 -4.06000041961669922 53.5
13.1582216607539078 8.90111989967368622 -0.664306342601776123 -4.14120006561279297 59
13.1307252469360396 8.96469932752849807 -0.168019667267799377 -4.22240018844604492 58
13.1708847938498863 8.90111989967368622 0.328432738780975342 -4.30360031127929688 45.5
12.7585992606637166 9.51003526013761302 -1.40641605854034424 -4.06000041961669922 47.5
12.9574779859193097 9.30841612468969259 -0.811049938201904297 -4.14120006561279297 58.5
13.1150970049059481 9.11278567643329218 -0.389868110418319702 -4.22240018844604492 57
13.0266379099920577 -9.37016846249158952 -0.330436468124389648 0 47
13.1781591570484871 9.07133389465955808 -1.28435647487640381 -4.06000041961669922 55.5
13.0473177702282079 9.27791081067767465 -1.13596343994140625 -4.14120006561279297 57
13.52259755827947 -8.76916228099672246 0.506718933582305908 0 45.5
13.2853785796666415 9.09155795309219172 -0.926243782043457031 -4.06000041961669922 53.5
13.2115041763439187 9.22051622193037979 -0.673706889152526855 -4.14120006561279297 57.5
13.2603962017408286 9.17417184406665598 -0.109933316707611084 -4.22240018844604492 54.5
13.4972716285915002 8.58579974249242817 -2.03059601783752441 4.79080009460449219 45
13.5713322665276532 8.57572487773944303 -1.51377570629119873 3.81640005111694336 45
13.5538692471181115 8.58579974249242817 -1.61006355285644531 3.73520016670227051 49
13.6023570614947094 8.51124574332034989 -1.59693658351898193 3.65400028228759766 47.5
13.4668120165631251 -9.00428661847043443 0.0883566141128540039 0 68.5
13.4192255106635763 -9.06906565889108585 0.341254055500030518 -0.0812000036239624023 62.5
13.690728921100618 8.62573410101225946 -0.775039136409759521 -1.46160006523132324 45
13.7561026807298941 8.47593257003950384 -1.1697160005569458 -1.86760008335113525 45
13.2035512745758119 9.36462003081030403 -0.640423238277435303 -4.06000041961669922 45.5
13.2275074673534352 9.32818182057368794 -0.676840424537658691 -4.14120006561279297 57
13.2804452605578494 9.26340278015303831 -0.509075284004211426 -4.22240018844604492 56
13.6038912244369854 8.61561237594653129 -1.77352416515350342 3.73520016670227051 54
13.5600502747772609 8.62573410101225946 -2.04004073143005371 3.65400028228759766 53.5
13.4572659685622398 8.6803914163671827 -2.44802308082580566 3.5728001594543457 47
13.473655451935965 -8.99416489340470804 0.0751030221581459045 0.0812000036239624023 62
13.485710846145226 -9.11105249910907489 0.00332855409942567348 0 71
13.5294507335460761 -9.04597355268686698 0.00332855409942567348 -0.0812000036239624023 65.5
13.8103390372067469 8.59042092773141341 -0.595711052417755127 -1.38040006160736084 47
13.7915333578343322 8.59042092773141341 -0.934860050678253174 -1.46160006523132324 48
13.7643841379892429 8.59042092773141341 -1.27360403537750244 -1.54280006885528564 47
13.8133695749225698 8.50297109347657099 -1.32890450954437256 -1.94880008697509766 49
13.8957476692212456 8.41755497629742422 -0.963660717010498047 -2.03000020980834961 46
13.8528530748602936 8.50297109347657099 -0.820741236209869385 -2.11120009422302246 46.5
13.8492585067406608 8.51517339593073608 -0.752026557922363281 -2.19239997863769531 47.5
13.468557855336611 9.11105249910907489 -0.679973959922790527 -4.06000041961669922 52
13.2789830530794024 9.37136828479790474 -0.849551022052764893 -4.14120006561279297 59.5
13.1515144535157962 9.54423423623189393 -0.906058371067047119 -4.22240018844604492 56
13.6723781582807771 8.59042092773141341 -2.03627586364746094 3.73520016670227051 49
13.5524353886496112 8.66566845953209075 -2.47251796722412109 3.65400028228759766 49
13.5292080114884481 -9.04597355268686698 -0.0809989199042320251 0.0812000036239624023 65
13.5349250786871789 -9.15303827155736194 -0.591771423816680908 0 61
13.5309036664597464 -9.15303827155736194 -0.677537977695465088 -0.0812000036239624023 55
13.4612573336462393 9.25723580545232139 -0.648581027984619141 -4.06000041961669922 55.5
13.5309036664597464 -9.15303827155736194 -0.677537977695465088 0.0812000036239624023 54.5
13.4650411660020417 9.36948429358358581 -0.828305661678314209 -4.06000041961669922 58.5
13.2172938331184895 9.72045511816251206 -0.77238088846206665 -4.14120006561279297 62
13.0510032871398529 9.94622582403199651 -0.724279403686523438 -4.22240018844604492 55.5
13.6595144412232816 9.04519546151650999 -1.17590832710266113 -4.30360031127929688 49
13.7606169796708766 9.02670393998461407 -1.18913304805755615 -4.06000041961669922 61.5
13.6501139529185203 9.23701088422363625 -0.775907695293426514 -4.14120006561279297 66
13.499150398638653 9.44731782846265489 -0.878146946430206299 -4.22240018844604492 61.5
13.854044761294416 8.88443747770527814 -1.17566847801208496 -4.30360031127929688 45
13.9225890907236742 -8.97660181645758826 0.559260845184326172 0 57
13.914575355671742 -8.97660181645758826 0.732023477554321289 -0.0812000036239624023 51.5
13.9746833647143127 8.83783109156080471 -1.15395879745483398 -4.14120006561279297 63.5
13.956204507491826 8.88132639339412577 -1.03781974315643311 -4.22240018844604492 58
13.9029249583490699 -9.0138835037432905 0.435013502836227417 0.0812000036239624023 50.5
13.9914834145847191 -9.01722033554347391 0.388185888528823853 0 65
13.9855878693561042 -9.01722033554347391 0.561791419982910156 -0.0812000036239624023 59.5
14.2867524027214312 8.4159336080464584 -1.51106739044189453 -4.14120006561279297 54
13.993609619049133 -9.01722033554347391 0.301931679248809814 0.0812000036239624023 59
13.989563924801697 -9.09545689890481412 1.1359628438949585 0 56
13.974345130522682 -9.09545689890481412 1.30995428562164307 -0.0812000036239624023 50.5
13.8944506398090954 9.22921361800635687 -1.22126853466033936 -4.06000041961669922 50
13.5858156010366944 9.72035157095733027 -0.816101610660552979 -4.14120006561279297 55
13.7308292439542274 9.54061597966463282 -0.408171772956848145 -4.22240018844604492 53
14.0181304148587813 -9.06619761660135204 1.01079332828521729 0.0812000036239624023 50
14.1144348873838048 -9.1068536239374307 -0.296635657548904419 0 51.5
14.1247094732573153 -9.06906584956424844 -0.696185827255249023 -0.0812000036239624023 45
14.1196862554913878 9.0459733207806341 -1.02218616008758545 -4.06000041961669922 48.5
13.9030271071496472 9.40495717732588687 -0.701908588409423828 -4.14120006561279297 54.5
13.7548580631472515 9.61908789877393033 -0.719074547290802002 -4.22240018844604492 53.5
14.0918664489047956 -9.13624411511657364 -0.434047192335128784 0.0812000036239624023 45
13.2361932197608336 -10.4190502488469168 1.00607752799987793 0 47
14.0936850504595146 9.2318563022569915 -0.952096819877624512 -4.14120006561279297 51.5
13.9728193066369482 9.44694294977417215 -0.530286729335784912 -4.22240018844604492 51
14.2338368619810094 9.17969234594330885 -0.658525466918945312 -4.22240018844604492 45.5
11.0830495808306253 -12.4710342156901532 3.38968896865844727 0 46
13.4795645479038502 -10.7605178742189622 0.274008005857467651 0 68.5
13.47745190164569 -10.7605178742189622 0.363372355699539185 -0.0812000036239624023 63
14.9808382285242168 8.47347671545567671 -1.15636599063873291 -4.06000041961669922 45.5
15.0023763712889906 8.3958768269396753 -1.41437768936157227 -4.14120006561279297 48.5
13.4795645479038502 -10.7605178742189622 0.274008005857467651 0.0812000036239624023 62
13.5397153684806497 -10.807303210461864 0.184257805347442627 -0.0812000036239624023 66.5
15.0672441588459183 8.52114291594108408 -0.723843216896057129 -4.14120006561279297 49
13.5948700062729078 -10.8540885467047641 -0.358230173587799072 -0.0812000036239624023 58
14.8242962705337575 9.04507378892063763 -1.08947598934173584 -4.14120006561279297 45.5
13.5948700062729078 -10.8540885467047641 -0.358230173587799072 0.0812000036239624023 57.5
17.0857247686993539 3.80931129748607811 1.25287175178527832 0 49
13.8717235891941773 -10.8534877889627719 0.646326422691345215 0 64.5
13.888358893685778 -10.8336660783092285 0.621108889579772949 -0.0812000036239624023 58.5
13.8839780536350883 -10.8336660783092285 0.712366163730621338 0.0812000036239624023 58
13.961224840230436 -10.8797672539860777 0.0699900016188621521 0 72
13.9604490519528923 -10.8797672539860777 0.162906169891357422 -0.0812000036239624023 66.5
13.961224840230436 -10.8797672539860777 0.0699900016188621521 0.0812000036239624023 66
14.0173633411442413 -10.9258684296629252 -0.299310952425003052 0 69.5
14.0022806721646251 -10.945858837442346 -0.273865729570388794 -0.0812000036239624023 64
14.0150946818560076 -10.9258684296629252 -0.391393423080444336 0.0812000036239624023 63
13.8685820411801508 -11.206173898573164 0.840607404708862305 -0.0812000036239624023 52
14.7801380713290129 9.99276653375950907 -0.560925543308258057 -4.14120006561279297 48.5
14.6938980148208795 10.0886792482576482 -0.964578032493591309 -4.22240018844604492 49
13.4681638187167945 -11.4682895702599961 2.89699006080627441 0 51.5
14.803044430387315 10.0347533739774981 -1.2162468433380127 -4.14120006561279297 46
14.8289883774169819 10.0347533739774981 -0.842917978763580322 -4.22240018844604492 45
16.6706556966367536 -6.76581056974302619 -0.559505283832550049 0 45
15.2059504821093885 -9.49308154505887813 -2.31649279594421387 0 48.5
15.8036278080936938 9.03667590224604034 -0.857025325298309326 -4.06000041961669922 46
13.8690741180925166 12.050100562600834 -0.290626883506774902 0 47
15.4154591893398951 9.99276632020556832 -0.385819494724273682 -4.14120006561279297 49.5
15.4664969144957034 9.91929009726288236 0.189162716269493103 -4.22240018844604492 45
15.5160978713007189 9.95977740747308538 -0.675322175025939941 -4.14120006561279297 49.5
16.3796286186046913 -9.13422889000072225 -1.62919843196868896 0 46
15.9402353109359236 -9.90039701066522326 -2.2585599422454834 0 45
17.4491648102698242 -7.82198441470810657 0.329867422580718994 0 48.5
17.5578200547331313 -7.7662871221712404 0.218597203493118286 0 53.5
17.5909971879676306 -7.67751584521098795 0.502598345279693604 0.0812000036239624023 47.5
17.6831161914485193 -7.61838840209214219 0.890649557113647461 0 48.5
17.6743341369819547 -7.8003634401277484 1.09305334091186523 0 53
17.6531055605293759 -7.8003634401277484 1.39452934265136719 -0.0812000036239624023 47
15.8541693729592197 -11.9732972912978575 -0.548711955547332764 0 48.5
15.8337053836818438 -12.1256765699161537 -0.514071106910705566 0 49.5
18.6878966274186169 7.77348448438560435 0.63082420825958252 0 47
17.8477029019704609 -9.98856786499156257 -0.955860257148742676 0 47.5
17.9601769671565386 -9.92757546913518851 -1.0852963924407959 0 45.5
16.2468585419679172 13.7739809516405849 -0.0842245817184448242 0 48
16.2838733106379259 13.8465192378118598 -0.00437092361971735954 0 57.5
16.2219804829614098 13.9186365255087949 -0.0976360887289047241 -0.0812000036239624023 51.5
16.2332346368308649 13.9026104615761437 -0.300190210342407227 0.0812000036239624023 51.5
16.2787099251848488 13.9674743434498527 0.125766322016716003 0 57
16.2673259707085762 13.9808762570398049 0.108217619359493256 -0.0812000036239624023 51
16.3410102894406037 13.8951040100641023 -0.00438626017421483994 0.0812000036239624023 51.5
16.2466308328962761 14.1158330882708682 -0.340448677539825439 0 45
22.6088845547059769 -1.08684836686870323 -0.824423789978027344 5.19680023193359375 50
22.594504561225019 -1.17741906410776198 -1.06048142910003662 5.03439998626708984 51.5
22.7068248732199578 -0.908705956136892312 0.00154857244342565536 -5.1156001091003418 45.5
22.687030588863351 -0.908705956136892312 0.947909235954284668 5.19680023193359375 48.5
22.6910643330029238 -1.19551627354259882 -0.334640920162200928 5.1156001091003418 57
22.6960741031335722 -1.09044714736427073 -0.353230893611907959 5.03439998626708984 54.5
22.7782362613394511 -0.851874374467457507 0.516027152538299561 -5.1156001091003418 48.5
22.7877600061901653 -0.689476918465300126 -0.287562966346740723 5.19680023193359375 54.5
22.7626108060517325 -1.09404601938295531 -0.711814582347869873 5.1156001091003418 51.5
22.7640442367310492 -1.21655638092844254 0.397914350032806396 5.03439998626708984 51
22.8576963576054801 -0.88897794990161616 -0.0327512063086032867 -5.1156001091003418 51
22.8615305461554499 -0.783215299913321061 -0.0514659769833087921 5.19680023193359375 60
22.8652113455755064 -0.608849849932618148 -0.277591139078140259 5.1156001091003418 55.5
22.8418736084094363 -1.20340744986681791 0.257321387529373169 5.03439998626708984 49
22.8171294357551773 -1.55499679982790728 -0.475627511739730835 4.79080009460449219 47
22.8247200478749086 -1.51497849983233634 -0.0514659769833087921 4.62840032577514648 45.5
22.8924848690107261 -1.10124367189720762 -1.19329607486724854 -5.1156001091003418 49.5
22.9099490310874891 -0.82593275392290566 -1.07452750205993652 5.19680023193359375 60.5
22.92041845789511 -0.891892661354248828 -0.749338388442993164 5.1156001091003418 59.5
22.9228226546995231 -1.00947336590577352 -0.477186977863311768 5.03439998626708984 49.5
22.8866150072778645 -1.67194026228143744 -0.331695258617401123 4.87200021743774414 45
22.9104156543607935 -1.34500854718695417 0.0797982066869735718 4.79080009460449219 48.5
22.8851871324273439 -1.7120897711526899 0.198709741234779358 4.70960044860839844 45.5
22.9074126372370195 -1.37655458987150947 0.240954846143722534 4.62840032577514648 46.5
22.8991241111653068 -1.20735308819980314 -0.935406386852264404 4.30360031127929688 47
22.8179276229366046 -1.10484254391589221 -2.87614059448242188 5.19680023193359375 53.5
22.9577893145521905 -1.01277233192290117 -1.43697905540466309 5.1156001091003418 57
23.0544482585974819 -1.23256366021795127 0.76368248462677002 5.19680023193359375 48.5
23.0880174405516314 -1.39005024553768042 -1.44634044170379639 -5.1156001091003418 46.5
23.1211034641748334 -1.43059337769919614 -0.669826090335845947 5.19680023193359375 46.5
23.1320242699982863 -1.40742587360690141 -0.0963794291019439697 5.1156001091003418 53
23.135134492420331 -1.35819492741077541 -0.0394989624619483948 5.03439998626708984 52.5
23.1937595066285027 -0.371879658975237226 -1.57281637191772461 -5.1156001091003418 45.5
23.1918086972759845 -1.61244695883794287 -0.320181846618652344 5.03439998626708984 58.5
23.1749339678191077 -1.7664283801323768 -0.603859901428222656 4.95320034027099609 54
23.3030870805889734 -0.279809462236099094 -0.971346676349639893 -5.1156001091003418 50
23.2670788954376988 -1.61764845355244802 0.286233425140380859 5.1156001091003418 58
23.2572275419374854 -1.75755318467049748 -0.260792344808578491 5.03439998626708984 62.5
23.350924280094965 -0.622823493659209082 -1.38076138496398926 5.19680023193359375 52
23.2916879410498687 -2.24567344192616236 -0.119650423526763916 5.1156001091003418 49.5
23.3272950276153601 -1.77782480819154509 -0.486543595790863037 5.03439998626708984 57
23.2932958572396132 -1.87139453493846863 -1.21669399738311768 4.95320034027099609 52
23.5321637359819817 -0.267794604131347203 -0.876436293125152588 -5.1156001091003418 46.5
23.5084677721134057 -0.829868993022416568 -1.12507331371307373 5.19680023193359375 53.5
23.5233156251391193 -0.915210130602736038 -0.646961510181427002 5.1156001091003418 52
23.4426910661390551 -1.6950515602159999 1.47294735908508301 5.03439998626708984 45.5
23.6070539388341984 -0.808894490074413497 0.43969118595123291 5.19680023193359375 51
23.6026771052736777 -0.983072500710874819 0.2963581383228302 5.1156001091003418 50
14.7543832097860506 18.4652127136914963 1.74186968803405762 0 62.5
14.6325748300820582 18.5747897578625611 1.59842157363891602 -0.0812000036239624023 56
23.6338023768588918 -1.13723202599158535 -1.35652279853820801 5.1156001091003418 46.5
23.6428965523152677 -1.64365566256596329 0.0436266101896762848 5.03439998626708984 48
23.6227773264077108 -1.89538670998597558 0.248829185962677002 4.95320034027099609 47.5
14.7537493729999571 18.5385020926668886 1.97522664070129395 0 71
23.7626479687170118 -0.68331017328740129 -0.346860915422439575 5.19680023193359375 51
23.7438359175591742 -0.855623173507702561 -0.865372002124786377 5.1156001091003418 51
23.7084394894447072 -1.61617710551454929 -0.740633666515350342 5.03439998626708984 48.5
14.7613077685289777 18.5820808476143142 2.3733062744140625 0 67
14.7252196329332907 18.59698227571986 2.47844886779785156 -0.0812000036239624023 61
23.8423141108385614 -0.599037409842899327 -0.0878055840730667114 5.19680023193359375 50.5
23.8409734630990826 -0.634800837296206732 -0.16585153341293335 5.1156001091003418 47.5
14.7456422473044491 18.59698227571986 2.35388994216918945 0.0812000036239624023 61.5
17.269508054277015 -16.5507449367285275 -0.492566496133804321 0 51
23.9139496043482964 -0.600921194415179549 0.409395396709442139 5.19680023193359375 48.5
23.9046808715185684 -0.765352367016348123 -0.621391355991363525 5.1156001091003418 45.5
14.73176212536824 18.6809548044899429 3.16182708740234375 0 57
14.7937320876433791 18.6179751848247825 3.24290895462036133 -0.0812000036239624023 51
23.990916308703131 -0.638793285175205949 -0.166894614696502686 5.19680023193359375 48.5
23.8340762338620706 -2.81608870788506271 -0.080175347626209259 4.95320034027099609 58
23.8363207384159814 -2.79809453083787396 0.0212706532329320908 4.87200021743774414 62
23.8340762338620706 -2.81608870788506271 -0.080175347626209259 4.79080009460449219 55.5
14.7652162500395505 18.6989489815371321 2.88750672340393066 0.0812000036239624023 52
14.786277791923407 18.7573837915280137 3.02195620536804199 0 58
14.8399629706973428 18.6761569491268524 3.25304317474365234 -0.0812000036239624023 52
23.9356655207987181 -2.58421694898517451 0.106689497828483582 5.03439998626708984 51
23.9233078797164325 -2.69552780709047335 -0.123101867735385895 4.95320034027099609 64.5
23.9103736541263281 -2.80683866519577174 0.146079197525978088 4.79080009460449219 58.5
14.786277791923407 18.7573837915280137 3.02195620536804199 0.0812000036239624023 52.5
17.3651782927720717 -16.7395903420409518 -1.20800614356994629 0 45
24.0122298853596057 -2.53191207805522911 -0.474152058362960815 5.03439998626708984 50
23.9978360743645567 -2.70392517513407071 -0.123485371470451355 4.95320034027099609 61
23.9850847557136788 -2.81558279955366952 -0.103727668523788452 4.87200021743774414 61.5
23.9808707661337337 -2.83368944135144263 -0.332576006650924683 4.79080009460449219 47
14.4215031760356034 19.0982606892813642 3.75862932205200195 0 55.5
14.5149945422825244 19.0982606892813642 3.37964701652526855 -0.0812000036239624023 49.5
24.0078093889854571 -3.1966656027708229 0.507001101970672607 4.87200021743774414 56.5
24.0095511644192285 -3.09979694814140361 0.885053515434265137 4.79080009460449219 54
14.4536776198166628 19.0982606892813642 3.63294601440429688 0.0812000036239624023 50.5
14.2467582026516304 19.1573890319008484 4.52928018569946289 0 57.5
14.3619749892196324 19.1573890319008484 4.14947843551635742 -0.0812000036239624023 51.5
24.05302500134189 -3.30373106145318118 1.01360595226287842 4.79080009460449219 45.5
14.2609357705582038 19.142206444302257 4.54880857467651367 0.0812000036239624023 52.5
24.2406062440673828 -3.12858768022923517 0.638360917568206787 4.87200021743774414 45.5
24.2298404162453025 -3.25996392070761098 0.300038903951644897 4.62840032577514648 46.5
24.2396270320219962 -3.18358238554576456 0.328375846147537231 4.54720020294189453 47
24.3091714677491844 -3.19334807472146665 0.585159063339233398 4.87200021743774414 50
24.2751810114937854 -3.43238948530522325 0.640319108963012695 4.79080009460449219 52
24.3685328543220194 -3.34451775903394299 0.385730564594268799 4.87200021743774414 51.5
24.357308488432718 -3.42751590195114586 0.365606844425201416 4.79080009460449219 54
24.4523279864984744 -3.28996363861553665 -0.339805901050567627 4.87200021743774414 49.5
24.4427245569349196 -3.37629820457733176 -0.0975700318813323975 4.79080009460449219 54
24.4179978131456217 -3.5520507138566999 0.00168145331554114819 4.70960044860839844 50.5
24.5178290760244799 -3.33707662237487979 -0.550039887428283691 4.87200021743774414 47
24.5204000186076954 -3.33707662237487979 -0.420136928558349609 4.79080009460449219 48
24.6116676021157552 -3.23241033472068873 -0.313103079795837402 4.87200021743774414 48
18.851204330024359 -16.592834909437574 -0.758717775344848633 0 46.5
18.8222730023603972 -16.7557283192020705 -0.087620757520198822 0 53
18.8216596415002648 -16.7557283192020705 0.175240159034729004 -0.0812000036239624023 47
18.8383786469554018 -16.8434973017171963 0.487628132104873657 0 49.5
25.2952501863821659 -2.44001051742655539 -0.7920340895652771 5.03439998626708984 45.5
25.3127574562802771 -2.3574059947011774 -0.370933294296264648 4.95320034027099609 51
25.2962670469108595 -2.54167762231932848 -0.263472229242324829 4.87200021743774414 46
25.3691678632414117 -2.54917527235825503 -0.396364718675613403 4.95320034027099609 50.5
25.3758500649682368 -2.50456470509198592 0.208620578050613403 4.87200021743774414 47
25.4243959184582913 -2.74522734568866689 0.380097359418869019 4.95320034027099609 45.5
25.4085551311316031 -2.86347345953090304 0.535255014896392822 4.87200021743774414 45
25.7170150801004347 2.06333239293411097 0.133682295680046082 4.06000041961669922 54
25.717362199257213 2.06333239293411097 -1.1277538760623429e-06 3.97880029678344727 55.5
25.7889584586825613 2.06933051296525239 0.403958559036254883 4.06000041961669922 58.5
25.7864739626206649 2.06933051296525239 0.53976970911026001 3.97880029678344727 60.5
25.7979384579242037 1.94969734268444861 0.425125062465667725 3.89760017395019531 51.5
25.8026672820354328 1.79449755421205492 -0.719651937484741211 3.65400028228759766 47.5
25.7822663171594151 1.93029736912539951 -1.03171312808990479 3.5728001594543457 45
25.8541914598116378 2.07532848045786444 0.810158193111419678 4.06000041961669922 56
25.8541914598116378 2.07532848045786444 0.810158193111419678 3.97880029678344727 58.5
25.8783194616200483 1.83861132565563956 0.578478336334228516 3.89760017395019531 51.5
25.8732378049463243 1.83861132565563956 -0.773021936416625977 3.65400028228759766 45.5
25.9819537290170501 -0.773993329556848964 1.28053057193756104 -4.38479995727539062 45
25.8987371138926541 2.08132660048900586 1.49137198925018311 4.06000041961669922 51.5
25.9732721499204722 1.60652396975245138 -0.33001244068145752 3.89760017395019531 50.5
25.9781446448149715 1.56099495036675417 -1.1375889243936399e-06 3.5728001594543457 46.5
26.0501124172886449 1.61115365091081153 0.0765164867043495178 4.54720020294189453 49
26.0408735077846103 1.66985965438529438 -0.542683243751525879 4.30360031127929688 47
26.0124884222581159 1.81010177379655968 -1.1331329345703125 4.06000041961669922 49.5
26.0403616190050187 1.72856565785977767 -0.348755836486816406 3.97880029678344727 56.5
26.0408360866339734 1.66985965438529438 0.54446333646774292 3.89760017395019531 53
26.0494889456275622 1.61115365091081153 -0.195735126733779907 3.5728001594543457 52
26.05319295427811 1.52961753497402952 0.318507373332977295 3.49160003662109375 50
26.0376589907738598 1.66985965438529438 -0.679660558700561523 3.32920026779174805 46
26.1198688272467834 1.53401303230935016 0.727996528148651123 4.54720020294189453 48.5
26.0728110600936986 2.21434290591349692 0.660206854343414307 4.06000041961669922 47.5
26.1304418741543927 1.49476323190911109 -0.31050148606300354 3.81640005111694336 49.5
26.1150922615272592 1.5699920160095695 -0.817181825637817383 3.5728001594543457 47.5
26.1242054361768048 1.61578344980984867 0.214142873883247375 3.49160003662109375 46.5
26.1033911761974871 1.53401303230935016 -1.1791764497756958 3.32920026779174805 45.5
26.038032822412557 2.22068779225893831 -2.48032069206237793 4.06000041961669922 47
26.210852703426653 1.25959248482634023 0.683567523956298828 3.89760017395019531 48
26.2183338650006554 1.25959248482634023 0.273812144994735718 3.81640005111694336 52
26.1470932101616498 2.34545669837114623 -1.95806598663330078 4.06000041961669922 48.5
26.1956985867987875 2.34545669837114623 -1.13572788238525391 3.97880029678344727 49
26.305982162134196 0.983578615445964477 -0.183062538504600525 3.89760017395019531 49
26.3024900186991104 1.02305334248727409 -0.371502816677093506 3.81640005111694336 53
26.279520797763908 2.11131689556765378 -1.37447810173034668 4.06000041961669922 53
26.2977742219731319 2.2168827403460365 -0.687472760677337646 3.97880029678344727 55
26.3844092156426946 0.903907545914901855 -0.0773951560258865356 3.89760017395019531 51
26.3800282698957389 1.02596805393990675 0.0395959652960300446 3.81640005111694336 54
26.3844576229930823 2.11731486306026628 -0.550480365753173828 4.06000041961669922 55.5
26.3901993734319156 2.11731486306026628 -1.15725902105623391e-06 3.97880029678344727 57
26.3611965001191884 1.43911244598627475 1.98542273044586182 3.89760017395019531 49
26.4405404792783862 1.14798165231548799 0.711079120635986328 3.81640005111694336 49
26.4646026946170707 2.12331298309140726 -0.137567564845085144 4.06000041961669922 51
26.4641564361327504 1.88112259595754394 1.00617301464080811 3.97880029678344727 52
26.4988490381368997 2.55517332374705841 0.415667504072189331 4.06000041961669922 49
26.5382668327429414 2.12931110312254868 0.277723729610443115 3.97880029678344727 46.5
26.5112984687766264 2.77590179179970908 -1.52823448181152344 4.14120006561279297 48
26.5557310228452259 2.74587400799418369 -0.378615319728851318 4.06000041961669922 49.5
26.6767427532640724 1.11102800080445085 0.0837341174483299255 3.81640005111694336 46
26.6112596455794979 2.75358721547172935 -1.07671678066253662 4.06000041961669922 47.5
26.7535868172781548 1.07065359532315107 -1.17037245672690915e-06 3.81640005111694336 49
26.7917840119675112 1.53331008948356873 -0.878506779670715332 3.89760017395019531 48.5
26.7654846624870579 1.7178441265111315 -1.25712692737579346 3.81640005111694336 46.5
26.8374492532292308 -0.184534037027562964 0.799832761287689209 3.73520016670227051 51.5
26.8483245168554276 0.107365257906945719 0.280070692300796509 3.65400028228759766 51.5
26.9246304203222202 -0 0.141344174742698669 3.73520016670227051 52
26.9211338922514898 0.0874779456756585028 0.447880417108535767 3.65400028228759766 52.5
26.9873806603609943 -0.185564963907915353 0.804301142692565918 3.73520016670227051 47
26.9906305771589068 0.10796506991005983 0.703097999095916748 3.65400028228759766 48.5
27.1037552918385103 1.42830662732844371 0.684799075126647949 3.89760017395019531 46
27.1688468868019477 1.74183636257405006 0.142919048666954041 3.97880029678344727 46
27.1778294918465804 1.5547250345631658 0.386060833930969238 3.89760017395019531 48.5
27.2216524702686229 -0 0.426890850067138672 3.73520016670227051 48
27.2235866242851152 0.146287038263055003 0.235724300146102905 3.65400028228759766 47
27.2584924639183654 1.4566661809018695 0.377817690372467041 3.89760017395019531 48
27.2922314708616938 0.0477595469148153901 0.64950871467590332 3.73520016670227051 48.5
27.2912656368733906 -0.0886963014132285815 0.684860587120056152 3.65400028228759766 49
27.333379190866065 1.46066805161014646 0.378855645656585693 3.89760017395019531 47.5
10.9668291993757929 25.2047450902012038 -1.44054687023162842 0 49.5
10.591319651608984 25.4148260612418397 -1.91589176654815674 0 49
27.5799572067607741 -0.793243315793950687 -0.690504312515258789 3.5728001594543457 48
27.5728041973561133 -0.993278586733294833 -0.716840147972106934 3.49160003662109375 46.5
27.6707424422259969 -0.221328386832735174 -0.432059139013290405 3.65400028228759766 45
27.661580157689361 -0.83689796271128003 -0.205659687519073486 3.5728001594543457 51
27.6417065109427007 -1.17926531109316723 0.671633124351501465 3.49160003662109375 48.5
13.3924444164698517 24.8739520805698433 -1.18518984317779541 0 47.5
13.4795576427427566 24.9399297229885804 -0.154623180627822876 0 50.5
26.0162924706134753 -12.686851093269194 0.546687483787536621 -0.0812000036239624023 46.5
12.7629882625379398 26.06327349155519 0.512492001056671143 0 57.5
12.7560599709260867 26.06327349155519 0.662852048873901367 -0.0812000036239624023 51.5
12.8839408135876194 25.9979883645237386 0.74791640043258667 0.0812000036239624023 52.5
12.7959670554160709 26.1306194203081787 0.513816237449645996 0 57.5
12.7959670554160709 26.1306194203081787 0.513816237449645996 -0.0812000036239624023 51.5
12.804551372636837 26.1306194203081787 0.210297495126724243 0.0812000036239624023 52
26.1032755240335881 -13.194793498296626 0.281175732612609863 0 49
25.9723597496865644 -13.602398589761048 -0.605740547180175781 0 52
25.979000831535398 -13.602398589761048 -0.147946938872337341 -0.0812000036239624023 47
25.9634980540291416 -13.602398589761048 -0.909528732299804688 0.0812000036239624023 46
26.3348923714655108 -12.8840563616911172 -2.19877719879150391 0 49
26.4147702369079624 -13.0421515766942946 -0.968411803245544434 0 50
29.6753560945611348 0.204121451122560998 -1.19231772422790527 3.89760017395019531 47.5
12.6998727037055374 26.8744078888481965 1.74072051048278809 0 48.5
29.7653986713799092 0.747854905947457738 0.111646600067615509 3.97880029678344727 45.5
29.7707825299461675 0.476245910255097493 0.156305402517318726 3.89760017395019531 46.5
26.2529995717155344 -14.6718525305702663 -0.149680033326148987 0 56.5
26.2091220157632279 -14.7507738684652416 -0.0471576862037181854 -0.0812000036239624023 50.5
26.2699610565314217 -14.6380291000438501 -0.35061347484588623 0.0812000036239624023 50.5
26.318897270094908 -14.7084410627602278 0.00616626115515828133 0 61
26.2601210208425222 -14.8101644000282917 0.295991003513336182 -0.0812000036239624023 55.5
30.1493453492459302 0.120560992317706769 0.158273980021476746 3.89760017395019531 46.5
26.2742985533535673 -14.7875592139687235 0.108944624662399292 0.0812000036239624023 54.5
26.3398404930582437 -14.8243436239820117 -0.0473928861320018768 0 55
26.3824075495420196 -14.7450286644651634 0.321454077959060669 -0.0812000036239624023 50
30.2240735779256156 0.0679842510144397782 0.226671233773231506 3.89760017395019531 47.5
26.4009829696593705 -14.7110365389579432 -0.352362185716629028 0.0812000036239624023 49
26.7097327011123653 -14.9279694644449172 0.325442343950271606 0 64.5
26.6561645318556053 -15.0082684805190336 0.748876512050628662 -0.0812000036239624023 58.5
26.6653231249290137 -15.0082684805190336 0.269119232892990112 0.0812000036239624023 58
26.708267239447764 -15.0872183080827043 0.00627363380044698715 0 71
26.6380935901631481 -15.2098786195305298 0.165213257074356079 -0.0812000036239624023 65
26.7184927136578025 -15.0680526344189811 -0.177762031555175781 0.0812000036239624023 64.5
30.7995191643156936 1.19793425066464132 0.367764919996261597 3.97880029678344727 46
26.4978372181760271 -15.8851853059500492 0.579301416873931885 0 48
30.8715179402225957 1.23560021825571598 -0.482407510280609131 3.97880029678344727 49.5
30.8736268126703024 1.23560021825571598 -0.320208132266998291 3.89760017395019531 49
26.8000843573755674 -15.5250668725940955 -0.422340989112854004 0 54
26.7357666484727439 -15.6411855477817863 0.0527940951287746429 -0.0812000036239624023 48.5
26.7930470193559707 -15.5250668725940955 -0.745387613773345947 0.0812000036239624023 47.5
26.8673761466152037 -15.5626582154767643 0.224389612674713135 0 58.5
26.8655495160365021 -15.5626582154767643 0.385265141725540161 -0.0812000036239624023 53
26.8475768515486166 -15.593698172027203 -0.383147090673446655 0.0812000036239624023 52.5
27.0809555024874129 -15.2891002278511401 1.27708995342254639 0 53
31.1021362517833637 0.373379196609948949 -1.13290023803710938 3.81640005111694336 48.5
31.1917591175497328 0.354785199456036648 -0.623204290866851807 3.89760017395019531 47.5
31.1903697022077253 0.300202861078184891 -0.714649021625518799 3.81640005111694336 46.5
26.4117849248568533 -15.9060098087056652 5.24806833267211914 0 51
26.3378757007708302 -16.2144594148488501 5.1215357780456543 0 45
26.6728904752052287 -16.6662071838080763 -2.78839612007141113 0 50.5
26.8095952892562224 -16.7057947760136081 -1.97095322608947754 0.0812000036239624023 46.5
31.7531246548073298 1.65306512422511309 -0.496458202600479126 2.51719999313354492 46.5
31.756487701440431 1.52590626851548894 -0.661200225353240967 2.43600010871887207 47
31.757006289628368 1.65306512422511309 -1.39002224841533462e-06 2.19239997863769531 48.5
26.8901208226354953 -17.1153218460295449 0.0543280653655529022 0 56
26.8899384018668535 -17.1153218460295449 -0.11300329864025116 -0.0812000036239624023 50.5
31.8378565382880403 1.52950514053417375 -0.165158793330192566 2.51719999313354492 49.5
31.8378451255972834 1.52950514053417375 0.167329460382461548 2.43600010871887207 48.5
31.8365478564191662 1.52950514053417375 0.332486152648925781 2.19239997863769531 47
26.889278523813239 -17.1153218460295449 0.219484508037567139 0.0812000036239624023 50
26.8485204085913232 -17.3033135253721326 0.744897186756134033 0 61
26.8485204085913232 -17.3033135253721326 0.744897186756134033 -0.0812000036239624023 55.5
26.8926309561010974 -17.2474191115845912 0.339800089597702026 0.0812000036239624023 55
26.7629812033346823 -17.5880436860620648 0.065502263605594635 0 57
26.7629812033346823 -17.5880436860620648 0.065502263605594635 -0.0812000036239624023 51.5
26.8185107473921001 -17.4879979313063068 -0.733546018600463867 0.0812000036239624023 51
27.1551092453172487 -17.365036888242134 -1.0573875904083252 0 45.5
26.9722172666469469 -17.6841340452624998 2.1625361442565918 0 49
32.31349473370922 0.860374726277047253 0.0595033802092075348 2.59840011596679688 47.5
32.3147701589496208 0.811902910712143044 -0.0462812148034572601 2.51719999313354492 47
27.6096770621300962 -16.9275729999212636 0.960744798183441162 0 50.5
27.673559943215281 -16.8425505093691612 0.512449502944946289 -0.0812000036239624023 45.5
27.9597532291860631 -16.5163127015760374 -0.298890352249145508 0 46
28.6992393444362826 -16.7399840601911123 -0.165357246994972229 3.97880029678344727 46
28.8336085734737644 -16.6446152940350203 -0.685578465461730957 3.97880029678344727 45.5
33.0443891104546452 -2.13530900959974934 4.17125749588012695 -0.649600028991699219 45
30.6552396362163186 11.7740222194744621 7.45885610580444336 0.324800014495849609 51
28.6655807808907142 -17.8142352767170102 0.00690253078937530518 4.14120006561279297 47
30.7967706755708903 12.2599389084792492 6.34943151473999023 0.406000018119812012 49.5
30.7831556754435347 11.5176791052827081 7.66830539703369141 0.324800014495849609 47.5
16.5834110457046435 -29.9937734137679932 -0.373874247074127197 0 48
16.890494356697431 -29.9048809621071605 -0.576073348522186279 0 46
28.0423871067991435 -20.594937242465452 -0.716460347175598145 0 52
27.9585103731765408 -20.7210464443302094 -0.00948910322040319443 -0.0812000036239624023 47
28.1995304135295584 -20.4998662010099544 -0.898658096790313721 0 56.5
28.1028208214545145 -20.639321073125668 -0.718004405498504639 -0.0812000036239624023 51
28.0976236618565203 -20.639321073125668 -0.898658096790313721 0.0812000036239624023 50
28.2854240542174047 -20.3648915737760881 -2.59009122848510742 0 51
28.4228957149708599 -20.3124835319821138 -1.02206921577453613 -0.0812000036239624023 46.5
28.1929445895708817 -20.4609729837317111 -2.83002781867980957 0.0812000036239624023 45
29.9752616997412993 -18.31247835111893 -4.96111392974853516 -0.0812000036239624023 50.5
27.0405073870527382 -22.4129485701421736 4.99464130401611328 -0.162400007247924805 54.5
17.1951578445271664 -31.1095168176171839 -0.57196497917175293 0 48
29.9975749230186288 -18.4533675368244729 -4.83957529067993164 -0.0812000036239624023 64.5
30.0268268977692436 -18.4533675368244729 -4.65462255477905273 -0.162400007247924805 68
30.0827670084138568 -18.3867328442264082 -4.55608987808227539 -0.243600010871887207 61
27.3624440383030709 -22.4025836514698682 3.63643264770507812 0.162400007247924805 47.5
16.9397093203538489 -31.3398583571873353 0.0121443793177604675 0 50.5
29.965529047126342 -18.5768791085998224 -5.10951852798461914 -0.0812000036239624023 64.5
30.0303913530286266 -18.492297104510822 -5.03499317169189453 -0.162400007247924805 68.5
30.0608583655155925 -18.492297104510822 -4.84978485107421875 -0.243600010871887207 61.5
27.525709797132464 -22.4320378212879241 2.87742233276367188 0.162400007247924805 47
29.7800868027374221 -18.7185930248459371 -6.10333728790283203 -0.0812000036239624023 51.5
29.7769337101044229 -18.7275151378225111 -6.09134864807128906 -0.162400007247924805 55.5
29.913286967013228 -18.5579949912676625 -5.94020605087280273 -0.243600010871887207 49
26.9198843218311303 -23.6757462417281594 0.0391066297888755798 0 47
27.023176476471459 -23.774806423598335 -0.711719036102294922 0 47.5
26.9380294809403438 -23.9866227618444441 0.624675750732421875 0 49.5
35.0368239391813674 10.3195391321010952 0.0622535720467567444 0 49.5
35.2926418872452885 9.97237374936168486 -0.192530527710914612 0 63.5
35.2931666282509511 9.97237374936168486 -0.00249801576137542725 -0.0812000036239624023 57.5
35.2910653456898444 9.97237374936168486 -0.385054171085357666 0.0812000036239624023 58
34.9784968663418567 11.1683858872885757 1.52791500091552734 0 68
34.9695443936517734 11.1683858872885757 1.72064971923828125 -0.0812000036239624023 62
34.9983811644800653 11.3200245513079789 1.74673092365264893 0 71
35.0200816534859598 11.1911787434069137 2.10526013374328613 -0.0812000036239624023 65
35.0498822799867753 11.1911787434069137 1.53103327751159668 0.0812000036239624023 65
35.0365798469050702 11.2139715995252498 2.88009405136108398 -0.0812000036239624023 58
34.983996662975585 11.4077185201414544 3.62418365478515625 0 51.5
35.008315324031166 11.4724038418433505 3.15477490425109863 -0.0812000036239624023 45.5
35.0555179582439038 11.2367644556435859 3.46359372138977051 0.0812000036239624023 45
35.2218472109504361 11.2595573117619221 2.31227374076843262 0 58
35.2087478439509027 11.2595573117619221 2.50383973121643066 -0.0812000036239624023 52.5
35.2450565342852755 11.2595573117619221 1.92643344402313232 0.0812000036239624023 52
35.3021986851871361 11.1107014290982402 2.92793536186218262 0 56
35.3237696091936542 11.0828666864783703 2.76894521713256836 -0.0812000036239624023 50.5
35.3276281997760435 10.9854450873088236 3.08938980102539062 0.0812000036239624023 50
35.2799482736192616 11.1331475189022768 3.90107059478759766 0 57
35.3008878906639865 11.1331475189022768 3.70680856704711914 -0.0812000036239624023 51.5
35.3008878906639865 11.1331475189022768 3.70680856704711914 0.0812000036239624023 51.5
35.1235953281547708 11.3279347208241123 5.23800277709960938 0 52.5
35.8762573388206434 10.4756109251875671 1.94593179225921631 0 46.5
36.5876685940062174 -8.19578532696181838 -0.649354338645935059 0 55
36.6021888340030586 -8.13955352368935436 -0.52664947509765625 -0.0812000036239624023 49
36.5798099874707603 -8.2473311466282464 -0.386045187711715698 0.0812000036239624023 49
36.6203102773786 -8.41407735810868118 -0.192130953073501587 0 61
36.5999792599478226 -8.49859376014325463 0.309970617294311523 -0.0812000036239624023 55.5
36.6187705635391652 -8.41407735810868118 -0.386817276477813721 0.0812000036239624023 55
36.6712759360646317 -8.51555719335632588 -0.474857240915298462 0 54.5
36.6917797661266007 -8.4308720941958768 0.395291954278945923 -0.0812000036239624023 49.5
36.7098880568754424 -8.34618699503542771 -0.497956246137619019 0.0812000036239624023 48.5
36.6614733438144711 -8.87664991150838389 0.563243567943572998 0 48
36.685803173686665 -8.82816889930024118 2.24846816062927246 0 46
33.4871991534828197 17.8070192199525721 1.31150960922241211 0 49
33.5857099848668881 17.8137017894196035 0.756939172744750977 0 56
33.5784176153594274 17.7899438515836223 1.38145935535430908 -0.0812000036239624023 50
33.580691711472987 17.8137017894196035 0.953912973403930664 0.0812000036239624023 50.5
33.5610619408828654 18.0202321985853473 0.732462167739868164 0 52.5
33.7989387383457753 17.7074712417945683 1.18661880493164062 0 59.5
33.7989387383457753 17.7074712417945683 1.18661880493164062 -0.0812000036239624023 53.5
33.8053014898843713 17.7074712417945683 0.988898158073425293 0.0812000036239624023 53.5
33.8576963047232766 17.7422585685282534 1.3896336555480957 0 63
33.8389829541397944 17.7422585685282534 1.78827500343322754 -0.0812000036239624023 57
33.8717139127651521 17.7422585685282534 0.990840911865234375 0.0812000036239624023 57
33.8134518596885698 17.9302980756115389 1.99011778831481934 0 56.5
33.8208508037457349 17.7770476647088742 2.98871183395385742 -0.0812000036239624023 50.5
33.9053345760654352 17.7770476647088742 1.79178154468536377 0.0812000036239624023 50.5
36.9941015993851394 -10.2878712325827237 -0.395310282707214355 0 45.5
38.4838750069545625 -0.462450386722001616 2.2091217041015625 0 51
38.4423368830893608 -0.616600515629335488 2.81232643127441406 -0.0812000036239624023 45.5
38.430413277123229 -0.617800078620152182 3.82260036468505859 0 56.5
38.4499525514250351 -0.617800078620152182 3.62077784538269043 0.0812000036239624023 50.5
38.3678274784872428 -0.46424977696978531 5.0382838249206543 0 53
38.3682001753870807 -0.744734017222364097 5.00165653228759766 0.0812000036239624023 47.5
38.4562917838981164 -0.776748688298546153 5.46195030212402344 0 48
38.7666621688716688 -0.345347646873434555 3.49034237861633301 0 50.5
38.8582317380871629 -0.46694893098379886 2.23061108589172363 0.0812000036239624023 46.5
38.9419734228548293 -0.623798137635881877 2.03313589096069336 0 50.5
37.0200132103773711 -12.7343108972080046 0.280256539583206177 0 45
37.1565397212617938 -12.7831018548363193 0.688558042049407959 0 48.5
37.9579660302675563 -10.3473546996745238 1.58609104156494141 0 61.5
37.9487732819104835 -10.3473546996745238 1.79260420799255371 -0.0812000036239624023 56
37.9579660302675563 -10.3473546996745238 1.58609104156494141 0.0812000036239624023 55.5
37.9803879760620404 -10.569179996018816 1.44398283958435059 0 71
37.9626594253329372 -10.569179996018816 1.85243904590606689 -0.0812000036239624023 65.5
37.9803879760620404 -10.569179996018816 1.44398283958435059 0.0812000036239624023 65
37.9681232634305275 -10.7473225592891541 2.2676846981048584 0 68
37.9551854745284274 -10.7473225592891541 2.47480201721191406 -0.0812000036239624023 62
37.9904759072773643 -10.7473225592891541 1.85596084594726562 0.0812000036239624023 62
37.7603799806509457 -11.0497749089122763 4.49625825881958008 0 56.5
37.9006266764894377 -10.9260649345626106 3.51053571701049805 0.0812000036239624023 50.5
38.1660052099081213 -10.7881097755009154 1.03857231140136719 0 54.5
38.1796070952507804 -10.7881097755009154 -0.200163513422012329 0.0812000036239624023 49
37.5038350752742957 -10.3511505446955034 8.50568866729736328 0 47
37.7281823845467414 -15.6909223851487205 1.06998467445373535 0 47.5
37.5688638916914357 -16.083027049010493 2.61139535903930664 0 47
39.2894694944756822 -12.5359433428749334 0.866126656532287598 0.0812000036239624023 46.5
39.2922762412246627 -12.780786222248496 0.72403717041015625 0 60
39.2922762412246627 -12.780786222248496 0.72403717041015625 -0.0812000036239624023 54.5
39.2922762412246627 -12.780786222248496 0.72403717041015625 0.0812000036239624023 54
39.4279462114988064 -12.6043219112299418 2.59689855575561523 0 53
39.5812735710946271 -12.4262444666575664 3.39881205558776855 0 46.5
39.2497732586023531 -14.2563277688227767 1.1675640344619751 0 56.5
39.2556138278771627 -14.2563277688227767 0.951179563999176025 -0.0812000036239624023 51.5
39.1543913839068622 -14.6323032569965452 2.06203198432922363 0 56.5
39.1543913839068622 -14.6323032569965452 2.06203198432922363 -0.0812000036239624023 51
39.2004233546591223 -14.5015643072378211 2.1104738712310791 0.0812000036239624023 50
39.9751269166929646 -13.7589110809578337 1.40419209003448486 0 49.5
40.2463378056327485 12.9234184190081951 4.64685535430908203 0 46.5
38.7525738141854532 -20.012505861627325 1.74937319755554199 0 50
38.7592480769736909 -20.0452327722759378 1.10990166664123535 0.0812000036239624023 50
38.9308405434143268 -19.8829762439988222 -0.965775549411773682 0 55.5
38.9552454906413672 -19.8174099579510106 -1.27868318557739258 -0.0812000036239624023 47
38.7365832244348667 -20.2818378174563421 0.00894261244684457779 0.162400007247924805 50.5
38.7359536663908628 -20.2818378174563421 -0.220596075057983398 0.0812000036239624023 56.5
38.7858471016711235 -19.8514024288149926 -4.47439241409301758 0 53.5
38.9222016569676086 -19.6160535717874112 -4.32583761215209961 -0.0812000036239624023 46.5
38.7924776368733717 -20.3166269136369593 -0.904737889766693115 0.162400007247924805 47
38.8241438040101059 -20.0812780566093778 -2.80505657196044922 0.0812000036239624023 53.5
44.2929992086492561 7.02796359525547576 -0.510627985000610352 0 47
44.570986188786982 5.99993340917204776 1.55821084976196289 0 52.5
44.5723501297774192 6.11802019604422576 0.935662150382995605 -0.0812000036239624023 47
44.5828750072105038 5.85935390099088593 1.74216687679290771 0.0812000036239624023 47
44.5602046407737689 6.69710479146647941 1.13691771030426025 0 55.5
44.545845981308851 6.69710479146647941 1.60380589962005615 -0.0812000036239624023 49.5
44.5536381499253125 6.69710479146647941 1.37038016319274902 0.0812000036239624023 49
44.5270361287145491 7.46426605045091041 0.387847155332565308 0 55.5
44.4919693589911489 7.65609148183060029 0.609465718269348145 -0.0812000036239624023 49.5
44.4919693589911489 7.65609148183060029 0.609465718269348145 0.0812000036239624023 49
44.6565733933266955 7.6079385680809235 -1.98012594410101883e-06 0.0812000036239624023 48.5
44.8474758629652115 6.89476883858121337 -0.238202378153800964 0 58
44.8474758629652115 6.89476883858121337 -0.238202378153800964 -0.0812000036239624023 52
44.8591508726560306 6.82105831645822303 -0.14229951798915863 0.0812000036239624023 52.5
44.8544491926638642 7.1674182290297388 1.55211734771728516 0 55.5
44.885945042895635 7.02543292338334879 1.26408565044403076 -0.0812000036239624023 49.5
44.8355527490428187 7.1674182290297388 2.02583909034729004 0.0812000036239624023 49.5
44.9206309449683729 7.38404200634869756 -0.37244763970375061 0 58
44.9142394681833679 7.38404200634869756 -0.844172775745391846 -0.0812000036239624023 52
44.9332636212907417 7.28164388915742045 -0.710731446743011475 0.0812000036239624023 52
43.1193967723272138 11.3979342417625986 -9.84939384460449219 0 45.5
35.8074648547920376 29.6457815639321964 1.09679651260375977 0 47.5
35.9867957425357474 29.5480980337045303 1.0446016788482666 0 48.5
19.7237065634890882 -42.3483511862993112 0.904646337032318115 0 48
45.5864037263972364 11.5534243496666935 2.60931611061096191 0 49.5
45.7964502103163511 11.3183380948667551 -0.247651740908622742 0 59
45.7866394425521719 11.1473926807335229 -3.44701313972473145 0 58
45.8210040737957556 11.1473926807335229 -2.95527482032775879 -0.0812000036239624023 52
32.7835197661536384 33.8737389344702464 4.17928457260131836 0 46
33.0183052663853474 33.2048059255668093 7.34795999526977539 0 46.5
45.7891826281434859 12.5293460820102052 0.491971760988235474 0 53
45.7394598124344256 12.7191846590103594 -0.00323362764902412891 -0.0812000036239624023 47
45.7422561158989538 12.6895223813540863 -0.705575048923492432 0.0812000036239624023 47
45.8776881199488642 12.4956634297687401 0.314455926418304443 0 63
45.9250125019063447 12.2758158087980114 1.09563708305358887 -0.0812000036239624023 56.5
45.8767716069905376 12.4956634297687401 -0.427915334701538086 0.0812000036239624023 57
46.0103135868282038 12.2951775051966621 -0.142866507172584534 0 61.5
46.0588486920017104 12.0809343347285694 0.879867792129516602 -0.0812000036239624023 54.5
45.9418101808724728 12.5153718748444227 -0.925316572189331055 0.0812000036239624023 56
36.6968735783064091 30.1902933418336836 4.14437055587768555 0 52
36.4824478520070983 30.3273864804046944 4.95689773559570312 -0.0812000036239624023 46.5
36.7502513018036794 30.3273864804046944 2.22683525085449219 0.0812000036239624023 46.5
36.7778728143472406 30.0586645394996381 5.12988042831420898 0 50.5
36.7272419256092206 30.022844879671041 5.67356538772583008 -0.0812000036239624023 45
35.3135183340574201 32.3508894961246654 1.78357744216918945 0 51
35.259058894952787 32.4526971824323525 0.653454065322875977 -0.0812000036239624023 45
35.2999278472489593 32.3508894961246654 2.03496527671813965 0.0812000036239624023 45.5
46.6026757287857407 11.2583567725245217 2.33236932754516602 0 58
46.6026757287857407 11.2583567725245217 2.33236932754516602 -0.0812000036239624023 52.5
46.6341252309820646 11.2583567725245217 1.58360147476196289 0.0812000036239624023 52
46.7506873547574173 11.0957252015800041 1.569693922996521 0 61.5
46.7400813687886298 11.1497920812845077 1.5009000301361084 -0.0812000036239624023 55.5
46.7698529527013918 11.0957252015800041 0.819363176822662354 0.0812000036239624023 55.5
46.8982803889868975 10.8904136848967781 0.61057204008102417 0 60
46.9021313892903535 10.8904136848967781 0.108327455818653107 -0.0812000036239624023 54
46.9246172947515703 10.7821112283618934 0.498966604471206665 0.0812000036239624023 54
46.6597595303367498 12.0824812827680947 1.59102463722229004 0 66
46.6505756996396812 12.0824812827680947 1.84074068069458008 -0.0812000036239624023 60
46.6677014474692626 12.0824812827680947 1.33797872066497803 0.0812000036239624023 60
46.6993152597594943 12.2521609498262585 1.39601457118988037 0 72.5
46.6993152597594943 12.2521609498262585 1.39601457118988037 -0.0812000036239624023 67
46.7116542232889032 12.2521609498262585 0.892338395118713379 0.0812000036239624023 66.5
46.7471715884749344 12.3799947847125473 1.25641977787017822 0 72.5
46.7636689364279334 12.2711862368000357 1.64870941638946533 -0.0812000036239624023 67
46.7471715884749344 12.3799947847125473 1.25641977787017822 0.0812000036239624023 66.5
46.7727201924219145 12.2054504833067767 3.27754783630371094 0 66.5
46.7839685984223763 12.1388532832490519 3.36322450637817383 -0.0812000036239624023 60.5
46.8012993965930377 12.1388532832490519 3.11274576187133789 0.0812000036239624023 60.5
46.8183962806710525 12.7518832403940703 0.320903748273849487 0 60
46.7877089559040087 12.8489018480242674 0.701331079006195068 -0.0812000036239624023 54.5
46.8144390900456173 12.7518832403940703 -0.688101410865783691 0.0812000036239624023 54
46.8907592962348829 12.7715926879338983 0.321399718523025513 0 60
46.8794194432458866 12.7715926879338983 1.08007979393005371 -0.0812000036239624023 54.5
46.8898225448360648 12.7715926879338983 -0.437364548444747925 0.0812000036239624023 54
47.0115663557180241 12.5662530727002952 1.12155914306640625 0 57
47.0105265845830758 12.4567697448645696 2.02370810508728027 -0.0812000036239624023 51.5
47.02283977358897 12.5419234442923546 0.899266481399536133 0.0812000036239624023 51
34.9553412595863762 33.9738524006022757 0.681322097778320312 0 49.5
36.5220731633296367 32.5140918876948462 0.426728874444961548 0 52.5
36.6753948866897517 32.3307762033064137 0.920086503028869629 -0.0812000036239624023 45.5
36.7191754400001358 32.2941130664287286 -0.0500061586499214172 0.0812000036239624023 47
40.8499106759425743 26.7848965192568294 4.44486284255981445 0 48.5
47.6566325448555332 11.7861868811399013 1.78807318210601807 0 49.5
39.5919732579843355 28.9202417987052733 4.09087848663330078 0 50
39.8604992720386377 29.2945224903937564 1.79497647285461426 0 47.5
38.1907198528234346 31.6044112189389388 2.78438115119934082 0 51.5
38.1495118250004666 31.6044112189389388 3.30130720138549805 -0.0812000036239624023 45.5
38.2001508537490224 31.4989390966927765 3.6997382640838623 0.0812000036239624023 45.5
38.419006917895004 31.4160351527523538 3.09654641151428223 0 52.5
38.3612764923884697 31.5465210582523135 2.40941548347473145 -0.0812000036239624023 46.5
38.6437906036247654 31.0183638217048561 4.13453149795532227 0.0812000036239624023 46.5
34.1445677865994597 36.0746533791312416 3.57886052131652832 0 51.5
34.0208495877634078 36.1119912987922334 4.30653572082519531 -0.0812000036239624023 45.5
34.2910785239073022 35.8444028745551009 4.39785242080688477 0.0812000036239624023 45
39.6585711251953867 30.0462011611564819 3.45535755157470703 0 49.5
39.0966040955860663 30.9277734312650416 3.15134358406066895 0 49
33.0433307298863852 37.4253495965986573 -3.15947771072387695 0 47.5
42.5871139381174189 26.483831388859489 -1.57329964637756348 0.0812000036239624023 45
42.4776578149936341 26.8436591250125325 0.359716266393661499 0 47.5
34.9599418997269495 35.819809179072962 5.22968339920043945 0 50
43.6318235582590361 25.0275021839201202 4.19689226150512695 0 49
29.7600207468336997 40.8311894087005314 1.56783378124237061 0 57
29.7079776826842625 40.8311894087005314 2.35644817352294922 -0.0812000036239624023 51
29.7831112950187737 40.8311894087005314 1.04072213172912598 0.0812000036239624023 51.5
30.2269661792517788 40.600770817152636 0.893881380558013916 0 61.5
30.2269661792517788 40.600770817152636 0.893881380558013916 -0.0812000036239624023 55.5
30.2335808436086566 40.600770817152636 0.631601452827453613 0.0812000036239624023 56
29.9640492839575039 40.8953293026749947 -0.466627836227416992 0 57.5
29.9290773754500385 40.8953293026749947 -1.52066385746002197 -0.0812000036239624023 51.5
30.0689256788070267 40.8193039035065794 -0.366392999887466431 0.0812000036239624023 52
41.954662334571367 -28.5087762101944726 4.51795434951782227 0 52
42.0164518582904307 -28.5507630504124599 4.52460813522338867 0 51
36.979812867624311 34.8537936362839744 5.134429931640625 0 46
42.1508324330697732 -28.9095769139693637 1.96632230281829834 0 47.5
42.0809371189886576 -29.1439983696327047 1.95525026321411133 0 45.5
41.3670602606197377 -30.4485472389639575 2.95886778831481934 0 47
41.8107476894741197 -30.0808666606106954 1.35228180885314941 0 48.5
33.0326428162750574 39.9614707293889069 4.59655046463012695 0 47.5
18.1214257458876808 -46.5046412296762242 -14.7693910598754883 -0.0812000036239624023 47
33.1180929137834426 39.9018093632844852 5.29654884338378906 0 45
49.5491882354222142 -5.1196249036143664 15.3519887924194336 -0.0812000036239624023 49
46.3927206065170736 23.8802976355646983 1.51229405403137207 0 47.5
31.7866011959991717 41.5851635240534705 0.89936220645904541 0 46.5
31.5524536259547084 41.356619918464844 7.09386396408081055 0 46
31.9330958680641288 41.6655193609679202 5.66586494445800781 0 46.5
33.4517383458023403 40.4759360746963566 6.20046854019165039 0 47
33.7391165330887262 40.6524453707571141 3.57115697860717773 0 51.5
33.8376806981525249 40.6524453707571141 2.46832680702209473 -0.0812000036239624023 45
33.6112040007588746 40.7715443318042503 3.41626739501953125 0.0812000036239624023 47
49.0877101631339841 19.8448131237879117 2.86897611618041992 0 50.5
49.1087088790051496 20.0188602187086779 2.68142151832580566 0 55.5
49.2990017526549664 19.5344794444409473 2.76096129417419434 -0.0812000036239624023 49.5
49.0954514332018803 20.0984844555746029 2.30172371864318848 0.0812000036239624023 48.5
49.1447068355738637 20.0471357314179777 3.23902273178100586 0 50.5
49.1071744868826343 20.4413865899764673 2.48955965042114258 0 50.5
48.8805296811209544 21.0365709483215859 3.42231917381286621 0 51.5
48.4909920042422229 22.0337204724101916 3.83394145965576172 0 50
31.402299509721896 42.8253172476329738 7.97357511520385742 0 47.5
31.2335262728466034 44.0497485233044159 -0.294520348310470581 0 46
51.9929588249835604 -16.27726122535611 2.18149876594543457 0 59
51.9803486055202271 -16.27726122535611 2.46375942230224609 -0.0812000036239624023 53
52.0129014812509638 -16.2227538625252805 2.11092543601989746 0.0812000036239624023 53
52.1146164762343389 -16.0949673102927875 2.48574471473693848 0 66.5
52.1003725502042414 -16.0949673102927875 2.76832270622253418 -0.0812000036239624023 61
52.1273311000760913 -16.0949673102927875 2.20309948921203613 0.0812000036239624023 60.5
52.1719397210264191 -16.1170760058450711 2.7721254825592041 0 61
52.1194159779741923 -16.1170760058450711 3.62798738479614258 -0.0812000036239624023 55.5
52.1719397210264191 -16.1170760058450711 2.7721254825592041 0.0812000036239624023 54.5
55.0467604450114791 -8.53013060761461972 1.53846585750579834 4.14120006561279297 47.5
55.1120145367657699 -8.54161138423672561 1.8295283317565918 4.22240018844604492 51.5
55.1208483563824458 -8.54161138423672561 1.54053652286529541 4.14120006561279297 56
55.1282533971129851 -8.54161138423672561 1.24769949913024902 4.06000041961669922 51.5
25.3934343806455622 49.7475768539748344 1.53879868984222412 -0.162400007247924805 46.5
24.7363966015316699 50.0478078441111052 2.31164121627807617 -0.243600010871887207 46.5
55.1906360873764257 -8.71368083000148808 -0.285703718662261963 4.30360031127929688 48
55.201291458357133 -8.6368775534549993 0.487596660852432251 4.22240018844604492 56
55.1930671540137823 -8.6368775534549993 1.07037234306335449 4.14120006561279297 58.5
55.1692605020868569 -8.6368775534549993 1.94239401817321777 4.06000041961669922 52
25.2972840919536459 49.8143494032683449 2.99675989151000977 -0.162400007247924805 46.5
24.4425597423754652 50.2967620501210533 1.7886958122253418 -0.243600010871887207 47.5
55.2586098928482201 -8.72537656916195026 -0.869670748710632324 4.30360031127929688 49
55.2647144586607553 -8.72537656916195026 -0.286087214946746826 4.22240018844604492 58
55.2482903918579566 -8.82325739605960102 0.42340320348739624 4.14120006561279297 57.5
55.1929865347376705 -9.07495095093927162 1.33495008945465088 4.06000041961669922 47
55.2386674173604959 9.34614769695694747 0.374322563409805298 0 50
55.3515592995848849 -8.66006344654362969 -0.0954877808690071106 4.30360031127929688 46
55.3502951730144517 -8.66006344654362969 -0.385774493217468262 4.22240018844604492 52.5
55.1040753498918505 9.51288449919356793 -4.50068473815917969 0 48
55.3526228786974102 -9.09928082531558857 -0.707556247711181641 4.22240018844604492 46.5
55.412563004802351 -8.33516556340541825 2.68011260032653809 4.14120006561279297 51.5
55.4083149204514811 -8.58753390678859496 1.83936452865600586 4.06000041961669922 55.5
55.0629131572829635 -9.56896635327871969 4.87038660049438477 3.97880029678344727 45.5
55.3277871774312331 9.11144576250374705 -3.38353109359741211 0 51
55.3479771082708965 -9.2869358580835577 2.44649600982666016 4.46600008010864258 52.5
55.3869053516350363 -9.20972021602844038 1.76143884658813477 4.38479995727539062 58.5
55.3873428673937056 -9.2869358580835577 1.27522528171539307 4.30360031127929688 56.5
55.475064877456056 -8.68324992928900841 1.65807819366455078 4.22240018844604492 50.5
55.4823909582888533 -8.59901468341070085 1.84182357788085938 4.06000041961669922 52
55.4945485887151193 9.09549479614893919 -1.29993343353271484 0 50.5
55.4607494167127513 -9.12361069969190375 2.21986103057861328 4.54720020294189453 46.5
55.4607494167127513 -9.12361069969190375 2.21986103057861328 4.46600008010864258 62
55.448331194926034 -9.12361069969190375 2.51105856895446777 4.38479995727539062 69.5
55.3949647062410904 -9.22201636209227971 3.22725558280944824 4.30360031127929688 66.5
55.406312670096888 -8.87056756780522626 3.9391021728515625 4.22240018844604492 54
55.5001301644975698 -8.32230744871742267 3.81284952163696289 4.14120006561279297 46.5
55.4957665062906003 -9.31173370493582553 2.45302867889404297 4.46600008010864258 62.5
55.5080945862141277 -9.13577501814565451 2.80976033210754395 4.38479995727539062 70.5
55.4566901415969724 -9.13577501814565451 3.68766045570373535 4.30360031127929688 67.5
55.2288829753353383 -9.60734429874331219 5.47495412826538086 4.22240018844604492 51
55.588403410833827 -8.50936209317264769 3.16638588905334473 4.06000041961669922 45
55.5796090021082705 -9.47213505390496557 -1.46484732627868652 4.62840032577514648 46.5
55.5405010484068669 -9.69766207899794175 1.47253811359405518 4.54720020294189453 50.5
55.5820075802112896 -9.14793995533381299 2.81350183486938477 4.46600008010864258 55.5
55.6357275284395172 -9.02108100371901322 2.06055808067321777 4.38479995727539062 60
55.5797572861066342 -9.02108100371901322 3.23586130142211914 4.30360031127929688 58
55.6251022737232503 -8.89422205210421701 2.77509784698486328 4.22240018844604492 54
55.7675345918899836 -8.42202484331579981 0.107666067779064178 4.14120006561279297 55.5
55.7348883727716071 -8.52069291679397445 1.40718770027160645 4.06000041961669922 53.5
50.9984428461226145 -22.8861480481115187 8.0503997802734375 0 45
55.5932012723469597 -9.93638496815942673 0.300319284200668335 4.62840032577514648 55
55.6330912007587344 -9.71055803706489407 0.300319284200668335 4.54720020294189453 60.5
55.6336588123627749 -9.67527257908137273 0.843185663223266602 4.46600008010864258 58.5
55.6099605952302483 -9.4212172816000237 2.8633887767791748 4.38479995727539062 52.5
55.2982262366575554 -9.25890417487582873 6.76791000366210938 4.30360031127929688 48
55.7987790280381759 -8.6449372059625702 -1.08956491947174072 4.22240018844604492 49
55.8374999847809619 -8.43322445806144572 0.693034648895263672 4.14120006561279297 58
55.840406219250049 -8.3908819084812194 0.931731998920440674 4.06000041961669922 55
55.6198211102122073 -10.1757076693240265 0.890565454959869385 4.70960044860839844 46
55.6678424803474883 -9.94958083222793732 0.00385354342870414257 4.54720020294189453 60.5
55.7103957973041091 -9.68812167683558378 -0.628418922424316406 4.46600008010864258 59
55.8010489375939756 -9.17226982971012994 -0.123374640941619873 4.38479995727539062 55.5
55.7937737612701596 -9.0450734838435789 1.77319741249084473 4.30360031127929688 53
55.815845486884001 -8.44442407280709162 3.34454011917114258 4.14120006561279297 49.5
55.6724217548411318 -10.1892034393940953 1.77554917335510254 4.62840032577514648 55.5
55.6811062210219347 -10.1892034393940953 1.47841262817382812 4.54720020294189453 56
55.7416732572158509 -9.96277669629644791 0.00385865429416298866 4.46600008010864258 52.5
55.8959796857590447 -9.05706972390586174 0.00385865429416298866 4.38479995727539062 52
55.8736368929847131 -9.18443476689828842 -0.416933208703994751 4.30360031127929688 52.5
55.9986619123037528 -8.37778949461292299 0.594512820243835449 4.06000041961669922 49.5
55.720620363893488 -9.97597188919543143 3.25307345390319824 4.54720020294189453 53
55.9883026474350771 -9.3861285067955933 -0.78186345100402832 4.46600008010864258 45
56.2297526451876664 -8.18375205054473298 1.77872979640960693 4.06000041961669922 48
56.2509378566327527 -8.18375205054473298 -0.88366013765335083 3.97880029678344727 48.5
55.988778743323941 -10.2787524507275503 -0.244500935077667236 4.54720020294189453 46.5
56.2138664137266844 -8.64980137030083185 2.3744657039642334 4.06000041961669922 50
56.0913926310279152 -10.0287553454694738 -1.47654545307159424 4.62840032577514648 47.5
56.21946071298634 -9.77806405405053525 1.14782834053039551 4.54720020294189453 49
56.1794380054363671 -9.73527165118817095 2.57898354530334473 4.46600008010864258 48.5
56.3019105950352099 -9.35727209257060899 0.303509920835494995 4.30360031127929688 45.5
52.5816151216425425 -22.3027146412007475 1.97114551067352295 0 45
56.0935016500930956 -9.74806451656708894 4.96154356002807617 4.54720020294189453 46
56.5267264926548449 -9.82946044506737593 -0.0430306382477283478 4.54720020294189453 47
56.5568549334385509 -9.63588244943147565 0.602387130260467529 4.46600008010864258 49.5
56.6006146268458536 -9.84230888928932757 -0.0430868864059448242 4.54720020294189453 48
56.5634248620900308 -9.84230888928932757 2.05194854736328125 4.46600008010864258 49.5
56.6695678221446997 -9.41875219748183667 -0.591421186923980713 4.30360031127929688 49.5
56.756105668922622 -9.20102277419090342 -1.79200625419616699 4.38479995727539062 46.5
56.7580158524698035 -9.33041215695296344 0.772589802742004395 4.30360031127929688 51.5
56.7184122807359685 -9.51011963301137975 1.30587160587310791 4.22240018844604492 46
56.7555566315282718 -9.8248210581684372 0.200277850031852722 4.46600008010864258 45.5
56.8063429002353786 -9.62140262852433636 2.62180995941162109 4.46600008010864258 49
56.8063429002353786 -9.62140262852433636 2.62180995941162109 4.38479995727539062 48
57.0345878508110289 -9.37907128697118786 1.67919814586639404 4.30360031127929688 48
57.0426174255594205 -9.37907128697118786 1.37968695163726807 4.22240018844604492 53.5
57.0557362807326101 -8.93829829120443797 2.91215348243713379 4.14120006561279297 49
57.1718649727159018 -8.32410641185732558 2.41200661659240723 4.06000041961669922 45.5
57.2425449053237898 -7.95559128424905815 1.93138253688812256 3.97880029678344727 47.5
57.1031732794028102 -9.57211519611927208 0.110529527068138123 4.30360031127929688 45.5
57.1514541793399928 -9.26100336434820015 -0.596053779125213623 4.22240018844604492 51
57.1655056992376416 -9.13077050453705397 -1.06969571113586426 4.14120006561279297 50
57.2769974390956946 -8.33490302791337889 1.51170134544372559 3.97880029678344727 52
57.3509705688975941 -7.71991452324963134 1.91810417175292969 3.89760017395019531 47
57.3511911937347776 -8.34569964396943398 1.51365959644317627 3.97880029678344727 50
57.3583290340414891 -8.34569964396943398 1.21334934234619141 3.89760017395019531 46
57.4910922366400641 -8.36729287608154237 -1.81069743633270264 3.97880029678344727 47
57.581186678018824 -8.3780889429988914 -1.2061535120010376 4.06000041961669922 46.5
57.5867105429475075 -8.3780889429988914 -0.904644131660461426 3.97880029678344727 50
57.6370476811634802 -8.06536513696681645 -0.400751024484634399 3.89760017395019531 46.5
57.6609209754092973 -8.38888555905494648 -0.905809938907623291 3.97880029678344727 47.5
55.7296301258105657 -18.6776568414136435 1.6714484691619873 0 58
55.6963493812180701 -18.707047332116101 2.32450079917907715 -0.0812000036239624023 52
55.7093332454198631 -18.809914049574715 0.312683016061782837 0.0812000036239624023 52.5
55.7100297086489391 -18.9663324349862279 1.71370232105255127 0 63.5
55.711125157125629 -18.9369044560335702 1.98250234127044678 -0.0812000036239624023 58
55.7255331586423566 -18.9663324349862279 1.09975218772888184 0.0812000036239624023 57.5
55.6900200798084057 -19.3293452342535055 0.317500293254852295 0 57
55.6345752151653912 -19.4840389270581262 0.518450319766998291 -0.0812000036239624023 51.5
55.7074990770563545 -19.2630479373372374 0.843964874744415283 0.0812000036239624023 50.5
51.7411207313493762 -24.6088377988560971 14.7967081069946289 0 48
53.1918559514996616 -24.3216622763263963 9.46817398071289062 0 50.5
54.0353753309067599 -24.3524479358954018 -2.56751513481140137 0 47
54.400923457977477 -23.7523143124434633 2.1742098331451416 0 47.5
53.5093130968098762 -24.8987314955243164 7.93783807754516602 0 53.5
53.2307608266651542 -25.2410332435201674 8.69362258911132812 -0.0812000036239624023 47
53.4772122882940337 -25.0847650542177121 7.55944681167602539 0.0812000036239624023 47
55.97468729682695 -20.5972974353710114 2.58374643325805664 0 47.5
55.8003792177230835 -21.2814706063490426 4.94192600250244141 0 51
55.7070046065597779 -21.4087700434735808 5.42220592498779297 -0.0812000036239624023 46
55.9345524260362197 -21.2814706063490426 3.07094979286193848 0.0812000036239624023 45
55.9101335548997938 -21.1131690777073615 5.31899356842041016 0 53
55.7793032610902983 -21.308106008112329 5.88509988784790039 -0.0812000036239624023 47.5
56.1447355903263627 -20.918232147302394 3.19326376914978027 0.0812000036239624023 46.5
55.962015957466626 -21.6200039967668154 3.13590216636657715 0 50
55.9499718174114804 -21.7175942925855558 2.63680148124694824 -0.0812000036239624023 45
55.6353650465473777 -22.6767310884889852 2.91455698013305664 -0.0812000036239624023 45
55.3209159939212114 -24.8463049951383006 3.5805356502532959 0 45
56.1503546702939289 -23.3492444293062889 1.27714312076568604 0 46
57.1509836273506266 -21.8642749481803378 1.0764307975769043 0 46.5
56.532871139080477 -23.3630686543936399 8.25695133209228516 0 46
55.7642335378813456 -28.4872196655052825 8.17015743255615234 0 47.5
59.6208237715765463 -19.9093207628912161 7.47440004348754883 0 48
53.3989276454085271 -32.9443411268958855 8.92277336120605469 0 45
62.8085195756058425 -8.25192390726574843 1.84036636352539062 3.65400028228759766 45.5
59.5760021675622298 -20.8048677521229948 6.61512422561645508 0 47.5
59.4341857187455744 -20.6627608594453136 8.72087192535400391 0 48.5
55.1064488952682794 -32.6893286920941435 5.09537935256958008 0 45
63.9419864044885955 -5.39735353343667423 3.68330168724060059 3.08560013771057129 47.5
63.8999249763767594 -5.39735353343667423 4.35244321823120117 2.92320013046264648 50.5
64.0349135491916144 -5.40365187980028328 3.3546745777130127 3.00440025329589844 52
64.0728833589148508 -5.14633512361931711 3.01727628707885742 2.92320013046264648 46.5
61.2662575965010987 -19.5788651665789217 3.7006690502166748 0 46.5
64.4559847969340467 -7.34762229426879987 -9.9034881591796875 3.81640005111694336 52
64.5250846927509514 -7.58543596227526873 -9.25284576416015625 3.73520016670227051 53
64.7253538705781892 -7.3560200894202783 -8.54448032379150391 3.89760017395019531 47
64.4205531350328471 -7.3560200894202783 -10.6005706787109375 3.81640005111694336 59
64.5811374365262907 -7.3560200894202783 -9.57372283935546875 3.73520016670227051 60
64.4763682882969533 -7.3560200894202783 -10.255620002746582 3.65400028228759766 50.5
64.684273856268689 -7.10140213641470996 -9.58465099334716797 3.81640005111694336 56.5
64.5499684483950773 -7.36441703035599549 -10.2673273086547852 3.73520016670227051 57.5
60.0918578209594756 -19.6580966720283001 18.4051895141601562 3.73520016670227051 48.5
62.8019450759105666 -20.8764787034272921 5.07237434387207031 0 46.5
55.1672609670740854 -41.3866072085344712 2.1729881763458252 0 46
54.6179439031924829 -42.4011610827439185 0.862720787525177002 0 49
54.3549146299363954 -42.8623678047263112 0.67960125207901001 0 51
54.8969810661810058 -42.2766460524637964 -1.22362208366394043 0 46
66.4564569259053144 -19.6007665265192941 3.49854516983032227 0 45
54.6570993187826843 -44.2622117483736872 1.60660278797149658 0 48
76.1835053413202274 -8.94515916486456497 1.66852211952209473 -2.67960023880004883 45
76.2425814880732844 -8.59042080570058886 0.00522834900766611099 -2.76080012321472168 46.5
76.2075238177579024 -9.21301901425318448 2.40292787551879883 -2.67960023880004883 48
76.222298028651565 -8.95390285447731493 2.86865592002868652 -2.76080012321472168 48.5
58.8132479420766643 52.5611243915235278 5.2185206413269043 0 49
76.7739947833705969 -19.7429958809413932 -0.702606379985809326 0 48
83.0234411046966869 22.2281335063777554 5.12151050567626953 0 53.5
83.0234411046966869 22.2281335063777554 5.12151050567626953 -0.0812000036239624023 47.5
82.9943798322934754 22.2281335063777554 5.57262992858886719 0.0812000036239624023 47.5
83.0666716414391288 22.2474952027764061 5.577484130859375 0 55.5
82.9960364862225788 22.0536641700319826 7.17112922668457031 -0.0812000036239624023 49.5
83.0685945364287619 22.0536641700319826 6.27497720718383789 0.0812000036239624023 50
82.8513328353343468 21.4800802517211444 10.6454553604125977 0 49
85.6204079393291408 -17.0544498948338834 3.56127214431762695 0 45.5
85.8045350671379197 -16.7849692282397314 1.83022689819335938 0 45
