
X Y Z V_r Mag
3.64793919304755043 -5.40584448660864325 0.212158024311065674 -1.38040006160736084 48.5
3.61217018592258077 -5.42704387675220712 0.273950099945068359 -1.46160006523132324 50
3.58851250845849457 -5.44172037762082805 0.293060660362243652 -1.54280006885528564 48.5
3.67474750362251878 -5.47457873155394026 0.291934072971343994 -1.29920005798339844 48.5
3.65825631814801433 -5.48942392847590011 0.208300873637199402 -1.38040006160736084 51
3.63670175195749357 -5.50426912539785995 0.193458840250968933 -1.46160006523132324 50.5
3.63971046887932648 -5.50426912539785995 0.124633416533470154 -1.54280006885528564 47
4.21500316899647309 -6.09673661511976483 0.440653443336486816 -1.05560004711151123 50.5
4.16089075974181632 -6.12457135845466016 0.55429387092590332 -1.13680005073547363 56
4.16582255682869995 -6.12457135845466016 0.515921831130981445 -1.21800005435943604 58.5
4.15677029557024813 -6.13570525578861758 0.452779829502105713 -1.29920005798339844 55.5
4.16338557758771888 -6.14591132834474596 0.156914278864860535 -1.38040006160736084 49
4.33802682773346593 -6.11802058501747492 -0.0368152894079685211 -0.893200039863586426 47.5
4.23033932347942976 -6.1864359500153725 0.286784857511520386 -0.974400043487548828 52
4.26145727140028718 -6.15832004659157839 0.406306475400924683 -1.05560004711151123 56
4.20790173199201067 -6.1864359500153725 0.521133184432983398 -1.13680005073547363 59
4.25757911990234472 -6.15832004659157839 0.445104509592056274 -1.21800005435943604 59.5
4.22431441577744682 -6.1864359500153725 0.364943504333496094 -1.29920005798339844 55.5
4.22109649278537269 -6.19768231138488979 0.145208090543746948 -1.38040006160736084 46.5
5.86350523981362315 -4.63818686814514081 -0.597108781337738037 2.59840011596679688 47.5
5.8514021271426957 -4.64381004882989945 -0.667929351329803467 2.51719999313354492 49
4.38002353090573759 -6.17920063138861764 -0.116194248199462891 -0.893200039863586426 54
4.23193289576965093 -6.27007122890903812 0.396960824728012085 -1.05560004711151123 51.5
5.92667767849687976 -4.65617155419739692 -0.758410334587097168 2.59840011596679688 48
5.90429762081869036 -4.65617155419739692 -0.916496634483337402 2.51719999313354492 47
4.41860858763400799 -6.24038067775976035 -0.23674696683883667 -0.893200039863586426 52
5.19528740883676132 -5.59798854916684352 0.440469056367874146 0.974400043487548828 46.5
5.2179440548061109 -5.57600191381321686 0.451402962207794189 0.893200039863586426 49.5
5.21219193042645035 -5.56739844780527626 0.599691987037658691 0.812000036239624023 48.5
5.3096834626879188 -5.59591755095967613 0.410606682300567627 1.05560004711151123 48
5.28547379265386574 -5.62198099306350763 0.36431846022605896 0.974400043487548828 52.5
5.27931087724634551 -5.62198099306350763 0.444787412881851196 0.893200039863586426 53.5
5.30851741381878384 -5.59109098760711465 0.484741389751434326 0.812000036239624023 48.5
5.7593445844208464 -5.22236016122374824 -0.630003809928894043 1.78640007972717285 50
5.74640153650903684 -5.25744880732379549 -0.422027379274368286 1.70520007610321045 51.5
5.75407047215071987 -5.25744880732379549 -0.299849480390548706 1.62400007247924805 47
5.3730745152186774 -5.65024670672155072 0.211622163653373718 1.05560004711151123 47.5
5.37472310612680282 -5.64537328365209934 0.286565303802490234 0.893200039863586426 49
6.05918419866927316 -5.02065685918658655 -0.308098405599594116 2.35480022430419922 47
5.79505020463482445 -5.30800139130781012 -0.508084893226623535 1.78640007972717285 52
5.79505020463482445 -5.30800139130781012 -0.508084893226623535 1.70520007610321045 52
5.80529929071419648 -5.29028837220444714 -0.571824431419372559 1.62400007247924805 47.5
6.18797263040143175 -4.99098508660274476 -0.0395662933588027954 2.51719999313354492 49
6.31207239547772847 -4.89567234951668873 -0.768617331981658936 2.67960023880004883 46.5
6.237295274522352 -5.04910083568548274 0.0579944178462028503 2.59840011596679688 45.5
6.27004770184215854 -5.00598041146810946 -0.165218234062194824 2.51719999313354492 50
6.27169402064940318 -5.00598041146810946 -0.0815193131566047668 2.43600010871887207 46
6.31396468716935466 -5.05276515281074801 -0.461968421936035156 2.67960023880004883 49
6.31692828192518174 -5.05276515281074801 -0.419509530067443848 2.59840011596679688 47.5
6.35159227582936303 -5.0203756326004223 -0.25122535228729248 2.51719999313354492 45.5
6.44198524925007199 -5.01271861590758583 -0.451777398586273193 2.76080012321472168 50.5
6.4429663411498348 -5.00148162695812903 -0.551353991031646729 2.67960023880004883 49.5
6.54052652376030252 -4.98138801256346042 -0.685409605503082275 2.76080012321472168 48.5
6.8976666848778061 -5.148734310616363 -1.26599347591400146 2.84200000762939453 45.5
8.13284990398966734 -5.19500336364366611 -0.688711225986480713 3.65400028228759766 45.5
8.1421008846601417 -5.16840572017143796 -0.774214804172515869 3.5728001594543457 47
8.19713334732520593 -5.22430940270051014 -0.759011745452880859 3.65400028228759766 45.5
5.09588674247340467 -8.54705635689916399 0.693107128143310547 -2.19239997863769531 46
8.45804738896272745 -5.18532221739835641 -1.03658378124237061 3.73520016670227051 49
8.50579445497857733 -5.21300690917828202 -1.21594595909118652 3.81640005111694336 46
8.51801056831238768 -5.18412250568247313 -1.25334525108337402 3.73520016670227051 47
6.1848888133986577 -8.01640587452265407 0.00276115979067981243 -0.324800014495849609 49
6.3341907020774455 -7.99421365411548823 -0.102917857468128204 -0.162400007247924805 46
6.3341907020774455 -7.99421365411548823 -0.102917857468128204 -0.243600010871887207 50.5
6.27491777670920925 -8.04137339665411588 -0.0417239144444465637 -0.324800014495849609 51.5
6.28126584293046264 -8.03500045847322042 -0.156459584832191467 -0.406000018119812012 46.5
6.55651823162972125 -7.80812385923333618 -0.292030513286590576 0.162400007247924805 46
6.58394894913501805 -7.79027963232682819 0.0563274510204792023 0.0812000036239624023 46
8.55837790881836824 -5.66996550332397753 -0.425792217254638672 3.5728001594543457 46.5
8.55351669847223306 -5.62887879677815128 -0.853646516799926758 3.49160003662109375 45.5
5.63439298239494413 -8.67954785041673382 0.203913956880569458 -1.54280006885528564 47.5
5.5771297702201057 -8.71834779610478527 0.0924370661377906799 -1.62400007247924805 48
8.9249921793709337 -5.17979274935464407 -0.797981560230255127 3.97880029678344727 48.5
8.96494788703516221 -5.13193948300604941 -0.644529759883880615 3.89760017395019531 48.5
8.72776369265390173 -5.55744555405166274 -0.251885056495666504 3.65400028228759766 50.5
8.65280065551188748 -5.66996539654700715 -0.32101014256477356 3.5728001594543457 50
8.97931655161382913 -5.21732738258326378 -0.912138402462005615 3.97880029678344727 47
8.97931655161382913 -5.21732738258326378 -0.912138402462005615 3.89760017395019531 50.5
8.97361262595140907 -5.21732738258326378 -0.966642916202545166 3.81640005111694336 47
9.02875267702596851 -5.3178416354770448 -0.672444999217987061 3.81640005111694336 45.5
8.741745251397818 -5.811181989520807 -0.249094948172569275 3.49160003662109375 45
9.170201170818439 -5.24350356984639632 -0.493686109781265259 4.06000041961669922 46
9.09743614542686885 -5.32807620806972615 -0.823954761028289795 3.97880029678344727 47.5
8.860830761473526 -5.75093939918637087 -0.492965817451477051 3.5728001594543457 48
8.85757213542077082 -5.75093939918637087 -0.54841315746307373 3.49160003662109375 47
8.91666977430993235 -5.76777134728601926 -0.805184304714202881 3.5728001594543457 46
9.0465605452231177 -5.89759163137137588 -0.134741291403770447 3.49160003662109375 47
9.12935473300023048 -5.88962535508589635 -0.482508987188339233 3.5728001594543457 47.5
9.13739042593966033 -5.85565197394211445 -0.696460902690887451 3.49160003662109375 45
9.20473900862815242 -5.93024387417178023 -0.0865972563624382019 3.65400028228759766 47.5
9.20295617479091099 -5.93024387417178023 -0.200806930661201477 3.5728001594543457 48
9.37432143954780095 -6.05209788197165821 -0.612242698669433594 3.5728001594543457 45
10.1589976194859624 -4.89081765090916498 1.06316375732421875 4.62840032577514648 45
10.2322602034385035 -4.92320708722329936 1.011383056640625 4.70960044860839844 46.5
10.1561971254905465 -4.92320708722329936 1.60427355766296387 4.62840032577514648 46.5
10.1808686527012426 -5.55204709610686287 0.815662503242492676 4.22240018844604492 48
10.4938970307652859 -5.15949321390457527 0.384408146142959595 4.62840032577514648 47.5
10.4985432768566813 -5.15949321390457527 -0.224131286144256592 4.54720020294189453 46.5
10.2372020851646415 -5.64050009046297784 0.523894131183624268 4.22240018844604492 47
10.133394602926721 -5.84810792168271476 0.0630153268575668335 4.06000041961669922 50
10.1232508292841725 -5.86419021846734179 0.145172372460365295 3.97880029678344727 51
6.95955048018896516 -9.49788005312003492 -0.0746580436825752258 -0.730800032615661621 45
10.5452038689432754 -5.22640897733266652 -0.366009712219238281 4.62840032577514648 45
10.5658414556585267 -5.19256680208529886 -0.225568026304244995 4.54720020294189453 47.5
10.3642270023770333 -5.58690171366332589 -0.141286894679069519 4.38479995727539062 46.5
10.2852468370882519 -5.7310988081955907 -0.137272611260414124 4.22240018844604492 45
10.2737294109557276 -5.7310988081955907 -0.505598545074462891 4.14120006561279297 49
10.2523178580030585 -5.79142616407133293 0.00240821647457778454 4.06000041961669922 50.5
10.1757683463710471 -5.92238066828940912 0.17259235680103302 3.97880029678344727 51.5
10.1428477667804362 -5.97976522631755536 0.125231489539146423 3.89760017395019531 45
7.02842183723513969 -9.54060669721846999 0.0250453967601060867 -0.568400025367736816 45
7.04798782199666363 -9.52431821767952691 0.189039513468742371 -0.649600028991699219 48
7.02842183723513969 -9.54060669721846999 0.0250453967601060867 -0.730800032615661621 46.5
10.6371347076611595 -5.18121726425072548 -0.654869973659515381 4.62840032577514648 47
10.6286193462912095 -5.20194805639119728 -0.628248512744903564 4.54720020294189453 51
10.4964914566567895 -5.49662145895932941 -0.182577148079872131 4.38479995727539062 49.5
10.4581373779115125 -5.55140998104486183 -0.481374293565750122 4.30360031127929688 47
10.3819882147045952 -5.71281400556710395 -0.024236997589468956 4.22240018844604492 49.5
10.3217955001619792 -5.82091027887099255 -0.00727132475003600121 4.14120006561279297 51
10.3079776143506905 -5.83423721667558048 -0.360265970230102539 3.97880029678344727 47
10.7539867589073062 -5.14993355327626823 0.188609883189201355 4.70960044860839844 46
10.7242510749843305 -5.21400969413011151 -0.100811436772346497 4.62840032577514648 54.5
10.720738633633653 -5.2050688372667846 -0.422675728797912598 4.54720020294189453 57
10.780264987255995 -5.04115312810579219 -0.760460972785949707 4.46600008010864258 49.5
10.5065281257081899 -5.64019053794869141 0.082113020122051239 4.38479995727539062 46
10.5616500225386964 -5.53141011277821448 -0.246324166655540466 4.30360031127929688 48.5
10.4396903841425992 -5.74897096311916744 0.409676671028137207 4.22240018844604492 45
10.3826985565062451 -5.85775138828964437 0.303220540285110474 4.14120006561279297 48
10.3232599513536503 -5.96802195627067533 0.136582434177398682 4.06000041961669922 47
10.8736170400957608 -5.05486423550614816 0.461307287216186523 4.79080009460449219 48.5
10.840331046357278 -5.11784385517130946 0.543047785758972168 4.70960044860839844 48
10.7610186804427652 -5.30978174367465794 -0.0818108394742012024 4.62840032577514648 54.5
10.7739587929069636 -5.27829193384207684 -0.247873365879058838 4.54720020294189453 57
10.7959549818406941 -5.23780503548590204 -0.112899117171764374 4.46600008010864258 52.5
10.9047733270960361 -5.14983070464987946 0.608936011791229248 4.79080009460449219 47
10.7966095673798606 -5.38069038757148288 -0.535751402378082275 4.62840032577514648 49.5
10.811520273492242 -5.35956597214074737 -0.43786504864692688 4.54720020294189453 51.5
10.9119122187925033 -5.24710227407269958 -1.01024711132049561 4.62840032577514648 49
10.9557035227531241 -5.24710227407269958 -0.250971794128417969 4.54720020294189453 53
11.0867478083668018 -5.08395498037250704 0.829490959644317627 4.79080009460449219 47
11.0835585219668413 -5.14964310061169517 -0.294184476137161255 4.70960044860839844 45.5
11.0133001061957145 -5.1817233453796705 -1.14350354671478271 4.62840032577514648 50
11.0274243375115919 -5.23060752788325267 -0.698062360286712646 4.54720020294189453 51
11.2390946522757051 -5.14633503209620002 0.581931173801422119 4.79080009460449219 45.5
11.2313406260070092 -5.1865407745344525 0.312132179737091064 4.70960044860839844 45.5
8.83547652659184557 -8.73396170736772426 0.809187054634094238 1.29920005798339844 46.5
8.683139239956704 -8.84753121300325063 1.15187275409698486 1.21800005435943604 46.5
10.9865022529463019 -5.98814374798757321 0.560835361480712891 4.30360031127929688 45.5
8.79153053279003416 -8.81474793221798514 1.37289512157440186 1.38040006160736084 49
8.84146214042125855 -8.76466413714856429 1.37289512157440186 1.29920005798339844 51.5
8.6912526777599961 -9.01508311249566674 -0.257010102272033691 1.13680005073547363 47.5
8.75266082034483262 -8.95717372444664939 0.188707754015922546 1.05560004711151123 49
11.5440917953844782 -5.03836972575142017 0.329830139875411987 4.95320034027099609 46.5
11.4145157710018736 -5.32650149444283016 0.311796516180038452 4.62840032577514648 49.5
11.1075893829284809 -5.90276503182564927 0.734054148197174072 4.38479995727539062 46
11.0652512279434667 -5.94527627638667688 0.986871421337127686 4.30360031127929688 45.5
8.70885028517208148 -8.91791441458001444 1.84030652046203613 1.38040006160736084 48.5
8.81114474752442334 -8.86753071732250042 1.57817661762237549 1.29920005798339844 51
8.81226988951769741 -9.00136241316277363 -0.281738191843032837 1.13680005073547363 47.5
8.80623672790791723 -9.01080935639855696 0.124556846916675568 1.05560004711151123 46
11.5867470248712543 -4.86562554677837245 1.65184938907623291 5.1156001091003418 45.5
11.6132666696955162 -4.86562554677837245 1.45373845100402832 5.03439998626708984 46.5
11.5692506547463552 -5.06835994456080385 1.0582050085067749 4.95320034027099609 47.5
11.688715261424429 -4.86562554677837245 0.596038579940795898 4.87200021743774414 45.5
11.3922220495462572 -5.53243165198465281 -0.514887690544128418 4.79080009460449219 48.5
11.5006850259246836 -5.32177794178884511 -0.261816263198852539 4.70960044860839844 53
11.507805300743815 -5.31227476689279321 -0.0760445892810821533 4.62840032577514648 49
11.5700674912947559 -5.35326807195233645 -0.196443766355514526 4.79080009460449219 55
11.5798219814339376 -5.33096278831920145 -0.225994527339935303 4.70960044860839844 54.5
11.5881855281628656 -5.21465666651785575 -1.04107725620269775 4.62840032577514648 45.5
11.690624134232948 -5.18763720360416247 0.947825253009796143 4.95320034027099609 47
11.5673290121302319 -5.47931158452969758 -0.809128284454345703 4.79080009460449219 48
11.6911202989440124 -5.26456231505705041 -0.287643551826477051 4.70960044860839844 47.5
11.7348872763651819 -5.26149760198198368 1.0094914436340332 4.95320034027099609 46
12.4071716201345268 -5.49100778225911235 0.437687188386917114 4.87200021743774414 51
12.4351450844366305 -5.42824371431237562 0.426586657762527466 4.79080009460449219 47
12.4663871765260144 -5.52134476297347998 0.65304267406463623 4.87200021743774414 48
12.6398876042729569 -5.34244319789547184 -0.259180426597595215 4.95320034027099609 47.5
12.2919545188350838 -5.67688185715377625 2.24866485595703125 4.79080009460449219 46.5
12.3017360719406827 -5.81751760104701177 1.7886890172958374 4.70960044860839844 45
12.755524123481937 -5.2664458400754901 0.0338700860738754272 4.95320034027099609 49
12.7117887494233717 -5.32852575174632204 -0.676193296909332275 4.87200021743774414 46
12.8290449960186539 -5.28119760667185112 -0.200534716248512268 5.03439998626708984 49
12.540542230266837 -5.91750736427151391 0.483285009860992432 4.70960044860839844 47
12.5544982609556719 -5.86549294266936094 0.704433560371398926 4.62840032577514648 47.5
12.4625641335253317 -5.83270034523593583 2.29490971565246582 4.95320034027099609 49
12.4976205927184125 -6.02445080488206575 1.45533514022827148 4.62840032577514648 46
12.990104490573243 -5.28746730546554922 0.022948017343878746 5.19680023193359375 46
12.990104490573243 -5.28746730546554922 0.022948017343878746 5.1156001091003418 50.5
12.7538772870241637 -5.60818540851500025 1.6085745096206665 4.87200021743774414 57.5
12.6775901865279863 -5.66426726260015023 1.97367870807647705 4.79080009460449219 53
12.4506757655129316 -6.44065043009144578 -0.44646066427230835 4.46600008010864258 47
13.0498544538160566 -5.33688561723923716 -0.170145675539970398 5.19680023193359375 47.5
13.0303749333931265 -5.3809338643277087 0.254728585481643677 5.1156001091003418 55
12.9989124665461997 -5.45845877920341938 0.208593800663948059 5.03439998626708984 53
12.6944017855798332 -5.80732089614411517 1.98423314094543457 4.95320034027099609 52
12.7087024697666848 -5.71393861231655542 2.1563410758972168 4.79080009460449219 49.5
12.6579623434561555 -5.80732089614411517 2.20477676391601562 4.70960044860839844 45.5
12.5205412895127388 -6.48390197142304192 -0.0711356103420257568 4.38479995727539062 45
13.1581614474296291 -5.27139423690440445 0.076345488429069519 5.19680023193359375 47.5
13.1505301817106126 -5.29087855700048859 0.0280262473970651627 5.1156001091003418 56.5
13.1290357304133352 -5.34401761180799362 0.0231934506446123123 5.03439998626708984 59
13.1060335418800253 -5.36527323373099474 -0.613477110862731934 4.95320034027099609 50.5
13.2432843144600803 -5.24230393058631527 -0.44294169545173645 5.1156001091003418 56
13.2455470183783923 -5.24230393058631527 -0.36913636326789856 5.03439998626708984 58.5
13.2214121389307806 -5.30818886449653782 -0.282693624496459961 4.95320034027099609 50.5
11.7556351253188751 -8.05398800205227694 0.0291462074965238571 3.32920026779174805 49
11.7062638805970849 -8.10740821873624284 0.543920278549194336 3.24800014495849609 46.5
13.3261804643800161 -5.2126134652399605 -0.668752074241638184 5.1156001091003418 53.5
13.3326639039837129 -5.20366323607574355 -0.606308102607727051 5.03439998626708984 55.5
13.3171427504137529 -5.26989493189094826 -0.295898854732513428 4.95320034027099609 47.5
11.8690185162020541 -8.01940533113840104 -0.145515784621238708 3.4104001522064209 51
11.8076217215467967 -8.11069766861341179 0.0478551201522350311 3.32920026779174805 50
13.4333123920737041 -5.1823231955174176 -0.222847700119018555 5.1156001091003418 48
13.4497839479745629 -5.12474182667833489 -0.447604238986968994 5.03439998626708984 48.5
11.8788479568896577 -8.12797009519172775 -0.434847205877304077 3.49160003662109375 50
13.7427064732501751 -5.17272636363304628 -0.686258673667907715 5.1156001091003418 49.5
13.7174455941291029 -5.25171330739590925 -0.584129512310028076 5.03439998626708984 48
13.8087144877371912 -5.23235075320637488 -0.492484688758850098 5.1156001091003418 47
13.783963232133436 -5.27850769351341764 -0.663596749305725098 5.03439998626708984 50
13.834098277935384 -5.32756987429884177 -0.870189130306243896 5.1156001091003418 51
13.8604417832108364 -5.28488993451867106 -0.693261325359344482 5.03439998626708984 51.5
13.8936217485833637 -5.33209646574843532 -1.13650846481323242 5.1156001091003418 51
13.9297732122385032 -5.30039110026479587 -0.78924250602722168 5.03439998626708984 50
10.7431362990772428 -10.2650783307028295 1.40314769744873047 1.70520007610321045 46
10.8275858972686692 -10.2053976427336259 1.16998720169067383 1.62400007247924805 46
13.8868682421052085 -5.31203135353539313 -1.98425054550170898 5.1156001091003418 45
14.0631930744761178 -6.48750079005324132 1.8705451488494873 4.87200021743774414 47
13.9925290157945046 -6.52258943615328945 2.24164271354675293 4.79080009460449219 49
14.0616608456683174 -6.38028548252531813 2.21848487854003906 4.70960044860839844 48
14.1308044060436053 -6.51869061761500035 1.87953817844390869 4.87200021743774414 51.5
14.0835504408893435 -6.51869061761500035 2.20587611198425293 4.79080009460449219 55.5
14.023067384522637 -6.48343327653415002 2.65034079551696777 4.70960044860839844 54
13.9145995389154375 -6.39333118266086586 3.34885764122009277 4.62840032577514648 46.5
14.1575723312748032 -6.57743442704883208 2.08878612518310547 4.87200021743774414 51
14.1137270731175661 -6.58530687998366115 2.34498882293701172 4.79080009460449219 55.5
14.1202067615669389 -6.51445480357020834 2.49883580207824707 4.70960044860839844 54.5
14.2193008351425885 -6.5498808417769343 1.72426021099090576 4.62840032577514648 48.5
14.2183217709754697 -6.58107066933869334 2.22698497772216797 4.79080009460449219 50
14.2431312452923624 -6.58107066933869334 2.06236839294433594 4.70960044860839844 50
14.987133618507583 -5.2671582263470853 -0.672970294952392578 -5.1156001091003418 46
14.5868500806549868 -6.28442907202407852 0.73469918966293335 4.87200021743774414 46.5
14.0837844307771292 -7.37521363115819639 0.251479834318161011 4.30360031127929688 47.5
14.1905983472276862 -7.33614180961497286 -0.0925753340125083923 4.54720020294189453 45.5
14.0303714001619788 -7.62958748199957082 0.372448593378067017 4.38479995727539062 48.5
14.1524733995366461 -7.41000228497708235 0.0032671978697180748 4.22240018844604492 47.5
14.7739706884743747 -6.27151472221986239 -0.020790712907910347 5.03439998626708984 46.5
14.7675932875194889 -6.2474475087031891 0.70009225606918335 4.95320034027099609 48.5
14.4051061879638471 -7.0777663750284292 0.0262613687664270401 4.54720020294189453 47.5
14.0371736209490177 -7.76568756138001604 0.504362106323242188 4.38479995727539062 49
14.1412707953420522 -7.5912002633841329 0.0262613687664270401 4.22240018844604492 49.5
14.0888294312473707 -7.64936269604942609 0.771142840385437012 4.14120006561279297 46.5
14.9932319401887053 -5.93208036655660731 0.170395880937576294 5.1156001091003418 47.5
14.9045524382846697 -6.15372739112224121 0.0395764559507369995 5.03439998626708984 48.5
14.8742802348442957 -6.18999690423298077 0.674805998802185059 4.95320034027099609 48
14.0726391963287707 -7.82413996716688409 0.871362984180450439 4.38479995727539062 46
13.9694681029094294 -7.93899342535089403 1.3571937084197998 4.30360031127929688 47.5
14.0284526764740249 -7.89264904748717111 0.961363017559051514 4.22240018844604492 48
14.0938510175605831 -7.77376564340196641 0.973434150218963623 4.14120006561279297 48.5
14.8993517703943361 -6.1540088399618087 1.60546386241912842 5.1156001091003418 46
14.234968017573598 -7.72085188013629509 0.440627157688140869 4.30360031127929688 47.5
14.2321232601124805 -7.72085188013629509 0.524529039859771729 4.22240018844604492 48.5
8.60307227397500007 14.0637614377878162 0.669144332408905029 -1.29920005798339844 45
15.6685096368575838 -5.1463346354960251 -0.512879848480224609 -5.03439998626708984 45.5
15.7176578173246817 -5.23600585879205926 0.519730269908905029 -4.79080009460449219 46.5
15.7394326818860524 -5.18836814726032713 0.285885095596313477 -5.03439998626708984 47.5
15.6883345184451475 -5.33956610125234477 0.309611767530441284 -5.1156001091003418 48
9.33284942836555409 13.7817414634609978 0.429037332534790039 -0.649600028991699219 45
8.86643574172775395 14.0480553081655568 1.12294173240661621 -0.812000036239624023 45.5
15.9557188294573269 -4.756198820270507 0.127134650945663452 -4.70960044860839844 45.5
15.8906648082575135 -4.9704982421812085 0.0590281374752521515 -4.79080009460449219 51
15.8119985901470947 -5.21184516394471498 0.199781998991966248 -4.95320034027099609 49
15.8132379275644475 -5.21184516394471498 0.0272431019693613052 -5.03439998626708984 52
15.8049872803917122 -5.23681208688576838 -0.0272425729781389236 -5.1156001091003418 47.5
9.19250681851667117 13.9483178638076133 0.817241251468658447 -0.730800032615661621 48.5
9.08255466877265327 14.0256459670381926 0.717004239559173584 -0.812000036239624023 45.5
8.74280145586799406 14.2450905843141591 0.605344712734222412 -1.05560004711151123 47
8.75313060408802812 14.2450905843141591 0.430969923734664917 -1.13680005073547363 46.5
15.8998137262882935 -5.0827553258585727 -1.04266083240509033 -4.87200021743774414 46
15.9049858245867117 -5.17262312150492143 0.0319275707006454468 -4.95320034027099609 52
15.9043893396227976 -5.17262312150492143 -0.141389623284339905 -5.03439998626708984 53.5
9.12328402686295092 14.0885418788022374 0.720219552516937256 -0.730800032615661621 46
8.99904467533398744 14.1641174275486055 0.796879351139068604 -0.974400043487548828 46
8.89606115053661739 14.2417922970934843 0.521060526371002197 -1.13680005073547363 46
15.734103827163759 -5.33647346981303627 2.48999500274658203 -4.79080009460449219 48
15.9616873492311822 -5.23990471308156547 0.0893380120396614075 -4.95320034027099609 53.5
15.9461082528848568 -5.28399044985028077 -0.202726766467094421 -5.03439998626708984 53.5
15.9432614820509837 -5.36029664694775576 1.35840189456939697 -4.79080009460449219 47
15.9649147163839267 -5.43620958136558396 0.578581154346466064 -4.87200021743774414 49.5
15.9861280296211117 -5.39825311415666942 -0.26114964485168457 -4.95320034027099609 52
15.9729100838581672 -5.39825311415666942 -0.700443446636199951 -5.03439998626708984 47
10.1114288879712504 13.5556139857030864 1.14317488670349121 -0.162400007247924805 47.5
16.0330687573740747 -5.46037075861602528 -0.653905868530273438 -4.87200021743774414 48
16.0691143823185669 -5.38412042994644491 -0.311993688344955444 -4.95320034027099609 51.5
10.0479403247201144 13.7326042071443108 0.552401483058929443 -0.162400007247924805 49.5
10.0335050100964462 13.7517511378746438 0.262310773134231567 -0.243600010871887207 47
16.2160460598570459 -5.09521101101636287 0.964035630226135254 -4.70960044860839844 45
16.1871187105298979 -5.2654059508415445 -0.321497052907943726 -4.95320034027099609 51.5
16.1754602955308115 -5.31008212254565404 0.090534500777721405 -5.03439998626708984 45.5
9.99780456173092524 13.8700244409946212 0.276288777589797974 -0.162400007247924805 46.5
10.0671876439324368 13.8123306095500276 0.530365109443664551 -0.243600010871887207 46
16.30386728957453 -5.11765652999262333 -0.63522803783416748 -4.87200021743774414 47.5
16.2852053963718646 -5.19671844715743614 -0.442963629961013794 -4.95320034027099609 49.5
10.4375120394438596 13.6175161263506492 0.77606731653213501 0 45
16.3605232408583703 -5.21951130327577228 -0.265792310237884521 -4.87200021743774414 49.5
16.4076651965670415 -5.32205902072247916 -0.163468673825263977 -4.87200021743774414 50
16.3720854792462127 -5.39965890923848146 -0.600840210914611816 -4.95320034027099609 47.5
16.5069074670511071 -5.17200468144899705 0.963334739208221436 -4.79080009460449219 45.5
10.6080649194959999 13.6476841824422248 1.16846644878387451 0.324800014495849609 46.5
16.5108502973266944 -5.44661294260725803 -0.697344183921813965 -4.95320034027099609 51
16.4695208419620904 -5.60533659323014533 -0.308416068553924561 -5.03439998626708984 47
14.9358394460653177 -8.81242405444599619 1.42194736003875732 3.97880029678344727 48.5
14.8999003998499049 -8.8363413168686229 1.6346515417098999 3.89760017395019531 46.5
10.7215843262198938 13.6371881740649599 1.35454475879669189 0.324800014495849609 45.5
16.6576372024320065 -5.22988583735725232 -0.73963242769241333 -4.87200021743774414 49
16.591319117224927 -5.47008936224631093 -0.426475435495376587 -4.95320034027099609 51
16.4886374823928676 -5.75833359211318285 0.584864258766174316 -5.03439998626708984 47
15.1620022306273476 -8.66479624327080344 0.640825748443603516 4.06000041961669922 45.5
15.0050279981583863 -8.88753042089520484 1.11200845241546631 3.97880029678344727 45
16.7362510282761505 -5.25233192716128805 -0.559868812561035156 -4.87200021743774414 49.5
16.6918632916810381 -5.41461692198798339 -0.257239013910293579 -4.95320034027099609 48
10.3326531658596927 14.2363930738342859 1.09636974334716797 -0.243600010871887207 45.5
16.8115037549757567 -5.2857895076117396 -0.272756278514862061 -4.87200021743774414 46.5
10.178735696408717 14.4385282850215706 1.10103523731231689 -0.324800014495849609 49
10.2113633340998327 14.4997091093392108 1.19881618022918701 -0.406000018119812012 47
15.3497367487916154 -8.90905840036145413 -0.982305049896240234 4.06000041961669922 45
15.3363462093123939 -8.9557026851801016 -0.736589491367340088 3.97880029678344727 46
11.239353077231554 13.6867658596428026 1.51659560203552246 0.487200021743774414 45.5
11.0930384020538568 13.7889390549598385 1.66143405437469482 0.406000018119812012 46.5
17.0048690473074373 -5.19713080885260137 1.56421637535095215 -4.70960044860839844 45
11.1739447373215981 13.9523390103807667 1.33448946475982666 0.487200021743774414 46
11.2165866303987549 14.0242117361528482 1.2286834716796875 0.487200021743774414 46.5
8.91907605730946429 15.7088703654257671 0.622188210487365723 -1.62400007247924805 47.5
8.975512964465576 15.6524042605895843 1.0714714527130127 -1.70520007610321045 50.5
8.88788085469055744 15.6840252792978472 1.31247377395629883 -1.78640007972717285 46.5
17.2682477014864801 -5.32814165234211146 0.352416008710861206 -4.95320034027099609 46
8.91058727724142052 15.7740530604516849 1.09691476821899414 -1.62400007247924805 52
8.91058727724142052 15.7740530604516849 1.09691476821899414 -1.70520007610321045 53.5
8.91021267034422415 15.7491048816357289 1.41293025016784668 -1.78640007972717285 50
8.80025912185068471 15.8392340978128079 1.95568907260894775 -1.62400007247924805 46
9.00727168212501006 15.7413064103640714 1.79749047756195068 -1.70520007610321045 46.5
17.6526772997743322 -5.09511683468202126 -0.251794099807739258 -4.70960044860839844 47
11.8326708623873245 14.0087011304168598 1.17677950859069824 0.730800032615661621 46
17.6897360036744438 -5.23810515504139929 0.194964602589607239 -4.79080009460449219 49.5
12.0925555308558881 13.8699122415180724 1.34095823764801025 0.893200039863586426 46.5
11.8809679694507526 14.0658800840262224 1.18158268928527832 0.730800032615661621 46.5
11.8603051657548555 14.0658800840262224 1.37357497215270996 0.649600028991699219 47.5
12.1615454257822186 13.9262945698107998 1.15361535549163818 0.893200039863586426 46
11.8842116491589156 14.1809309399369941 0.917809784412384033 0.649600028991699219 46.5
17.6546894574071729 -5.82224103024012507 0.611110389232635498 -4.95320034027099609 46.5
17.2336517564723479 -6.67291576759257499 2.10558032989501953 5.19680023193359375 45.5
17.0147210761206935 -7.43759333204327344 1.06841194629669189 4.87200021743774414 46.5
17.8523102388421187 -5.4770060902721891 0.230444133281707764 -4.87200021743774414 45
17.0562947957460302 -7.54225977152097027 0.976102709770202637 4.87200021743774414 46.5
10.9716847842925009 15.095896186853917 1.81619441509246826 -0.0812000036239624023 46
10.9387552462262754 15.124012088490149 1.78056526184082031 -0.162400007247924805 46.5
10.9812156286441649 15.156280385854922 2.02007389068603516 -0.0812000036239624023 49.5
11.0658713282422152 15.0974712892157203 1.99837887287139893 -0.162400007247924805 49.5
18.0389825763310938 -5.37750379668855327 0.241277560591697693 -4.62840032577514648 45.5
18.0501026466461454 -5.34457070257060085 0.100106425583362579 -4.70960044860839844 48
11.0418920935035505 15.2450054159933259 1.69601631164550781 -0.0812000036239624023 46
11.0893466794417996 15.1906854896466417 1.86534678936004639 -0.162400007247924805 46.5
18.1156800193554197 -5.36586402868115186 -0.489591419696807861 -4.62840032577514648 45.5
18.1192853847964592 -5.33988493347186832 -0.622254431247711182 -4.70960044860839844 49.5
18.0955074151087487 -5.44143957838088621 -0.391689062118530273 -4.79080009460449219 49.5
18.0687974218167611 -5.54299422328990499 -0.0618493519723415375 -4.87200021743774414 48
18.1705190041596722 -5.46303226135429032 -0.195338860154151917 -4.70960044860839844 49
18.1673138827225245 -5.46303226135429032 -0.393243372440338135 -4.79080009460449219 48.5
17.6783296322562222 -6.71971937008596409 1.5403437614440918 -5.1156001091003418 48
17.5813250192664832 -6.82879032669286357 2.07732295989990234 5.19680023193359375 49
18.2367186915436541 -5.48462549346639872 -0.493477046489715576 -4.70960044860839844 46
17.8181355276526254 -6.6010705266416343 1.35736334323883057 -5.1156001091003418 46
17.7514673414739548 -6.70343115868115369 1.68878042697906494 5.19680023193359375 47
15.9627690262595205 -10.5320761734245725 0.176021486520767212 3.49160003662109375 48
15.904058259771908 -10.6181108324314444 0.286844879388809204 3.4104001522064209 47
16.0230815706418994 -10.5733788530765089 -0.32330632209777832 3.49160003662109375 45
18.5749606013804218 -5.26149747232423337 -1.30767261981964111 -4.79080009460449219 48.5
18.5927097910810453 -5.40568540262769481 -1.55575168132781982 -4.70960044860839844 45
18.6043591776791715 -5.48821495075941534 -1.0430748462677002 -4.79080009460449219 50
19.3415681445943299 -5.46543147885904101 -0.206920221447944641 -4.70960044860839844 46
19.3288852017501291 -5.46543147885904101 -0.730238199234008789 -4.79080009460449219 46
19.3775212396521077 -5.61439911244066181 -0.144422754645347595 -4.79080009460449219 47.5
11.4551392992465519 16.6477065178297181 1.30237078666687012 -0.568400025367736816 46
11.3654095111674298 16.8236564617787714 0.94747394323348999 -0.487200021743774414 49
11.4687878330420787 16.765240987953149 0.7065621018409729 -0.568400025367736816 51
11.4043849503132826 16.8236564617787714 0.101155973970890045 -0.649600028991699219 46
11.6156709429340985 16.7506307146660944 0.807849466800689697 -0.487200021743774414 47
11.6225344943286331 16.7506307146660944 0.702220737934112549 -0.568400025367736816 47
20.1925140899937681 -5.35506738211739197 1.2005389928817749 -4.54720020294189453 46.5
20.2137195074118736 -5.35506738211739197 0.764488935470581055 -4.62840032577514648 47
9.40509420150848996 18.762678358579258 0.711425423622131348 -2.43600010871887207 46.5
20.2987805945231798 -5.2902880518735369 0.986089229583740234 -4.54720020294189453 47.5
20.2819212923587671 -5.42149559284262317 0.50105363130569458 -4.62840032577514648 49.5
20.2880071077557886 -5.42149559284262317 0.0644263625144958496 -4.70960044860839844 46.5
20.3728680664883406 -5.39345486219340309 0.112071335315704346 -4.62840032577514648 48.5
20.4312132591692048 -5.36507673729243262 -1.05074393749237061 -4.62840032577514648 45
20.5693519568570835 -5.81211918624201385 -0.107838556170463562 -4.70960044860839844 45.5
21.1104045678151913 -5.53630238472383063 -0.175577685236930847 -4.62840032577514648 46
21.1963106758058579 -5.37197449238541935 -1.21175718307495117 -4.54720020294189453 45.5
16.5721547742801008 -14.6777757460801368 1.66332089900970459 2.03000020980834961 49.5
16.4859383230168532 -14.8108675626048925 2.24226737022399902 2.11120009422302246 47.5
16.5911548939979134 -14.7858162925309511 1.51291930675506592 1.94880008697509766 47.5
16.1366233723388 15.2188478013686161 3.29799389839172363 2.11120009422302246 47.5
16.0751688171225204 15.1543967795620453 3.84888243675231934 2.03000020980834961 45
16.2143372310552429 15.2697461786379556 3.1906280517578125 2.19239997863769531 49
16.3248855762634797 15.2050796048746211 2.92467141151428223 2.11120009422302246 51
16.3306828426692903 15.1657173425838945 3.09189367294311523 2.03000020980834961 46.5
16.1346456227977377 15.2867943036256548 3.9519343376159668 2.19239997863769531 46.5
15.9707719599709783 15.9932248280093035 2.3615410327911377 1.86760008335113525 47
15.9328282766385829 15.9421101179766058 2.90167975425720215 1.78640007972717285 53
15.9652847217223446 15.8370409917982773 3.27466773986816406 1.70520007610321045 53.5
15.9034177243866477 15.7745674573138661 3.83014416694641113 1.62400007247924805 48.5
22.1003413006541329 -5.57564598940740552 -0.571970760822296143 -4.54720020294189453 46
21.9861669514500058 -5.76083607081337501 1.80591285228729248 -4.62840032577514648 46
16.9353372984655088 15.2653608642028011 -0.0559585466980934143 2.19239997863769531 48.5
16.8469661482173514 15.3166442713613762 -1.19170689582824707 2.11120009422302246 47.5
16.0577477485405673 15.9548377826681023 2.72615623474121094 1.86760008335113525 50.5
15.9854124023359176 15.9947248771247725 2.91125655174255371 1.78640007972717285 54.5
16.0819772365887736 15.9234979227378606 2.76627826690673828 1.70520007610321045 54
16.1884047723964173 15.9234979227378606 2.05372977256774902 1.62400007247924805 50.5
22.1743343932308079 -5.61113734937901132 0.282270908355712891 -4.54720020294189453 49.5
22.0917099696396626 -5.80265349935781671 1.24546194076538086 -4.62840032577514648 50.5
21.4636127900142704 -7.47484674917275349 2.58952426910400391 -5.03439998626708984 45
17.0552428314311229 15.2441138483129226 0.0358687937259674072 2.27360010147094727 46
16.9407546586835025 15.3670271982993203 -0.361800819635391235 2.19239997863769531 49
16.8667410094991652 15.4184792982936258 -1.02427935600280762 2.11120009422302246 45
16.0158550764234313 16.0473382982240302 3.03989696502685547 1.78640007972717285 48.5
16.124943283039336 16.098790398218334 2.02009773254394531 1.70520007610321045 48
16.0816314242679574 16.2560051482009378 0.623741090297698975 1.62400007247924805 47.5
22.2036862873588241 -5.74998323477578488 0.797815501689910889 -4.62840032577514648 50.5
22.3783558115313674 -5.40049337221387926 0.441079616546630859 -4.46600008010864258 46
22.4031735696377616 -5.31417754847045032 0.0894763097167015076 -4.54720020294189453 50
22.300968035986255 -5.70835314356544288 0.481886506080627441 -4.62840032577514648 48
22.4746752225143034 -5.33148730778116153 -0.272449195384979248 -4.54720020294189453 46
22.4386558628170896 -5.87453648787445104 1.59969985485076904 -4.62840032577514648 45.5
22.20153239301181 -6.50789403206665273 2.30256056785583496 -4.70960044860839844 46
22.4519142038392729 -6.12957603210954627 1.54774212837219238 -4.62840032577514648 48.5
16.9166616583519591 16.0424091682030152 0.723436653614044189 1.86760008335113525 46
16.616983487345319 16.3630241770152125 0.427746981382369995 1.78640007972717285 47.5
22.3581944284689236 -6.48847573910697228 2.36027264595031738 -4.62840032577514648 46.5
22.354506745959231 -6.61128600546230949 2.03149819374084473 -4.70960044860839844 47
22.5426428613780097 -6.38313450826567497 1.46985387802124023 -4.62840032577514648 45.5
22.8591454127643949 -5.65017186738666588 0.370872080326080322 -4.46600008010864258 46
22.8347451771895145 -5.75905538774776371 -0.101150587201118469 -4.54720020294189453 46
21.9447270914911634 -8.28691873883377639 2.08770489692687988 -5.1156001091003418 46
17.6728900218737159 15.2289788613156247 3.21709966659545898 2.67960023880004883 46
17.6659789201933783 15.3349195838291248 2.71219229698181152 2.59840011596679688 49.5
17.8076915291369566 15.2289788613156247 2.35942864418029785 2.51719999313354492 50.5
17.7138922916617112 15.3172627967435417 2.4903862476348877 2.43600010871887207 47
22.9635891517799209 -5.54122247397691314 0.330179154872894287 -4.46600008010864258 47.5
22.0286347683073132 -8.18636649991368159 2.42142391204833984 -5.1156001091003418 50
22.0418496365812544 -8.18636649991368159 2.29802203178405762 5.19680023193359375 47
17.7222391383471525 15.3837561597728794 2.72082972526550293 2.67960023880004883 50.5
17.790780288514096 15.3837561597728794 2.22908186912536621 2.59840011596679688 57.5
17.8803236835243098 15.27747805158792 2.24351239204406738 2.51719999313354492 59
17.9046458529199271 15.2420520155262675 2.2900083065032959 2.43600010871887207 54.5
23.0141097374956374 -5.57658308578686235 0.970820069313049316 -4.46600008010864258 47
17.7762736752708292 15.6250941904468874 1.24520409107208252 2.67960023880004883 49
17.9022609628537772 15.4325939777139354 1.74186968803405762 2.59840011596679688 58.5
17.9796672106463014 15.3259784752772248 1.88042068481445312 2.51719999313354492 60.5
17.9920512737752105 15.3259784752772248 1.75798320770263672 2.43600010871887207 55.5
17.9700806736544294 15.4962863646395022 1.48055088520050049 2.67960023880004883 48.5
18.0854238168518968 15.4012171231386468 0.985228002071380615 2.59840011596679688 52
18.0866976654210809 15.3388279334037101 1.68594694137573242 2.51719999313354492 57.5
18.0619411203977691 15.3388279334037101 1.93322479724884033 2.43600010871887207 54.5
22.6806394696461808 -7.24805463053696997 1.3699798583984375 -4.79080009460449219 45
18.1258111449702497 15.2590623800778324 2.72735881805419922 2.59840011596679688 49
18.1973766971993065 15.3127075212577939 1.78856778144836426 2.51719999313354492 54.5
18.1284610236151131 15.4229780892388266 1.52092266082763672 2.43600010871887207 52
23.2740419482203791 -5.48602184951171434 0.792584538459777832 -4.46600008010864258 47.5
22.6622347545203304 -7.65352367016348101 0.502353489398956299 -4.95320034027099609 47
18.1093390087811095 15.3608611786327991 2.91572380065917969 2.59840011596679688 46
18.1955497295160811 15.4714785129281314 1.40034353733062744 2.51719999313354492 47
23.3772317871812447 -5.42824340923531778 0.197985231876373291 -4.46600008010864258 46
23.3604914939132975 -5.92388964150466713 1.55484104156494141 -4.62840032577514648 49
23.2598370658280373 -6.25886251476346267 1.74045920372009277 -4.70960044860839844 46.5
23.3210173331671839 -6.25408251451185571 1.96652579307556152 -4.62840032577514648 49
23.2419265790851668 -6.45690126014220134 2.22978377342224121 -4.70960044860839844 46.5
23.4993204087386438 -6.08821762703458536 1.09801661968231201 -4.62840032577514648 46
17.2260011408182407 16.825343576757426 3.26538801193237305 1.86760008335113525 49
17.2494919957999819 16.825343576757426 3.13893222808837891 1.78640007972717285 48.5
17.3677519921497634 16.8772741753395401 2.76758313179016113 1.86760008335113525 50.5
17.3524343504776439 16.9869262003011379 2.11614394187927246 1.78640007972717285 50.5
17.3364175871922335 16.9869262003011379 2.2435905933380127 1.70520007610321045 47.5
23.7896883635059524 -5.64306781775722399 0.0950139239430427551 -4.46600008010864258 46
23.7786748571370303 -5.64306781775722399 0.730005800724029541 -4.54720020294189453 46
17.6169598798669256 16.81615878123214 2.15918660163879395 1.94880008697509766 45.5
17.4914914972168276 17.0391928639047308 1.23133862018585205 1.86760008335113525 50
17.6221890939330983 16.9475350217105145 0.205028802156448364 1.78640007972717285 48
23.900821202701426 -5.49182317648835649 0.257490962743759155 -4.46600008010864258 47.5
23.7918102211107225 -5.88409626052323897 0.896013975143432617 -4.54720020294189453 48.5
23.7083471458516293 -6.10781450376188317 1.44380605220794678 -4.62840032577514648 47.5
17.5799106069253597 17.0914608567385962 -0.551727056503295898 1.86760008335113525 45
15.6399458167905561 18.8291080336743661 1.52725601196289062 0.649600028991699219 46.5
15.6129151085511886 18.8291080336743661 1.7824932336807251 0.568400025367736816 48.5
24.0071834429065838 -5.33954719434003611 0.551738083362579346 -4.38479995727539062 46.5
23.9517599031145778 -5.58854162309164426 0.491373389959335327 -4.46600008010864258 47
23.8535329912513134 -5.90209016300107603 1.15513312816619873 -4.62840032577514648 47
15.6293324583353535 18.8866885216034426 2.04376745223999023 0.568400025367736816 45
24.0397687520602013 -5.52541222155486622 0.644235432147979736 -4.38479995727539062 47
24.0311606538187768 -5.5809130139588774 0.460915237665176392 -4.46600008010864258 47.5
24.0480686535120647 -5.52541222155486622 -0.126169830560684204 -4.62840032577514648 47
19.4419733296729937 14.997547458506066 2.43698811531066895 3.16680002212524414 46
19.4419733296729937 14.997547458506066 2.43698811531066895 3.08560013771057129 47.5
19.290759774141744 15.2596345337472279 1.96616578102111816 3.00440025329589844 48.5
19.1143993305480251 15.3922197600457 2.56418156623840332 2.92320013046264648 47.5
19.1852470615479795 15.2781347978818989 2.71304464340209961 2.84200000762939453 49.5
24.1353723294213047 -5.44323897625559638 0.646193623542785645 -4.38479995727539062 48.5
24.1321336628516896 -5.48653746811217502 0.317217528820037842 -4.46600008010864258 48
24.0769453087598606 -5.71230817565004934 0.482561349868774414 -4.54720020294189453 46.5
24.1211365811289156 -5.54220695764206184 0.131614029407501221 -4.62840032577514648 48
19.7972250466573563 14.7616929736749789 1.65071845054626465 3.32920026779174805 46.5
19.7362300197495202 14.7802494701849412 2.14197492599487305 3.24800014495849609 47.5
19.6426406134480054 14.9101449457546771 2.10162925720214844 3.16680002212524414 48.5
19.5711752435054116 15.0431331707427383 1.79884648323059082 3.08560013771057129 47
19.2052123610383987 15.4390050962886018 2.31506943702697754 3.00440025329589844 50
19.1547233154646435 15.4390050962886018 2.70116424560546875 2.92320013046264648 55.5
19.2340730207789115 15.3400371149021346 2.70116424560546875 2.84200000762939453 56.5
19.2683879152382644 15.3400371149021346 2.44439530372619629 2.76080012321472168 51
24.2313273865448622 -5.38838459828199312 0.297873139381408691 -4.38479995727539062 48.5
24.2471169496991266 -5.29532096100596572 0.563550829887390137 -4.46600008010864258 48.5
24.1970631914555945 -5.5031630842557604 0.705675303936004639 -4.54720020294189453 47.5
24.1641336180788215 -5.63965641892726666 0.754735171794891357 -4.62840032577514648 46.5
19.2786105264614633 15.4857892427309771 2.19230294227600098 3.00440025329589844 50.5
19.2127670414084442 15.4857892427309771 2.70934939384460449 2.92320013046264648 56
19.319753256891115 15.3710107567572098 2.59996867179870605 2.76080012321472168 50.5
24.3038880783176765 -5.37666043118326531 0.650109946727752686 -4.46600008010864258 45.5
19.0088510571894531 15.7970515099059252 3.02106714248657227 3.00440025329589844 45.5
19.4995516556148196 15.4174493266858104 1.44215881824493408 2.84200000762939453 53
19.7100845165196112 15.3140851894265957 0.861406087875366211 3.00440025329589844 46.5
19.6774469145885895 15.3796233571416874 0.126001626253128052 2.92320013046264648 49
19.6111559302762757 15.4638867156325208 0.146434217691421509 2.84200000762939453 51.5
19.518427569433566 15.5793587254162542 0.255403995513916016 2.76080012321472168 48
24.4363121554707448 -5.50921745763624049 0.133209347724914551 -4.38479995727539062 45.5
19.5747072831703441 15.626144061659156 -0.396201580762863159 2.92320013046264648 48.5
19.5628858211843415 15.626144061659156 -0.787181258201599121 2.84200000762939453 48.5
19.4693763432915077 15.760744260908222 0.211768224835395813 2.76080012321472168 51
19.2231353445646107 15.9454282552267088 1.92794156074523926 2.67960023880004883 49.5
24.5174386714635482 -5.49117658592361746 0.0890739858150482178 -4.38479995727539062 46
19.5426274852078912 15.7890949403143921 0.236383333802223206 2.84200000762939453 47.5
19.2755885788828358 16.0182864158846741 1.76971948146820068 2.76080012321472168 51.5
19.1311108907221517 16.0182864158846741 2.94632196426391602 2.67960023880004883 53.5
18.9963978616153 16.13131234904262 3.19113850593566895 2.59840011596679688 50
24.5898019552936908 -5.50756790646202177 0.219909355044364929 -4.38479995727539062 47.5
24.5545141056473639 -5.64297409284159102 -0.522252082824707031 -4.46600008010864258 46.5
20.1813582138601895 15.0489805746037746 1.13182055950164795 3.24800014495849609 46
20.0489012629558978 15.2599623068696175 0.463849812746047974 3.16680002212524414 47.5
20.0072079360051767 15.3166439662843175 0.389984250068664551 3.08560013771057129 50
19.9901330095805676 15.3166439662843175 0.913806140422821045 3.00440025329589844 46
19.1000109221783916 16.0661014629898453 3.47994065284729004 2.67960023880004883 50.5
19.1104308201123985 16.1227831224045453 3.14441919326782227 2.59840011596679688 48
24.6460540566581905 -5.6029184723882075 -0.0706501901149749756 -4.38479995727539062 47.5
24.6639361070206498 -5.52395964385962479 -0.043078158050775528 -4.46600008010864258 49
24.6913394295060122 -5.39130881193160683 0.311886250972747803 -4.54720020294189453 46.5
20.5787011516679144 14.6105416309288874 1.36925280094146729 3.49160003662109375 46
20.4784945836412362 14.7558258754214808 1.31246519088745117 3.4104001522064209 49.5
20.3719987604738861 14.9579604764546499 0.258471906185150146 3.16680002212524414 45.5
19.6092032227279383 15.8833579468096371 1.42258894443511963 2.84200000762939453 47.5
19.5911242637020884 15.968633481620504 0.127515166997909546 2.76080012321472168 46
20.4915575976030198 14.8851396121820123 1.07294392585754395 3.4104001522064209 47
20.4842644615516143 14.8851396121820123 1.20416045188903809 3.32920026779174805 48.5
20.4235949468924964 15.002345435899981 0.654946982860565186 3.24800014495849609 47
19.6478478421635252 16.0160174248121407 -0.267880409955978394 2.76080012321472168 47.5
18.8681162680463856 17.3690491234667626 0.482622057199478149 2.35480022430419922 45.5
19.0836159546816795 17.0549382517008006 1.69329607486724854 2.27360010147094727 49.5
18.9998505290573263 17.0934008074272441 2.17805194854736328 2.19239997863769531 46
19.1108407124268744 17.1787411787397986 1.20095038414001465 2.35480022430419922 53.5
19.1612937886662316 17.1048057283073476 1.43040609359741211 2.27360010147094727 56
19.1794191763690556 17.1048057283073476 1.16240644454956055 2.19239997863769531 50.5
20.8765318055717444 15.1493733037459197 0.554031729698181152 3.24800014495849609 48
19.2174349344657571 17.1933619554962718 0.847669243812561035 2.35480022430419922 54.5
19.2737280296931672 17.1256588613531235 0.935563445091247559 2.27360010147094727 56.5
19.2737280296931672 17.1256588613531235 0.935563445091247559 2.19239997863769531 48
17.4424624530329773 18.9375226188983881 1.66458368301391602 1.38040006160736084 46
17.4268110704616426 18.9246267914425523 1.95058810710906982 1.29920005798339844 51
17.3581546465361427 18.9246267914425523 2.48857760429382324 1.21800005435943604 48
25.3005784257972408 -5.38025933370965603 -0.670273959636688232 -4.46600008010864258 46
20.9283199811257603 15.193412625662063 0.825448393821716309 3.4104001522064209 48
19.320292792939803 17.2045432179501674 0.495675802230834961 2.35480022430419922 51.5
19.3232658650057871 17.2045432179501674 0.361624807119369507 2.27360010147094727 50
17.5398261079154061 18.9796407986031745 1.28196096420288086 1.38040006160736084 49
17.5955905606348928 18.8988075754404683 1.65709769725799561 1.29920005798339844 52.5
17.334736308859398 18.9925741143092068 2.88180398941040039 1.21800005435943604 45.5
25.3653000072247821 -5.39585404919044809 -0.942770183086395264 -4.46600008010864258 46
21.0330112153766784 15.1920530171017116 -0.465272903442382812 3.32920026779174805 45.5
17.427836342263884 19.1967884442352492 1.07535922527313232 1.29920005798339844 46.5
21.8850256524535034 14.1351010588005206 1.56672573089599609 3.81640005111694336 45
25.5198186170680614 -5.7762622922352076 0.710155129432678223 -4.38479995727539062 46
25.6189734332167944 -5.6255237278051391 1.04130077362060547 -4.46600008010864258 46
22.5161692059238234 14.0138656884032908 1.23946487903594971 3.89760017395019531 46.5
22.4518039623698762 14.2963278283087369 0.64978104829788208 3.89760017395019531 45.5
22.1759098200933984 15.5292563883352877 0.356246858835220337 3.5728001594543457 49.5
22.1596428460619563 15.5292563883352877 0.920920968055725098 3.49160003662109375 50
22.1142216025419067 15.5901554329954255 0.981797635555267334 3.4104001522064209 48.5
22.1530386913365263 15.6944096390056558 -0.22581791877746582 3.65400028228759766 48
22.2264909054739981 15.5722741554336288 0.781015217304229736 3.5728001594543457 58
22.2448616372256964 15.5247770229333959 1.12693655490875244 3.49160003662109375 60
22.2448616372256964 15.5247770229333959 1.12693655490875244 3.4104001522064209 57.5
22.2663275805116498 15.5247770229333959 0.560814380645751953 3.32920026779174805 48
22.2960136497128616 15.6152908285447083 0.501123428344726562 3.65400028228759766 52.5
22.2878891112944082 15.6152908285447083 0.783172667026519775 3.5728001594543457 61
22.3238395868029862 15.5676624905055743 0.703389763832092285 3.49160003662109375 63.5
22.3993047145283981 15.4587977178446945 0.705245554447174072 3.4104001522064209 60.5
22.3831339577893722 15.4894159351555665 0.523393213748931885 3.32920026779174805 50.5
22.3893456451685999 15.6105490487282328 0.563912808895111084 3.65400028228759766 53.5
22.3601974665701846 15.6583085956430494 0.359207361936569214 3.5728001594543457 60
22.4508882518750674 15.5320869359396081 -0.044668000191450119 3.49160003662109375 62.5
22.4508882518750674 15.5320869359396081 -0.044668000191450119 3.4104001522064209 59.5
22.422511924867468 15.5730236904380206 0.0446688681840896606 3.32920026779174805 49.5
26.7295981170805632 -5.83925143816983638 0.906875729560852051 -4.46600008010864258 47
22.4539798353087789 15.6534356069508931 0.423643648624420166 3.65400028228759766 49
22.4779962448757544 15.6158071559726448 -0.526276111602783203 3.5728001594543457 54
22.4742282911502329 15.6158071559726448 -0.668083906173706055 3.49160003662109375 56.5
22.4465406991915586 15.6534356069508931 -0.716594398021697998 3.4104001522064209 54
24.261997890417625 13.4647999387437949 -0.342426151037216187 4.30360031127929688 46
24.1636245368292606 13.7967357262768537 -0.00379254575818777084 4.30360031127929688 48.5
24.1632158356967146 13.7967357262768537 0.140380203723907471 4.22240018844604492 47
23.4724650971293585 15.2134770949490399 -0.440557330846786499 3.81640005111694336 45
23.3698265305084547 15.3637940791132905 -0.636964917182922363 3.73520016670227051 45.5
27.6089267555529645 -4.93520315949320043 0.439826935529708862 -4.22240018844604492 47.5
27.5284695782649003 -5.38385799217440031 0.00191143923439085484 -4.38479995727539062 47
23.635241494531968 15.1035443283069597 -0.246691763401031494 3.81640005111694336 49
23.4647428908140654 15.3453973240491681 -0.852781474590301514 3.73520016670227051 48.5
27.6371172257388338 -5.20495664339126041 0.337469577789306641 -4.22240018844604492 45.5
27.6847476035363798 -4.94839902356171102 -0.289533913135528564 -4.30360031127929688 46.5
27.6016710254828617 -5.39825348024913865 0.149561405181884766 -4.38479995727539062 50
23.6984379676879584 15.1439285458291284 -0.247351363301277161 3.81640005111694336 47
23.6406079138334846 15.2317907444008931 -0.360476911067962646 3.73520016670227051 47
18.7639268925910621 20.9182322359654158 1.16549050807952881 0.893200039863586426 45.5
27.6760675523715953 -5.34921912642400965 -0.813141345977783203 -4.38479995727539062 49.5
18.5867328652966499 21.1995403587396858 -0.594037294387817383 0.974400043487548828 45.5
27.6860597394606778 -5.67790355020962156 -0.848062574863433838 -4.30360031127929688 46.5
27.7189792783223297 -5.57897305898008256 -0.0944565832614898682 -4.38479995727539062 49.5
27.754022287659275 -5.76381614478727489 -0.463855385780334473 -4.30360031127929688 46
27.7621227591756821 -5.74256052286427376 0.100507356226444244 -4.38479995727539062 46
19.6232015859229847 20.3815933388216592 3.43084383010864258 1.54280006885528564 45
19.9760056986312229 20.2638337478088779 2.62048053741455078 1.78640007972717285 45.5
19.8723282482301116 20.3388188594747774 2.82022666931152344 1.62400007247924805 55
19.8770391092040555 20.3066823830465353 3.01208639144897461 1.54280006885528564 54
19.754240242402112 20.2638337478088779 3.95950865745544434 1.46160006523132324 46
19.9868823937160585 20.3170202027725111 2.92674398422241211 1.78640007972717285 49.5
20.0082247958649617 20.3170202027725111 2.77708959579467773 1.70520007610321045 56
19.9920972922918487 20.359981302760751 2.57094526290893555 1.62400007247924805 58
19.9722699625282409 20.359981302760751 2.7207038402557373 1.54280006885528564 54.5
20.0169676559881999 20.37020530514841 3.08242344856262207 1.78640007972717285 45
19.986055438007206 20.5209627717239584 2.13853335380554199 1.70520007610321045 52.5
20.0410226173942583 20.5209627717239584 1.54050695896148682 1.62400007247924805 51.5
28.3137449038812576 -5.65766954030637237 -0.297254800796508789 -4.30360031127929688 47
28.2854603911433031 -5.74065831545117256 0.862123489379882812 -4.38479995727539062 48
25.2891709181758024 13.8555172415666235 1.49940383434295654 4.30360031127929688 45.5
28.4193611644084498 -5.49148558870334647 -0.534847855567932129 -4.30360031127929688 50
28.3763374779545536 -5.71215793449445641 0.507220208644866943 -4.38479995727539062 47.5
25.2038091229851062 14.0470609624078353 2.35598874092102051 4.30360031127929688 46
28.4837746780393637 -5.57099750668365878 -0.298798978328704834 -4.30360031127929688 51.5
28.4607653936740057 -5.68705995473956794 0.30473703145980835 -4.38479995727539062 47.5
28.5585592048365555 -5.58539262866592789 -0.148796021938323975 -4.30360031127929688 50.5
28.5277546964891968 -5.74175453168196714 -0.0972126051783561707 -4.38479995727539062 47.5
28.6289606496527433 -5.59978811674066712 -0.45348784327507019 -4.30360031127929688 46.5
28.6195694478731113 -5.665410633733722 -0.0636508390307426453 -4.38479995727539062 45.5
21.7385525291997865 20.3409093075360765 0.483111798763275146 2.11120009422302246 48
21.7232524161368339 20.3409093075360765 0.947834491729736328 2.03000020980834961 47
29.332192134553285 -5.52419368014930612 0.358167707920074463 -4.30360031127929688 46
29.3644551834496639 -5.36007178823399943 0.144490420818328857 -4.38479995727539062 47
21.9530643623633495 20.2131030065692698 0.718316376209259033 2.19239997863769531 49.5
21.908423165526564 20.2578635225461738 0.813930988311767578 2.11120009422302246 53.5
21.9328728141642131 20.2131030065692698 1.18410766124725342 2.03000020980834961 53
29.4160481079208331 -5.47824306381388748 0.436586141586303711 -4.30360031127929688 46.5
21.9686810256679195 20.3087631942479341 0.660969138145446777 2.19239997863769531 47.5
21.9686810256679195 20.3087631942479341 0.660969138145446777 2.11120009422302246 52
21.931410099341683 20.3087631942479341 1.43982315063476562 2.03000020980834961 52
25.6885292019496525 15.4225102247315498 -1.49858570098876953 4.06000041961669922 46
25.5841054198504736 15.6339412210994659 -2.35352635383605957 4.06000041961669922 45.5
22.4888510254056406 19.7228181558485538 3.12533974647521973 2.35480022430419922 45
22.6053385480615567 19.7720027401039111 2.66255521774291992 2.43600010871887207 47
22.5862154526135441 19.7720027401039111 2.8201754093170166 2.35480022430419922 48.5
22.7122309437074676 19.8211860735433341 2.19677305221557617 2.43600010871887207 47
22.7122309437074676 19.8211860735433341 2.19677305221557617 2.35480022430419922 45.5
30.372356314253441 -5.68376100397629358 -0.1579999178647995 -4.38479995727539062 45
30.4689587940791888 -5.57369640900909946 0.164716944098472595 -4.30360031127929688 48
30.5393333483641918 -5.60659215192319227 -0.13336414098739624 -4.30360031127929688 46.5
27.379263625368143 14.7679250992497533 1.02474546432495117 4.46600008010864258 46
26.4470329629260128 16.8334216249348891 0.113280728459358215 3.89760017395019531 47.5
26.4379287587043734 16.8334216249348891 -0.703128635883331299 3.81640005111694336 50.5
26.4507602998313942 16.9640110290183799 -0.332076609134674072 3.89760017395019531 46
26.505005801369272 16.8736933777064735 -0.542016446590423584 3.81640005111694336 49.5
28.1673440159392712 14.2672834225023681 0.161452367901802063 4.62840032577514648 50
27.7668172292798729 15.0248382944936427 0.48864099383354187 4.46600008010864258 47.5
28.1509710297501208 14.4554166444909402 -0.53510814905166626 4.70960044860839844 49
28.2565075758822886 14.2458032157199366 -0.591203391551971436 4.62840032577514648 51.5
27.9132994224097644 14.8509136799079293 1.42151272296905518 4.46600008010864258 49.5
27.8293537215589666 15.060527108678933 0.655924737453460693 4.38479995727539062 47
28.089781332688073 14.54517145246556 -2.42442202568054199 4.70960044860839844 49
28.1615344487563846 14.3350613170115757 -2.81241655349731445 4.62840032577514648 50
28.2385042774207733 14.7852163584970118 -0.00434456067159771919 4.54720020294189453 48.5
28.080326629181549 14.9325905517255659 2.12809395790100098 4.46600008010864258 46
28.2270928006461865 14.9677255206783855 -0.0304941385984420776 4.54720020294189453 52
28.1479445739976377 14.9916802694444744 1.93528175354003906 4.46600008010864258 49
28.2793099747647396 15.026872364314686 0.272917240858078003 4.54720020294189453 52.5
28.3318557056344389 14.8547936661347819 1.49724209308624268 4.46600008010864258 50
28.6793090998351019 14.582623041693175 0.274195551872253418 4.70960044860839844 47.5
28.7754970416499347 14.4433261098769563 -1.85029208660125732 4.70960044860839844 46
29.1156905621067423 13.9598828826923693 -1.51787197589874268 4.79080009460449219 46.5
28.9984695486309718 14.2547530940455385 -0.892433404922485352 4.70960044860839844 46
28.4598680545815874 15.2524646310898131 -1.51787197589874268 4.46600008010864258 45.5
29.0360045731923684 14.3364113830952391 1.06672298908233643 4.70960044860839844 48
28.4470189553163593 15.4174116201148461 1.68244791030883789 4.54720020294189453 48
28.4638212550123342 15.3728760298256493 -1.8015601634979248 4.46600008010864258 46.5
28.6286353715894712 15.2136747710586171 -1.88972568511962891 4.46600008010864258 49
28.7759617201623747 15.0983155699521792 -1.86750423908233643 4.46600008010864258 50.5
26.5688438039255992 18.7427365695958095 1.51957011222839355 3.49160003662109375 46.5
26.5983426888681755 18.6369832816597203 2.16651582717895508 3.4104001522064209 45.5
28.9578903409461113 14.9822610844074759 -1.16749310493469238 4.62840032577514648 49
28.8782575373099526 15.1331028966858643 -1.19416713714599609 4.54720020294189453 51
28.7720216042805745 15.2472534573289682 -2.02056789398193359 4.46600008010864258 49
26.7457644927207099 18.6554630536730919 1.01410436630249023 3.5728001594543457 45.5
26.6945053831273533 18.7125383339946438 1.27862763404846191 3.49160003662109375 48.5
26.6084441742628961 18.7859208372652091 1.86292803287506104 3.4104001522064209 49
26.5707820443418292 18.8919177864338081 1.21639537811279297 3.32920026779174805 46.5
28.9221770501714097 15.0167034142737954 -2.70116376876831055 4.62840032577514648 45.5
26.6827562553431861 18.9026585018858704 -0.100320003926753998 3.49160003662109375 45
26.6593745949411947 18.9353479242842901 -0.142680838704109192 3.4104001522064209 45
29.5235337423844619 14.3631218152240834 -1.08825373649597168 4.79080009460449219 47.5
24.8846120587334241 22.1402894896836067 3.80649113655090332 2.43600010871887207 47.5
25.2120971136246546 22.0344711011635042 2.79148745536804199 2.51719999313354492 52.5
25.0997029140445633 22.0344711011635042 3.66703486442565918 2.43600010871887207 55
24.9873404166201318 22.0344711011635042 4.36750936508178711 2.35480022430419922 51
25.1482507828991579 22.3908406825674113 0.470636367797851562 2.59840011596679688 45.5
25.3046960029314043 22.0836556854188615 2.44752144813537598 2.51719999313354492 53.5
25.1298368032564561 22.2183121225250737 2.97384905815124512 2.43600010871887207 55.5
25.1294362142515304 22.0836556854188615 3.85089397430419922 2.35480022430419922 50
25.2428470913109351 22.2888810221234408 2.25097942352294922 2.51719999313354492 48
30.4952878843598292 14.6076732563911698 -0.885435819625854492 4.87200021743774414 47.5
30.4424766073698194 14.7429294902466452 -0.179871425032615662 4.70960044860839844 48
30.5737937757624856 14.6400631045593332 0.348985940217971802 4.95320034027099609 48
30.4230673135672234 14.9493005486081856 -0.406762272119522095 4.87200021743774414 53
30.4878295328543949 14.8222166674922189 -0.0647130981087684631 4.79080009460449219 53.5
30.4985517369725301 14.7967998912690248 0.321252554655075073 4.70960044860839844 51
30.5495522743075689 14.8550095143499732 -0.595259964466094971 4.87200021743774414 52.5
30.5524754045014397 14.8550095143499732 -0.419240683317184448 4.79080009460449219 52.5
30.4701303507454853 14.9823745573423999 1.1833951473236084 4.70960044860839844 49
31.4454648547501243 13.3707053533750262 3.51135802268981934 5.1156001091003418 46
33.9931226975677987 -5.42878746459267703 -0.276942133903503418 -4.22240018844604492 45.5
31.6157058548447623 13.3998993282140955 2.44350767135620117 5.19680023193359375 47
34.0240007964602427 -5.70359180592615722 -0.294008105993270874 -4.22240018844604492 45
29.6558781241172156 18.6272729878041332 -0.551582515239715576 3.97880029678344727 45.5
28.4588549057467866 20.3560729948959214 1.57309579849243164 3.4104001522064209 45.5
28.4565483021465688 20.676210929925503 -0.00479435035958886147 3.32920026779174805 45
32.617770760786982 13.3422136821299659 0.793003320693969727 5.19680023193359375 46
32.635169563159053 13.4191578227643262 1.65152466297149658 5.19680023193359375 47.5
32.5851356607548226 13.7794165465202791 1.22338449954986572 5.1156001091003418 48.5
35.3619953277721848 -2.4115197828633983 1.47973954677581787 -3.97880029678344727 49
35.3887085115526219 -2.46028213141394536 0.249111145734786987 -4.06000041961669922 51
35.4072519939992176 -2.18987274399727738 0.082230299711227417 -4.14120006561279297 49.5
32.5978208905025468 13.9947940340068921 0.0604639425873756409 5.1156001091003418 52
32.6507371981820356 13.8618058106872191 -0.505466580390930176 5.03439998626708984 49.5
35.4193177520865419 -2.41661818488986846 1.85328173637390137 -3.89760017395019531 46
35.4450001746203966 -2.67871464244226232 0.528346478939056396 -3.97880029678344727 54
35.4600155113086686 -2.41661818488986846 0.741596698760986328 -4.06000041961669922 56.5
35.4558322999608109 -2.558772195765743 0.373243808746337891 -4.14120006561279297 52.5
32.7061824290569376 13.9310930658357126 0.181777730584144592 5.19680023193359375 48.5
32.6876848956433079 13.9310930658357126 -1.11471462249755859 5.1156001091003418 49.5
35.5215408175087859 -2.70662413084799702 0.187015265226364136 -3.89760017395019531 46.5
35.5348226201603055 -2.42171632760083932 0.743161201477050781 -3.97880029678344727 55.5
35.5204245561256613 -2.56417022922441795 0.930127084255218506 -4.06000041961669922 57
35.5054446787288498 -2.47068485628394496 1.54908931255340576 -4.14120006561279297 51.5
35.6030046237951012 -2.56956853725244505 0.559779763221740723 -3.97880029678344727 52.5
35.5780629084025364 -2.42681472962730949 1.67392003536224365 -4.06000041961669922 53.5
35.5715339906733021 -2.47588635099844989 1.7395625114440918 -4.14120006561279297 47.5
32.7085361741632141 14.2753807625135831 0.924784839153289795 4.95320034027099609 48
33.2579421370618959 13.1609416536557475 0.741412520408630371 -5.1156001091003418 51
33.2615557269889379 13.1609416536557475 0.556077480316162109 5.19680023193359375 51
33.2837900092013399 13.1885330057989965 1.86403882503509521 -5.1156001091003418 48.5
33.3276659924828778 13.1885330057989965 0.742966890335083008 5.19680023193359375 49.5
33.2246787250638675 13.5438339632852447 1.81412577629089355 -5.1156001091003418 47
33.1595437682364889 13.7907384604614727 0.930613398551940918 5.19680023193359375 51
33.0469759647927646 14.0780455117210881 0.55840909481048584 5.1156001091003418 51
32.6339716477169617 15.0207717736666968 0.0783784091472625732 4.95320034027099609 47
33.3008232046839865 13.6755745558635642 0.184078693389892578 5.19680023193359375 49.5
32.7372442734255671 14.9711553032611633 0.370604515075683594 5.03439998626708984 46.5
32.5300097744743937 15.3535315655139293 -1.43787527084350586 4.95320034027099609 46.5
32.605631235597933 15.2590621360161869 0.184078693389892578 4.79080009460449219 45.5
27.1001780081611443 23.6083602859118358 2.05564475059509277 2.43600010871887207 47.5
27.085411520409 23.6083602859118358 2.24184346199035645 2.35480022430419922 45.5
35.697302530947681 -5.1931196056464568 -0.373835206031799316 -4.22240018844604492 45.5
35.6283484673745363 -5.42302333818809679 1.6177976131439209 -4.30360031127929688 46.5
32.9470068476093587 14.5921251419076228 -1.72344028949737549 5.1156001091003418 47.5
32.8470570303407641 14.7138388826649624 -2.44530630111694336 5.03439998626708984 45
32.6257522748776125 15.3855184149924984 -0.501717507839202881 4.87200021743774414 53
32.6913989512617675 15.2502809252621212 -0.327104151248931885 4.79080009460449219 51
35.7299215310610307 -5.37105589201760925 1.16062629222869873 -4.30360031127929688 51
33.0433335694774755 14.4553228380625303 -2.45039033889770508 5.1156001091003418 48
32.8752383432480855 15.0335357515850312 0.184845700860023499 4.87200021743774414 54
32.7801190513431706 15.2277791522214976 -0.63336712121963501 4.79080009460449219 51.5
35.5891874351108299 -6.11551826719776148 2.87418723106384277 -4.14120006561279297 47
35.7173121546754544 -5.71264548719731735 1.97232174873352051 -4.22240018844604492 56
35.7430894957188485 -5.59947897596123756 1.82434523105621338 -4.30360031127929688 54.5
35.7826569793900262 -5.88777020056543066 1.62046980857849121 -4.14120006561279297 51.5
35.7606544407888336 -5.80612161534957671 2.27040290832519531 -4.22240018844604492 57
35.755541024259557 -5.72447303013372455 2.54203391075134277 -4.30360031127929688 54.5
35.908431242464161 -5.62266486904986706 1.45285439491271973 -4.14120006561279297 50.5
35.7938747859655919 -5.81811724525774387 2.84406256675720215 -4.22240018844604492 54
35.7916426305255726 -5.93629775180204255 2.61902499198913574 -4.30360031127929688 48.5
30.1387469842928049 20.2179574272706617 2.45574831962585449 3.73520016670227051 46.5
30.0692197038045457 20.3634103584021062 2.0770576000213623 3.65400028228759766 48.5
29.9357926480960224 20.4906816731421202 2.66849184036254883 3.5728001594543457 45.5
35.8725628617054326 -5.4429575116854938 3.48368191719055176 -4.22240018844604492 48.5
30.25842596350234 20.2095418237226205 2.14584016799926758 3.73520016670227051 47
30.3502617436006439 20.113891524354095 1.70163822174072266 3.65400028228759766 48
36.1470191897630428 -4.75584244831903558 2.20245552062988281 -4.22240018844604492 47
36.1856010102230314 -5.14063680090603192 1.93293797969818115 -4.22240018844604492 46
26.0318495299089996 27.0992317313438917 2.34459471702575684 1.46160006523132324 45
33.6396734077220501 17.1887140848333715 -1.32692742347717285 4.62840032577514648 49
33.7583307796097216 17.1660231644936658 -0.467365384101867676 4.70960044860839844 51
33.7212463808671572 17.1660231644936658 -1.64950549602508545 4.62840032577514648 52.5
33.7152685749199819 17.047702078441187 -2.67808938026428223 4.54720020294189453 47.5
33.8455742520378209 17.1478512648065227 -0.79424816370010376 4.70960044860839844 50
33.8355188877593065 17.0814602477414539 -1.89312636852264404 4.62840032577514648 50.5
38.1229908974587843 -6.1780007862015216 -0.600375950336456299 -4.22240018844604492 45
35.7304502709680563 14.7689460298512962 -1.70388507843017578 5.19680023193359375 48.5
35.7304502709680563 14.7689460298512962 -1.70388507843017578 5.1156001091003418 47
33.6207924964636433 19.9120380623166042 -0.0932382121682167053 4.14120006561279297 45.5
33.5803097120377672 20.1263753481036254 -0.120107896625995636 4.14120006561279297 45.5
38.0062253409927564 15.0371339524341892 0.420790523290634155 -5.1156001091003418 49
37.8722661620758174 15.3640281687914566 0.635350584983825684 5.19680023193359375 47.5
38.07772098438722 15.0647253045774399 0.209389522671699524 -5.1156001091003418 51.5
38.0028273173981361 15.2540577897232836 -0.0362917520105838776 5.19680023193359375 49.5
38.0716160743263003 15.2819959081808339 -0.251722276210784912 5.19680023193359375 47.5
38.4352532217459313 15.9788292179037423 -0.221349537372589111 5.1156001091003418 48
41.3556989875202845 14.0639683572555558 1.94597232341766357 -4.79080009460449219 47.5
42.0658984800019056 13.7296508066772525 -0.138771429657936096 -4.79080009460449219 46
47.8674103135963946 3.40089946191870229 1.07001769542694092 1.70520007610321045 45.5
47.8745749745363156 3.40089946191870229 -0.677384018898010254 1.62400007247924805 48.5
47.894408506848535 3.1789712783367059 -0.140718460083007812 1.54280006885528564 51
47.894408506848535 3.1789712783367059 -0.140718460083007812 1.46160006523132324 50
47.9655768387917476 3.18393847148749476 0.609620988368988037 1.70520007610321045 48.5
47.9738843177821863 3.07580471207848483 0.501467347145080566 1.62400007247924805 51.5
47.9680955433198122 3.18393847148749476 0.3605366051197052 1.54280006885528564 54
47.9658061562881883 3.231997920113721 -0.203210830688476562 1.46160006523132324 54
47.9911805598163639 2.81748517571251877 0.33759036660194397 1.38040006160736084 53
47.977963323685799 2.88356691757357986 1.00287652015686035 1.29920005798339844 50.5
48.0031598742073271 2.52912848395516043 0.711216092109680176 1.21800005435943604 45
48.0313982530277883 3.18890566463828362 1.11274445056915283 1.78640007972717285 46.5
47.998284347227802 3.08060320810339805 2.25768208503723145 1.70520007610321045 49.5
48.0278343072064331 3.08060320810339805 1.50324153900146484 1.62400007247924805 52
48.0538662509528933 2.97230075156851292 0.643395900726318359 1.54280006885528564 55.5
48.0506887319008626 3.08060320810339805 0.252765923738479614 1.46160006523132324 57
48.0538662509528933 2.97230075156851292 0.643395900726318359 1.38040006160736084 57
48.0538662509528933 2.97230075156851292 0.643395900726318359 1.29920005798339844 54
48.0548842890246064 2.82188067304783941 1.08976781368255615 1.21800005435943604 47.5
48.1262001624967084 3.08540170412831083 -2.10798179978155531e-06 1.78640007972717285 49
48.0607438218519079 3.19387285778907204 2.36957192420959473 1.70520007610321045 47
47.9841988570310249 2.75396206794265286 3.9475553035736084 1.62400007247924805 49.5
48.1262001624967084 3.08540170412831083 -2.10798179978155531e-06 1.54280006885528564 55.5
48.1189158305077527 3.19387285778907204 -0.141378074884414673 1.46160006523132324 58.5
48.1314159263095789 2.97693055046755006 0.394538313150405884 1.38040006160736084 59
48.1355461101432667 2.89256409762029154 0.50303196907043457 1.29920005798339844 56.5
48.1347552465722686 2.82627617038316004 0.841641247272491455 1.21800005435943604 48
48.20458949651902 2.83067166771848067 1.09316277503967285 1.78640007972717285 49.5
48.1905843491642472 3.09020020015322361 -1.00427591800689697 1.54280006885528564 53.5
48.1896370606870406 3.1988400509398609 -0.645398736000061035 1.46160006523132324 58.5
48.2076816422951921 2.9815603493665872 0.141599476337432861 1.38040006160736084 60
48.2133824064261276 2.83067166771848067 0.589421689510345459 1.29920005798339844 57
48.2133824064261276 2.83067166771848067 0.589421689510345459 1.21800005435943604 48
48.2627966733016649 2.8350671650538013 -1.67508101463317871 1.78640007972717285 48.5
48.2143335569312299 3.4274692592441478 -1.94203281402587891 1.54280006885528564 52
48.269985400426485 3.09499869617813683 -0.75522536039352417 1.46160006523132324 58
48.281383475010017 2.98619014826562434 -0.36278495192527771 1.38040006160736084 58.5
48.2844760634122849 2.8350671650538013 0.844259142875671387 1.29920005798339844 57.5
48.2949800589851961 2.76252813311212631 -0.323208749294281006 1.21800005435943604 47.5
48.0795069795908034 -5.68497916856401986 1.85593140125274658 -4.14120006561279297 46
48.061684857614658 -6.09061665982471201 0.6176796555519104 -4.22240018844604492 45.5
48.382432062548709 2.54885647493658363 0.214708462357521057 1.78640007972717285 49
48.3575660677266512 2.71232232962372821 -1.26166880130767822 1.70520007610321045 49.5
48.3299608365372961 3.20877418459950015 -1.14939522743225098 1.46160006523132324 56
48.3536976637000393 2.99081971168330751 -0.614374697208404541 1.38040006160736084 55.5
48.3568519908931336 2.90605963888256591 0.756397724151611328 1.29920005798339844 57.5
48.4252133686257977 2.71652101364552667 1.51494896411895752 1.78640007972717285 46.5
48.4409255861592456 2.77109398043751298 0.688102960586547852 1.70520007610321045 50.5
48.3984903990521858 3.4926698746871061 -0.251429975032806396 1.62400007247924805 45.5
48.3897099153826957 3.62000679720174023 0.0860152989625930786 1.46160006523132324 53.5
48.4145533511109463 3.21374137775028901 0.615327298641204834 1.38040006160736084 54
48.4229385913457833 3.10459544416631639 0.506161272525787354 1.29920005798339844 55.5
48.5071945258718173 3.0000793094813818 -0.109344117343425751 1.78640007972717285 45
48.5071074559467661 3.0000793094813818 0.142478972673416138 1.70520007610321045 50
48.4463306999280476 3.66204012877990515 -1.22582662105560303 1.62400007247924805 52
48.4783172241177169 3.37053444688697734 0.672598481178283691 1.38040006160736084 53
48.4891129385011226 3.26729285121656554 0.301516592502593994 1.29920005798339844 51.5
48.5746074048882761 3.11419243621614239 0.255521923303604126 1.78640007972717285 45
48.559753957381524 3.30882946347965134 -0.507724404335021973 1.70520007610321045 49.5
48.5312827603709636 3.6676914824967457 -0.720090866088867188 1.62400007247924805 54.5
48.5357462619938644 3.6676914824967457 0.292030781507492065 1.54280006885528564 58.5
48.452866708207722 3.89274054527017777 2.5341956615447998 1.29920005798339844 47
48.627143218658837 3.45403878629038763 -0.182800963521003723 1.70520007610321045 49.5
48.6109462467168072 3.6733428362135867 -0.212712273001670837 1.62400007247924805 54
48.6067734784689947 3.63679216122638715 0.847480058670043945 1.54280006885528564 57
48.5400623449995763 3.89873866530131918 2.28581523895263672 1.46160006523132324 55
48.4443953924789028 3.89873866530131918 3.80831646919250488 1.38040006160736084 49
48.6957000077575799 3.51426283222986235 -0.509288966655731201 1.70520007610321045 48
48.6830966911205252 3.67899390249063707 0.549233555793762207 1.54280006885528564 54.5
48.7272889148668753 4.10627133030087066 -2.13748694477544632e-06 1.46160006523132324 48
42.2353803611107139 25.7149071238798683 -3.54920244216918945 4.06000041961669922 46.5
42.324109409789763 25.7149071238798683 -2.2569725513458252 3.97880029678344727 46.5
42.3881404828631929 25.7538105555193475 -2.26038694381713867 4.06000041961669922 46.5
42.2848758922460988 25.9771632849818097 -1.51623678207397461 3.97880029678344727 46
52.3893815853546627 15.0440321413086213 1.41615056991577148 -4.54720020294189453 48.5
52.3709288972260723 15.0440321413086213 1.98462462425231934 -4.62840032577514648 48.5
52.4682168583946691 15.0988396174980686 0.521138489246368408 -4.54720020294189453 48
52.4143900111278569 15.2830550127409275 0.565806388854980469 -4.62840032577514648 48
52.5392380037211382 15.1195799919182488 -0.618766546249389648 -4.62840032577514648 45
58.0816614477499513 -6.16914459942375171 -1.39400100708007812 -4.06000041961669922 46.5
58.1177547114690896 -5.73839959189002169 1.69662177562713623 -4.14120006561279297 47
58.1787200968622855 -6.01624102443109265 1.13661134243011475 -4.06000041961669922 48
58.170097698798763 -6.08203223855002317 1.22433710098266602 -4.14120006561279297 48.5
58.2570906252515144 -5.99467581364673219 1.09814178943634033 -4.06000041961669922 46
58.2573161242028874 -5.75313209954375093 2.00432777404785156 -4.14120006561279297 46
57.6703829871700151 14.0138654443416435 2.46960973739624023 -4.46600008010864258 47
60.3639505654821988 -3.73620979902495431 2.34733867645263672 -4.06000041961669922 46
60.0559191894828999 12.365692647834047 -2.0491175651550293 -4.22240018844604492 45.5
60.0778375786883601 12.4270228035579589 -0.213314831256866455 -4.30360031127929688 49.5
60.1098661483242935 12.1970347195932831 1.3634340763092041 -4.38479995727539062 49
60.1983912472223324 12.2119456711081984 -0.230329215526580811 -4.30360031127929688 54.5
60.217081453095652 12.1198379727717462 0.209389150142669678 -4.38479995727539062 52.5
60.2190909604779492 12.4574070303407076 -0.851125836372375488 -4.22240018844604492 49.5
60.3556984485449064 11.8041808751408563 0.318661272525787354 -4.30360031127929688 55
60.3565388593045213 11.8041808751408563 -2.68825056082278024e-06 -4.38479995727539062 52
60.2459429440758854 9.51795446327143324 8.44485378265380859 -4.22240018844604492 45.5
60.4730516532706091 11.3953844463257834 2.15313243865966797 -4.30360031127929688 54
60.3508577508696362 12.0647959566771288 1.92236959934234619 -4.46600008010864258 46
60.4356900918169089 11.6943034888033797 3.39019417762756348 -4.22240018844604492 56
60.4529530299342426 11.6943034888033797 3.06699991226196289 -4.30360031127929688 58.5
60.2290658669622516 12.164232680382435 5.0213470458984375 -4.38479995727539062 52
60.2453943468962265 12.2566777672504461 4.58136558532714844 -4.46600008010864258 50
61.5952199535941531 -3.94912220239337808 -0.639639019966125488 -3.97880029678344727 49
61.5748547692812735 -4.28078676236000977 0.433442860841751099 -4.06000041961669922 52
60.4475990412655406 12.2715887187653614 2.33921027183532715 -4.14120006561279297 48.5
60.4937064127728377 12.0479079690204234 2.30977606773376465 -4.22240018844604492 60.5
60.4616470831387431 12.1790311671467659 2.4569554328918457 -4.30360031127929688 62.5
60.4192770655006655 12.2715887187653614 2.98246526718139648 -4.38479995727539062 57.5
60.2318102005463629 12.3410068824793058 5.45933723449707031 -4.46600008010864258 50.5
61.6359334460640085 -4.20104074206943423 1.6135258674621582 -3.97880029678344727 51.5
61.6160307736268535 -4.548553303453855 1.41976964473724365 -4.06000041961669922 53
60.606883573359724 12.000767119808641 1.42398262023925781 -4.14120006561279297 53
60.547267481619059 12.1938296539110986 2.13994312286376953 -4.22240018844604492 62
60.5078154524112932 12.2864996702802749 2.6620020866394043 -4.30360031127929688 63.5
60.4760576387549023 12.2864996702802749 3.30588626861572266 -4.38479995727539062 57.5
61.6824737458713273 -4.55407344829501426 1.74620616436004639 -3.97880029678344727 48
61.7068907516354273 -4.4535590937486047 0.970206499099731445 -4.06000041961669922 48.5
60.608578455894083 12.2086281406754296 2.46292614936828613 -4.14120006561279297 52.5
60.6061884985471266 12.3014106217951902 2.02027702331542969 -4.22240018844604492 60.5
60.5812480106415876 12.3014106217951902 2.66523265838623047 -4.30360031127929688 59.5
60.3951432501144012 11.6287376336769128 6.76129770278930664 -4.38479995727539062 53.5
60.6236697813487169 12.5950056353580617 1.98473489284515381 -4.14120006561279297 50.5
60.6491605620802048 12.5950056353580617 -0.920702993869781494 -4.22240018844604492 56.5
60.780360915655244 10.9128688416863042 5.81012582778930664 -4.38479995727539062 51
59.4158900354837556 17.524145206713591 -3.12367010116577148 -4.46600008010864258 48.5
59.0192958657688678 17.9969328482923316 -6.31933975219726562 -4.54720020294189453 47
60.9704522407365346 11.7796635108919112 0.503818094730377197 -4.30360031127929688 55
61.0670329199530428 10.7243049881769572 3.49526309967041016 -4.38479995727539062 53.5
59.5629770871774227 17.1340560158427806 -3.88407564163208008 -4.46600008010864258 51
59.2293286842489053 17.5453354401361068 -6.3606719970703125 -4.54720020294189453 48
59.8065144255948766 16.5720474399383235 -3.77876973152160645 -4.46600008010864258 52.5
59.5928005741402913 16.7476127146087563 -6.57864522933959961 -4.38479995727539062 50
60.3991110652250995 14.95316130926021 -3.57155418395996094 -4.54720020294189453 50.5
59.0763680360619148 17.6300952960461288 -9.63963985443115234 -4.54720020294189453 50.5
57.2202566100019112 20.2968323996497446 -14.4097461700439453 -4.62840032577514648 46.5
58.1111427079935936 10.1957447596134685 20.5491580963134766 -4.54720020294189453 47
57.6487663067244327 19.7825552992806486 -13.7257461547851562 -4.62840032577514648 46
59.0592784033862372 11.2553582921553605 17.2575130462646484 -4.46600008010864258 46
60.2243925718049553 12.450518620139345 11.8278474807739258 -4.46600008010864258 47.5
56.6833642580048718 21.5360322078085957 -15.6552438735961914 -4.54720020294189453 48
56.6434841732614629 21.4599682712109221 -16.1949214935302734 -4.54720020294189453 47
57.1668482685642374 21.4599682712109221 -14.2376785278320312 -4.62840032577514648 48
57.9215244455777878 21.3972885537338549 -10.8877420425415039 -4.70960044860839844 48.5
58.5263578948928682 20.4188085529149319 -9.92161178588867188 -4.62840032577514648 46
57.2865245699531656 22.0896522800647119 -13.0767736434936523 -4.70960044860839844 47.5
58.0790764407486932 21.1107692805562017 -11.4577150344848633 -4.70960044860839844 45.5
62.9169260381972251 -3.02662061594641951 -3.27961421012878418 -3.97880029678344727 47
63.0229122623130635 -2.45124742593577238 -0.748228490352630615 -4.06000041961669922 49.5
63.0680113620243219 -2.35946777838949551 -2.18669486045837402 -3.97880029678344727 48.5
63.0773118101573473 -2.62776846221973903 -1.50673782825469971 -4.06000041961669922 51.5
63.105553774313222 -2.35946777838949551 -0.210961386561393738 -4.14120006561279297 48
58.8429966252255454 11.9788364133620551 -19.5430850982666016 -4.95320034027099609 47.5
59.3014438964108379 11.9157068406961137 -18.1459941864013672 -5.03439998626708984 47.5
63.121656846509552 -3.43674736091913635 -1.1163564920425415 -3.97880029678344727 46.5
63.1711368607173327 -2.16475580894676645 -1.45681512355804443 -4.06000041961669922 48
60.3586225723400673 11.4637251050429132 -14.9271831512451172 -4.95320034027099609 45.5
61.6883488715889214 -9.11225169600742113 10.8814125061035156 -4.06000041961669922 46.5
61.8742836286808071 -9.12304831206347622 10.2339668273925781 -3.97880029678344727 45.5
61.7703764556231292 -9.99417271686120401 10.0463056564331055 -4.14120006561279297 50
61.4579480020475089 -10.6435563640740547 11.2261476516723633 -4.22240018844604492 46.5
62.0214281756117956 -8.92769858570521713 9.97703647613525391 -4.06000041961669922 50
