
X Y Z V_r Mag
6.48907235665384352 2.91235767081421493 1.11808502674102783 -0.0812000036239624023 46.5
6.50290754817748073 2.87906844195412059 1.12390375137329102 0.0812000036239624023 47
6.61589558468720451 2.90905866076350428 0.832423031330108643 0 57
6.79303215381769832 2.80495495641607295 0.0972108170390129089 0 73.5
6.78645643645814101 2.8214871074362069 0.0756650939583778381 -0.0812000036239624023 67
6.78677432611163223 2.8214871074362069 0.03758273646235466 0.0812000036239624023 68
6.84595916936071003 2.8669785634941527 0.209544733166694641 0 79
6.84467361605673652 2.8669785634941527 0.247998535633087158 -0.0812000036239624023 72.5
6.84704051773463629 2.8669785634941527 0.170579120516777039 0.0812000036239624023 73.5
6.90363057794803403 2.91936797217056254 0.259191632270812988 0 72
6.90394318702806586 2.90905880758183866 0.350642174482345581 -0.0812000036239624023 66
6.90889241055837378 2.90905880758183866 0.233638614416122437 0.0812000036239624023 67
6.9874763338939907 2.90785912065346697 -0.316485553979873657 0 53
6.99060554179826976 2.90785912065346697 -0.237523570656776428 0.0812000036239624023 47.5
6.40110525238759021 -7.14008973604621922 0.452745288610458374 0 51
6.38460994885533317 -7.16528158491331801 0.235596060752868652 0.0812000036239624023 45.5
6.57581614429555739 -7.09673487190791707 0.025065302848815918 0 68
6.59386648320501045 -7.0798090987892266 0.0534282401204109192 -0.0812000036239624023 62
6.59391217457444512 -7.0798090987892266 -0.0474917218089103699 0.0812000036239624023 62.5
6.643516498541576 -7.1346911992103994 -0.149556949734687805 0 70.5
6.64446142975151499 -7.1346911992103994 -0.0990421473979949951 -0.0812000036239624023 64.5
6.65414391700989771 -7.12128928609712819 -0.268514871597290039 0.0812000036239624023 64.5
6.66836883585502438 -7.18957399749534076 -0.611167550086975098 0 59
6.66361563187351802 -7.20676218669700308 -0.435252666473388672 -0.0812000036239624023 52.5
6.69522903891911358 -7.16133625809260987 -0.647932887077331543 0.0812000036239624023 53
6.55895252820784336 -7.20486890612461917 1.75499927997589111 0 49
10.4240808975309633 1.53310396679129979 -1.55262327194213867 0 45.5
10.3074508570321193 2.74471190322253866 -1.11743175983428955 0 50.5
10.3417249263751696 2.8381316248910764 -1.27817773818969727 0 54.5
10.3342145666722569 2.88671590377651599 -1.22917842864990234 -0.0812000036239624023 48.5
10.3417249263751696 2.8381316248910764 -1.27817773818969727 0.0812000036239624023 49
10.4037350611841113 2.95704309475470906 -1.13306009769439697 0.0812000036239624023 46
10.3843258663719151 3.72839361230990418 -1.21444010734558105 0 49
10.2936647621359203 4.05940206342676735 -1.56280314922332764 0 47.5
10.5093629761528913 -6.76131233437175005 -0.844735085964202881 0 46
12.9367759808480614 2.94277908750324757 0.453341215848922729 0 64.5
12.9288666564353321 2.97263817632797034 0.483189225196838379 -0.0812000036239624023 58
12.9390293199532564 2.94277908750324757 0.383687227964401245 0.0812000036239624023 59
13.0093326935147093 2.9894326988612252 0.20750899612903595 0 72
13.0080265416136935 2.9894326988612252 0.277579784393310547 -0.0812000036239624023 65.5
13.010252106608208 2.9894326988612252 0.138342767953872681 0.0812000036239624023 66.5
13.0770737880179357 3.03642370018080854 0.0302034486085176468 0 66
13.0833432226085744 3.00622722139448006 0.139119967818260193 -0.0812000036239624023 59.5
13.0770466790788991 3.03642370018080854 -0.0402726083993911743 0.0812000036239624023 60.5
13.2047481214071141 2.80709181766155558 0.0699500367045402527 0.0812000036239624023 53
9.60979836187048519 -9.65083987300091017 0.914109289646148682 0 49.5
11.0985962064151202 -8.40389969049086716 -0.893391251564025879 0 45
10.001747773984933 -10.0220257366952676 -0.67429739236831665 0 48
5.67385763506500762 13.398033294478914 0.0505910180509090424 0 52
5.61677100803060192 13.4198512344346401 0.248973995447158813 -0.0812000036239624023 46
5.71201441090229967 13.381669839512119 -0.0793568640947341919 0.0812000036239624023 46.5
5.70242277491535354 13.4670960233999768 -0.101701416075229645 0 54
5.7945721674198678 13.426890281438407 0.179471120238304138 -0.0812000036239624023 48
5.70056908271659868 13.4670960233999768 -0.177476316690444946 0.0812000036239624023 48
9.65071449728120889 -11.17551838714121 -0.521680653095245361 0 51.5
9.69970276926341235 -11.2322467604078344 -0.524328768253326416 0 50
12.8827190918446099 -8.9017761560568136 -1.6901012659072876 0 46
13.0603172320016832 -9.32805083883741126 -0.134588941931724548 0 47
13.4671024059250808 -9.00428661847043443 0.0033132149837911129 0 68.5
13.4211178734324328 -9.06906565889108585 0.256224751472473145 -0.0812000036239624023 62
13.4232727556187683 -9.06906565889108585 0.0883566141128540039 0.0812000036239624023 62.5
13.485710846145226 -9.11105249910907489 0.00332855409942567348 0 71
13.5362405612933259 -9.03580496730839755 -0.00998656637966632843 -0.0812000036239624023 65
13.5350648423669657 -9.03580496730839755 -0.17863859236240387 0.0812000036239624023 65.5
13.5383627301669698 -9.15303827155736194 -0.50710296630859375 0 61
13.5801032724515967 -9.09583178236012735 -0.41127777099609375 -0.0812000036239624023 55
13.578908373999715 -9.08765942676052241 -0.591771423816680908 0.0812000036239624023 55.5
13.914575355671742 -8.97660181645758826 0.732023477554321289 0 56.5
13.9188772161379379 -8.97660181645758826 0.645086228847503662 -0.0812000036239624023 50.5
13.914575355671742 -8.97660181645758826 0.732023477554321289 0.0812000036239624023 51
13.9887857815821235 -9.01722033554347391 0.475562542676925659 0 65
13.9593235196910346 -9.05467071995505002 0.610572218894958496 -0.0812000036239624023 59
13.9887857815821235 -9.01722033554347391 0.475562542676925659 0.0812000036239624023 59.5
14.0181304148587813 -9.06619761660135204 1.01079332828521729 0 55.5
14.0178297166364239 -9.0578378216575075 1.08704042434692383 -0.0812000036239624023 49
13.9964020696361668 -9.09545689890481412 1.04835045337677002 0.0812000036239624023 50
14.098300735520521 -9.13624411511657364 -0.0836117863655090332 0 51.5
14.0739475537451248 -9.17403188948975945 -0.0343613140285015106 -0.0812000036239624023 45.5
14.0961730076969616 -9.13624411511657364 -0.258843570947647095 0.0812000036239624023 46
13.3543811982456759 -10.2946373841065864 0.668257772922515869 0 48
13.4795645479038502 -10.7605178742189622 0.274008005857467651 0 68.5
13.4795645479038502 -10.7605178742189622 0.274008005857467651 -0.0812000036239624023 62.5
13.5406389589820595 -10.807303210461864 0.094492495059967041 0 72
13.5397153684806497 -10.807303210461864 0.184257805347442627 -0.0812000036239624023 66
13.5409679481066405 -10.807303210461864 0.00472465157508850098 0.0812000036239624023 66.5
13.5984395947732928 -10.8540885467047641 -0.176752164959907532 0 64
13.5969691360351881 -10.8540885467047641 -0.266901642084121704 -0.0812000036239624023 57.5
17.0713598285585135 3.80931129748607811 1.43539810180664062 0 49
13.888358893685778 -10.8336660783092285 0.621108889579772949 0 64
13.9062418847041958 -10.8072371307711688 0.678745925426483154 -0.0812000036239624023 58.5
13.8921865805589135 -10.8336660783092285 0.528633713722229004 0.0812000036239624023 58.5
13.961224840230436 -10.8797672539860777 0.0699900016188621521 0 72
13.9604490519528923 -10.8797672539860777 0.162906169891357422 -0.0812000036239624023 66
13.961224840230436 -10.8797672539860777 0.0699900016188621521 0.0812000036239624023 66.5
14.0022806721646251 -10.945858837442346 -0.273865729570388794 0 69.5
13.9667671001706335 -10.9925031222609899 -0.212068274617195129 -0.0812000036239624023 63
13.9650384050388219 -10.9925031222609899 -0.3053702712059021 0.0812000036239624023 63.5
13.8730481462042032 -11.2173265397938788 0.576738834381103516 0 57.5
13.864062931345341 -11.2173265397938788 0.762801170349121094 -0.0812000036239624023 51.5
13.8826569352276916 -11.206173898573164 0.562142610549926758 0.0812000036239624023 52
13.436733649324804 -11.5646052834477278 2.64948511123657227 0 51.5
13.490703073333977 -11.4996481745536769 2.6579444408416748 0.0812000036239624023 46
15.2219161910295142 -9.48856425667198344 -2.2284703254699707 0 48
13.8717670361689258 12.050100562600834 -0.0989657938480377197 0 47
16.9109487198676476 7.14008959876154226 2.99982333183288574 0 45.5
17.1423988142569144 7.09420473558903097 2.13683867454528809 0 46
16.4321131369973692 -9.09423870428606662 -1.28883957862854004 0 46
15.9708473522255492 -10.0914345938905647 -1.77359771728515625 0 49.5
17.4666406415068209 -7.73594975570123378 0.914977312088012695 0 47
17.5598538882357147 -7.75429100366309854 0.403142601251602173 0 53
17.5460941996444859 -7.75429100366309854 0.803489923477172852 -0.0812000036239624023 46.5
17.5578200547331313 -7.7662871221712404 0.218597203493118286 0.0812000036239624023 47.5
17.6717248110099909 -7.63043138091302708 1.00615096092224121 0 49
17.6868555664512641 -7.80761734289290033 0.799223124980926514 0 52
17.7067995874063371 -7.73749628282975532 1.0113835334777832 -0.0812000036239624023 46
17.6912562810708991 -7.81487124565805402 0.608062744140625 0.0812000036239624023 46.5
15.8069438192301224 -12.1705495506436403 -0.144172400236129761 0 49
15.7915832430281053 -12.6319122871266085 1.05980348587036133 0 48
17.8531300964973241 -9.98856786499156257 -0.84847646951675415 0 47
17.9967274158384249 -9.79404367286125321 -1.58020699024200439 0 45
16.1788593728147667 13.8538301165776332 -0.0769651830196380615 0 46.5
16.2209177934071 13.9186365255087949 -0.209843680262565613 0 57
16.2219804829614098 13.9186365255087949 -0.0976360887289047241 -0.0812000036239624023 50.5
16.2349222103111615 13.9026104615761437 -0.187987029552459717 0.0812000036239624023 51.5
16.2791900489454662 13.9674743434498527 0.0131626995280385017 0 57
16.2929445116170335 13.9513920471419084 0.0336343459784984589 -0.0812000036239624023 50
16.2927947063259673 13.9513920471419084 -0.0775071904063224792 0.0812000036239624023 51
14.7543832097860506 18.4652127136914963 1.74186968803405762 0 62.5
14.6184854052368802 18.5747897578625611 1.72253167629241943 -0.0812000036239624023 56
14.7367976538189609 18.5385020926668886 2.0979621410369873 0 71
14.7537493729999571 18.5385020926668886 1.97522664070129395 0.0812000036239624023 65.5
14.7456422473044491 18.59698227571986 2.35388994216918945 0 67
17.1484381079239085 -16.6733209017584905 -0.580625176429748535 0 52
14.8205563076747424 18.6179751848247825 3.1180264949798584 0 57
14.6759681638125912 18.6809548044899429 3.41143321990966797 -0.0812000036239624023 50
14.8334523967656207 18.6989489815371321 2.5135648250579834 0.0812000036239624023 51.5
14.8399629706973428 18.6761569491268524 3.25304317474365234 0 58
14.8085343294635514 18.6490813349931308 3.539031982421875 -0.0812000036239624023 51.5
14.829396340183628 18.739333382105535 2.92097139358520508 0.0812000036239624023 52.5
14.5956048222340105 18.9862563073660979 3.65253996849060059 0 55.5
14.5303112277162469 19.0831249619955194 3.39927124977111816 -0.0812000036239624023 49.5
14.5002886878081263 19.0831249619955194 3.52513766288757324 0.0812000036239624023 50.5
14.3008245200674562 19.142206444302257 4.42180871963500977 0 58
14.3765408112535464 19.142206444302257 4.16906547546386719 -0.0812000036239624023 51
14.3390265797831518 19.142206444302257 4.2963099479675293 0.0812000036239624023 52.5
18.8212111715655546 -16.7557283192020705 -0.218190297484397888 0 52
18.7879998215449682 -16.7935160921452038 -0.170087486505508423 0.0812000036239624023 46.5
18.8130727318724809 -16.8782391862697736 0.137852683663368225 0 50
18.8942780239845796 -16.8934772402142315 0.489075064659118652 0 46.5
11.2632211866541514 25.0946807011610211 -1.01124405860900879 0 48.5
10.607241256625187 25.456212669022392 -1.10801243782043457 0 48.5
13.4440681189063973 24.8739520805698433 0.138794541358947754 0 48.5
13.2614440463710412 25.0532930399112566 0.434866487979888916 0 51
13.0450296341451839 25.1666563568339292 0.434866487979888916 0.0812000036239624023 45.5
26.065356051511511 -12.596411607289232 -0.173687636852264404 0 51.5
26.0289783648248942 -12.6723807755123996 -0.0750006809830665588 0.0812000036239624023 46
12.747361320602776 26.06327349155519 0.813194334506988525 0 57.5
12.4707652847217876 26.1974706971198366 0.789457023143768311 -0.0812000036239624023 51
12.5672844354640372 26.153947279098869 0.696484863758087158 0.0812000036239624023 52
12.7890208615160255 26.1306194203081787 0.664564847946166992 0 57.5
12.7890208615160255 26.1306194203081787 0.664564847946166992 -0.0812000036239624023 51.5
12.7890208615160255 26.1306194203081787 0.664564847946166992 0.0812000036239624023 52.5
25.9746930993748499 -13.4104424779086742 1.01881706714630127 0 48.5
25.979000831535398 -13.602398589761048 -0.147946938872337341 0 51.5
25.9794230565589395 -13.602398589761048 0.00599753251299262047 -0.0812000036239624023 45.5
26.0365638220079028 -13.4851365329527635 -0.451820671558380127 0.0812000036239624023 46.5
26.3702383522105279 -12.8546658709886579 -1.93085122108459473 0 49
26.3965921830596919 -13.0826665914764568 -0.916189908981323242 0 49.5
12.3131550387416215 27.008352051107444 2.34219145774841309 0 48.5
16.3884051098457206 24.9241473131381888 1.10886383056640625 0 52.5
16.3884051098457206 24.9241473131381888 1.10886383056640625 -0.0812000036239624023 46
16.3060116209040729 24.9875580441054694 0.870892524719238281 0.0812000036239624023 47
16.7566498739195744 24.7698853615721433 1.08310556411743164 0 62.5
16.8755208362388167 24.6838788151777955 1.19523489475250244 -0.0812000036239624023 56
16.8235515442297725 24.7287517959052821 0.981158316135406494 0.0812000036239624023 56.5
16.8781667666945161 24.74574380006149 1.66606974601745605 0 62
16.9230422646699594 24.7120047159529364 1.71099507808685303 -0.0812000036239624023 56
16.938206565363096 24.7120047159529364 1.55374002456665039 0.0812000036239624023 56.5
26.1958812964643393 -14.7733228221495168 -0.174285024404525757 0 56
26.20783017414292 -14.7507738684652416 0.264501988887786865 -0.0812000036239624023 50
26.1943562283736924 -14.7733228221495168 -0.332161575555801392 0.0812000036239624023 50.5
26.3145757634291009 -14.7084410627602278 0.476862728595733643 0 61
26.2455729340151649 -14.8101644000282917 0.922791779041290283 -0.0812000036239624023 54.5
26.2601210208425222 -14.8101644000282917 0.295991003513336182 0.0812000036239624023 55
16.4569606364743777 25.3467949198836351 0.508955836296081543 0 59
16.4513728744126198 25.3467949198836351 0.665534913539886475 -0.0812000036239624023 52.5
16.3343922929686052 25.4298867822346146 0.243154928088188171 0.0812000036239624023 53.5
26.6601915602728639 -15.0082684805190336 0.588276684284210205 0 64
26.7039868566497773 -14.9279694644449172 0.642508506774902344 -0.0812000036239624023 58
26.6653231249290137 -15.0082684805190336 0.269119232892990112 0.0812000036239624023 58.5
26.6380935901631481 -15.2098786195305298 0.165213257074356079 0 70.5
26.7077569530538632 -15.0872183080827043 0.165213257074356079 -0.0812000036239624023 64.5
26.6381672810159422 -15.2098786195305298 -0.152666166424751282 0.0812000036239624023 65
26.6804462111137894 -15.247066963723606 -1.11506009101867676 0 64
26.6733169459221777 -15.247066963723606 -1.2742687463760376 0.0812000036239624023 58.5
26.438295498687296 -15.8851853059500492 1.86747467517852783 0 48.5
26.7752346685350773 -15.5250668725940955 -1.22873377799987793 0 53.5
26.881473729763016 -15.5393782480639331 -0.129129722714424133 0 58.5
26.8779655067598604 -15.5393782480639331 -0.452998161315917969 -0.0812000036239624023 52
26.881473729763016 -15.5393782480639331 -0.129129722714424133 0.0812000036239624023 53
27.0425864869569281 -15.2891002278511401 1.92555117607116699 0 52
26.5810635263232058 -15.7066961722820793 4.98723506927490234 0 50
26.6304691017725901 -16.8121943205980635 -2.26912593841552734 0 50.5
26.7313051213169039 -16.852128679117893 -1.77924644947052002 0 53.5
26.8310814078332847 -17.2069328310094569 0.173849821090698242 0 54
26.8123478640494781 -17.2308313488303 -0.460687875747680664 -0.0812000036239624023 47.5
26.8137594726080124 -17.2308313488303 0.369425535202026367 0.0812000036239624023 48
26.799302719764551 -17.3751777716703977 0.838532805442810059 0 60.5
26.799302719764551 -17.3751777716703977 0.838532805442810059 -0.0812000036239624023 54.5
26.799302719764551 -17.3751777716703977 0.838532805442810059 0.0812000036239624023 55
26.8283526034136237 -17.4879979313063068 0.100433900952339172 0 58.5
26.7914637516231373 -17.5440235539695308 -0.159384965896606445 -0.0812000036239624023 52.5
26.7601098773007919 -17.5880436860620648 0.397362828254699707 0.0812000036239624023 52.5
17.7052624663155989 26.8654775750189678 0.0241280943155288696 0 47
27.7907004325366742 -16.6563107681597913 -0.0662682428956031799 0 52.5
27.7873027213368609 -16.6563107681597913 0.439562708139419556 -0.0812000036239624023 46.5
27.8298517436251132 -16.5834343476865556 -0.499198287725448608 0.0812000036239624023 47
20.9646792800361688 24.9908191693653947 0.576056838035583496 0 47.5
20.0813293692854238 25.8961617796456984 0.574236392974853516 0 50.5
20.0093443747103841 25.9494039278562596 0.674770832061767578 0.0812000036239624023 46.5
19.6182345693648088 26.3453889140063353 0.409839153289794922 0 53.5
19.292858800060948 26.5875793075754174 0.0940652787685394287 -0.0812000036239624023 46.5
19.7148369567023884 26.2715003193581396 0.506132662296295166 0.0812000036239624023 48.5
19.2614706496490697 26.6811965086026639 1.07952010631561279 0 46.5
20.2888048533874112 26.0162061020388009 -0.72213822603225708 0 47.5
28.5629546922323279 -17.2618046694011014 -0.279869496822357178 0 51
28.6257292930593827 -17.1575415341667359 0.277594894170761108 -0.0812000036239624023 46
28.7703034205774948 -17.0456218905026837 -0.786704599857330322 0 59
28.7776936610830489 -17.0456218905026837 -0.440126627683639526 -0.0812000036239624023 54
28.7281126607374659 -17.120860044997297 -0.688666582107543945 0.0812000036239624023 52
28.9297027310650137 -16.9288381888006541 -0.642222344875335693 0 57.5
28.8782112146020395 -17.0251913880935071 -0.342838525772094727 -0.0812000036239624023 53
28.8782112146020395 -17.0251913880935071 -0.342838525772094727 0.0812000036239624023 51
28.8190265871640854 -17.2732115301422766 -0.245107725262641907 0 54
28.7995242756517911 -17.3068006629184374 0.14889998733997345 -0.0812000036239624023 48.5
28.7034284519384535 -17.46634904360522 0.00687185302376747131 0.0812000036239624023 47
28.6307657085764831 -17.8142352767170102 1.41238462924957275 0 55.5
28.6388520378840745 -17.8142352767170102 1.23764634132385254 -0.0812000036239624023 50
28.6307657085764831 -17.8142352767170102 1.41238462924957275 0.0812000036239624023 49.5
28.4599668195660094 -18.2448975492594272 -4.06899309158325195 0 48
28.8570969146401559 -18.1699482922514157 1.27929747104644775 -0.0812000036239624023 47.5
29.2026247946913102 -17.7782473192228103 -0.88359600305557251 0 51
16.6269037159774058 -29.9680754785284407 0.486032545566558838 0 48
29.2770228502910257 -17.9463624662796093 0.840650618076324463 0 46.5
29.2382910237352363 -18.1705215930582149 0.187757819890975952 0 47.5
28.2580791500495963 -20.1817173602928683 0.0710247084498405457 0 47
28.4892883223182096 -19.9600426399739064 -0.998707234859466553 0 54.5
28.5664473184433128 -19.8513278107801483 -0.960763633251190186 -0.0812000036239624023 48.5
28.5047443716956508 -19.9252538946319007 -1.22635877132415771 0.0812000036239624023 48.5
28.4111277884486526 -20.1948086682568295 -1.11493659019470215 0 57
28.4851812304257983 -20.08150158466281 -1.26226472854614258 -0.0812000036239624023 51
28.2488283462625063 -20.4170648706912488 -1.18860340118408203 0.0812000036239624023 51.5
29.2981275417656697 -19.329458708141793 -0.0430741570889949799 0 45
28.9355644000493157 -20.2611626337132442 0.272140264511108398 0 59.5
29.0057948807175698 -20.1508077174076163 0.681521773338317871 -0.0812000036239624023 53.5
29.0128213459146735 -20.1508077174076163 -0.23842620849609375 0.0812000036239624023 53.5
29.0646240958712276 -20.1935911829422388 -0.791550219058990479 0 68
29.0690401918058612 -20.1935911829422388 -0.608163595199584961 -0.0812000036239624023 62
28.9863265998975272 -20.3041804008115854 -0.832566320896148682 0.0812000036239624023 62.5
29.2818242387637326 -19.8595746824044603 -2.57834553718566895 0 64
29.2975872076139545 -19.8595746824044603 -2.39257311820983887 -0.0812000036239624023 58
29.2651069909591435 -19.8595746824044603 -2.76163530349731445 0.0812000036239624023 58
27.9559777316714992 -21.7984291052474006 2.66356134414672852 0 62
27.9559777316714992 -21.7984291052474006 2.66356134414672852 -0.0812000036239624023 56
27.9730855232898143 -21.7984291052474006 2.47742605209350586 0.0812000036239624023 56.5
33.9379971665705895 10.8264965233919881 -0.374030083417892456 0 61.5
33.9050525359111461 11.174946503155164 -0.240957275032997131 0 58.5
33.8893035039284669 11.174946503155164 1.06103169918060303 -0.0812000036239624023 52.5
33.9032331709986181 11.174946503155164 -0.425926119089126587 0.0812000036239624023 53
33.9064150439381677 11.3638293762204174 1.0340045690536499 0 55.5
33.8333542562919405 11.4442970901354322 2.04523253440856934 -0.0812000036239624023 49
33.9116185954841214 11.3638293762204174 0.846264481544494629 0.0812000036239624023 49.5
29.5878186286683693 -20.1859815639029492 -1.51979982852935791 0 54.5
29.508933487060883 -20.2979765792375169 -1.56131422519683838 -0.0812000036239624023 48.5
29.5447701121186661 -20.2800573767839865 -1.02395784854888916 0.0812000036239624023 48.5
29.4486041798906406 -20.4392031935159828 -2.37160372734069824 0 55
29.4133050741088979 -20.5424541650624057 -1.86304891109466553 -0.0812000036239624023 50
33.521765054463323 12.8884147525992478 -0.886541247367858887 0.0812000036239624023 49
33.6430735160567167 12.8118540575984969 -0.00245203985832631588 0 56
33.6383363430507387 12.8118540575984969 -0.564482569694519043 -0.0812000036239624023 49.5
33.6241162612973241 12.8613380444782663 -0.0687218755483627319 0.0812000036239624023 51
33.4676884568260178 13.628659063260832 -0.99803459644317627 0 51.5
26.7941889806029394 -24.3857107844682233 -2.25805425643920898 0 45.5
33.9743674723525046 12.9953103157749155 -0.0694377273321151733 0 57
33.9519229355668415 13.0498551649492054 -0.329824358224868774 -0.0812000036239624023 50.5
33.8993142813959309 13.1862172878849346 -0.317427515983581543 0.0812000036239624023 51.5
33.9704646776767873 13.2134056413385927 -0.126737162470817566 0 61
34.0072398879942099 13.1177553419700601 0.186379685997962952 -0.0812000036239624023 55
34.0077498580323976 13.1177553419700601 -0.00248269038274884224 0.0812000036239624023 56
34.1131221003360707 13.0488997694281412 0.311266273260116577 0 58
34.0879039415450649 13.1036695481035999 0.620021402835845947 -0.0812000036239624023 52
34.1143225355000155 13.0488997694281412 0.122018024325370789 0.0812000036239624023 52.5
35.2490672352117116 9.8056274921196902 -0.955582082271575928 0 59.5
35.2910653456898444 9.97237374936168486 -0.385054171085357666 0 63.5
35.2926418872452885 9.97237374936168486 -0.192530527710914612 -0.0812000036239624023 57
35.2910653456898444 9.97237374936168486 -0.385054171085357666 0.0812000036239624023 58
34.9784968663418567 11.1683858872885757 1.52791500091552734 0 67
34.9983811644800653 11.3200245513079789 1.74673092365264893 0 70
35.0310155697361338 11.1911787434069137 1.9147343635559082 -0.0812000036239624023 63.5
35.040911536758415 11.1911787434069137 1.72416138648986816 0.0812000036239624023 64.5
35.0365798469050702 11.2139715995252498 2.88009405136108398 0 62
35.0106308374743804 11.3338578090596478 2.72205758094787598 -0.0812000036239624023 56
35.0519225531557268 11.2139715995252498 2.6869354248046875 0.0812000036239624023 56.5
35.115139722213506 11.3846166195336345 2.11383557319641113 0 53
35.1261330506421743 11.3846166195336345 1.92253375053405762 -0.0812000036239624023 47.5
35.1261330506421743 11.3846166195336345 1.92253375053405762 0.0812000036239624023 48
35.1266252044739105 11.2595573117619221 3.47061944007873535 0 58
35.1266252044739105 11.2595573117619221 3.47061944007873535 -0.0812000036239624023 52
35.1452241746106893 11.2595573117619221 3.27692914009094238 0.0812000036239624023 52.5
35.1318523147810353 11.1331475189022768 5.06419754028320312 0 57
32.9650648466585281 17.2900056265210154 -1.94574582576751709 0 53.5
32.9856964601912495 17.2900056265210154 -1.55735969543457031 -0.0812000036239624023 47
32.9100749882606607 17.2900056265210154 -2.72184085845947266 0.0812000036239624023 47.5
32.9894716373407277 17.4741464013456138 -1.17115581035614014 0 51.5
32.8666584839490667 17.6588869881733252 -2.92870235443115234 0 53
32.8992278263362792 17.6588869881733252 -2.53681492805480957 0.0812000036239624023 47.5
33.1386907296523603 17.3943711456159349 -2.34800839424133301 0 58
33.1386907296523603 17.3943711456159349 -2.34800839424133301 -0.0812000036239624023 51.5
33.1640477839134533 17.3943711456159349 -1.95749068260192871 0.0812000036239624023 52.5
36.601110502289437 -8.49859376014325463 0.115277163684368134 0 61.5
36.5999792599478226 -8.49859376014325463 0.309970617294311523 -0.0812000036239624023 55
36.6002459787718806 -8.49859376014325463 -0.276666909456253052 0.0812000036239624023 56
37.6405546488277167 -0.602205149585419708 0.590355932712554932 0 55
37.6446666746559018 -0.602205149585419708 0.197645619511604309 -0.0812000036239624023 49
37.7238459668522665 -0.259275488652661257 0.141456529498100281 0 51
37.7226470861225636 -0.400698482463203776 0.131171554327011108 -0.0812000036239624023 46
37.7155365930963171 -0.603404773591648014 0.591531991958618164 0.0812000036239624023 45.5
27.7802775892998071 -25.3869722234199138 4.27474260330200195 0 46.5
27.8230413236497824 -25.6174481561075318 3.13483810424804688 0 53.5
27.7757789398238479 -25.6174481561075318 3.52916574478149414 -0.0812000036239624023 47.5
27.9311027841593749 -25.6174481561075318 1.94997537136077881 0.0812000036239624023 48.5
33.5236086449711976 17.9419946537339072 0.391451030969619751 0 56
33.5026898430414946 17.9847589418386775 0.137400314211845398 -0.0812000036239624023 50
33.5029187860736215 17.9847589418386775 -0.0596233122050762177 0.0812000036239624023 50
33.5525699986889876 18.0202321985853473 -1.05187058448791504 0 57.5
33.537763585206676 18.0202321985853473 -1.44907772541046143 -0.0812000036239624023 51.5
33.5825549845258422 17.977383561917641 -0.797387540340423584 0.0812000036239624023 52.5
33.8144169482902228 17.7074712417945683 -0.601189553737640381 0 63.5
33.8144169482902228 17.7074712417945683 -0.601189553737640381 -0.0812000036239624023 57
33.8173555688675265 17.7074712417945683 -0.403405725955963135 0.0812000036239624023 58
33.9564113230735245 17.5893080636271506 -0.800526797771453857 0 67.5
33.9564113230735245 17.5893080636271506 -0.800526797771453857 -0.0812000036239624023 61
33.9510858364977963 17.5893080636271506 -1.00126886367797852 0.0812000036239624023 62
33.9655764354763647 17.5711174250584214 -2.53004050254821777 0 64.5
33.9757656753849844 17.5998518771026689 -2.16753149032592773 -0.0812000036239624023 58
33.9479561288493912 17.5998518771026689 -2.56654095649719238 0.0812000036239624023 59.5
32.4474824714273851 20.5822751331134555 -1.96385431289672852 0 46.5
38.5468954768963741 -0.409461279910105669 -0.268074512481689453 0 61
38.5477686859078474 -0.409461279910105669 -0.0683324187994003296 -0.0812000036239624023 54.5
38.5468166056286563 -0.438364429080230711 -0.231283560395240784 0.0812000036239624023 55.5
38.5663131666808567 -0.0868781360559588989 2.12665653228759766 0 61.5
38.5615271827491526 -0 2.21341943740844727 -0.0812000036239624023 55.5
38.5825166194999696 -0 1.81106889247894287 0.0812000036239624023 56
38.5913170541121247 -1.23799940525276075 2.62060761451721191 0 56.5
38.5326432546724718 -1.0832494795961658 3.42812204360961914 -0.0812000036239624023 51
38.616565426312782 -1.23799940525276075 2.21771717071533203 0.0812000036239624023 51.5
38.5784975602253866 -1.15318312295750669 3.72431492805480957 0 53
38.292293001608364 -1.44874686455585922 5.9247126579284668 -0.0812000036239624023 46
38.5640903335022358 -1.36637664148746585 3.80061459541320801 0.0812000036239624023 47.5
38.9056611078929748 -0.623798137635881877 -2.63827252388000488 0 50.5
38.8616928204746088 -0.467848603226911353 -3.24806833267211914 0.0812000036239624023 45
39.0617508713351924 -0 1.01753902435302734 0 46
37.1038939994136072 -12.9500728356524686 0.294728875160217285 0 49
37.9339696288972732 -10.3916372447515908 1.84891724586486816 0 61.5
37.9487732819104835 -10.3473546996745238 1.79260420799255371 -0.0812000036239624023 55
37.9433559321585108 -10.3916372447515908 1.64509952068328857 0.0812000036239624023 56
37.9720743970562822 -10.569179996018816 1.64823305606842041 0 71
37.9710705649533722 -10.5445317217743693 1.820198655128479 -0.0812000036239624023 64.5
37.9803879760620404 -10.569179996018816 1.44398283958435059 0.0812000036239624023 65.5
37.9551854745284274 -10.7473225592891541 2.47480201721191406 0 68
37.9413094589085773 -10.7473225592891541 2.67916226387023926 -0.0812000036239624023 62
37.9681232634305275 -10.7473225592891541 2.2676846981048584 0.0812000036239624023 62.5
37.773825389114549 -11.0200845150683566 4.4560236930847168 0 56.5
37.866506909683963 -10.9112197376406499 3.90297150611877441 -0.0812000036239624023 50.5
38.152504220346465 -10.7881097755009154 1.45221853256225586 -0.0812000036239624023 49
38.1778303261629119 -10.7881097755009154 0.419253140687942505 0.0812000036239624023 49
35.9533363406988684 -16.9528577702549619 0.143633455038070679 0 57
35.949330931876851 -16.9528577702549619 0.555539548397064209 -0.0812000036239624023 50
36.0478798608396858 -16.7442377801141156 0.493213802576065063 0.0812000036239624023 52
36.1525279306238545 -16.6912302533214998 -0.654321670532226562 0 56.5
36.1557074940804526 -16.6912302533214998 -0.445275694131851196 -0.0812000036239624023 49.5
36.1482065706583455 -16.6912302533214998 -0.860634565353393555 0.0812000036239624023 51.5
35.9289596136460787 -17.4234627294442035 1.8798140287399292 0.0812000036239624023 49.5
35.9765014912529537 -17.5112034232124749 1.74695920944213867 0 54
35.8701821683351483 -17.7213979198614986 1.81242227554321289 -0.0812000036239624023 48.5
36.0829032419174496 -17.5439946021567543 0.49786674976348877 0 56
36.0794376773620442 -17.5439946021567543 0.705748140811920166 -0.0812000036239624023 50.5
36.411456735437703 -16.9940760045773303 1.2029949426651001 0 53.5
36.4478930190656243 -16.9337955103252114 0.915318191051483154 -0.0812000036239624023 47.5
36.3320430664569187 -17.1749174873336976 1.02217745780944824 0.0812000036239624023 48
36.5582419361391189 -16.5325725269906805 3.49925661087036133 0 48
36.3353930434519086 -18.2053094079151911 0.853528499603271484 0 49.5
36.3819501601169151 -18.2388988800895824 1.49065148830413818 0 49.5
37.723601246797088 12.771368114514857 8.85789299011230469 0 50.5
36.6828864078981809 12.794843937108574 12.7052574157714844 0 51
39.0763359254353233 -12.8658365887400645 3.01209878921508789 -0.0812000036239624023 45.5
39.2218635273346976 -12.7266628756407112 1.11353707313537598 0.0812000036239624023 47.5
39.2728990928135246 -12.8220978544820277 0.994453072547912598 0 59.5
39.2247333512775427 -12.9357048431242347 1.35774922370910645 -0.0812000036239624023 53.5
39.237281009445411 -12.9357048431242347 0.926852703094482422 0.0812000036239624023 54.5
39.3872002276949118 -12.739072063241446 2.55739188194274902 0 54
39.4753629400491519 -12.6043219112299418 1.73283815383911133 -0.0812000036239624023 48
39.6755719114529342 -12.3846329322359416 2.26066398620605469 0 47.5
39.2497732586023531 -14.2563277688227767 1.1675640344619751 0 56.5
39.2988378902841262 -14.0318597739273603 1.96445846557617188 -0.0812000036239624023 50
39.2622999937514621 -14.2250066532559742 1.12770950794219971 0.0812000036239624023 51
39.200826561879758 -14.5904667930737535 1.35503339767456055 0 56.5
39.112433729307547 -14.7264353008228266 2.18456101417541504 -0.0812000036239624023 50.5
39.2376644829751697 -14.5015643072378211 1.23810958862304688 0.0812000036239624023 51
38.2217703574244041 -17.8976092671806946 -1.31250619888305664 0 45.5
39.6858391709101781 -14.208203221519268 3.5286552906036377 0 47
42.6890559107788761 3.19478184393941911 1.19107747077941895 0 51
42.7092439932344874 2.9700233222552388 1.03930211067199707 0.0812000036239624023 45.5
42.8097696884853178 2.74471190322253866 0.447487235069274902 0 60
42.8068689206656927 2.74471190322253866 0.669751584529876709 -0.0812000036239624023 54
42.8068689206656927 2.74471190322253866 0.669751584529876709 0.0812000036239624023 54.5
42.8916041767989924 2.65284792427390848 0.351587027311325073 0 57
42.8863632978887068 2.74951039924745144 0.225599482655525208 -0.0812000036239624023 51
42.8856392385094196 2.65284792427390848 0.796889364719390869 0.0812000036239624023 51
42.9352185127310193 2.52298998414597486 1.87195229530334473 0 56
42.9021703275515094 2.61444164668431478 2.42304468154907227 -0.0812000036239624023 49.5
42.9556921082831522 2.65747772317294562 1.02422535419464111 0.0812000036239624023 51
42.9997754046031559 3.27643973734231198 -0.223450124263763428 0 62.5
43.0023845255333157 3.24949533160758897 0.0352801121771335602 -0.0812000036239624023 56.5
43.0023845255333157 3.24949533160758897 0.0352801121771335602 0.0812000036239624023 56.5
43.0879534883223982 3.10939384866811208 -1.88833200809312984e-06 0 69
43.0785538090758209 3.22275716606747054 0.303357332944869995 -0.0812000036239624023 62.5
43.1114937286232518 2.76390564326054422 -1.88833200809312984e-06 -0.243600010871887207 46
43.0903927925841401 2.76390564326054422 1.34870266914367676 -0.324800014495849609 47
43.0911273798158376 3.06080956978267338 -0.161989763379096985 -0.893200039863586426 45.5
43.0873726206709762 3.10939384866811208 -0.223838746547698975 0.0812000036239624023 63.5
43.1743169544062866 2.94174814799079787 -0.224227353930473328 0 68.5
43.1743014419653548 2.94174814799079787 0.227174341678619385 -0.0812000036239624023 62
43.1931789993224982 2.62810588221236729 0.410094529390335083 -0.243600010871887207 47.5
43.186592466343825 2.62810588221236729 0.858497262001037598 -0.324800014495849609 48
43.1785633368015027 2.86604139418221182 -0.351089268922805786 0.0812000036239624023 63
43.2407508692755869 3.07143748871285149 -0.162552237510681152 0 63.5
43.2323305915044998 3.19061143007384418 -0.0916203856468200684 -0.0812000036239624023 56.5
43.2455573600954892 3.00643352069776482 -0.0768407285213470459 0.0812000036239624023 58
43.2689042960536341 3.67365208186325498 0.192439943552017212 0 59
43.2649222602327939 3.7062102982460905 0.375990033149719238 -0.0812000036239624023 52
43.2859101724462221 3.47287641416910375 -1.89816717011126457e-06 0.0812000036239624023 53
43.3553472563837374 3.47887422912318689 -0.679117321968078613 0 56
43.3381667826597692 3.67999664549437133 -0.714701592922210693 -0.0812000036239624023 50
43.3512328635700115 3.47887422912318689 -0.904471993446350098 0.0812000036239624023 50.5
38.7521157076759764 -20.0452327722759378 1.33598208427429199 0 57
38.7226448710330331 -20.0452327722759378 2.01695728302001953 -0.0812000036239624023 50.5
38.8361028368164938 -19.8488713083842541 1.761269211769104 0.0812000036239624023 52
39.0067253734374901 -19.7573075290738522 0.00894261244684457779 0 60
38.9761281629516603 -19.8174099579510106 0.0864513367414474487 -0.0812000036239624023 53.5
38.9759732035880759 -19.8174099579510106 -0.140106484293937683 0.0812000036239624023 54.5
38.790149372970312 -19.4737496117242195 -5.87688112258911133 0 53
38.7823041150907812 -19.3807047147598297 -6.22586488723754883 -0.0812000036239624023 47
38.8101536344428695 -19.517535445589818 -5.59268093109130859 0.0812000036239624023 47.5
39.2454379779447038 -19.4138895003104679 -2.81284499168395996 0 45
42.2503934396392609 13.8951044676796887 -2.5559849739074707 0 49
28.1647516609460844 34.4393553535656238 3.47393989562988281 0 51
42.4410666764654039 13.7400536902826591 -1.16510510444641113 0.0812000036239624023 45.5
45.2155338980524206 2.75108492863640519 -0.277952969074249268 0 47
45.2640413432722397 3.14687229063534035 0.392873823642730713 0 47.5
43.3323723176339826 -12.4195818277793748 -7.3665008544921875 0 45
43.684687754091982 -12.4399743986232583 -5.4733433723449707 0 48
36.152378650832965 29.221606327913566 1.16335105895996094 0 48
36.0361107562052609 29.4782581328960909 -1.2890242338180542 0 49
19.5748436921384581 -42.3833836014541134 1.92354047298431396 0 48
34.1889372122295612 -32.1034117915714816 -2.18862819671630859 0 50.5
45.794474760946656 11.3183380948667551 -0.492078006267547607 0 58.5
45.7911435316116524 11.3183380948667551 -0.739707410335540771 0.0812000036239624023 53
45.7574760699556009 11.1178709840154788 -3.89984703063964844 0 57
45.7129752321505549 11.1178709840154788 -4.39081144332885742 0.0812000036239624023 51.5
45.819483291059413 12.3395075050100509 1.47893238067626953 0 53
45.7878300739047503 12.4759539822289121 1.30422651767730713 -0.0812000036239624023 46
45.7992536427937367 12.4759539822289121 0.809137165546417236 0.0812000036239624023 47
45.9131247675717873 12.3590013951112603 0.49274897575378418 0 63.5
45.9098195627770451 12.3590013951112603 0.739105105400085449 -0.0812000036239624023 57
45.8784078047908039 12.4956634297687401 -0.18153788149356842 0.0812000036239624023 58
46.0088855549672004 12.2951775051966621 -0.389628082513809204 0 62.5
46.0088855549672004 12.2951775051966621 -0.389628082513809204 -0.0812000036239624023 56
45.9578047205504987 12.4439574846883918 -1.08113062381744385 0.0812000036239624023 57
32.6382972393402397 34.7143669146770719 2.22359180450439453 0 50
32.8267553165576587 34.5534314911371894 1.93768537044525146 0.0812000036239624023 45.5
35.8256987928011199 31.0745019639371947 6.36532878875732422 0 48.5
46.5894014185144982 11.2583567725245217 2.58401989936828613 0 58.5
46.6190818163728977 11.0784150020526333 2.81600141525268555 -0.0812000036239624023 52.5
46.6250219040491061 11.2583567725245217 1.83215236663818359 0.0812000036239624023 53.5
46.7311689941102415 11.0957252015800041 2.07080507278442383 0 62
46.7062850802280209 11.0957252015800041 2.57169055938720703 -0.0812000036239624023 56
46.7583819360994397 11.0957252015800041 1.32070958614349365 0.0812000036239624023 56.5
46.8982803889868975 10.8904136848967781 0.61057204008102417 0 60.5
46.8623827832279432 11.0408337634174529 0.663087785243988037 -0.0812000036239624023 54
46.9021313892903535 10.8904136848967781 0.108327455818653107 0.0812000036239624023 55
46.6741927046316007 12.0824812827680947 1.08818352222442627 0 65.5
46.6528601040737669 12.1487692100052254 1.25252389907836914 -0.0812000036239624023 59.5
46.7005724095419765 12.0101671803275867 0.680560827255249023 0.0812000036239624023 60.5
46.7061215189974845 12.2521609498262585 1.14583837985992432 0 72
46.7061215189974845 12.2521609498262585 1.14583837985992432 -0.0812000036239624023 65.5
46.6888672842896071 12.3608008006128944 0.500521004199981689 0.0812000036239624023 66.5
46.7718304575220856 12.2711862368000357 1.39818227291107178 0 72.5
46.7636689364279334 12.2711862368000357 1.64870941638946533 -0.0812000036239624023 66
46.7786472855924416 12.2711862368000357 1.14761757850646973 0.0812000036239624023 67
46.7582391384423559 12.2902105561075192 3.16548800468444824 0 66
46.7403670223769225 12.2902105561075192 3.41924405097961426 -0.0812000036239624023 59.5
46.7898129423736577 12.2054504833067767 3.0237424373626709 0.0812000036239624023 61
46.824528738733882 12.6791192846714225 1.17432522773742676 0 60
46.7994131820906958 12.6791192846714225 1.93153107166290283 -0.0812000036239624023 54
46.8121905372528673 12.7518832403940703 0.827032744884490967 0.0812000036239624023 54.5
46.8907592962348829 12.7715926879338983 0.321399718523025513 0 60.5
46.9068742678508812 12.6987162674606662 0.6692848801612854 -0.0812000036239624023 54.5
46.8918101168792774 12.7715926879338983 0.0695844367146492004 0.0812000036239624023 55
47.0169055079756433 12.5662530727002952 0.869405984878540039 0 57.5
47.0169055079756433 12.5662530727002952 0.869405984878540039 -0.0812000036239624023 51.5
47.0248162509354515 12.5662530727002952 0.109508596360683441 0.0812000036239624023 51.5
40.5281868077471117 27.0292241530342991 1.85745811462402344 0.0812000036239624023 46.5
37.4428032327094087 31.3958662129254122 1.88315904140472412 0 57
37.3964166484579366 31.3958662129254122 2.64911818504333496 -0.0812000036239624023 50.5
37.5401087996292375 31.2858768022923499 1.77321910858154297 0.0812000036239624023 51.5
37.8112740890350452 31.0707062828951379 1.8626939058303833 0.0812000036239624023 46
37.6276375689609353 31.381846722790609 2.28985905647277832 0 51.5
37.6914471815987326 31.1857101807731709 3.5649864673614502 -0.0812000036239624023 45
37.4576823771378571 31.6454052011265503 1.18034911155700684 0.0812000036239624023 47
37.4209723876818714 31.8227045790777403 0.502371251583099365 0 50.5
37.4243433217840931 31.8227045790777403 -0.010045456700026989 0.0812000036239624023 46
39.163026113417871 29.7440752172908418 1.47902882099151611 0 51.5
39.3141548282156279 29.510450815005381 2.04218316078186035 -0.0812000036239624023 46
39.178956703814265 29.7440752172908418 0.969330132007598877 0.0812000036239624023 45.5
39.397168867151386 29.4753907408018385 2.66272330284118652 0 53
39.3075845483844475 29.5554367152389403 3.06852340698242188 -0.0812000036239624023 47.5
39.413780159554598 29.4753907408018385 2.40439081192016602 0.0812000036239624023 48
40.4597395171828538 27.9415655980637254 4.20727968215942383 0 51
40.5325445533958444 27.9415655980637254 3.43577027320861816 0.0812000036239624023 46
40.5621892846490937 28.1940187237912845 1.62387800216674805 0 53
40.5621892846490937 28.1940187237912845 1.62387800216674805 -0.0812000036239624023 46.5
40.4017017307779298 28.459592175077816 0.764879882335662842 0.0812000036239624023 47.5
39.8976836984146956 29.2945224903937564 0.506206154823303223 0 48.5
33.4203910536218274 36.9085335848934619 0.937020599842071533 0 50.5
41.0772917042214729 28.2388171460692803 1.65565204620361328 0 56.5
41.0772917042214729 28.2388171460692803 1.65565204620361328 -0.0812000036239624023 50
41.1088739066022981 28.1889582766875684 1.72022545337677002 0.0812000036239624023 51.5
41.3601893926495308 27.9629515584394319 1.55262875556945801 0.0812000036239624023 50
41.506114541988822 28.04692523887541 -0.788987398147583008 0.0812000036239624023 45
34.6918479859369242 36.1143155302629353 3.12456965446472168 0 45.5
43.269176471600403 25.4496726160645181 -2.27059435844421387 0 50.5
43.2917109010967849 25.3178090273802461 -3.1463313102722168 0.0812000036239624023 45.5
34.6182873704894618 36.2222789451299576 4.70389080047607422 0 51.5
34.5019724762834201 36.2222789451299576 5.49236679077148438 -0.0812000036239624023 45
34.2869715117520144 36.7568091031744117 2.43848824501037598 0.0812000036239624023 46.5
33.643384417098261 37.0824011815304573 5.76006126403808594 0 50
34.1897467138408686 36.8115888087713188 4.01599788665771484 0.0812000036239624023 45
42.2742920236899096 -28.0442358835551424 4.44532203674316406 0 51.5
42.1801533734597101 -28.3149643377193208 4.48304653167724609 0 52
45.0808232879403832 24.449364590109699 1.27994203567504883 0 46.5
44.5215859361722863 25.7488242593012302 -1.38888287544250488 0 53
44.4976956174693683 25.7873992769181655 -1.43796765804290771 -0.0812000036239624023 45.5
44.4500838332518171 25.7873992769181655 -2.51051878929138184 0.0812000036239624023 48
44.3919690809924745 26.0954093697463918 -1.79117226600646973 0 52.5
44.2876335461567976 26.1662333280654664 -2.95967197418212891 -0.0812000036239624023 46
44.2879373570841679 26.2563729113806552 -2.0018010139465332 0.0812000036239624023 47.5
42.2716102570662358 -29.5443407013253037 1.67423868179321289 0 52.5
42.3748962412406414 -29.4347261679506786 0.724671363830566406 -0.0812000036239624023 47
42.100879308434358 -29.7119864582512001 2.69702267646789551 0.0812000036239624023 46.5
45.4022101821604096 24.8319661555830251 -0.275191336870193481 0 46.5
42.5471256642930484 -29.9711030470416837 0.82324063777923584 0 46.5
46.0274178342589835 23.9324807497642418 5.79250812530517578 0 48
46.3103753478751372 24.2477540847673865 0.267297625541687012 0 54
46.291343698664889 24.2477540847673865 1.3541492223739624 -0.0812000036239624023 47.5
46.3078499710123523 24.2477540847673865 -0.552404284477233887 0.0812000036239624023 48
46.0359412120897105 24.9105399873518358 -0.8244209885597229 0 57
45.9261215817151296 25.1198722561531085 -0.55319678783416748 -0.0812000036239624023 50.5
45.9598653781786766 25.0021228549523933 -1.76278400421142578 0.0812000036239624023 50.5
45.8399566330374171 25.4375542112312658 -0.100076235830783844 0 55.5
45.8936063446692799 25.3261871183672618 0.861340343952178955 -0.0812000036239624023 49.5
45.8397457868049116 25.4375542112312658 0.171559974551200867 0.0812000036239624023 49.5
46.1476403750258797 25.0212798808732373 0.76236116886138916 0 52.5
46.181890978006841 24.9097534629459076 1.72848629951477051 -0.0812000036239624023 46
46.277133238773466 24.6867006270912412 2.29002141952514648 0.0812000036239624023 47
46.6916703304369847 24.1044094882698019 1.73095548152923584 0 51
46.9750171081796992 24.0690126094712546 1.36774909496307373 0 50
33.5171200442765596 40.5948663471979074 4.94224023818969727 0 49.5
33.8920038873470091 40.3679311860333883 5.04628705978393555 0 51.5
34.050037971128873 40.2885318786686284 4.59691524505615234 0.0812000036239624023 46.5
49.0255705733401896 20.1714733393683723 3.0356910228729248 0 55.5
48.9203074263662288 20.1714733393683723 4.41876363754272461 -0.0812000036239624023 49
49.04736233714452 20.2909096946672598 1.49856233596801758 0.0812000036239624023 49.5
49.1138247089122615 20.2683800628477577 3.54792261123657227 0 53.5
49.0681851784135503 20.6143931171051769 1.70963633060455322 0.0812000036239624023 48
47.8306068706163785 23.7419677289023205 -0.334935456514358521 0 53.5
47.8234637951347779 23.7419677289023205 -0.891914308071136475 -0.0812000036239624023 47.5
47.8312820315227469 23.7419677289023205 0.218438684940338135 0.0812000036239624023 48.5
47.5174273074646791 24.4635814569972148 -1.78973329067230225 0 54
47.6343895461152584 24.2363862181176977 -1.77151787281036377 -0.0812000036239624023 48.5
47.6840810434709255 24.162881876127269 -1.39981317520141602 0.0812000036239624023 49
47.4199732538908236 24.8391634114971041 -1.40177643299102783 0 47.5
31.8837394788418358 42.8861250132374536 4.45516395568847656 0 45
32.0872763772795295 42.7716346186794993 4.96831846237182617 0 46
47.9706959995922304 24.9359945626224757 -5.04963493347167969 0 45.5
48.6425879766273468 24.134691657719781 -2.83836174011230469 0 47.5
48.6959065245007565 24.2904523999584363 -1.86688697338104248 0 51
51.950309679282114 -16.27726122535611 3.03179383277893066 0 58.5
51.9519426056784397 -16.1341793979251875 3.6959221363067627 -0.0812000036239624023 52.5
52.0054151393895765 -16.1341793979251875 2.84619331359863281 0.0812000036239624023 53
52.0916473259271839 -16.1563724420404071 2.5675508975982666 0 66.5
52.0843729022487167 -16.0949673102927875 3.05454397201538086 -0.0812000036239624023 60
52.0518491226072797 -16.2996510827848553 2.4671485424041748 0.0812000036239624023 60.5
52.0933260452532494 -16.3630339270873044 2.80935192108154297 0 61
52.0770800791078585 -16.3630339270873044 3.09595584869384766 -0.0812000036239624023 54.5
52.1233496396943323 -16.3220409402136006 2.47053742408752441 0.0812000036239624023 55
40.7315872706433026 36.1985698410739332 5.30700397491455078 0 49
50.9078962899884502 22.2527995585110538 3.1814725399017334 0 46.5
51.1615060054474995 21.983365165909678 2.12321758270263672 0 45.5
53.0389807071025743 17.5739860970462694 -0.194278180599212646 0 45.5
55.1773624766129487 9.07495095093927162 1.87256968021392822 0 55
55.1773624766129487 9.07495095093927162 1.87256968021392822 -0.0812000036239624023 49
55.1864345035765282 9.07495095093927162 1.58280718326568604 0.0812000036239624023 49
55.231679828197251 9.34614769695694747 0.954858541488647461 0 62.5
55.2258143805485489 9.34614769695694747 1.24891126155853271 -0.0812000036239624023 56.5
55.2537538292136787 9.26213738057980862 0.190981298685073853 0.0812000036239624023 56.5
55.2962351285033193 9.42175148630519921 -0.875827193260192871 0 58
55.3023886456843101 9.42175148630519921 -0.294504761695861816 -0.0812000036239624023 52
55.2753100822179348 9.42175148630519921 -1.75526201725006104 0.0812000036239624023 53
55.397812942912303 9.11144576250374705 -1.922202467918396 0 56.5
55.4150361432288818 9.11144576250374705 -1.3364872932434082 -0.0812000036239624023 50
55.4072560680486461 9.11144576250374705 -1.62745273113250732 0.0812000036239624023 51.5
55.47589327546509 9.29933509683543136 -0.10354238748550415 0 53.5
55.4613822241249039 9.38368280746432326 -0.210924193263053894 -0.0812000036239624023 47.5
55.5032526594582407 9.12361069969190375 -0.460190653800964355 0.0812000036239624023 48
55.5552037519215745 9.13577501814565451 -1.63179826736450195 0 52.5
55.5338658774490952 9.19208179791850988 -2.00025010108947754 0.0812000036239624023 47
51.434264906583401 23.1825458951730958 -2.55187678337097168 0 49
51.8643056988058788 22.7326445848464829 5.02430105209350586 0 47.5
51.8072495119124383 23.068508095300654 4.93040895462036133 0 46
51.9708311137097994 22.8526054600840176 -6.55085277557373047 0 47.5
52.4473696942030614 22.8825960602397238 -0.600810468196868896 0 49
51.9681104997411865 24.1369780100603109 -0.109382323920726776 0 47.5
53.2275065233070279 -22.3703614908131883 7.89780378341674805 0 46.5
55.6686198610483558 -18.809914049574715 2.15224814414978027 0 58
55.7585692358831935 -18.5747901239550295 1.84374904632568359 -0.0812000036239624023 51.5
55.7195230003674169 -18.6776568414136435 1.97997689247131348 0.0812000036239624023 52.5
55.7507118674335871 -18.8339065296992771 1.84610080718994141 0 63.5
55.7396264723522634 -18.8339065296992771 2.15499353408813477 -0.0812000036239624023 57
55.7675692288832252 -18.8339065296992771 1.2361990213394165 0.0812000036239624023 58
55.711324985158214 -19.2630479373372374 0.534521341323852539 0 56
55.7721813049432456 -19.0936215118845602 0.0080367550253868103 -0.0812000036239624023 49.5
55.7440404384952686 -19.1746515414488847 -0.192911058664321899 0.0812000036239624023 51
52.8903492404432072 -24.2908750508540514 10.688568115234375 0 47.5
53.0810380459389322 -24.6400280230180329 9.26475334167480469 0 49.5
53.1120987297781397 -25.337770694040735 9.12715721130371094 0 52
52.9439509508476078 -25.337770694040735 10.0567531585693359 -0.0812000036239624023 46.5
53.1740063992053109 -25.3973014328226228 8.58516120910644531 0.0812000036239624023 45
55.8660238173599737 -20.6608310597190759 2.69420742988586426 0 49
55.9885844023176489 -20.530156661405659 2.80737686157226562 0 49.5
54.968056765617213 -23.6555396735062473 -0.975169777870178223 0 45
55.7195954874852077 -21.4986284696791365 4.91342020034790039 0 53
55.4746882829462962 -21.7232745351930276 6.45480203628540039 -0.0812000036239624023 47
55.8758636499747894 -21.3263998194518258 3.75211930274963379 0.0812000036239624023 48
56.183749204868306 -20.7907733851145302 3.33622431755065918 0 53
55.8469127663262483 -21.1131690777073615 5.94616270065307617 -0.0812000036239624023 47.5
56.2173824352414471 -20.7907733851145302 2.71115231513977051 0.0812000036239624023 47.5
53.5363402140167963 -25.9763946442883373 8.78121566772460938 0 49
54.2920393838236706 -25.0454961779210734 7.22138357162475586 0 48
56.0092603887884763 22.7218474501594301 0.939619362354278564 0 51.5
56.1397234591326679 22.2384038873900813 2.82617592811584473 -0.0812000036239624023 45
55.4746356591900991 24.2021687386231825 0.309482306241989136 0 48.5
53.0123396799357494 -29.74617519329 4.77575254440307617 0 45
57.2100151958112377 20.2029166807215539 7.42444801330566406 0 46
57.3608331700080001 21.0459897367584077 3.49876236915588379 0 49.5
60.3318053090127151 10.2306082278605555 -15.292597770690918 0 50
60.3592545330117005 10.3409537711502679 -15.1089639663696289 0.0812000036239624023 45
59.7727290649049721 10.2427731650487122 -17.6133232116699219 0 54.5
59.7553217918258923 10.1007316265503473 -17.7538528442382812 -0.0812000036239624023 48.5
59.9628137229527809 10.2427731650487122 -16.9549198150634766 0.0812000036239624023 49
40.1487584147310841 48.3455576093727117 -7.59438037872314453 0 49.5
59.3328920367602066 -20.6627608594453136 9.38531398773193359 0 47.5
60.4564007287897311 20.4173931336053158 -1.33578109741210938 0 48.5
63.2120475688743682 -20.1942664853099103 3.46867585182189941 0 47
65.0244764348692854 19.0541099086538992 2.36618590354919434 0 48.5
65.0571590721926754 19.3211538847469591 -1.12905561923980713 0 49.5
53.4686720934762434 -44.1082264869217937 2.90796136856079102 0 47
66.9468695244678003 19.0066498239488588 6.54780769348144531 0 46
70.182704946706707 -2.52908163889627025 2.56268835067749023 0 53
70.1342137078362384 -3.04719211353127006 3.23765826225280762 -0.0812000036239624023 46.5
70.1342137078362384 -3.04719211353127006 3.23765826225280762 0.0812000036239624023 47.5
70.2624024763444197 -2.62848089627879489 2.3257603645324707 0 56.5
70.2385866739066245 -2.40870824608826029 3.14049720764160156 -0.0812000036239624023 50.5
70.2576110161144953 -2.53178093019495964 2.56542348861694336 0.0812000036239624023 51
70.3285326819944316 -2.73688633157450179 2.46739530563354492 0 46.5
70.4684407293590453 -1.45359211459322824 1.52834224700927734 0 58.5
70.5003909257541181 -1.97546086496291884 2.57362842559814453 0 69.5
70.5074952642409158 -1.87845162605849003 2.44860363006591797 -0.0812000036239624023 63
70.512785062278482 -1.97546086496291884 2.20815920829772949 0.0812000036239624023 64
70.6009044056144432 -1.77450705419449317 1.94570231437683105 0 74
70.5687685508988238 -1.88044777384789596 2.81702733039855957 -0.0812000036239624023 67.5
70.6100418661454086 -1.77450705419449317 1.57974851131439209 0.0812000036239624023 68.5
70.6731763931073402 -1.97965954898471774 1.84654724597930908 0 67.5
70.6850040211729862 -1.77639093458003683 1.58142566680908203 -0.0812000036239624023 61
70.6923365026432435 -1.77639093458003683 1.21021902561187744 0.0812000036239624023 62
55.2247133741294718 -44.734090297501794 -2.07438492774963379 0 48
72.9144328731906342 -28.5857762523861894 4.55434036254882812 0 45
58.8819750716148533 52.4722219071176426 5.336822509765625 0 48.5
76.5869345116823581 -20.0302747974227273 4.21370172500610352 0 48.5
83.1122831201954284 22.0344711621789138 4.47681283950805664 0 53
83.173745071073057 22.0344711621789138 3.13390541076660156 -0.0812000036239624023 46.5
83.0591309231238029 22.0344711621789138 5.37346220016479492 0.0812000036239624023 47.5
83.165971867894541 21.8598331372875627 5.63025665283203125 0 55.5
83.1341838465895364 21.8598331372875627 6.08159637451171875 -0.0812000036239624023 49.5
83.165971867894541 21.8598331372875627 5.63025665283203125 0.0812000036239624023 50
83.0558794304714354 21.8788574565950462 7.88030385971069336 0 49.5
