
X Y Z V_r Mag
4.78750615364871557 11.8977505713800742 0.0629545524716377258 2.11120009422302246 47.5
4.78739557167589691 11.8977505713800742 -0.070823080837726593 2.03000020980834961 51
4.73696630790978102 11.9963434907934801 -0.242723330855369568 2.11120009422302246 50.5
4.74194616356950771 11.9963434907934801 -0.108174286782741547 2.03000020980834961 54
4.81591718796548474 11.9673278790178443 -0.00351751223206520081 1.94880008697509766 45
4.83187209157609132 12.0369051866556145 -0.341414958238601685 2.03000020980834961 45.5
11.106177005641948 -7.51556805348620127 0.632221519947052002 3.89760017395019531 48
11.1692916978974495 -7.40820279557925598 0.772066116333007812 3.81640005111694336 55.5
11.1909137762575472 -7.37297357032853906 0.795823216438293457 3.73520016670227051 51
11.1857492178745925 -7.49513758766243576 0.975680351257324219 3.89760017395019531 56.5
11.2567437882599037 -7.39560728883909935 0.916920781135559082 3.81640005111694336 63.5
11.2622806585606536 -7.39560728883909935 0.846202194690704346 3.73520016670227051 58.5
11.1331262524443186 -7.67926852959128947 1.1674647331237793 3.97880029678344727 45
11.2213252357217765 -7.59954120003732658 0.780692577362060547 3.89760017395019531 47.5
11.1617633210917155 -7.52659917512625309 1.74527943134307861 3.81640005111694336 56
11.3424060676615905 -7.38241145146483024 1.06323647499084473 3.73520016670227051 56
11.482247935046427 -7.36861580971437569 0.428943485021591187 3.97880029678344727 60
11.558624758268186 -7.2594511310519394 0.145172804594039917 3.89760017395019531 69
11.4655496826790113 -7.39249558317178401 -0.463356345891952515 3.73520016670227051 54
11.6210224611810613 -7.29933812206841992 0.217079296708106995 3.89760017395019531 71
11.6221335213375916 -7.29933812206841992 0.145970463752746582 3.81640005111694336 67.5
11.4823008843788958 -7.49485610748096764 -0.599611580371856689 3.73520016670227051 51
11.7190047072919157 -7.28404296937749596 0.218265518546104431 3.97880029678344727 56.5
11.6751729133172795 -7.34784732303918364 0.373469412326812744 3.89760017395019531 61.5
11.6696833091894092 -7.34784732303918364 0.517342329025268555 3.81640005111694336 56
8.19997962935358338 -11.3758535895846453 -0.225648626685142517 2.59840011596679688 48.5
8.21596363277105191 -11.3653382419436806 -0.166371852159500122 2.51719999313354492 49.5
8.00500945766440353 -11.5160582247975203 0.0296423379331827164 2.43600010871887207 48.5
12.0435474632781041 -7.29262778796738331 0.761936008930206299 3.89760017395019531 46
8.15065090928106528 -11.501878279741744 -0.289328724145889282 2.59840011596679688 47.5
8.31730661988059516 -11.3732573982434069 -0.53050994873046875 2.51719999313354492 51
8.04775504116309648 -11.5776412647339146 -0.043257247656583786 2.43600010871887207 46.5
12.1182527705678424 -7.35267388353164719 0.129496455192565918 3.89760017395019531 49
8.00915630467116912 -11.6923633594778131 -0.26961091160774231 2.43600010871887207 46
8.34025251382806232 -11.5476701731835121 -0.392444849014282227 2.51719999313354492 46.5
9.69129459261233528 -11.2433806577417919 -0.433257579803466797 2.92320013046264648 49
9.64804019630877718 -11.2823492984106455 -0.382654428482055664 2.84200000762939453 52
9.7541712045750355 -11.2796500261792705 -0.617471396923065186 2.92320013046264648 54.5
9.7541712045750355 -11.2796500261792705 -0.617471396923065186 2.84200000762939453 56.5
9.77230184140468694 -11.2740549616821593 -0.391708523035049438 2.76080012321472168 46.5
9.77839290192827981 -11.3363322604735544 -0.933080196380615234 2.92320013046264648 49.5
9.79188510153533365 -11.2763516665027961 -1.40103518962860107 2.84200000762939453 49
9.07820674551444817 -12.4016906818089563 -0.418187350034713745 2.59840011596679688 49
10.9608443532323161 -11.5178107273232957 0.0997284799814224243 3.08560013771057129 50.5
10.9479596987478516 -11.5297318700460707 -0.1322469562292099 3.00440025329589844 48
11.0183095533624424 -11.562158737765964 0.337603449821472168 3.08560013771057129 52
11.0002881554708782 -11.584117257468213 -0.0500988364219665527 3.00440025329589844 47
10.4036431540300374 -12.0831745234284167 -0.980685710906982422 2.84200000762939453 47.5
10.2787584210187593 -12.2009520381950232 -0.827365994453430176 2.76080012321472168 45.5
11.207135506929049 -11.4880832519588658 -0.163038626313209534 3.16680002212524414 49
11.2155932803439953 -11.4780552463269192 -0.259323179721832275 3.08560013771057129 50.5
10.3633561649739132 -12.2361724721021368 -0.692438066005706787 2.84200000762939453 49
10.3229393952667738 -12.2863125002618752 -0.293239206075668335 2.76080012321472168 48
11.2563604323238167 -11.5196003585611848 -0.780235052108764648 3.16680002212524414 47.5
11.2361130898955857 -11.5196003585611848 -1.03158807754516602 3.08560013771057129 45.5
10.4553101307783418 -12.2248408912700199 -1.12043583393096924 2.84200000762939453 47.5
10.3104962898906631 -12.3799938084659615 -0.66711735725402832 2.76080012321472168 49.5
10.423529908376409 -12.3727967203442688 -0.839019060134887695 2.84200000762939453 49
10.3612162561974532 -12.4011375505283024 -1.13886857032775879 2.76080012321472168 47.5
11.0063233031226311 12.206050097009804 1.45711970329284668 3.4104001522064209 48
11.1154614105151666 12.23253583940898 1.24187135696411133 3.49160003662109375 58
11.1508523632425973 12.195254152123276 1.29032051563262939 3.4104001522064209 67
11.1508523632425973 12.195254152123276 1.29032051563262939 3.32920026779174805 64
11.2016100229546804 12.1289755969486936 1.46374309062957764 3.24800014495849609 47.5
11.1657581253169358 12.2878872408213535 1.24749076366424561 3.49160003662109375 61.5
11.1750366879807999 12.2878872408213535 1.1614459753036499 3.4104001522064209 70.5
11.2109290492620826 12.2504368564097739 1.21013307571411133 3.32920026779174805 67.5
11.2736917650627255 12.183858395233635 1.29615914821624756 3.24800014495849609 49.5
11.1231790836460895 12.3954859529881567 1.53377199172973633 3.49160003662109375 57
11.1446450719669627 12.3724965168925785 1.56329011917114258 3.4104001522064209 64
11.2059279830209508 12.3432372345891164 1.34064531326293945 3.32920026779174805 59.5
11.1663246234217599 12.3608008616283058 2.18261861801147461 3.49160003662109375 49.5
11.061137790165354 12.3985886360014916 2.4831993579864502 3.4104001522064209 56
10.9589315319257619 12.3608008616283058 3.05817770957946777 3.32920026779174805 51
12.417179904578644 -11.4270053225058579 -0.0529213063418865204 3.32920026779174805 53
12.4164868542512608 -11.4270053225058579 -0.141507059335708618 3.24800014495849609 53.5
12.2591134224731046 -11.6578280277046549 -1.05438065528869629 3.32920026779174805 50.5
12.436889898275 -11.5032093056802296 -0.549967467784881592 3.24800014495849609 54
12.5735835674258229 -11.5259454374865182 1.21144223213195801 3.4104001522064209 46.5
12.4788677298907995 -11.6242386317995283 1.25097763538360596 3.32920026779174805 51.5
12.4701922450910274 -11.605007354651331 1.49268531799316406 3.24800014495849609 47
12.7210256767294592 -11.537867091451707 0.18383355438709259 3.32920026779174805 49.5
11.7561479829183071 -12.5186716414504868 -0.237692460417747498 3.00440025329589844 46.5
11.0539543434569065 -13.340264900413862 0.0555144399404525757 2.84200000762939453 47
10.9875050854477934 -13.3943880134470259 -0.14409928023815155 2.76080012321472168 48.5
13.0090297291283523 -12.328411288029498 0.284730076789855957 3.24800014495849609 49.5
13.8350307635406615 -11.6049138659320761 -0.789652407169342041 3.4104001522064209 49
12.9741918353594716 -12.5761308691144027 -0.465756148099899292 3.24800014495849609 46.5
13.9088729162567972 -11.6530675233070813 -0.414496034383773804 3.49160003662109375 52
13.8651814697306008 -11.709767929706981 -0.246238112449645996 3.4104001522064209 54
13.9453956898240587 -12.1484697311115486 -1.05653893947601318 3.4104001522064209 45.5
14.3289878133951394 -11.8583128687764958 0.143292531371116638 3.49160003662109375 46
14.1701668718823708 -12.1464919897174042 0.651748120784759521 3.49160003662109375 49.5
14.2984371759352769 -11.9901394511369865 0.739538669586181641 3.4104001522064209 49
13.8713754043738255 -12.5035358464756676 0.0471084639430046082 3.24800014495849609 48.5
14.0088372011665285 -12.5169281286875727 1.20816051959991455 3.4104001522064209 47.5
18.7677171435792332 1.41847541093753171 -0.376019895076751709 1.70520007610321045 56
18.7724352564200316 1.40436122774412353 -0.0641711652278900146 1.62400007247924805 55
14.2629112089851162 -12.3943901507564629 0.398129731416702271 3.49160003662109375 46
14.1690875057321772 -12.4817743800967822 0.807671904563903809 3.4104001522064209 54.5
14.1186872775724215 -12.5455412501559316 0.694369792938232422 3.32920026779174805 52.5
18.8392094067901112 1.51151099399469047 0.0979300513863563538 1.62400007247924805 65.5
14.3126172495047097 -12.443573484195884 0.597571790218353271 3.49160003662109375 46
18.9119018558306635 1.51750896148730297 0.296236276626586914 1.70520007610321045 70
18.9139670275136034 1.51750896148730297 0.0983186587691307068 1.62400007247924805 67.5
18.9044076145555806 1.60523994832328754 -0.311757773160934448 1.54280006885528564 50
18.6450450319936749 2.13290991412582187 -3.27345752716064453 1.78640007972717285 51.5
18.4690942418207484 2.07101743893913515 -4.18401670455932617 1.70520007610321045 63.5
18.6784096270806259 1.93056912986165341 -3.20818662643432617 1.62400007247924805 63
18.8721945442941923 1.67585778967028842 -1.98351693153381348 1.54280006885528564 48.5
19.0874261727051504 0.714565640084852904 0.961861133575439453 1.78640007972717285 53.5
19.0983281450026006 1.00612754005258553 0.0847533419728279114 1.62400007247924805 63
19.0834810953065279 1.2236040392088452 -0.298577457666397095 1.54280006885528564 48.5
15.3394692585903272 -11.5378667811311377 -0.467265039682388306 3.5728001594543457 49.5
18.9621177384776658 2.76390570427595561 -1.19956934452056885 1.78640007972717285 51.5
19.1834466865759588 0.683778754964103674 0.409684866666793823 1.70520007610321045 61.5
19.1781288410516169 0.767751584521098818 0.499980807304382324 1.62400007247924805 59.5
15.3787216619297844 -11.6118401790977597 -0.430992394685745239 3.65400028228759766 55.5
15.3008949561868324 -11.7154097969573741 -0.396832585334777832 3.5728001594543457 56.5
15.20322606421683 -11.847882563987115 -0.123525239527225494 3.49160003662109375 49
19.0834089599256203 2.50012240321582135 -1.04814183712005615 1.78640007972717285 56
19.0996922988413402 2.46640206251734195 -0.802688419818878174 1.70520007610321045 64.5
19.1036246628617334 2.46640206251734195 -0.702892661094665527 1.62400007247924805 61
15.3947223217858085 -11.7174709333103113 -0.354850590229034424 3.65400028228759766 51
15.3847961065644192 -11.7174709333103113 -0.656845808029174805 3.5728001594543457 52.5
14.4935464319081344 -12.7789587046110196 1.02850997447967529 3.4104001522064209 49.5
19.1818759392814471 2.43247539391460466 -0.749131202697753906 1.78640007972717285 54.5
19.1912528399641253 2.39862384767722414 -0.604105770587921143 1.70520007610321045 63
19.2002665139038449 2.3430105931443852 -0.531579852104187012 1.62400007247924805 59.5
14.6421918658779635 -12.7386784880961574 0.814229249954223633 3.32920026779174805 51
19.2700089053211769 2.38122019756523073 -0.572029590606689453 1.78640007972717285 49.5
19.2680154568639104 2.35209212175403515 -0.73615419864654541 1.70520007610321045 58
19.2680154568639104 2.35209212175403515 -0.73615419864654541 1.62400007247924805 54.5
14.6987245592414411 -12.7878618215355786 0.817372918128967285 3.4104001522064209 50
14.6860157280273977 -12.7878618215355786 1.02055144309997559 3.32920026779174805 47
19.4764891345793032 0.935697206453822705 -0.202073082327842712 1.62400007247924805 48
19.5170957565000336 1.38692936586956184 -0.58311772346496582 1.70520007610321045 60
19.5202780482991614 1.35757636341729615 -0.544432342052459717 1.62400007247924805 57
19.5867004830401683 1.46590699334177543 -0.578655421733856201 1.78640007972717285 48.5
19.5841160811698067 1.3627778581318013 -0.853105902671813965 1.70520007610321045 57.5
19.5793554697804204 1.3627778581318013 -0.956151425838470459 1.62400007247924805 54.5
19.6304658294460914 2.53358027468118463 -0.515604615211486816 1.78640007972717285 45
19.6332957070855478 2.49894148186327758 -0.57362818717956543 1.70520007610321045 54
19.6304658294460914 2.53358027468118463 -0.515604615211486816 1.62400007247924805 50.5
19.748943304564623 2.22527989483569399 -0.207314252853393555 1.78640007972717285 45
19.7365608161077404 2.30475417679411132 -0.414605081081390381 1.70520007610321045 53.5
19.7273703543605414 2.36684345957412567 -0.494528532028198242 1.62400007247924805 50.5
19.8221136632006001 2.23367726287929136 -0.311457276344299316 1.70520007610321045 46.5
15.6874022856528512 -12.8641032576856098 -1.23527932167053223 3.49160003662109375 46.5
11.0881880008883762 16.9862038672065836 -1.27538692951202393 2.84200000762939453 52.5
11.158834006727357 16.9506466222692502 -1.12322640419006348 2.76080012321472168 52
15.7780988591016964 12.9115727544945624 0.709169387817382812 3.89760017395019531 48
15.863446650715014 12.8198024446896657 0.40469890832901001 3.81640005111694336 48
11.0373308519187141 17.0488842215320098 -1.91648721694946289 2.84200000762939453 49
11.0231176234971215 17.0769251495279519 -1.74056482315063477 2.76080012321472168 48.5
15.9004852266826688 12.7722671060547857 1.80815315246582031 3.89760017395019531 53
15.934418656505537 12.6776008634818638 2.14438509941101074 3.81640005111694336 54
15.6056546672335887 -13.2404812247262669 0.615510463714599609 3.49160003662109375 48
14.7334116916302964 -14.2127291214211429 0.388042718172073364 3.16680002212524414 45
20.4113686172481401 0.982482085081137324 -1.27922821044921875 1.70520007610321045 49.5
20.4044580078673086 0.982482085081137324 -1.385093092918396 1.62400007247924805 48.5
15.9189831772897872 12.8190524422976875 2.13551902770996094 3.89760017395019531 55
15.8312209636754719 -13.1015235498002411 0.158315137028694153 3.49160003662109375 47
15.9418148555482038 12.9611963551229525 1.80459094047546387 3.89760017395019531 49.5
15.9376910981297364 12.9483099002063451 1.92922437191009521 3.81640005111694336 51
16.9039158294831786 -11.7936835396783923 -0.746500670909881592 3.73520016670227051 47.5
16.8642540593427519 -11.8297656134448914 -1.02185225486755371 3.65400028228759766 47.5
16.8890639326993366 -11.9659032501945504 -0.258254140615463257 3.73520016670227051 46.5
16.8486761124761841 -12.0021165328367303 -0.749215245246887207 3.65400028228759766 47.5
17.2222264924715383 -13.1253845417129433 -0.961690366268157959 3.65400028228759766 46.5
9.39902625128076075 19.5309838898662882 0.067975170910358429 2.27360010147094727 46
21.6423044279436034 0.923598045547691537 -0.75054013729095459 1.70520007610321045 47
21.6477125498430425 0.939849037551463207 -0.546703517436981201 1.62400007247924805 46
17.3130580270699426 -13.1028536395335049 -1.27895832061767578 3.65400028228759766 47.5
21.7252005681752003 0.943101060551364001 -0.434445291757583618 1.70520007610321045 50
18.0841970703812933 -12.2180466421491438 -0.108620673418045044 3.81640005111694336 49.5
18.1389882902438693 -12.1171386676492503 -0.694759666919708252 3.73520016670227051 48
18.143533626608022 -12.2600334823671329 -0.337421059608459473 3.81640005111694336 47
18.2297532299100169 -12.1040464492209434 -0.882168054580688477 3.73520016670227051 48.5
21.8942951841791107 1.61738601363533085 -0.961528241634368896 1.70520007610321045 45.5
16.2723665050630188 -15.8370409917982773 -0.907658755779266357 3.16680002212524414 45
16.3762036538903288 -15.803836639367848 -1.37794172763824463 3.24800014495849609 45
9.3484886571996757 -20.9920083344019552 1.44637870788574219 1.70520007610321045 47
9.58678423919711342 -20.8855521517850562 1.42757797241210938 1.62400007247924805 46
15.1949680160602618 17.3655807491128691 1.07683384418487549 3.32920026779174805 55
15.1650030140282031 17.3655807491128691 1.43851625919342041 3.24800014495849609 54.5
9.66478068841816196 -20.9535822237051725 1.0721135139465332 1.70520007610321045 53.5
9.6350462724892445 -20.9535822237051725 1.31274843215942383 1.62400007247924805 52.5
15.1074663717695881 17.5146330937747727 1.44318687915802002 3.32920026779174805 45.5
9.74854430965011609 -21.0042383976766587 0.93194890022277832 1.70520007610321045 47
9.74854430965011609 -21.0042383976766587 0.93194890022277832 1.62400007247924805 46.5
18.7274501441757906 -13.7595473820837793 -0.721109747886657715 3.65400028228759766 52.5
18.976719825081986 -13.556185508959345 0.411847561597824097 3.73520016670227051 46
19.6960122184913686 -12.6319131108346649 0.248867690563201904 3.81640005111694336 46.5
19.8023810415301007 -12.5785297662882432 -0.849653482437133789 3.89760017395019531 50.5
19.7265947609895314 -12.7134673524004782 -0.552104353904724121 3.81640005111694336 52.5
19.5209104177809216 -13.0332107629707696 -0.380890905857086182 3.73520016670227051 46
19.8385755726511341 -12.6452023511252634 -1.06412923336029053 3.89760017395019531 52
19.8103910499364879 -12.7128867016200005 -0.730414390563964844 3.81640005111694336 54
19.5105117762359335 -13.1837343572355561 -0.362843185663223267 3.73520016670227051 46.5
10.5439813633329997 19.5872624736071081 -7.73085737228393555 3.32920026779174805 46.5
19.8181959936730081 -12.7947033576003957 -1.29433858394622803 3.81640005111694336 47
17.4154119132591738 -16.1825674517238056 0.280411124229431152 3.24800014495849609 47
23.7106346953901941 3.70979950122877788 -0.20780026912689209 4.79080009460449219 45.5
23.7071194889050112 3.70979950122877788 -0.458120286464691162 4.70960044860839844 53.5
23.7092185389476136 3.70979950122877788 -0.332146644592285156 4.62840032577514648 52
19.5792274748581079 -13.8735105033826418 -0.423765182495117188 3.73520016670227051 49
19.4250797846521017 -14.0924396574567723 -0.263430178165435791 3.65400028228759766 49.5
23.7782207723838717 3.68529192375650672 -0.787711441516876221 4.79080009460449219 52.5
23.7784679281620797 3.72139274260146813 -0.584265410900115967 4.70960044860839844 61.5
23.7639515425718635 3.79660278186180511 -0.68271404504776001 4.62840032577514648 60
19.71880108474598 -13.7664455862120612 -1.12228381633758545 3.73520016670227051 47
11.6277323433442668 -21.0678361976055619 0.740137815475463867 2.03000020980834961 53
11.6349973914852143 -21.0678361976055619 0.615444421768188477 1.94880008697509766 55.5
23.8303016810613144 3.69677270037861305 -1.29350686073303223 4.79080009460449219 50
23.8368375040386304 3.69677270037861305 -1.1668933629989624 4.70960044860839844 59.5
23.8241758197796116 3.80843032479821186 -1.06163203716278076 4.62840032577514648 58
19.9110089255364571 -13.631283500089955 -0.981028616428375244 3.81640005111694336 49.5
19.7929499672895695 -13.8093321444347197 -0.87408447265625 3.73520016670227051 52.5
12.9504889116178781 20.3428120597977369 1.29515206813812256 2.76080012321472168 45.5
11.87235456707681 -21.0248289008471794 0.475799262523651123 2.11120009422302246 48
11.6818424967615702 -21.1334687516338171 0.365502238273620605 2.03000020980834961 57.5
11.6850886386340029 -21.1334687516338171 0.240380629897117615 1.94880008697509766 59.5
11.6850886386340029 -21.1334687516338171 0.240380629897117615 1.86760008335113525 52.5
23.8918243500843879 3.8747461851767544 -1.00882625579833984 4.62840032577514648 48.5
19.8920233973251968 -13.7825932664920039 -1.09462976455688477 3.73520016670227051 53
11.5012640135855797 -21.3111040184721503 0.639088630676269531 2.11120009422302246 47.5
11.721377177764559 -21.199099636556884 0.241127148270606995 2.03000020980834961 56.5
11.6852369929670061 -21.2142353638427323 0.511952638626098633 1.94880008697509766 59.5
11.507623176320136 -21.3111040184721503 0.511952638626098633 1.86760008335113525 54
19.9610826631183897 -13.7341687416845026 -1.84874343872070312 3.73520016670227051 47.5
14.403154761126622 19.530880686826162 1.25852930545806885 3.00440025329589844 47.5
13.9872181112522025 19.8223863687190871 1.38590598106384277 2.92320013046264648 48
11.543906381669423 -21.3770833388147032 -0.498630374670028687 1.94880008697509766 54
11.543906381669423 -21.3770833388147032 -0.498630374670028687 1.86760008335113525 49.5
13.9379599220959367 19.9962651075805944 -0.152884870767593384 2.92320013046264648 46
15.8245668463072029 18.5759893513610841 1.52258539199829102 3.32920026779174805 48
15.8118915853651263 18.5759893513610841 1.64900445938110352 3.24800014495849609 49
14.1147608690450035 19.9447464614613743 0.88494342565536499 2.92320013046264648 45
20.1358734343342967 -13.9900517860878058 -0.54838329553604126 3.73520016670227051 47.5
16.0765593953646153 18.3234435112856495 2.69655203819274902 3.24800014495849609 47
14.1035874421332537 20.0059272857790127 1.52558696269989014 2.92320013046264648 48
13.6644026450434595 20.3430369673714928 0.959507226943969727 2.84200000762939453 46.5
12.0567078872156497 -21.3513013786798993 0.483187437057495117 2.19239997863769531 46
20.243287156505815 -13.9682800524358814 -0.506463348865509033 3.73520016670227051 50.5
12.3952051030701114 -21.2475245868038733 -0.248213633894920349 2.27360010147094727 46.5
12.4991919362076693 -21.1676004491799006 0.928920865058898926 2.11120009422302246 50
12.3545946635865782 -21.2475245868038733 1.03282332420349121 2.03000020980834961 48.5
21.1173315271472717 -12.7620988755667391 -0.206914767622947693 3.97880029678344727 46.5
21.0278840902746076 -12.9101009886440998 0.114393025636672974 3.89760017395019531 50
20.3371597766712391 -13.9276155160509685 -1.13008761405944824 3.73520016670227051 45.5
12.2970566162623278 -21.3924720943904347 -0.0151409227401018143 2.27360010147094727 49.5
12.424549969887055 -21.3123042831401968 0.521462619304656982 2.19239997863769531 58
12.4184394455621714 -21.3123042831401968 0.650960266590118408 2.11120009422302246 62
12.3104954979148324 -21.3678050755442115 0.851058900356292725 2.03000020980834961 56.5
12.1173982087929843 -21.4818900377080126 0.743447840213775635 1.94880008697509766 46.5
14.9938989409754964 19.6234950592850907 1.63219821453094482 3.08560013771057129 47
15.0197130828644223 19.6234950592850907 1.37450754642486572 3.00440025329589844 46
12.6097208982294244 -21.2966724946000205 -0.0961789637804031372 2.27360010147094727 49
12.4704379803429184 -21.3770839794765237 0.266600519418716431 2.19239997863769531 60
12.4732835262018078 -21.3770839794765237 0.00843714829534292221 2.11120009422302246 61.5
11.9673787968898377 -21.6585241765442831 0.502803206443786621 2.03000020980834961 54
12.1615046459047473 -21.547185197484513 0.615828812122344971 1.94880008697509766 49
24.5042615360139067 3.91487700807822403 -0.703982412815093994 4.79080009460449219 46.5
24.5209304200524798 3.87144731068274428 0.128630340099334717 4.70960044860839844 55.5
24.5135441633765545 3.91487700807822403 0.201405540108680725 4.62840032577514648 53
15.943674038055569 19.0035947317648173 0.971244275569915771 3.24800014495849609 47.5
15.1182818518014006 19.6147126165440646 1.7266395092010498 3.08560013771057129 45.5
15.0098371903983949 19.6333253439992674 2.34904575347900391 3.00440025329589844 45
12.558380337790604 -21.3860238460311223 -1.09806942939758301 2.19239997863769531 53.5
12.2967071932219181 -21.5411299081578349 -1.02535915374755859 2.11120009422302246 54.5
11.980964101170283 -21.7241550614673535 0.89344412088394165 2.03000020980834961 51.5
24.5694396833205033 4.03871830999761539 -0.203711062669754028 4.79080009460449219 50
24.5701751888767248 4.03871830999761539 -0.0729977041482925415 4.70960044860839844 59
24.5790767161456323 3.98271143050612242 -0.130716025829315186 4.62840032577514648 56.5
16.9983216413123976 18.1866783682095985 0.558466613292694092 3.4104001522064209 46
16.1407380604974549 18.9458827346498282 0.734955906867980957 3.24800014495849609 50
15.877027241452188 19.1730217459208809 0.570345699787139893 3.16680002212524414 46
24.6248524136533433 4.1663549476023034 -0.09365033358335495 4.79080009460449219 46
24.6336656210008762 4.05088293781856912 -0.723553717136383057 4.70960044860839844 54.5
24.6294672758104873 4.05088293781856912 -0.854597330093383789 4.62840032577514648 52
16.6991636704076143 18.5473014633711557 0.94137948751449585 3.32920026779174805 45.5
12.0584275002907422 -21.7711551419278422 2.08849620819091797 2.19239997863769531 46.5
16.9264301220268685 18.5425322564121693 0.967574059963226318 3.32920026779174805 45.5
20.4793288824937569 -14.6836987694867975 -0.161496028304100037 3.65400028228759766 46
16.8959140973835886 18.6766067771447979 0.867449164390563965 3.32920026779174805 48
20.5365089675050747 -14.7274006971511895 -0.425602495670318604 3.65400028228759766 48.5
16.9891886688658431 18.6532336515923056 1.50000214576721191 3.32920026779174805 49
16.8702262320704506 18.7985178960848991 0.914803504943847656 3.24800014495849609 45
16.9567917014134721 18.825789469078039 0.824246108531951904 3.32920026779174805 47
19.7258291533941055 -15.9617354681653829 1.59541094303131104 3.49160003662109375 50
21.5880218508220203 -13.9898730557401958 -0.128030553460121155 3.81640005111694336 46.5
21.4250864695229097 -14.2373960854488342 0.194674670696258545 3.73520016670227051 45
21.4712376848483544 -14.3046966053885161 -0.040454477071762085 3.81640005111694336 48.5
21.5608091420656471 -14.1692904171022178 0.0527699775993824005 3.73520016670227051 47
15.1388081313385072 20.839657168634524 1.47145581245422363 3.08560013771057129 51
15.0404620050532074 20.9267040039614294 1.22377896308898926 3.00440025329589844 56
15.0932701212739513 20.9073602627776758 0.845910966396331787 2.92320013046264648 51
15.1238953475315334 20.98753806196477 0.553878366947174072 3.08560013771057129 57
15.2332452442904387 20.9002381809490494 0.802526235580444336 3.00440025329589844 63.5
15.2255925429736134 20.9002381809490494 0.936519920825958252 2.92320013046264648 58
14.0497296942250323 -21.7279703861351514 -0.127012759447097778 2.27360010147094727 46.5
15.1400793749755742 21.0645840766473249 -0.681061029434204102 3.00440025329589844 58.5
15.2985810666920283 20.960817652624435 -0.00707592582330107689 2.92320013046264648 53.5
22.3559704126166139 -13.4632434634814366 -0.402131944894790649 3.97880029678344727 46
22.3067991394427558 -13.5382566901432781 -0.576483488082885742 3.89760017395019531 47.5
22.5213889430333936 -13.3383905026813014 -0.0713811144232749939 3.97880029678344727 52.5
22.5469702367413021 -13.2925990688810227 -0.267674833536148071 3.89760017395019531 53.5
14.2922605087905517 -21.9112010734335563 0.872473776340484619 2.35480022430419922 49.5
14.2613098122011728 -21.9112010734335563 1.28256309032440186 2.27360010147094727 49
22.6441605325291704 -13.2552427895396914 -0.776591241359710693 3.97880029678344727 54
22.648466016597169 -13.2552427895396914 -0.63883894681930542 3.89760017395019531 54.5
20.8304817284023045 -15.8957947434074107 -1.57394254207611084 3.5728001594543457 48
15.3306096607756128 21.2917052578327457 0.83562237024307251 3.00440025329589844 50.5
15.1617983150006168 21.4130722420477859 0.814157068729400635 2.92320013046264648 50
14.3408674401475906 -21.973984520447015 0.739025533199310303 2.35480022430419922 56.5
14.3241437564173815 -21.973984520447015 1.01268696784973145 2.27360010147094727 56.5
22.6658108244289487 -13.2931143311610125 -1.59993743896484375 3.97880029678344727 48
22.6046001389859335 -13.4148280728717193 -1.44226312637329102 3.89760017395019531 48
20.8579755038019137 -15.9148941188213264 -2.16024923324584961 3.5728001594543457 46
15.3967504920365261 21.3525377687617244 -0.122041575610637665 3.00440025329589844 50
14.397136670390152 -22.0367663708110939 0.330227643251419067 2.35480022430419922 58
14.3253703735592559 -22.0762410978524031 0.6550179123878479 2.27360010147094727 58.5
14.3002016673688672 -22.0367663708110939 1.70024728775024414 2.19239997863769531 45.5
17.1457857194762227 19.8463788183359462 3.01717519760131836 3.32920026779174805 50.5
14.3802188331308489 -22.1391370096164479 -0.16738620400428772 2.35480022430419922 56.5
14.3329068331196119 -22.1688274034603694 -0.266375631093978882 2.27360010147094727 57
17.8058970379905617 19.5851624833074638 0.545066595077514648 3.4104001522064209 47.5
17.4574023451825973 19.7968939696134889 2.06100964546203613 3.32920026779174805 53
17.3620098661036231 19.7968939696134889 2.75123429298400879 3.24800014495849609 48.5
14.4103321204843944 -22.2020313218710115 -0.581156671047210693 2.35480022430419922 53.5
14.2495451440499608 -22.3012804560769631 -0.727316617965698242 2.27360010147094727 53
14.2936725824293838 -22.3644575297174661 0.651570379734039307 2.35480022430419922 52
14.2612120771428508 -22.3843635889339474 0.678714394569396973 2.27360010147094727 53
14.274300434344747 -22.4642321379428864 0.7024039626121521 2.35480022430419922 50
14.0785219012026097 -22.5706976930990173 1.11784243583679199 2.27360010147094727 52.5
16.7495721873216006 20.7825628138466243 -0.653430640697479248 3.16680002212524414 46.5
16.7203689044740536 21.1023721260665447 0.273509562015533447 3.24800014495849609 45
16.7203689044740536 21.1023721260665447 0.273509562015533447 3.16680002212524414 51.5
14.4006565302866285 -22.6803396846005398 1.78295838832855225 2.43600010871887207 51
14.7512408293055124 -22.454915747667112 1.77013778686523438 2.35480022430419922 55.5
14.951821977579824 -22.333792438270045 1.61258339881896973 2.27360010147094727 50
17.1609957698693307 20.8372584926415492 0.555875301361083984 3.24800014495849609 49
16.9255168729835859 21.0363190902882202 0.0165684334933757782 3.16680002212524414 52.5
14.7506064800940866 -22.6018126039840901 0.760140538215637207 2.43600010871887207 71
14.8693196520803994 -22.5174648931168555 0.931249916553497314 2.35480022430419922 76
14.8693196520803994 -22.5174648931168555 0.931249916553497314 2.27360010147094727 69.5
14.7334049768634454 -22.6018126039840901 1.04162085056304932 2.19239997863769531 49
15.1614148498618153 -22.4311481164843016 0.175359100103378296 2.51719999313354492 50.5
14.8073114924168969 -22.664594454348169 0.33963581919670105 2.43600010871887207 75.5
14.8034277207004159 -22.664594454348169 0.479906857013702393 2.35480022430419922 80.5
14.9352730265122204 -22.5800124478757525 0.369165748357772827 2.27360010147094727 74
14.3501223911366047 -22.952173276354376 0.572182416915893555 2.19239997863769531 50
17.4024189158424107 20.7969587304592878 1.32848858833312988 3.16680002212524414 45.5
14.8477109518902601 -22.7273779013616277 -0.366488516330718994 2.43600010871887207 70
14.8505188766408374 -22.7273779013616277 -0.22581791877746582 2.35480022430419922 75
14.9799600282557517 -22.642561593325496 -0.194353297352790833 2.27360010147094727 69
15.186098599216411 -22.5826362788409085 -0.779463768005371094 2.43600010871887207 58
15.072862466539851 -22.643872713462649 -1.12448751926422119 2.35480022430419922 62
14.9862344209608871 -22.7051091480843965 -1.04473817348480225 2.27360010147094727 56
14.6654919589347212 -22.9962218394836135 -1.17779183387756348 2.35480022430419922 51
15.0836372954273354 -22.7686336101103848 1.86117374897003174 2.43600010871887207 48
15.2333724458497901 -22.831012472033553 0.43790164589881897 2.43600010871887207 48
15.2333724458497901 -22.831012472033553 0.43790164589881897 2.35480022430419922 48
19.5123247338806394 19.3713324710716641 1.28311049938201904 3.49160003662109375 45.5
14.981847323498906 -23.0825660890202329 -0.60420536994934082 2.43600010871887207 46
19.8953047006485626 19.1621967412529024 1.70081889629364014 3.5728001594543457 48
19.888198129208785 19.1967891993009658 2.45061063766479492 3.65400028228759766 45
19.8294085195535068 19.3077532987188896 2.01688838005065918 3.5728001594543457 51.5
19.7175339792908453 19.3389619516801829 2.6992640495300293 3.49160003662109375 48.5
19.5759070661320074 19.5824636114897253 2.74620485305786133 3.5728001594543457 49.5
19.4320712237004898 19.7319746085234762 2.69712090492248535 3.49160003662109375 50
15.4238176832919383 -22.9516765446455437 3.09144425392150879 2.43600010871887207 49
19.6234270681398399 19.7258927395964854 2.05434989929199219 3.5728001594543457 48.5
19.3925463564911738 19.9699387791461049 1.88168621063232422 3.49160003662109375 53
19.5019591908645218 19.9036977112683537 1.38798534870147705 3.4104001522064209 46.5
27.8887531010409404 -0.149913995723338439 0.777871787548065186 2.59840011596679688 46
15.8381941852781445 -22.9089503697222518 1.65578877925872803 2.51719999313354492 49
15.6533943038940713 -23.0135415295292347 1.93861544132232666 2.43600010871887207 52.5
19.7843957564099355 19.6880291816987594 1.88674437999725342 3.5728001594543457 49
19.4707362856359794 20.023620588204988 1.59550285339355469 3.4104001522064209 49
27.9105150121439749 -0.318112687417362761 1.87152194976806641 2.67960023880004883 50
27.8340666948236013 -0.447455208674971794 2.76860189437866211 2.59840011596679688 55.5
27.8653979390977291 -0.318112687417362761 2.45338225364685059 2.51719999313354492 51.5
15.5631955280347611 -23.1558070489297911 2.04845786094665527 2.43600010871887207 49
15.2132195547944669 -23.4179878352627817 1.66023969650268555 2.35480022430419922 46.5
19.3903546358772019 19.8529763461431017 4.08362770080566406 3.5728001594543457 45
16.9585318375494509 22.2399602606422988 2.14357972145080566 3.08560013771057129 51
16.8502287616918061 22.2820216512061613 2.52662801742553711 3.00440025329589844 47.5
27.9400716332207963 -0 -2.48091316223144531 2.67960023880004883 56.5
27.9341754213726681 -0.0630920858457937467 -2.54567193984985352 2.59840011596679688 63.5
27.9485135973374454 -0.192781373417703128 -2.37612819671630859 2.51719999313354492 60
15.0937928963762911 -23.6279861492497609 0.835579514503479004 2.35480022430419922 47
23.2825556435662158 -15.7449059840599901 -1.01795554161071777 3.81640005111694336 45
19.9871312594708819 19.64247311270341 2.38821506500244141 3.5728001594543457 50
19.806776616744834 19.7935960942468441 2.63076066970825195 3.49160003662109375 48.5
17.0030426388725502 22.3802592201995552 1.01795637607574463 3.16680002212524414 50
17.1190585914896118 22.2994259975135343 0.83014601469039917 3.08560013771057129 54.5
17.0385213662677977 22.2994259975135343 1.85477066040039062 3.00440025329589844 49
28.1091741966670021 -0.0632607829716695935 -0.941304326057434082 2.67960023880004883 61.5
28.1163576705108795 -0.151122981543432927 -0.68063586950302124 2.59840011596679688 68
28.1173905508775626 -0.193296836857879323 -0.625045299530029297 2.51719999313354492 64
23.5363961155522219 -15.529649993511601 -0.328754782676696777 3.81640005111694336 45.5
19.8185159030032914 19.8463782081818323 2.93049311637878418 3.5728001594543457 46.5
19.7229077667463848 19.8463782081818323 3.51684689521789551 3.49160003662109375 46.5
17.0125080765489756 22.4892730334901394 -0.217249080538749695 3.16680002212524414 49
17.1413500301696864 22.3588902221082613 -1.22238349914550781 3.08560013771057129 50.5
28.1985862117254626 -0.0916203539440212378 0.267236649990081787 2.67960023880004883 53.5
28.1427029962704403 -0.789344587825413724 -1.61409032344818115 2.51719999313354492 55
28.2590894009607076 -0.06359817293327516 -0.946324646472930908 2.67960023880004883 56
28.2576370539955803 -0.151928968673935127 -0.979078292846679688 2.59840011596679688 64
28.2656428649600464 -0.272058850881232661 -0.674632072448730469 2.51719999313354492 60.5
28.321570353222171 0.843139669612397946 -0.948834717273712158 2.67960023880004883 53.5
28.320685057320766 0.712063334420554583 -1.07438719272613525 2.59840011596679688 59.5
28.3230485516995678 0.680179901536052123 -1.03189468383789062 2.51719999313354492 54.5
20.4033082814615412 19.7028092987724115 1.86681866645812988 3.5728001594543457 45.5
28.4169218202305807 0.635803653232425048 -0.234487831592559814 2.67960023880004883 57
28.4122341153469975 0.756570827589422068 -0.391448140144348145 2.59840011596679688 61.5
28.4147663674807056 0.756570827589422068 -0.0968959033489227295 2.51719999313354492 54.5
20.2870425758588979 19.9043727364449161 2.12178254127502441 3.5728001594543457 47
28.4877824134919528 0.758567076912286198 0.347795397043228149 2.67960023880004883 53.5
28.4917980357104099 0.683778773554736818 -1.24577468341158237e-06 2.59840011596679688 57.5
20.4335959437898751 19.8817667502730941 1.92721080780029297 3.5728001594543457 45.5
28.5650674450738435 0.58916873451779106 -0.469485014677047729 2.67960023880004883 45.5
28.5574421676284409 0.978377171259847023 0.214297115802764893 2.59840011596679688 50
20.5505306344949297 19.8587684695646018 2.03164577484130859 3.5728001594543457 45
28.6421193133898271 0.590715124838319672 -0.320330172777175903 2.67960023880004883 52.5
28.6425873407779328 0.590715124838319672 0.275408029556274414 2.59840011596679688 57.5
28.6350201249608958 0.612195674832440417 0.695294976234436035 2.51719999313354492 50.5
28.723681596143436 0.197420491944169607 0.191921740770339966 2.67960023880004883 48
28.7222775397435832 0.197420491944169607 0.342710375785827637 2.59840011596679688 54
28.7047290739043355 0.0933260507372438014 1.07490181922912598 2.51719999313354492 48
28.7599177428476196 -0.230325475356329634 1.50139272212982178 2.59840011596679688 45.5
28.8660437834410963 -0.277831986354330818 0.663363277912139893 2.67960023880004883 46.5
28.8741168497753904 -0.198451418824521997 0.108271896839141846 2.59840011596679688 53.5
28.8731992174027852 -0.306697647274261243 0.100399702787399292 2.51719999313354492 48.5
18.1208033880688149 22.5339023267675564 1.4007951021194458 3.16680002212524414 46
28.9472434162020633 -0.361757943919851555 0.169740557670593262 2.67960023880004883 53.5
28.9447216473577065 -0.463050168217409963 0.301975637674331665 2.59840011596679688 60.5
28.9478442483577822 -0.329199728967064897 0.128293290734291077 2.51719999313354492 56
29.017718773960901 -0.464249792223638214 0.455115050077438354 2.59840011596679688 58.5
29.1021880075732717 0.583311262160486121 1.97561311721801758 2.67960023880004883 47.5
29.1443877631730714 0.601539739103001292 1.19310402870178223 2.59840011596679688 50.5
29.3235051757070124 -0.282161824194935573 -0.0899658724665641785 2.59840011596679688 49
29.3805200334418259 -0 -1.07011306285858154 2.59840011596679688 47
29.431833444502896 0.158376875966635022 -1.58674895763397217 2.59840011596679688 46
29.4921607688894198 -0.118161767186029637 -1.84420108795166016 2.59840011596679688 47.5
29.6125802118012835 -0.0518269820195691802 -0.856250226497650146 2.67960023880004883 45
29.6170619679715905 -0.0666346911680175125 -0.682612061500549316 2.59840011596679688 53
29.6170619679715905 -0.0666346911680175125 -0.682612061500549316 2.51719999313354492 49
29.6995918305272895 -0 0.155911684036254883 2.59840011596679688 46
20.5724925359803699 21.431065961479387 2.00814366340637207 3.49160003662109375 45.5
20.5914068590213617 21.4850476689128982 2.32577395439147949 3.49160003662109375 49
20.4646572471976889 21.4850476689128982 3.2577674388885498 3.4104001522064209 45.5
22.6987539047072211 19.5536736344676143 1.55578291416168213 3.73520016670227051 45
23.203471725634369 19.3377425107739818 1.09602344036102295 3.81640005111694336 46.5
23.2748524493667368 19.2697582597595449 0.712917745113372803 3.73520016670227051 45
20.068587218176468 22.0033654226728892 5.97866630554199219 3.4104001522064209 45
30.3229330178919767 -1.13489844081062508 -1.36838531494140625 2.59840011596679688 45
22.8601039296734321 20.2811158709516235 2.65475058555603027 3.73520016670227051 45
23.0735708786013234 20.165475661698963 2.55470943450927734 3.73520016670227051 45.5
18.9476269867400333 24.1002026200792479 2.39380741119384766 3.16680002212524414 53
18.8272660365279627 24.2077928103474598 2.25374746322631836 3.08560013771057129 53.5
22.3485988390514763 21.2007399217305021 1.11778068542480469 3.5728001594543457 45.5
19.0316082608052 24.1589827015068508 2.07895970344543457 3.16680002212524414 57
19.0132830912853272 24.1589827015068508 2.24038147926330566 3.08560013771057129 57
22.5840867016131703 21.0862899746702048 0.370766580104827881 3.65400028228759766 47.5
22.4811127794638352 21.1094574787624971 1.94947981834411621 3.5728001594543457 46
18.9913247661363478 24.3413242996376056 1.28048551082611084 3.16680002212524414 50
19.0779143469105215 24.2177642778120337 2.08401799201965332 3.08560013771057129 50.5
26.4086690559928421 -16.020506553394906 2.31867599487304688 3.89760017395019531 46.5
23.1972551240885529 20.4794636806021835 1.38908612728118896 3.73520016670227051 46
23.5977546244378154 19.8655721922814834 3.55071258544921875 3.81640005111694336 46
23.3471330916195896 20.36221149708852 2.09624719619750977 3.73520016670227051 50
23.1345712747985779 20.6920110354369449 0.857234060764312744 3.65400028228759766 46.5
22.9420191842873855 21.0103585425723374 0.997173190116882324 3.73520016670227051 45
23.159133806860936 20.7847752779538268 0.642922580242156982 3.65400028228759766 48
27.9593929400691579 -13.598799732996218 2.6048121452331543 4.14120006561279297 45.5
23.1091474040648635 20.9596179370950857 0.319063246250152588 3.65400028228759766 55
23.2517589975914163 20.7919721835059725 0.699765384197235107 3.5728001594543457 51
27.836226078265554 -13.9363221075784782 3.00818991661071777 4.14120006561279297 50
27.6267108489566695 -13.8386193446257408 4.8356175422668457 4.06000041961669922 47
23.0779177225606311 21.0803481346826445 -1.07443416118621826 3.65400028228759766 50.5
23.1578961611391847 21.0100021453566725 0.646021008491516113 3.5728001594543457 48
26.5196217369207901 -16.6923922606114914 -0.946698546409606934 3.89760017395019531 45.5
26.417250024077866 -16.8804314130426896 -0.0491568893194198608 3.81640005111694336 46.5
23.8775019057112345 20.2259613333811608 1.89680469036102295 3.73520016670227051 47
23.5868794860301847 20.5589473324780805 1.95227205753326416 3.65400028228759766 48.5
26.3036358649621782 -17.1917685845005686 0.304226398468017578 3.81640005111694336 46.5
23.5125581496230893 20.8319626178107598 0.848312854766845703 3.73520016670227051 52
23.5342618190161765 20.7769866561426468 1.40926659107208252 3.65400028228759766 53.5
23.6490136669314168 20.8029568802831122 0.459564357995986938 3.73520016670227051 50
23.6403491235360583 20.8029568802831122 0.788076579570770264 3.65400028228759766 50
28.1614339864473244 -14.6827149679548814 4.11731672286987305 4.06000041961669922 46
23.9750158256509707 21.2232711194533366 2.27629446983337402 3.73520016670227051 46
23.6650947827443261 21.4599320523672965 3.13763689994812012 3.65400028228759766 48
24.7274780063208439 20.5853404944772684 0.162326440215110779 3.81640005111694336 46
24.5756067051586413 20.7582251900363595 0.605394363403320312 3.73520016670227051 45
27.496778529646555 17.2711122501001526 -0.511424481868743896 4.14120006561279297 49.5
27.5742306533254293 17.1412542632572951 -0.681876897811889648 4.06000041961669922 47.5
27.4234555812997876 17.4777645485141484 -1.40872526168823242 4.22240018844604492 49.5
27.5253298444939247 17.3313369190641815 -1.21803414821624756 4.14120006561279297 58
27.5253298444939247 17.3313369190641815 -1.21803414821624756 4.06000041961669922 55.5
27.4774458868708855 17.5180342529793016 -1.58083724975585938 4.22240018844604492 48
27.5716055565087643 17.3712692464381675 -1.56084263324737549 4.14120006561279297 55.5
27.5649320188725504 17.3508852177518946 -1.87402808666229248 4.06000041961669922 52.5
27.5189030474916656 17.5583060057508824 -1.92507362365722656 4.14120006561279297 51
27.721260820842982 17.2600150263653092 -1.7069319486618042 4.06000041961669922 47.5
27.6707671056901923 17.4757112626519344 -1.76886332035064697 4.14120006561279297 54
27.7737317645393915 17.2996026185708409 -1.8826444149017334 4.06000041961669922 53
27.7620927797232895 17.5157018535470606 -1.26059329509735107 4.14120006561279297 50.5
27.7393939800346558 17.6791212640656354 -1.42495477199554443 4.14120006561279297 46.5
27.0416761705076638 -18.7817520527017976 -0.222227424383163452 3.73520016670227051 45.5
26.7709876515914296 -19.1355813356223585 1.09522318840026855 3.65400028228759766 47.5
27.8228977259961354 17.5956810013313607 -2.29747438430786133 4.22240018844604492 46.5
27.7147752757129737 17.7193909685307851 -2.62952136993408203 4.14120006561279297 51
28.7122124269736929 -14.8534433950774716 6.63204622268676758 4.06000041961669922 45.5
28.2986597093683159 -16.9647601686143013 0.618671417236328125 3.89760017395019531 47.5
27.0321468586281135 -18.9276249815118263 -0.0899933725595474243 3.73520016670227051 46.5
26.818167962764111 -19.2286525683637564 -0.211482882499694824 3.65400028228759766 48.5
27.8492581288526964 17.7224653825796032 -2.07094335556030273 4.22240018844604492 51
27.865767411193648 17.7596627213023694 -1.43144655227661133 4.14120006561279297 59.5
27.9594919603923202 17.6356715922264868 -1.09795761108398438 4.06000041961669922 57.5
27.9904382367186955 17.5902081782319932 -1.03710782527923584 3.97880029678344727 45
28.2535969289816364 -17.1562392264664041 1.16331648826599121 3.89760017395019531 50
28.2698682981239315 -16.9867846833960279 2.49386167526245117 3.81640005111694336 45
27.9631610082067041 17.6756621831216094 -2.13428401947021484 4.22240018844604492 50.5
27.8976041813663471 17.7999344740739538 -1.95156550407409668 4.14120006561279297 61.5
28.0245870386918163 17.6508077249311448 -1.41211307048797607 4.06000041961669922 60.5
28.1298136549074869 17.4975385660899185 -1.21338367462158203 3.97880029678344727 46.5
27.9648540648723305 17.7156527740167355 -2.83255958557128906 4.14120006561279297 50
28.0162862148857101 17.6699831746461733 -2.60003042221069336 4.06000041961669922 51
27.424876473881973 -18.9884021888821479 1.09882330894470215 3.73520016670227051 47.5
27.1531834274759447 -19.3971136790008494 0.589299559593200684 3.65400028228759766 47
27.5083041828192201 -19.0310731896661878 -0.118586987257003784 3.73520016670227051 48.5
27.0742031578252096 -19.6413382205669684 0.328388005495071411 3.65400028228759766 48
29.5578477292680333 15.8186817621656175 0.169137328863143921 4.38479995727539062 46
29.604290918979892 15.7307071019417091 -0.237702801823616028 4.30360031127929688 53.5
29.6997271441878929 15.5505685119594208 -0.178276121616363525 4.22240018844604492 52
29.6161117206964981 15.8540706703493512 -0.703207910060882568 4.38479995727539062 56.5
29.6823852612758152 15.7407073472297974 -0.382544040679931641 4.30360031127929688 65.5
29.6954347522907121 15.7197141392446955 -0.178674951195716858 4.22240018844604492 63.5
29.9239159395908807 15.2620622051694621 0.767332613468170166 4.14120006561279297 47
29.7420957385557756 15.7758432097247177 -0.732321977615356445 4.38479995727539062 57.5
29.7278236131735518 15.8010912916821322 -0.766748726367950439 4.30360031127929688 65
29.7348064483741901 15.8010912916821322 -0.415538787841796875 4.22240018844604492 62
29.6665165774245807 15.9273317014692068 0.472932338714599609 4.14120006561279297 47
29.7975892388165633 15.8109772851354347 -1.08587133884429932 4.38479995727539062 52.5
29.8248216566871243 15.6549340310543421 -2.11320734024047852 4.30360031127929688 58
29.6473084705994161 15.8362815966080426 -3.05151510238647461 4.22240018844604492 53
27.4495164549591202 -19.5433632273453171 1.90878605842590332 3.73520016670227051 46
33.6339405610514817 3.17006798098766751 1.68504917621612549 4.70960044860839844 49
29.360904230284202 15.6897231272349611 -5.99170589447021484 4.30360031127929688 47
29.6136705581757305 15.6897231272349611 -4.58189582824707031 4.22240018844604492 49
29.9302896485265748 15.7245122234155801 -2.47539639472961426 4.30360031127929688 47
26.9215322235535197 20.650118970505364 1.761924147605896 3.97880029678344727 45
26.4220928085594196 21.1935431539397179 2.64717483520507812 3.81640005111694336 52.5
27.0328447341893536 20.6191169598207082 1.86549234390258789 3.97880029678344727 46.5
26.2295880615506505 21.6019927373111287 2.18296146392822266 3.81640005111694336 50.5
26.4437386783631219 21.4704739853287663 2.06470370292663574 3.89760017395019531 55
26.3384433101674098 21.5984013377736233 2.07631659507751465 3.81640005111694336 60
26.3349486125168148 21.5600231320401647 2.48022747039794922 3.73520016670227051 54
24.3790042756560013 23.832865760477155 1.47456562519073486 3.5728001594543457 45.5
26.304434783538472 21.8039946689122033 1.51740860939025879 3.89760017395019531 53.5
26.421993798470421 21.6458708345825777 1.72468817234039307 3.81640005111694336 60
26.5335202647276525 21.4920206173969959 1.9249274730682373 3.73520016670227051 54.5
26.5529950062545836 21.6547934285321979 0.885534822940826416 3.89760017395019531 46.5
26.7599963449798928 21.3806821193102721 1.24288511276245117 3.81640005111694336 53.5
26.8923392565692119 21.2222115186663451 1.09342002868652344 3.73520016670227051 48
25.9717492362078346 -22.3400717015870143 1.07940828800201416 3.4104001522064209 47
27.2285903355226218 20.8007827102585487 2.41949701309204102 3.81640005111694336 45
26.6387410468543493 21.2892782585334039 4.71432590484619141 3.81640005111694336 45.5
26.0864857996295569 21.8399001249897147 5.25308513641357422 3.73520016670227051 45
26.7005213517707993 21.5210357484379244 3.7652587890625 3.81640005111694336 49
26.4277005433799523 21.7409020992332636 4.37719869613647461 3.73520016670227051 48
26.7585665538654069 21.5678210846808263 3.77344417572021484 3.81640005111694336 46
23.064194152815201 26.0301234733487377 2.59639167785644531 3.32920026779174805 48
24.781084890666282 24.3566374237506409 3.76225852966308594 3.5728001594543457 48.5
24.5865925889750478 24.4090454655446187 4.60441064834594727 3.49160003662109375 45
24.691074992599539 24.588350480611755 3.53759622573852539 3.5728001594543457 45
28.2493597194799442 -20.9575199221693858 0.191848397254943848 3.65400028228759766 47.5
28.2139877875950695 -21.0058699052113056 0.0719451159238815308 3.5728001594543457 46
30.3223272160459203 -17.8907390314683603 2.88679814338684082 3.89760017395019531 45.5
30.8156973429744738 -17.3890486177756713 1.08347690105438232 3.97880029678344727 47
32.6506549008973224 -14.4484250762959849 2.24243569374084473 4.30360031127929688 64
32.6506549008973224 -14.4484250762959849 2.24243569374084473 4.22240018844604492 67.5
19.7046917474068088 -29.8356401482671387 -1.18758678436279297 2.35480022430419922 48
19.2229776246798814 -30.1619814324780329 -0.763357043266296387 2.27360010147094727 46
32.7823329221541968 -14.3353619628249955 2.24469709396362305 4.22240018844604492 73
32.7544584240419638 -14.3353619628249955 2.62022566795349121 4.14120006561279297 66.5
32.8392935845776535 -14.5583869880457559 -0.4898337721824646 4.06000041961669922 45.5
32.6997951964201974 -14.2019042344938402 5.00293874740600586 4.30360031127929688 49
32.8232408044049251 -14.2513882213736078 3.94116592407226562 4.22240018844604492 58
32.8230488808848762 -14.3953416377511196 3.3795933723449707 4.14120006561279297 54.5
32.8548718954154921 -14.0489537295927338 -4.3799896240234375 4.06000041961669922 46.5
33.0934644012547992 -14.2810789155277575 1.50968217849731445 4.30360031127929688 48.5
33.0521836342341402 -14.4253322379068241 -0.932038784027099609 4.14120006561279297 49
32.7437584312487857 -14.2585393339060289 -5.09372329711914062 4.06000041961669922 46
30.1875934936542798 -19.6995943373915097 1.42858672142028809 3.81640005111694336 45.5
33.2142874579322509 -14.2610794374260674 0.505226552486419678 4.22240018844604492 49
33.2120931959801737 -14.3178270015888387 2.05122995376586914 4.30360031127929688 49
33.2231365588909355 -14.3178270015888387 1.8638070821762085 4.22240018844604492 51.5
32.7810200541596473 -15.4132788303540931 -0.293892741203308105 4.14120006561279297 47.5
31.7953164640149062 -17.3008962377719087 1.40984916687011719 4.06000041961669922 53
31.3621338251954676 -17.9617886633906139 2.45793962478637695 3.97880029678344727 51
28.2923993733042209 -22.4024425642943896 3.14983701705932617 3.5728001594543457 51
28.1704161407571902 -22.5970889636204504 2.83725547790527344 3.49160003662109375 49
24.0370540999583113 26.8476231256476154 3.69811177253723145 3.32920026779174805 47
31.8052466896054362 -17.3367162608328798 2.35684633255004883 4.06000041961669922 49.5
30.8728456652033962 -18.7746385671342999 3.474273681640625 3.97880029678344727 48.5
30.9092006132581787 -18.8290709572782013 2.78884792327880859 3.89760017395019531 47
28.3834815435341454 -22.4760410969196514 2.62596487998962402 3.5728001594543457 50.5
28.3834815435341454 -22.4760410969196514 2.62596487998962402 3.49160003662109375 50.5
28.099469302139493 -22.4952048802973223 5.24653911590576172 3.49160003662109375 47
36.2907897279454943 -3.30221271629454627 -0.822482764720916748 4.70960044860839844 45.5
36.2797405188271256 -3.49806809119201567 0.382692992687225342 4.62840032577514648 45
36.3543909484897796 -3.50526583522938529 0.383480429649353027 4.70960044860839844 45
36.3500983342077433 -3.56916391035075442 0.0846641808748245239 4.62840032577514648 46.5
35.1060154793606998 -9.13370444966812478 5.40359926223754883 4.46600008010864258 48.5
36.4759263236004401 -3.40745983896715643 2.90834784507751465 4.70960044860839844 46
36.5282647403714833 -3.27428418488353445 2.35105800628662109 4.62840032577514648 46
35.1215905076235799 -9.2074891875055922 5.67966413497924805 4.46600008010864258 49
29.6870766778204498 -21.5790482254806832 1.89332115650177002 3.65400028228759766 46.5
29.5244217301658445 22.6102837294115524 0.961105585098266602 3.97880029678344727 49.5
29.5244217301658445 22.6102837294115524 0.961105585098266602 3.89760017395019531 54.5
29.4408706178665334 22.6939566543970415 1.43512201309204102 3.81640005111694336 50.5
29.5340042563819161 22.7397110637595894 0.271917551755905151 3.97880029678344727 57.5
29.5939953874897945 22.6558694416482247 0.576851725578308105 3.89760017395019531 63
29.5839473782759015 22.6558694416482247 0.963043332099914551 3.81640005111694336 58.5
29.6276486237961869 22.701455153884897 -1.36711561679840088 3.97880029678344727 55.5
29.6532888881043206 22.701455153884897 -0.590743660926818848 3.89760017395019531 61
29.7193910553012053 22.6174448346476602 -0.481255501508712769 3.81640005111694336 56
30.015926722327066 23.570208891623647 0.905639350414276123 3.97880029678344727 49.5
30.235821368012612 23.202893351317023 2.179840087890625 3.89760017395019531 52.5
30.355207176676938 22.9977690885483916 2.64477753639221191 3.81640005111694336 50.5
30.2718623128440036 23.3345114039749291 1.47562944889068604 3.97880029678344727 62.5
30.2718623128440036 23.3345114039749291 1.47562944889068604 3.89760017395019531 69
30.2499593356651459 23.3345114039749291 1.8716275691986084 3.81640005111694336 65
29.8157543024537688 23.860278764572481 2.18412256240844727 3.73520016670227051 49
37.8636971899593746 -4.49694174492500842 3.86310291290283203 4.70960044860839844 52
37.838128253959681 -4.59751232707988056 3.99306130409240723 4.62840032577514648 53
37.9523740816894772 -4.49694174492500842 2.86365842819213867 4.54720020294189453 45
30.3684377777586398 23.2940624572047312 1.98751258850097656 3.97880029678344727 61.5
30.3684377777586398 23.2940624572047312 1.98751258850097656 3.89760017395019531 68.5
30.2502707109678326 23.4473128681073959 1.98751258850097656 3.81640005111694336 66
29.5388176209516473 24.3668153335233733 1.58817493915557861 3.73520016670227051 55
38.145250498359168 -4.17464924083347455 1.43956124782562256 4.79080009460449219 48
38.0470471132589054 -4.47695142723865747 2.63424825668334961 4.70960044860839844 59
38.0118225352587729 -4.57292037530379503 2.95801806449890137 4.54720020294189453 46
30.8072089126629862 22.725446901824526 -3.00500130653381348 3.89760017395019531 56.5
30.8394048030398942 22.8789972187287418 -0.206818312406539917 3.81640005111694336 57
29.6559446324355989 24.3617174663351186 1.26164722442626953 3.73520016670227051 48
38.1903737023517422 -4.30780624136175039 1.8066563606262207 4.79080009460449219 49.5
38.2141262686269059 -4.30780624136175039 1.20381057262420654 4.70960044860839844 61
38.2495710600485239 -4.15395601845597362 0.201976507902145386 4.54720020294189453 45
30.448121347136361 23.4717746320625764 -1.52100515365600586 3.97880029678344727 51.5
30.4816629512996471 23.4717746320625764 -0.519360780715942383 3.89760017395019531 56
30.4996793215148472 23.3852338816780758 1.7961738109588623 3.81640005111694336 49.5
38.3025340120705451 -4.13796752285624336 1.37689507007598877 4.79080009460449219 50
38.3161725880365935 -4.16205348049801493 0.806806743144989014 4.70960044860839844 63
38.2943877941652318 -4.3162036094053482 1.00649547576904297 4.62840032577514648 63
30.6093981372707198 23.3055726141775388 -2.45309901237487793 3.97880029678344727 47.5
30.5388355913315159 23.2766694650074157 -3.41745209693908691 3.89760017395019531 55
30.7020089320098535 22.9924551648345208 -3.8517909049987793 3.81640005111694336 51.5
38.3986899105067678 -4.17015053068602715 0.202763929963111877 4.79080009460449219 47.5
38.401826426224126 -4.14601771511492778 -0.0289683360606431961 4.70960044860839844 58
38.3821371874989481 -4.32460055034106539 0.00263206195086240768 4.62840032577514648 57.5
38.3881076187992534 -4.18945678314290681 0.83207017183303833 4.54720020294189453 47.5
30.4057865264205418 23.476402987565784 -4.0295557975769043 3.89760017395019531 48.5
30.7356170871427494 23.3219529679107467 -1.81632936000823975 3.81640005111694336 49
38.4973945700815037 -3.80104504894011752 -1.092171311378479 4.70960044860839844 49.5
38.500805523020361 -4.03129562311195588 2.2220151424407959 4.62840032577514648 46
38.8960140138279939 2.28563536368147346 1.69584512710571289 4.70960044860839844 46
33.5941762208113275 19.8055908699392518 -0.412123680114746094 4.22240018844604492 45.5
38.8798863236605072 2.23143732086284619 3.1985633373260498 4.79080009460449219 49
38.8562212497730357 2.12401583058060872 3.54093790054321289 4.70960044860839844 53.5
33.3985622746381736 20.26848209825312 -0.76186072826385498 4.22240018844604492 60.5
33.3985622746381736 20.26848209825312 -0.76186072826385498 4.14120006561279297 64.5
33.3748739277261208 20.312427253368579 -0.615362942218780518 4.06000041961669922 58
39.0687081158104306 2.23572035344758291 1.16623663902282715 4.70960044860839844 50.5
33.4045973560731397 20.3514150335709978 -1.63569760322570801 4.22240018844604492 65
33.4340737180389809 20.3073855298925992 -1.57969367504119873 4.14120006561279297 69
33.4340737180389809 20.3073855298925992 -1.57969367504119873 4.06000041961669922 62
30.8550791957529391 23.9520500010489421 2.64309430122375488 3.89760017395019531 49
30.6557853354751479 24.0645698437826283 3.72047805786132812 3.81640005111694336 45.5
39.0837899202451098 2.09295721189453054 2.58411812782287598 4.79080009460449219 47
39.1111378961025267 2.42136033413559293 1.74837267398834229 4.70960044860839844 50.5
33.3539282968021169 20.5227443704974242 -2.22110271453857422 4.22240018844604492 60
33.360576298210411 20.493335135669863 -2.38662219047546387 4.14120006561279297 63.5
33.3746453904507447 20.493335135669863 -2.18105554580688477 4.06000041961669922 56.5
30.7977765751555452 24.2577171935972622 1.28875291347503662 3.97880029678344727 58
30.8822685383667519 24.1106710194594775 1.88728702068328857 3.89760017395019531 64.5
31.0076317415683569 23.9293140713562025 2.12498283386230469 3.81640005111694336 61.5
31.1195680282416909 23.5715017142875816 3.81544613838195801 3.73520016670227051 48
39.1432471689957566 2.06749361539995791 2.83230018615722656 4.79080009460449219 56
39.1480214660675472 2.20008821781278163 2.66123723983764648 4.70960044860839844 59.5
39.1352412775850595 2.24428641861705636 2.80824875831604004 4.62840032577514648 51.5
33.4967794471513827 20.4293905939758318 -2.25745010375976562 4.22240018844604492 49
33.4004283564680549 20.5865397523910296 -2.25745010375976562 4.14120006561279297 51
31.0627208587086123 24.0438212375253997 1.2215878963470459 3.97880029678344727 68
31.0057080926914672 24.0978412607306254 1.5589759349822998 3.89760017395019531 75.5
30.9824008696207258 24.0978412607306254 1.96850144863128662 3.81640005111694336 72.5
31.0188816636032421 23.9750684807187504 2.74143099784851074 3.73520016670227051 55.5
39.2575160965473273 2.07143905304944065 2.22423648834228516 4.79080009460449219 56.5
39.232140483818597 2.07143905304944065 2.63417959213256836 4.70960044860839844 59.5
39.2038057041701933 2.10096074976748515 3.00635862350463867 4.62840032577514648 52
31.1354331012499621 24.0897045219241406 0.813335776329040527 3.97880029678344727 67.5
31.0827990865787172 24.1438276325738883 1.15147411823272705 3.89760017395019531 75
31.0538043448859469 24.1438276325738883 1.76846957206726074 3.81640005111694336 72
30.9962134934815658 24.1438276325738883 2.58864140510559082 3.73520016670227051 57
39.3396541523107572 1.89298746197351897 2.2606961727142334 4.79080009460449219 49.5
39.2106617420628254 1.89298746197351897 3.90424823760986328 4.70960044860839844 49.5
31.1632672086033544 24.189816343500155 -0.0779977217316627502 3.97880029678344727 57
31.2047455730278251 24.1355901401623711 0.199029609560966492 3.89760017395019531 62
31.1129550501059846 24.189816343500155 1.77183806896209717 3.81640005111694336 59
30.8808318747708412 24.3968618471535024 2.73310971260070801 3.73520016670227051 51.5
39.3815977774330293 2.0793303297154111 2.64421463012695312 4.70960044860839844 50.5
39.4070700601460047 2.0793303297154111 2.23270988464355469 4.62840032577514648 45
32.0071094320557208 23.1393410800871742 -1.53020203113555908 3.81640005111694336 47
39.5132493663396573 2.44450909314942422 0.942144513130187988 4.70960044860839844 50
31.7292463901305375 23.6879858884742838 -0.542641997337341309 3.89760017395019531 48
31.3757668280769195 24.1580837910030155 -0.329369783401489258 3.81640005111694336 49
30.4992108144372089 25.1111103000515321 3.65187501907348633 3.81640005111694336 47
31.8295262986277336 24.388107957956688 1.45501863956451416 3.89760017395019531 51
31.8242962726042116 24.2978559137043852 2.61611247062683105 3.81640005111694336 48.5
31.7548291463516854 24.5944416548656868 1.66861307621002197 3.97880029678344727 52.5
31.7634369326260355 24.5241144115715457 2.38576006889343262 3.89760017395019531 61
31.8396842146746053 24.4336936701933602 2.29546999931335449 3.81640005111694336 59.5
31.741098880640326 24.7560804445257716 1.30952715873718262 3.97880029678344727 61
31.8636427829343809 24.5698688209340936 1.76225602626800537 3.89760017395019531 69
31.8514289778219215 24.5698688209340936 1.97071373462677002 3.81640005111694336 66
31.6040002925375276 24.866800869364063 2.21476197242736816 3.73520016670227051 48.5
31.7809168668685693 24.8475606880175874 0.83347553014755249 3.97880029678344727 57.5
31.8733185178834404 24.6862128913421479 1.67483937740325928 3.89760017395019531 64
31.8341042075460159 24.7416761964493297 1.60062801837921143 3.81640005111694336 60
31.7189730450048124 24.9131082304169809 1.16898596286773682 3.73520016670227051 46
31.7959919900536576 24.6613776396591895 3.87456512451171875 3.97880029678344727 45
32.264915278585228 24.3532367064311686 0.275601595640182495 3.89760017395019531 47.5
34.5733713677192043 21.4958451086770097 -1.06605684757232666 4.06000041961669922 50
34.3145053721311655 21.6985799183134667 -4.04062128067016602 4.22240018844604492 47
34.4404994748386741 21.6985799183134667 -2.76836109161376953 4.14120006561279297 53.5
34.4316540788961305 21.754661774305351 -2.41581296920776367 4.06000041961669922 49
34.4949449805064106 21.7946503311945285 -2.42025351524353027 4.14120006561279297 48.5
32.3484572188057911 25.3094112322287685 1.49037432670593262 3.97880029678344727 45.5
32.4142585308274249 25.2015586275459746 1.84594547748565674 3.89760017395019531 52.5
32.4142585308274249 25.2015586275459746 1.84594547748565674 3.81640005111694336 49
32.450398355335409 25.3092898630415633 1.3387904167175293 3.97880029678344727 52
32.4950061150045357 25.2475473384722413 1.42015612125396729 3.89760017395019531 59.5
32.5756806733929238 25.1189170789528156 1.80163609981536865 3.81640005111694336 56
32.5176159976213484 25.3553886939152129 1.12759065628051758 3.97880029678344727 50
32.5948967668680041 25.2368333086824315 1.49581360816955566 3.89760017395019531 57.5
32.6350146492604054 25.1646691611494333 1.80491769313812256 3.81640005111694336 53
32.7351489199766732 25.2104235705119848 -0.774744033813476562 3.89760017395019531 46.5
32.9481590917710179 24.9406050882783923 -2.51895856857299805 3.81640005111694336 45
32.6426565583749877 25.3019323892370807 -3.80066251754760742 3.89760017395019531 46
40.971098168057658 -8.1539304192241584 0.18227936327457428 4.62840032577514648 48
41.0616559455456525 -7.68411368572212616 -0.213606670498847961 4.54720020294189453 48.5
41.6313300699926927 -4.1836463922792122 -0.867311477661132812 4.70960044860839844 48.5
41.0966681272192176 -7.80773007959107979 1.23525726795196533 4.62840032577514648 57.5
41.1575767171892863 -7.53056350610258285 0.875871896743774414 4.54720020294189453 56.5
41.6757602436056942 -4.24877227290001347 -1.66881763935089111 4.70960044860839844 46.5
41.1626035298581243 -7.71170503786537509 1.96865677833557129 4.62840032577514648 54.5
33.2309251127126899 25.527739170945317 2.83550333976745605 3.89760017395019531 46.5
41.4754839376172484 -6.8665218539135866 1.714913010597229 4.54720020294189453 45
33.3090737616038979 25.6679630098056109 1.4024578332901001 3.97880029678344727 50
33.2990491479348876 25.6679630098056109 1.6231924295425415 3.89760017395019531 57.5
33.2560789399399823 25.7415704416239777 1.30784499645233154 3.81640005111694336 54
41.8329407623653182 -4.91415369768207544 1.57439911365509033 4.70960044860839844 47.5
41.8478991654219428 -4.94575597226524 0.956844627857208252 4.62840032577514648 51
41.753026996298928 -5.5620003266369471 1.53993833065032959 4.54720020294189453 46
33.2951759097150344 25.7874560598622082 1.74955332279205322 3.97880029678344727 52.5
33.358406344511657 25.7137174191681588 1.62608587741851807 3.89760017395019531 59.5
33.4250362573047539 25.6189105954186651 1.74955332279205322 3.81640005111694336 55.5
41.8464926091369591 -5.26586499075658487 2.02300238609313965 4.70960044860839844 51
41.840837212169653 -5.40305185424322865 1.76129674911499023 4.62840032577514648 55
41.7846187296848441 -5.69325483469574589 2.14088702201843262 4.54720020294189453 48.5
33.3236577021372327 25.8913822741909456 1.45637130737304688 3.97880029678344727 45.5
33.3746401400656012 25.8333416781004388 1.3125075101852417 3.89760017395019531 50
41.8577760818860725 -5.86194098685449028 1.68950498104095459 4.70960044860839844 47
41.8448549675145216 -6.08922995207968665 1.10440361499786377 4.62840032577514648 50.5
39.7147002746865496 14.5464937744125855 0.65750044584274292 4.54720020294189453 47
39.8424047893036928 14.208203221519268 -0.00288114696741104126 4.46600008010864258 46
33.4419131968070786 25.6149378018907683 -3.84754538536071777 3.89760017395019531 45.5
39.8497927504166682 14.4028392115207833 0.43912169337272644 4.54720020294189453 47.5
39.8912080613044964 14.2333940443264186 1.32005810737609863 4.46600008010864258 46.5
34.1041375512775105 26.0691033329880462 3.25768756866455078 3.89760017395019531 49
34.1124934894679583 26.1659345050874599 2.23254847526550293 3.81640005111694336 45
43.075442814601864 1.47655343426281838 1.44627344608306885 4.79080009460449219 55.5
43.0761726479129479 1.61127546293643298 1.26995110511779785 4.70960044860839844 57.5
34.0906065220632115 26.3085177593834985 2.33626198768615723 3.97880029678344727 45.5
34.1489902772045539 26.3085177593834985 1.21411323547363281 3.89760017395019531 54
34.1489902772045539 26.3085177593834985 1.21411323547363281 3.81640005111694336 51
43.1422646563830838 1.47912137940115063 1.67248022556304932 4.79080009460449219 61
43.1345169812651648 1.55469692433405604 1.79902291297912598 4.70960044860839844 63.5
43.1363102343459843 1.67885674815240082 1.63716292381286621 4.62840032577514648 54
34.3698811816226808 26.1599350532042934 -0.780448794364929199 3.89760017395019531 50.5
34.3742339380650677 26.1599350532042934 -0.556632816791534424 3.81640005111694336 49
43.2077690690831133 1.48168932453948288 1.9023667573928833 4.79080009460449219 58
43.2252719659085258 1.48168932453948288 1.45130407810211182 4.70960044860839844 60
43.2494425406416241 1.48168932453948288 -0.12686648964881897 4.62840032577514648 50.5
31.8362048861887246 27.0884360305190093 -11.7645025253295898 4.30360031127929688 47.5
31.8362048861887246 27.0884360305190093 -11.7645025253295898 4.22240018844604492 50
32.360995155946064 27.1352189871608616 -10.4257345199584961 4.30360031127929688 53.5
32.360995155946064 27.1352189871608616 -10.4257345199584961 4.22240018844604492 55.5
32.946255698079824 27.1820043234037634 -8.6292266845703125 4.30360031127929688 49.5
33.0705800600560735 27.0240960450827039 -8.64960765838623047 4.22240018844604492 51.5
34.9412012113769563 26.7585418084072941 1.13743746280670166 3.89760017395019531 48
34.953068779528941 26.7585418084072941 0.68131178617477417 3.81640005111694336 45
35.0185570246712388 26.8041275206439664 0.2224893718957901 3.89760017395019531 49
35.1475899420412361 26.5671666893553819 1.90859675407409668 3.81640005111694336 45.5
34.5693819538607698 27.7902089353593773 4.16712474822998047 3.89760017395019531 48
34.2531968159517817 28.263399592311611 3.54985547065734863 3.81640005111694336 55
33.7518193502645829 28.931433460950057 2.91371250152587891 3.73520016670227051 50.5
34.836802028635006 27.5972101108802228 4.02266550064086914 3.89760017395019531 56.5
34.6803233043699279 27.8369918920012296 3.71047663688659668 3.73520016670227051 57
35.2452787786096309 27.3934363613238183 3.48866081237792969 3.89760017395019531 53
34.359915172185822 28.5012591553479417 3.44605112075805664 3.81640005111694336 56
33.4888449490659283 29.5699164970580846 2.98629951477050781 3.73520016670227051 54
35.3577771504377836 27.5009707830292029 2.24649596214294434 3.89760017395019531 52
33.4471824255580614 29.1262574198905142 6.66856241226196289 3.73520016670227051 50
36.0340218598109772 26.7947091226104455 1.3596961498260498 3.89760017395019531 46.5
33.9595077388386599 29.2198744988869414 3.34764862060546875 3.73520016670227051 47.5
35.6721374352469169 27.3511491117271248 2.10078787803649902 3.89760017395019531 45
35.5766676311995766 28.4451965039568435 2.12879848480224609 3.89760017395019531 48.5
35.3033106342618268 28.7358024778554437 2.7000274658203125 3.81640005111694336 51.5
35.0240899196079241 29.071993702561663 2.73726797103881836 3.73520016670227051 45.5
35.6794118589210996 28.4919818401997453 1.18006718158721924 3.89760017395019531 50.5
35.3945453402498629 28.7830657892883259 2.22872757911682129 3.81640005111694336 54
35.2368293656805704 28.9771217553473761 2.21317362785339355 3.73520016670227051 48.5
35.384704353486697 28.9560984967954091 1.5904165506362915 3.81640005111694336 47
27.7268791898179359 -36.9480441470486554 -0.708669841289520264 2.59840011596679688 45.5
45.4260480217492102 -4.87510990437850111 -8.65779495239257812 3.81640005111694336 49
36.7665115218208882 28.5586994389182856 1.3620293140411377 3.97880029678344727 51
36.9056747426377711 28.3084397943547046 2.41535282135009766 3.89760017395019531 58
36.8507229161375562 28.3084397943547046 3.14437055587768555 3.81640005111694336 55.5
36.8338743093602048 28.6046881498445522 1.12259495258331299 3.97880029678344727 55.5
36.9309165449407359 28.4589540549299151 1.55495321750640869 3.89760017395019531 63
36.9801170174584612 28.3540255065913769 2.17781686782836914 3.81640005111694336 59.5
37.012701269746394 28.5047084642924631 -0.875981032848358154 3.97880029678344727 49.5
37.0229361964462598 28.5047084642924631 0.0987549498677253723 3.89760017395019531 56
37.0841033501374184 28.3996112188280492 1.20719516277313232 3.81640005111694336 52.5
39.5836681788279705 24.9538765018201438 -0.823151528835296631 4.22240018844604492 48
39.7466881171423267 24.7024078611877869 0.481785893440246582 4.14120006561279297 55
44.5679924188268544 14.4972617811824627 0.888376176357269287 4.54720020294189453 48.5
39.8126026735660759 24.7419934398847374 0.236489549279212952 4.22240018844604492 56.5
39.6962089633472388 24.9294327841262877 -0.00638905912637710571 4.14120006561279297 64.5
39.8066974171710513 24.7419934398847374 0.725417137145996094 4.06000041961669922 61
27.8668304254460466 -37.4878688483102067 3.91985011100769043 2.59840011596679688 45.5
44.7463249087036203 14.0804437682331063 1.95198941230773926 4.62840032577514648 51
44.7804280335272722 14.0511095103826218 1.25780689716339111 4.54720020294189453 55.5
44.7188426060117408 14.2681830184762148 0.973006784915924072 4.46600008010864258 52
39.7597235437857464 24.9693202823333742 -0.00639928178861737251 4.22240018844604492 54.5
39.7567857198727879 24.9693202823333742 0.483330041170120239 4.14120006561279297 62
39.8652131062512751 24.7815810320902692 0.969806075096130371 4.06000041961669922 58.5
28.2982383199722278 -37.3953119077990905 2.25897049903869629 2.67960023880004883 47
28.1038468921667821 -37.4422467203598757 3.54323196411132812 2.59840011596679688 48.5
44.8008694463200499 14.0735556001866584 2.48350834846496582 4.70960044860839844 49
44.8355090903708557 14.0735556001866584 1.75008296966552734 4.54720020294189453 68.5
39.565820322446605 25.3852860930297979 1.21815145015716553 4.14120006561279297 47
44.7759500028831496 14.3137687307128871 2.93948960304260254 4.70960044860839844 49
44.8512209296639099 14.1254296684666656 2.69267511367797852 4.62840032577514648 66
44.8512209296639099 14.1254296684666656 2.69267511367797852 4.54720020294189453 69
39.712797145172587 25.2904047022505267 -1.30355429649353027 4.14120006561279297 46
39.3719120418378878 25.7200531879997207 -2.59648752212524414 4.06000041961669922 45
43.6827526678588995 14.5252005550790049 10.3109970092773438 4.62840032577514648 49.5
44.8910698487757642 13.9592836503356672 3.92570972442626953 4.54720020294189453 56.5
44.9878371145314802 14.0830779732482725 1.80066239833831787 4.46600008010864258 52
39.8933226732884876 25.1538274222898153 1.13522875308990479 4.14120006561279297 50.5
39.7028543376662597 24.9003438087068645 5.39787769317626953 4.06000041961669922 45.5
45.148457686544532 13.9283365115732956 -0.42521551251411438 4.62840032577514648 54.5
45.1411254044171315 13.9283365115732956 -0.918030619621276855 4.54720020294189453 56
39.6492228770883912 25.6956848233857471 0.483196735382080078 4.22240018844604492 46.5
39.8603602007251467 25.3709461594872607 0.170734107494354248 4.14120006561279297 54.5
39.9950542726271863 25.1288682463992963 1.22397994995117188 4.06000041961669922 51.5
45.2402310779881205 13.8794806702516897 -0.580748617649078369 4.62840032577514648 52
45.2029423710170519 14.0036686097809984 -0.496869444847106934 4.54720020294189453 56
40.0894084269817341 25.1451008989817595 -0.467828094959259033 4.14120006561279297 52.5
40.3095578136463217 24.7902782146123037 0.487190514802932739 4.06000041961669922 49.5
37.4250402388017775 29.2813263822636003 1.72426521778106689 3.89760017395019531 47
44.0390450994336717 18.3108748560933989 -0.751191616058349609 4.54720020294189453 47
43.9859748052624724 18.4181651384533218 -1.13810598850250244 4.46600008010864258 53
44.0064222214616549 18.3943228534844501 -0.611368834972381592 4.38479995727539062 48.5
44.2460673568320857 18.0113189504807174 -0.57324683666229248 4.54720020294189453 51
44.3221642372115738 17.8322206513377211 -0.0911996588110923767 4.46600008010864258 56.5
44.2716133832654606 17.9575894607378181 -0.00325406133197247982 4.38479995727539062 51
44.4880922155561151 17.6031044413760043 -0.750291407108306885 4.54720020294189453 46.5
44.4155140293841342 17.7944425331300948 0.492595195770263672 4.46600008010864258 50
40.0485259634743898 26.3202812542517464 0.405149400234222412 4.06000041961669922 47.5
44.5721320628466557 17.944196630817256 -1.59262692928314209 4.46600008010864258 47
44.7705263910395246 17.7134684465945398 -0.505531191825866699 4.46600008010864258 47.5
44.662191237734163 17.9721909816500975 -0.84361344575881958 4.38479995727539062 47.5
37.3628659888814525 30.0358812790081338 4.50386190414428711 3.89760017395019531 47.5
37.2992224618672168 30.0358812790081338 5.00366115570068359 3.81640005111694336 49
44.7419779088920251 17.964028281262685 -1.04873716831207275 4.46600008010864258 51.5
44.7542466475778653 17.964028281262685 -0.0427391901612281799 4.38479995727539062 49.5
37.4505944890757618 30.082666615251032 4.25876379013061523 3.89760017395019531 49
44.808009027178997 18.0281796833157806 -0.342462211847305298 4.54720020294189453 48
44.9101113139020214 17.7686511508810376 0.497227758169174194 4.46600008010864258 51.5
44.8245753610370627 17.9617886633906139 -1.01086139678955078 4.38479995727539062 48
44.9818700342068709 17.7962425030242848 -0.257244080305099487 4.54720020294189453 59
44.979736579831993 17.7962425030242848 -0.507893502712249756 4.46600008010864258 64
44.9648709120709498 17.7962425030242848 -1.26301324367523193 4.38479995727539062 58
45.1221123771804002 17.6300951425542323 -0.759699463844299316 4.54720020294189453 59
45.1107774119778924 17.6300951425542323 -1.26497125625610352 4.46600008010864258 64
44.9948640892984386 17.8238324518130717 -2.27504706382751465 4.38479995727539062 57.5
38.3342463586693754 29.4480710073433336 3.27095556259155273 3.89760017395019531 45.5
37.7474309069924345 30.2230202443786879 3.01714777946472168 3.81640005111694336 46
38.4414218211525238 29.3845107859960386 3.67199254035949707 3.89760017395019531 47.5
37.9598919896057652 30.0454500504767559 3.31562709808349609 3.81640005111694336 45
44.5927117683223742 17.8790151560995696 7.33424234390258789 4.46600008010864258 48.5
45.1225756811731529 17.9066065082428167 3.54435205459594727 4.46600008010864258 54
48.629747414575391 -2.92405399897598928 1.77774560451507568 -4.70960044860839844 47.5
48.5423277163302771 -2.85704442816612314 3.47025227546691895 -4.79080009460449219 46.5
48.6538710819216078 -2.60118970325572363 1.61166763305664062 -4.87200021743774414 47.5
48.5859536311228126 -2.7839430781917236 2.86663246154785156 -5.03439998626708984 47.5
48.6878459989513743 -2.3392431991807916 0.764405131340026855 -5.1156001091003418 55
48.6938477960828635 -2.3392431991807916 0.00332202017307281494 5.19680023193359375 55.5
48.7021670789643295 -2.14430626591572571 -0.252595812082290649 5.1156001091003418 51.5
45.0890667824431048 18.3240717269162019 2.78700447082519531 4.54720020294189453 47.5
45.2290933428288966 17.9341978603860674 3.0424654483795166 4.46600008010864258 54.5
48.7681028001410581 -2.34284188815324157 -0.252984404563903809 -4.46600008010864258 49
48.7564894295989433 -2.56858446591800682 0.296254068613052368 -4.54720020294189453 51.5
48.7581912091756209 -2.34284188815324157 -1.01519191265106201 -4.62840032577514648 48
48.7458992207129143 -2.56858446591800682 1.05845832824707031 -4.87200021743774414 57.5
48.744826384736001 -2.34284188815324157 1.52764248847961426 -4.95320034027099609 52
48.7772929151763961 -1.9950762953804948 0.822159409523010254 -5.03439998626708984 51
48.7581212686988295 -2.34284188815324157 1.01852190494537354 5.19680023193359375 57
48.7660982075317193 -2.34284188815324157 0.509290516376495361 5.1156001091003418 55
48.7634490210005467 -2.11709931038847587 1.23483157157897949 5.03439998626708984 49
45.24110611729607 17.9617878091748508 3.80753707885742188 4.46600008010864258 48
48.8402338649763408 -2.17534612140939032 1.05341696739196777 -4.38479995727539062 48
48.7943990837925412 -2.60919324112867823 1.8731691837310791 -4.46600008010864258 50.5
48.8079540872855731 -2.79250892551711027 1.0934140682220459 -4.62840032577514648 50
48.8507310837455861 -2.17534612140939032 0.290046334266662598 -4.70960044860839844 55
48.8145320253034143 -2.57253010425099182 1.31671452522277832 -4.79080009460449219 57
48.8145320253034143 -2.57253010425099182 1.31671452522277832 -4.87200021743774414 58
48.8228834227178652 -2.60919324112867823 0.853421568870544434 -4.95320034027099609 52.5
48.8520176024473258 -2.15090403015759923 -0.253373026847839355 5.19680023193359375 53
48.8312835684763584 -2.12035141609286049 1.49000155925750732 5.1156001091003418 53.5
48.9108915632906047 -2.15420299617472688 1.27868008613586426 -4.79080009460449219 51
48.9051536596097378 -2.61319511183695541 0.0901524573564529419 -4.87200021743774414 51.5
48.9179295225154931 -2.35003963219061074 -0.253761649131774902 -4.95320034027099609 46
48.9179119872520403 -2.35003963219061074 0.257096797227859497 -5.03439998626708984 46
48.8945815966593713 -2.35003963219061074 1.53233575820922852 5.19680023193359375 52
48.9151429587945827 -2.17868257567671231 1.05503273010253906 5.1156001091003418 49.5
49.1166865380294126 -2.55757240396713303 1.28455448150634766 -4.87200021743774414 51.5
49.1216536147047549 -2.36443493721911535 3.08193111419677734 -4.79080009460449219 50.5
49.1633034156988344 -3.15257991629215351 1.02790927886962891 -4.95320034027099609 47.5
49.2442971042577256 -2.9600422615472497 1.28847086429595947 -4.95320034027099609 47.5
17.2432781034643448 -44.7644724511905991 -11.5859498977661133 3.00440025329589844 49.5
16.8679015973417101 -45.0610209438732099 -11.3052682876586914 3.00440025329589844 46.5
49.2606546976308977 -3.43295185434301819 3.44284629821777344 -4.95320034027099609 45.5
49.3167142917160461 -3.43815308449851287 3.70426273345947266 -4.87200021743774414 47.5
49.3398250575382065 -3.06026598872480227 3.72785854339599609 -4.95320034027099609 49
41.5017820647661324 -26.5630045597619713 10.2281179428100586 3.81640005111694336 46
38.5766282439630857 32.8829542387563194 4.03457355499267578 3.81640005111694336 52
38.3825071222384082 33.0735800604302668 4.31789255142211914 3.73520016670227051 52.5
38.6756178560339663 32.7850926417236437 4.76343059539794922 3.81640005111694336 59.5
38.6068408986001472 32.7850926417236437 5.29203414916992188 3.73520016670227051 62
38.4715470645083499 32.9314546624456241 5.3679966926574707 3.65400028228759766 53.5
38.4089605466364361 32.9799550861349289 6.17046785354614258 3.81640005111694336 56.5
38.4501958825064563 32.9799550861349289 5.90807485580444336 3.73520016670227051 60.5
38.4501958825064563 32.9799550861349289 5.90807485580444336 3.65400028228759766 53
40.3931511353728467 31.2477886180637832 0.790414512157440186 3.97880029678344727 47
40.43400919638799 31.1584362813291236 1.70244872570037842 3.89760017395019531 53
37.7302760221375735 32.7923075816200367 10.4759922027587891 3.73520016670227051 50
40.6038371838425789 31.0891404177640887 1.05656194686889648 3.97880029678344727 49
40.5752104359579135 31.0891404177640887 1.85480892658233643 3.89760017395019531 56
40.5864526167916964 31.0891404177640887 1.58992922306060791 3.81640005111694336 52
49.4063840875550326 -13.7439532462493954 1.34287989139556885 4.46600008010864258 46.5
49.5418901021535163 -13.5586134118111268 1.07521915435791016 4.46600008010864258 46.5
49.2551676534799299 -15.1112572886244205 0.635803699493408203 4.46600008010864258 47
49.230976949617471 -15.4040658959987251 1.25929391384124756 4.46600008010864258 47.5
49.2753091382446371 -15.4264557534274687 2.06747269630432129 4.46600008010864258 48.5
49.1946026281932802 -15.7041190424175809 1.89145278930664062 4.38479995727539062 48
49.2091545536269805 -15.4488456108562122 4.22555017471313477 4.46600008010864258 47.5
49.1772055254760687 -15.7269118985359171 3.51134228706359863 4.38479995727539062 49
49.2044495712321392 -15.9893166846000749 3.01570677757263184 4.38479995727539062 47.5
39.2046586406587068 33.7565148149474581 4.13552188873291016 3.81640005111694336 56
39.3126213905780943 33.5619527699045292 4.66083908081054688 3.73520016670227051 59
39.4435895612248828 33.2052556873258311 5.93500757217407227 3.65400028228759766 51.5
50.0083383192110205 -13.7169617671246726 3.52307295799255371 4.54720020294189453 50
49.9884183789835248 -13.7169617671246726 3.79524469375610352 4.46600008010864258 52.5
40.5333846732891629 32.4219096313855886 2.69539380073547363 3.89760017395019531 48.5
39.4149156381443504 33.6689061556696529 3.77757740020751953 3.81640005111694336 62.5
39.3878912437879194 33.6689061556696529 4.0496516227722168 3.73520016670227051 65.5
39.3593674096876214 33.6689061556696529 4.31808185577392578 3.65400028228759766 57.5
49.9321142266081637 -13.8213094563723047 4.99583768844604492 4.54720020294189453 47.5
49.9131889279187746 -14.7058732615801322 1.27027618885040283 4.38479995727539062 48.5
41.4195284859556025 31.5190897061553841 0.415184229612350464 3.97880029678344727 48.5
41.0885025349484962 31.9158425893736002 1.52213919162750244 3.89760017395019531 56.5
39.9290219865677614 33.3012256078240938 2.42991137504577637 3.81640005111694336 61
39.4718846614435748 33.8540779860789911 2.25266361236572266 3.73520016670227051 62
39.5781408016156675 33.7174909279218937 2.42991137504577637 3.65400028228759766 54
49.7722699663876398 14.4144146459269624 5.65348958969116211 4.62840032577514648 49
49.8704222727589581 -15.0071447556329485 2.17779850959777832 4.54720020294189453 57.5
49.8437381438430762 -15.0071447556329485 2.72091388702392578 4.46600008010864258 65.5
49.8111391141367434 -15.0071447556329485 3.2637333869934082 4.38479995727539062 62
49.737219806814565 -15.2872260162632525 3.0863802433013916 4.30360031127929688 46.5
41.1697958299011688 31.9618313002998669 0.71072077751159668 3.89760017395019531 52.5
40.7322316014379453 32.5154803038713922 0.803110003471374512 3.81640005111694336 53.5
40.0455772448684115 33.349210568073218 -1.0944676399230957 3.73520016670227051 52
49.8828068963647837 -15.0287368894676501 3.26842904090881348 4.54720020294189453 58.5
49.8225902364329372 -15.0287368894676501 4.08491849899291992 4.46600008010864258 67
49.7525774100408427 -15.1983320106161557 4.30485677719116211 4.38479995727539062 64
49.4693832617678027 -16.2811316302566205 3.54187560081481934 4.30360031127929688 49.5
49.7552551810491082 -14.9327494175049171 5.83979034423828125 4.54720020294189453 48
49.9138012391671424 -14.7694428840676384 4.81163835525512695 4.46600008010864258 57.5
49.8009121761567002 -15.3312173590918821 4.18316221237182617 4.38479995727539062 57.5
49.2550390753469074 -17.0034762614896309 4.18316221237182617 4.30360031127929688 48
50.3133892467716919 -14.8542027399776586 3.47076177597045898 4.46600008010864258 50.5
49.8710680550089975 -15.9776298379591601 4.66076755523681641 4.38479995727539062 47
50.520191253863473 -14.5990698841110067 2.56907510757446289 4.54720020294189453 48.5
50.4864761947697431 -14.6517028534994189 2.90961408615112305 4.46600008010864258 53
50.3607442354941028 -14.9872380333505504 3.34676027297973633 4.38479995727539062 47
48.8415683653849086 -19.7720682015368823 1.86881339550018311 4.30360031127929688 46
48.8245326544610307 -20.0970976996846069 0.33477407693862915 4.30360031127929688 45.5
41.8158037130966207 32.1831859185160454 4.40268325805664062 3.89760017395019531 46
41.997494328982043 32.2287716307527177 3.02779340744018555 3.97880029678344727 46
42.0625714779498665 32.2287716307527177 1.92280042171478271 3.89760017395019531 52
41.643522900343882 32.7919800165697382 1.46753811836242676 3.81640005111694336 49
48.6413403561676532 -21.2331298309140735 1.66863727569580078 4.22240018844604492 46.5
42.2386368366686185 32.1549209876905024 1.25247097015380859 3.97880029678344727 47
42.1517846154121187 32.27435734298939 1.09684145450592041 3.89760017395019531 53
42.3824818879358531 31.9890371608864861 -0.191870942711830139 3.81640005111694336 47
42.2108465039797522 32.3199430552260623 -1.11651444435119629 3.89760017395019531 47
48.0956768260500596 -14.9650645966331606 17.2747058868408203 4.46600008010864258 47.5
42.8302686139239981 32.654503533898577 2.6753535270690918 3.89760017395019531 48
42.5774001301798819 33.1925111804740212 1.1927262544631958 3.97880029678344727 49.5
42.7058279613164729 32.9428419563070065 2.64229798316955566 3.89760017395019531 57
42.7213568572627622 32.6999205490093772 4.64772748947143555 3.81640005111694336 53
42.6485433520844452 33.2386100113476743 0.634093523025512695 3.97880029678344727 49.5
42.8954930562566048 32.8669646463092207 1.96087563037872314 3.89760017395019531 56
42.808046468089799 32.8669646463092207 3.36743593215942383 3.81640005111694336 52.5
43.0871478547281654 32.7907522692256208 -0.697723805904388428 3.89760017395019531 45.5
53.3325081930908311 11.3375314688122923 0.282520413398742676 4.70960044860839844 51
53.326460698624679 11.3375314688122923 0.851240217685699463 4.62840032577514648 53.5
53.4035794962786667 11.3531265808932584 -0.569527506828308105 4.70960044860839844 50
53.4792290988044456 11.3687216929742263 0.28329765796661377 4.70960044860839844 49
53.4255924457031099 11.6215117786954085 -0.0484554730355739594 4.62840032577514648 52
48.2865388692123929 -25.9306872620775515 -1.33799803256988525 4.06000041961669922 45.5
36.6998414686516341 -41.2003680455414596 1.6405867338180542 3.00440025329589844 48
36.6998414686516341 -41.2003680455414596 1.6405867338180542 2.92320013046264648 51.5
37.016819487384268 -41.049133174365366 0.222339525818824768 2.92320013046264648 47.5
54.3338219474126802 13.007682200555104 0.807560503482818604 4.62840032577514648 51.5
54.3754968681722488 13.1649712177339353 0.625567972660064697 4.62840032577514648 56.5
54.4344343171839355 12.8293798112277067 1.64381003379821777 4.54720020294189453 49
54.5599483258623223 12.4195251044206945 2.78716421127319336 4.62840032577514648 48.5
54.5392475008060345 12.5455405789864045 2.62311315536499023 4.54720020294189453 46
54.3699356679886492 13.7190235555798186 1.70556473731994629 4.62840032577514648 53.5
54.4544555627693398 13.4596449804359999 0.872004151344299316 4.54720020294189453 49
54.4429819266210941 13.8356391355122366 0.409791260957717896 4.62840032577514648 49.5
54.2551207494203211 14.5586583293010534 -0.241279587149620056 4.54720020294189453 47
53.7638919285567525 -15.5551236351449802 5.61650276184082031 4.38479995727539062 46.5
38.3112179621807769 -41.4801416798139186 3.09049606323242188 3.00440025329589844 49
38.3703125403874523 -41.4360939868693166 4.14249229431152344 3.08560013771057129 50.5
38.6472433021848971 -41.2733497652678807 3.04833626747131348 3.00440025329589844 53
56.3342380427452767 9.83951630590308213 2.0829005241394043 4.70960044860839844 54.5
56.4492153545156654 9.81661134731316665 0.640662133693695068 4.79080009460449219 50
56.4458347232325224 9.85241226397003445 0.29689905047416687 4.70960044860839844 58
56.4458347232325224 9.85241226397003445 0.29689905047416687 4.62840032577514648 55
56.4960472636796567 9.63588244943147565 -2.69022679328918457 4.79080009460449219 47.5
56.4879016368176678 9.78644311270384293 -2.28771162033081055 4.70960044860839844 54
56.4811269288243949 9.63588244943147565 -2.98714709281921387 4.62840032577514648 50.5
46.7692318702182348 36.3767007675612604 2.97153544425964355 3.89760017395019531 46.5
46.9226383762554917 36.422689478487527 -0.117441430687904358 3.97880029678344727 45.5
46.8635868956873196 36.422689478487527 2.35631465911865234 3.89760017395019531 52.5
46.5170010890828962 36.7789741931741716 3.44033074378967285 3.81640005111694336 49.5
46.7823093851129954 36.7213651791101512 0.48252144455909729 3.89760017395019531 49.5
46.9060338917742001 36.4686781894137937 2.67123126983642578 3.81640005111694336 45.5
58.0911573139275461 13.0967625320151804 0.308557391166687012 4.70960044860839844 45.5
58.1278643462304245 12.9256116580172566 0.53184807300567627 4.62840032577514648 47
58.314357333317794 12.3979887787135006 0.930861055850982666 4.70960044860839844 52.5
58.308610189732164 12.3979887787135006 1.23975241184234619 4.62840032577514648 54
47.7474878505939913 36.831927190302828 2.95423579216003418 3.89760017395019531 52
47.8851590992781411 36.5603275633362443 3.93639373779296875 3.81640005111694336 49
48.0313095813215654 36.6057422684416949 2.68619704246520996 3.89760017395019531 51
48.2085831073623368 36.4168971267349093 1.98610866069793701 3.81640005111694336 46.5
48.7779734851522946 37.1507418297605625 2.08674049377441406 3.89760017395019531 49
25.4527261173027739 -55.6877813973133939 3.85386872291564941 2.76080012321472168 46
24.8571561654725244 -55.9331020202090485 4.17524242401123047 2.67960023880004883 46
48.7510123032997598 37.3343203923760356 1.58698689937591553 3.89760017395019531 48
46.5130647670577915 40.0466058205462261 3.88003277778625488 2.67960023880004883 47.5
46.8171556719787887 39.7699453312851148 2.95903515815734863 2.59840011596679688 47
46.8708515114571114 39.5953061180232808 5.17840194702148438 2.67960023880004883 47.5
59.6526848150912485 -15.7952888042209629 11.1065788269042969 4.46600008010864258 46.5
60.3644683971735176 -16.3747021044423384 7.54986000061035156 4.46600008010864258 45
61.1165261617205005 -15.8218491494011335 1.5368659496307373 4.46600008010864258 46.5
61.0879240301472706 -16.1803645865802075 -1.96526241302490234 4.54720020294189453 46.5
61.1114151604030909 -16.1803645865802075 0.995685219764709473 4.46600008010864258 49
63.6077725370554106 -16.9481171168401872 7.25010395050048828 4.54720020294189453 46.5
63.4085766343095401 -16.6833027868895591 9.31509304046630859 4.46600008010864258 48
64.1492835045453234 -16.213391559582373 4.20541524887084961 4.54720020294189453 47
63.515687335109277 -16.5116450578679945 9.42408466339111328 4.46600008010864258 47.5
56.6916311320805377 37.8504438381655604 1.11081588268280029 4.06000041961669922 61
56.683609123937174 37.8504438381655604 1.46399664878845215 3.97880029678344727 54.5
56.7640331772498428 37.8920817941671118 -0.311750322580337524 4.06000041961669922 66
56.7648695600268596 37.8920817941671118 0.0465351268649101257 3.97880029678344727 59.5
56.7581552916819305 37.9764132994840438 -2.14707231521606445 4.14120006561279297 59
56.7581552916819305 37.9764132994840438 -2.14707231521606445 4.06000041961669922 63
56.9255677849199913 37.703201693012943 -2.50088810920715332 3.97880029678344727 55
56.6713745782486598 38.0180981134149292 -4.64107561111450195 4.14120006561279297 48.5
56.7045651305811447 37.9753619419744908 -4.58524274826049805 4.06000041961669922 51.5
67.7692427165519717 -17.3853740570923421 4.75335216522216797 4.54720020294189453 52
67.8980074571936711 -17.1671208040996071 4.8157353401184082 4.54720020294189453 52.5
68.1241514209598478 -17.1854609976388915 1.52825534343719482 4.54720020294189453 50.5
68.1241514209598478 -17.1854609976388915 1.52825534343719482 4.46600008010864258 48.5
70.4848951288386019 6.1795194435874583 5.253173828125 4.70960044860839844 49.5
70.5845743228862545 5.96417011042312506 5.17663431167602539 4.79080009460449219 46
70.5317384309494599 6.24817821091946435 5.54842376708984375 4.70960044860839844 49.5
70.7997714001960219 6.01489158518544453 2.53464221954345703 4.70960044860839844 47
72.5374057876535829 2.15915147570812405 2.10330581665039062 4.70960044860839844 50.5
72.6129695053182331 2.48831363109875481 1.67951619625091553 4.70960044860839844 47
73.8038782663127648 -6.45387454465300969 1.464957594871521 4.70960044860839844 50.5
73.7889800753925442 -6.32424148349785664 2.44973492622375488 4.62840032577514648 51
73.8712216686063101 -6.52528867168007842 1.5473397970199585 4.62840032577514648 53
73.9495358694188525 -6.28137358455073702 -2.25230216979980469 4.70960044860839844 46.5
74.026587770151238 -5.14942738467601124 -2.57105422019958496 4.62840032577514648 45.5
74.212899393787751 17.2346738596774003 1.36104226112365723 4.62840032577514648 46
74.1843902536601121 18.7261006899926485 3.12108063697814941 4.62840032577514648 50.5
74.2740857412441216 18.8019097876204313 2.25197577476501465 4.70960044860839844 48.5
74.2740857412441216 18.8019097876204313 2.25197577476501465 4.62840032577514648 52
74.3704217791076019 18.7627829428080943 1.92998957633972168 4.62840032577514648 50
74.6135943626459266 18.8178053891628281 -0.0681965947151184082 4.62840032577514648 47
75.1000267023136274 17.1246459292523454 5.85618019104003906 4.62840032577514648 48.5
75.2136808519505138 17.0639728237077613 5.55693531036376953 4.70960044860839844 45.5
75.179640901256974 17.3151977916672166 5.23088550567626953 4.62840032577514648 48
75.2458534802928369 17.1578980071749854 5.86755180358886719 4.70960044860839844 46.5
75.3759923009188952 17.1578980071749854 3.8505399227142334 4.62840032577514648 52
75.4179184641645435 17.0224918222254615 3.62389922142028809 4.54720020294189453 47
75.4979850960690442 17.3487872638416079 1.20425176620483398 4.70960044860839844 52
75.5033207914244713 17.3487872638416079 0.802854418754577637 4.62840032577514648 57
75.5033207914244713 17.3487872638416079 0.802854418754577637 4.54720020294189453 51.5
75.5537007384500328 17.365581145713044 -2.01945114135742188 4.70960044860839844 53
75.5885660291601056 17.1911500850976218 -2.19914746284484863 4.62840032577514648 57.5
75.6676032490761088 16.9488847231317585 -1.07324886322021484 4.54720020294189453 51
75.7793003004925509 16.4996762957149521 -3.30135631561279297 4.62840032577514648 46.5
76.2486073535020523 17.0800169548757879 1.35857570171356201 4.70960044860839844 49.5
76.202981850944667 17.3241567055172396 0.634031951427459717 4.62840032577514648 52.5
76.3520954340160927 16.9791099752131167 1.10392677783966064 4.70960044860839844 50
76.1260384589002257 17.2039341142055733 5.29176855087280273 4.62840032577514648 50.5
76.3949593333593953 17.1128004296709939 1.3611832857131958 4.70960044860839844 50.5
76.3050512330101611 17.3574087834398796 2.67394495010375977 4.62840032577514648 53
76.434233903922788 17.2956843308727599 1.1434398889541626 4.62840032577514648 45.5
75.9147688159533232 19.3218672817054795 4.24462413787841797 4.70960044860839844 46
75.9042964991131583 19.243442655498658 4.75722837448120117 4.62840032577514648 51
75.8778675620157514 18.8219102896369961 6.53361701965332031 4.54720020294189453 45.5
76.0237006967037132 19.2618390785531375 3.94394111633300781 4.70960044860839844 54
76.0237006967037132 19.2618390785531375 3.94394111633300781 4.62840032577514648 60
75.9870337688700204 19.2029643793828271 4.83658885955810547 4.54720020294189453 55
76.1153986980477129 19.5748920450931898 1.10921895503997803 4.70960044860839844 54.5
76.1187871774958467 19.4864956434846377 2.04143857955932617 4.62840032577514648 62
76.1343900435214067 19.2802373730646899 3.1286625862121582 4.54720020294189453 58.5
76.0594232313696068 18.8758924546860918 6.95849895477294922 4.62840032577514648 57.5
76.1321871695813286 19.2396466321982729 4.84582805633544922 4.54720020294189453 58
76.2914839469936084 19.2579868257375573 3.20973014831542969 4.70960044860839844 56.5
76.2295938390820993 19.2579868257375573 4.44312095642089844 4.62840032577514648 63.5
76.1481637110818355 19.2579868257375573 5.67005443572998047 4.54720020294189453 59.5
76.3089290385805441 19.749125914385548 0.548147022724151611 4.70960044860839844 47.5
76.2148526192540743 19.6309266570425898 4.39368867874145508 4.62840032577514648 51.5
76.0452168555306827 19.5422772140353729 6.97176647186279297 4.54720020294189453 50
75.6674317951386968 18.3372858021783216 -22.6128311157226562 4.38479995727539062 50
75.9753181932831296 18.1717199357407999 -21.9741325378417969 4.38479995727539062 48
54.935318161969164 -61.7505622810697048 -0.0450794734060764313 3.73520016670227051 47
72.1826481844123151 47.0578673940623844 -1.16324663162231445 4.06000041961669922 47
88.293667310692669 -19.3839470460812926 3.11352276802062988 4.54720020294189453 45
88.2476379269359654 -20.0674252281644598 2.10437107086181641 4.54720020294189453 45
88.4061960232251636 -19.8010186838891897 0.79062652587890625 4.54720020294189453 45
88.4499835265768581 -19.9420473837166234 -0.933457255363464355 4.54720020294189453 46.5
89.758996433681375 -20.1124575258516636 2.72250986099243164 4.54720020294189453 47
89.6440073828601385 21.1358017359559796 3.66901350021362305 4.62840032577514648 45
90.4950060478259815 18.6241235028717149 1.24727869033813477 4.62840032577514648 47.5
90.9620510622172844 18.7299426922190904 3.18605375289916992 4.62840032577514648 46.5
90.7144254461704662 19.3377422667123362 6.7782750129699707 4.62840032577514648 50
89.0696585034011861 26.7969297766065964 3.38778424263000488 4.54720020294189453 46.5
94.1349499390676243 21.6314014010725657 1.50152587890625 4.62840032577514648 46.5
93.2546180721542015 -30.2143811609221871 6.61299991607666016 4.46600008010864258 47.5
