
X Y Z V_r Mag
8.38418744794247495 -3.42442331377081066 -1.3043142557144165 1.05560004711151123 46.5
8.42597306374726251 -3.41527627319980365 -1.03023111820220947 0.974400043487548828 49
8.42364162514104642 -3.52050465305819404 -1.32247507572174072 1.05560004711151123 48
8.48902740572677317 -3.46747806037951811 -1.006797194480896 0.974400043487548828 51
8.56613903041033176 -3.50612798168352491 -0.904617905616760254 0.974400043487548828 46.5
8.53451656330846475 -3.60026002229219744 -0.830758869647979736 0.893200039863586426 46.5
8.43290045322615356 -3.80363171496525565 -0.95319521427154541 0.812000036239624023 47.5
8.37531221636113266 -3.91751986286216836 -0.998594939708709717 0.730800032615661621 47
8.46425369928371119 -3.89873836022426135 -1.02316784858703613 0.812000036239624023 45
8.45186702122629896 -3.91982528645143624 -1.04476666450500488 0.730800032615661621 45.5
8.93379311829626488 3.04427761134243191 -0.471410930156707764 3.49160003662109375 47
8.94037618248472654 3.04427761134243191 -0.32336115837097168 3.4104001522064209 50
8.85959108903918846 3.42789093341649931 -0.694874107837677002 3.5728001594543457 48
9.0069867452224166 3.09819447905664846 0.0318198949098587036 3.49160003662109375 52.5
9.03823941676442821 2.98155096812789244 0.382385075092315674 3.4104001522064209 56
9.02858933263214958 3.01606792544354496 0.336960166692733765 3.32920026779174805 52.5
8.93458528518823059 3.4440856236876165 -0.686635971069335938 3.5728001594543457 56.5
9.01197273708576319 3.26894229346874132 -0.508307158946990967 3.49160003662109375 64.5
9.07051294027435162 3.12258964766940661 -0.367738425731658936 3.4104001522064209 68
9.09058346102888137 3.07100633808439527 -0.300365686416625977 3.32920026779174805 63.5
9.10249876968133442 3.01942302849938393 -0.433131247758865356 3.24800014495849609 46.5
8.98703003799128375 3.51451588971657802 -0.697922348976135254 3.5728001594543457 57
9.09892159613958995 3.2497484387884974 -0.504373788833618164 3.49160003662109375 65
9.12474400760650006 3.16149262181247037 -0.59130251407623291 3.4104001522064209 69
9.14978080623821732 3.09499851313190222 -0.555087625980377197 3.32920026779174805 65.5
9.17685284242384824 3.02850440445133362 -0.468141049146652222 3.24800014495849609 51.5
8.92960176741215861 3.80979839138164555 -0.900083839893341064 3.65400028228759766 53
8.94255499877985294 3.79517812253080455 -0.83056265115737915 3.5728001594543457 56.5
9.1136556863534679 3.3992125078205282 -0.670178353786468506 3.49160003662109375 60
9.1428295790449905 3.27494022258837969 -0.863673865795135498 3.4104001522064209 60
9.16502965391939561 3.14092109145567111 -1.09514486789703369 3.32920026779174805 61
9.26881897970013924 2.96304115377043864 -0.609818637371063232 3.24800014495849609 54
9.02324932089047138 3.79367890236690641 -0.848297595977783203 3.65400028228759766 55.5
9.02793355688332966 3.79367890236690641 -0.796901285648345947 3.5728001594543457 60
9.09771697000449819 3.67704476135562608 -0.491455912590026855 3.49160003662109375 56
9.31442157254939218 3.03862630529388111 -0.734127402305603027 3.32920026779174805 58.5
9.3213643482981432 3.03125993849316888 -0.673996865749359131 3.24800014495849609 54.5
9.03404255928277777 3.89562709227102077 -1.10461544990539551 3.65400028228759766 49
9.09627111656900134 3.83995760381367068 -0.72290337085723877 3.5728001594543457 51
9.40786151578928731 3.00862657618390683 -0.671061217784881592 3.49160003662109375 50.5
9.38925065893042365 3.11378005438112426 -0.395415723323822021 3.4104001522064209 58
9.40173727225534073 3.09893485745916353 -0.118113964796066284 3.32920026779174805 59
8.99794922024792143 4.17069426428242718 -1.06904482841491699 3.73520016670227051 49
9.06042969619631933 4.1083706799386972 -0.728379905223846436 3.65400028228759766 54
9.13079632339671932 3.98870939799873492 -0.468392044305801392 3.5728001594543457 51.5
9.4392250983627406 3.19096751839898785 -0.468392044305801392 3.4104001522064209 58.5
9.51824359680674448 2.9778208599434306 -0.190406247973442078 3.24800014495849609 55
9.30562631056244527 -3.53250076060262996 0.653753161430358887 1.46160006523132324 46.5
9.29775266430811342 -3.53250076060262996 0.757542908191680908 1.38040006160736084 52
9.2798990838608244 -3.54995136421887425 0.88428264856338501 1.29920005798339844 53.5
9.28865706155049331 -3.53250076060262996 0.861926615238189697 1.21800005435943604 54
9.30857372223524138 -3.51006427023888667 0.728380262851715088 1.13680005073547363 51.5
9.03983828445941384 4.30000858998468694 -0.890931069850921631 3.81640005111694336 48.5
9.00239030520847905 4.38666180047211185 -0.84656137228012085 3.73520016670227051 52
9.05221001689905336 4.34019558615276768 -0.471913784742355347 3.65400028228759766 49.5
9.12285730810052442 4.20205278682498928 -0.344576925039291382 3.5728001594543457 54.5
9.50129918898179149 3.1006779230935142 -1.05528104305267334 3.49160003662109375 48
9.39417090144432265 3.14588829378260515 -1.68980574607849121 3.4104001522064209 50
9.57111058552410121 3.05421170877417003 0.261023640632629395 3.24800014495849609 47
9.36973750131666527 -3.53645566279114432 0.839050114154815674 1.46160006523132324 52
9.36766039861887378 -3.55906084813569024 0.763238728046417236 1.38040006160736084 64
9.37856281767377631 -3.53645566279114432 0.733856797218322754 1.29920005798339844 68
9.37856281767377631 -3.53645566279114432 0.733856797218322754 1.21800005435943604 66.5
9.38521004801773806 -3.51385047744659884 0.757088720798492432 1.13680005073547363 58.5
9.11612866097306629 4.32577204624257572 -0.836369454860687256 3.81640005111694336 53
9.09300473748590043 4.37258502246690206 -0.844624519348144531 3.73520016670227051 63
9.08562468119386857 4.40801105852855546 -0.732448399066925049 3.65400028228759766 62.5
9.16788825851975631 4.24353303395659509 -0.676671266555786133 3.5728001594543457 54
9.42334122445940636 -3.58562093566875095 0.927141726016998291 1.46160006523132324 55
9.44855191311231124 -3.56284705534340196 0.73933333158493042 1.38040006160736084 69
9.45937638488460308 -3.54007317501805385 0.709726989269256592 1.29920005798339844 73.5
9.44425488759710419 -3.56284705534340196 0.792333364486694336 1.21800005435943604 71
9.39367084303877853 -3.58562093566875095 1.19075179100036621 1.13680005073547363 60.5
9.19423232081773456 4.33997090118992901 -0.818999588489532471 3.81640005111694336 50.5
9.19277163585583246 4.35781512809643701 -0.736487865447998047 3.73520016670227051 62.5
9.09430257503651873 4.55282703643184394 -0.778096318244934082 3.5728001594543457 50
9.49949891369521282 -3.58923878348042313 0.957551479339599609 1.46160006523132324 56.5
9.53325559520438404 -3.56629620602919895 0.66225433349609375 1.38040006160736084 68
9.53325559520438404 -3.56629620602919895 0.66225433349609375 1.29920005798339844 71.5
9.51108688348529441 -3.56629620602919895 0.927777230739593506 1.21800005435943604 68.5
9.53512851407955786 -3.5076651747649592 0.904228866100311279 1.13680005073547363 56.5
9.87334094965921238 2.79389604511616252 -0.535652816295623779 3.89760017395019531 45.5
9.82973643280291576 2.79389604511616252 -1.07054650783538818 3.81640005111694336 47
9.28680622741695849 4.3821540450282459 -0.357191562652587891 3.73520016670227051 49
9.21716793334505446 4.47845101349502528 -0.750286102294921875 3.65400028228759766 46
9.38114312929574368 4.15617715902620333 -0.544047534465789795 3.5728001594543457 51
9.7476520320063873 2.79389604511616252 -1.65923464298248291 3.16680002212524414 45
9.58611032632610893 -3.59251890360065396 0.880870223045349121 1.46160006523132324 53.5
9.63383478482139388 -3.5450123991570428 0.444690048694610596 1.38040006160736084 60.5
9.61167867407481147 -3.57454346948685497 0.643354594707489014 1.29920005798339844 61.5
9.6202773756021287 -3.59251890360065396 0.345990866422653198 1.21800005435943604 60
9.60569615717009384 -3.61563017603268078 0.483179211616516113 1.13680005073547363 59
9.53927963458727035 -3.7247667402950313 0.838986039161682129 1.05560004711151123 49.5
9.42089296915453644 4.19427412887818019 -0.881674230098724365 3.65400028228759766 50.5
9.44275061936243354 4.18651413974057096 -0.655796825885772705 3.5728001594543457 49.5
9.52084021674954784 4.05588765592413658 0.160877764225006104 3.49160003662109375 46.5
9.72715622806401292 3.47647513364925942 -0.647345960140228271 3.32920026779174805 49.5
9.67887730822952186 -3.66530153599776876 0.0860856100916862488 1.21800005435943604 54
9.59605525959086947 -3.71315480234636297 1.11835503578186035 1.13680005073547363 53
9.73092941179434767 3.74006165178440719 -0.039800889790058136 3.49160003662109375 53.5
9.77017378834246308 -3.63454267101306039 0.120113059878349304 1.21800005435943604 47.5
9.74068462535731427 -3.69186162353082903 0.412124514579772949 1.13680005073547363 49
9.46397556434853726 4.42300620606788009 -1.05838406085968018 3.65400028228759766 45
9.80532909994715318 3.75122359630616087 -0.183965548872947693 3.4104001522064209 53
9.84121620390533813 -3.47831191109046278 1.14096760749816895 1.21800005435943604 48.5
9.83340659447577004 3.89034135827313277 -0.000720286741852760315 3.5728001594543457 46.5
9.78612684532572352 4.00266439341349223 -0.20258021354675293 3.49160003662109375 50
9.88648029534859063 -3.55205080537981699 1.212882399559021 1.29920005798339844 46.5
9.94627502571139388 -3.46747816715648849 0.93747258186340332 1.21800005435943604 47
10.6696379274890827 4.22143407560596184 0.118130192160606384 3.49160003662109375 47.5
10.7080760307219975 4.11675857033448267 0.255018830299377441 3.4104001522064209 47
10.9702586124030343 -3.34101270250064264 0.40829002857208252 1.62400007247924805 46.5
10.9123833292839976 -3.48727162767449039 0.659141242504119873 1.54280006885528564 47
11.0090777932683768 -3.43645676227042385 0.627283394336700439 1.70520007610321045 47.5
10.9665404804018447 -3.51006419396962199 0.903846979141235352 1.62400007247924805 59
10.9904445289532564 -3.46387913878581166 0.783690869808197021 1.46160006523132324 63.5
10.9757814749714502 -3.51006419396962199 0.783690869808197021 1.38040006160736084 57.5
11.0450816549775244 -3.47910852830348949 1.02108120918273926 1.70520007610321045 49
11.0271261574217778 -3.53285676026475359 1.03055489063262939 1.62400007247924805 64.5
11.0525222878161937 -3.4863718028928492 0.90971606969833374 1.54280006885528564 70.5
11.0647701087135442 -3.47910852830348949 0.779290616512298584 1.46160006523132324 69
11.0958313395582735 -3.42681295126009644 0.529245078563690186 1.38040006160736084 60.5
11.1083433723253133 -3.49278245622500139 1.13806807994842529 1.70520007610321045 50
11.1163409711798362 -3.50155461810752566 1.02766895294189453 1.62400007247924805 65
11.1269142038496121 -3.50155461810752566 0.906043648719787598 1.54280006885528564 70
11.1361564484901603 -3.50155461810752566 0.784318327903747559 1.46160006523132324 68
11.0609615825580008 -3.74278906987693727 0.73257899284362793 1.38040006160736084 65
10.9821390820297857 -3.92992852337078391 0.91558527946472168 1.29920005798339844 62
11.1914054920528301 -3.51517202895488179 1.02306008338928223 1.70520007610321045 49.5
11.1875993812823022 -3.52400042249767376 1.03425657749176025 1.62400007247924805 60
11.174996290640042 -3.57844218267822178 0.982267498970031738 1.54280006885528564 62
11.1008180801178931 -3.79326642555281968 1.0166623592376709 1.46160006523132324 66
11.035657603919919 -3.95512030717066621 1.10540866851806641 1.38040006160736084 69
11.0186691551632396 -4.00220507273222204 1.10540866851806641 1.29920005798339844 69
11.03209786012264 -4.00956206735121512 0.931058108806610107 1.21800005435943604 61
11.1985575521121596 -3.55385008122370438 1.54433262348175049 1.62400007247924805 47.5
11.1194458990304046 -3.88554275547125005 1.29730057716369629 1.54280006885528564 49.5
11.0626136955511605 -3.9803120909705485 1.48263430595397949 1.46160006523132324 63.5
11.0707126467470438 -3.9803120909705485 1.42089486122131348 1.38040006160736084 69.5
11.1059482345091958 -3.9803120909705485 1.1124495267868042 1.29920005798339844 68.5
11.1120801906745008 -4.03510061305608136 0.813718736171722412 1.21800005435943604 60
6.09776776193148518 -10.217909251972042 -0.78561091423034668 -4.22240018844604492 46.5
11.0763060300550915 -4.00550387477043124 1.86467814445495605 1.46160006523132324 60.5
11.0547946945318962 -4.00550387477043124 1.98823642730712891 1.38040006160736084 63.5
11.1560390729987358 -4.00550387477043124 1.3055112361907959 1.29920005798339844 60
11.1908083788498889 -4.06063915876094672 0.694729804992675781 1.21800005435943604 56
11.1322072587334411 -4.13216601366756198 1.0976334810256958 1.13680005073547363 47
11.1011285947014269 -4.03069565857031353 2.12566089630126953 1.46160006523132324 53
11.0519333992874511 -3.9212310815332474 2.54533290863037109 1.38040006160736084 54
10.8774419644950378 -5.01737636665783882 -0.712166786193847656 0.812000036239624023 47
10.952936147719841 -5.04873528794564841 -0.590848207473754883 0.812000036239624023 47
10.9561289536347761 -5.04873528794564841 -0.528348326683044434 0.730800032615661621 47
11.0013977537105863 -5.13626938460299254 -0.458795875310897827 0.812000036239624023 47.5
11.0091660696720481 -5.10134943312623612 -0.630091667175292969 0.730800032615661621 49
8.55312550711094843 -8.73346473040553661 -0.145852848887443542 -1.70520007610321045 47.5
8.54394722202795087 -8.74263051462495788 -0.134184747934341431 -1.78640007972717285 55
8.54271790369157991 -8.74263051462495788 -0.19752185046672821 -1.86760008335113525 54.5
8.5334937568099658 -8.75026866814114257 -0.250854164361953735 -1.94880008697509766 46.5
11.0770009302760446 -5.16797466905053859 -0.206688687205314636 0.812000036239624023 47.5
11.0805634378009223 -5.13283916287608921 -0.570715129375457764 0.730800032615661621 50
8.60018036585582379 -8.7870441306971756 -0.338741838932037354 -1.70520007610321045 54
8.58370507116335446 -8.80395115980993914 -0.316946089267730713 -1.78640007972717285 61.5
8.53296813046888047 -8.85313524450161538 -0.316946089267730713 -1.86760008335113525 60.5
8.5686443950319795 -8.81009917039639845 -0.500490844249725342 -1.94880008697509766 53.5
11.1020290179168271 -5.2550120487762193 -0.647919833660125732 0.812000036239624023 48.5
11.1016825305830125 -5.24579003289652945 -0.724110245704650879 0.730800032615661621 49.5
8.62675176436874303 -8.85763433408865275 -0.511973798274993896 -1.70520007610321045 54.5
8.57923480098389568 -8.90711832478188548 -0.44790041446685791 -1.78640007972717285 61
8.62675176436874303 -8.85763433408865275 -0.511973798274993896 -1.86760008335113525 60.5
8.58499895242002786 -8.90711832478188548 -0.318878710269927979 -1.94880008697509766 52.5
11.1614580148974287 -5.28705513063008059 -0.780737817287445068 0.812000036239624023 46.5
11.2129300392367863 -5.17416977686114343 -0.799261212348937988 0.730800032615661621 46
8.67496974189923442 -8.91131682575744932 -0.579523086547851562 -1.70520007610321045 49.5
8.68262001371626901 -8.91131682575744932 -0.450614959001541138 -1.78640007972717285 55
8.68262001371626901 -8.91131682575744932 -0.450614959001541138 -1.86760008335113525 53
12.3521755022243429 -3.42797527911934008 0.391656726598739624 1.78640007972717285 49
12.3089841575855772 -3.53855512683286744 0.669462263584136963 1.70520007610321045 56.5
12.3198277298497274 -3.48727171919760792 0.735814213752746582 1.54280006885528564 56.5
12.3392578720155175 -3.44239873751675596 0.610952556133270264 1.46160006523132324 47.5
12.3956791723128674 -3.50766506798798883 0.673377275466918945 1.62400007247924805 65.5
12.3956791723128674 -3.50766506798798883 0.673377275466918945 1.54280006885528564 62
12.3567871715897457 -3.62533949352251206 0.759433150291442871 1.46160006523132324 53
12.2908575118676691 -3.85101647399968128 0.717288196086883545 1.38040006160736084 46.5
12.4461433753679582 -3.58804838066660503 0.755017757415771484 1.78640007972717285 53.5
12.4677468880026208 -3.52805841677836973 0.677292227745056152 1.70520007610321045 63
12.4743568558167794 -3.52805841677836973 0.542099475860595703 1.62400007247924805 65.5
12.3990312078429827 -3.73559126482415627 0.812411248683929443 1.54280006885528564 66
12.3414437861399762 -3.89124090085849605 0.947441995143890381 1.46160006523132324 62.5
12.2546306262929399 -3.99500732488138954 1.48814642429351807 1.38040006160736084 57.5
12.5398146036923741 -3.54845176556875064 0.681207180023193359 1.70520007610321045 58
12.4586581663973472 -3.79958300265403892 0.804676592350006104 1.62400007247924805 63
12.3954358214601221 -3.91373356496553404 1.15688097476959229 1.54280006885528564 68
12.3790478561089934 -3.92025645424047609 1.30125784873962402 1.46160006523132324 67.5
12.3991938331523901 -3.82730528207254528 1.38356077671051025 1.38040006160736084 60
12.534513383742393 -3.82141990839241208 0.740520238876342773 1.70520007610321045 49
12.4392782457434556 -4.04119255548450873 1.09488415718078613 1.62400007247924805 60
12.4167008197216955 -3.92802604317589221 1.63150405883789062 1.46160006523132324 66.5
12.425495077726568 -3.92802604317589221 1.56311500072479248 1.38040006160736084 62.5
12.5331896378869736 -4.01150210157854215 1.03296804428100586 1.70520007610321045 47.5
12.5003956707104287 -4.07253235559104532 1.18093502521514893 1.62400007247924805 55
12.2788679069172346 -4.07253235559104532 2.62371993064880371 1.54280006885528564 54.5
12.4377350301172438 -4.01150210157854215 1.85757994651794434 1.46160006523132324 63
12.371804141694291 -4.07253235559104532 2.14311695098876953 1.38040006160736084 63
12.3351204260873342 -3.90593625680015988 2.61313533782958984 1.29920005798339844 53.5
12.1520660130569027 -4.674587564092759 2.17152762413024902 1.21800005435943604 46.5
12.6548749763844075 -3.9729176519561884 0.54378211498260498 1.62400007247924805 47.5
12.4538202592345897 -4.09567168379115998 2.08650016784667969 1.46160006523132324 55.5
12.2991527320279115 -4.82224284519275148 1.30478084087371826 1.21800005435943604 45
12.9103219830602978 -4.17105035546766878 2.0740199089050293 1.46160006523132324 49
13.0456294766645193 -4.13003856810111358 1.78726863861083984 1.54280006885528564 52.5
13.0603756378378133 -4.13866077805539501 1.65471303462982178 1.46160006523132324 54.5
13.0552732365697786 -4.13003856810111358 1.71540987491607666 1.38040006160736084 48
13.1805833760454387 -4.14208177358471907 1.27712070941925049 1.54280006885528564 47.5
13.1471465676003874 -4.21663577788113653 1.37410879135131836 1.46160006523132324 49
9.9449445732443742 -13.3531426196395948 -0.119189046323299408 0.730800032615661621 46.5
9.98990409615874775 -13.3156922352280152 -0.341654151678085327 0.649600028991699219 52
9.98658139405129752 -13.3156922352280152 -0.427901864051818848 0.568400025367736816 51
9.9326947917506665 -13.4425502697049097 -0.604206502437591553 0.730800032615661621 49.5
9.96974875639860514 -13.4132909874014477 -0.642946481704711914 0.649600028991699219 57.5
10.0105416303414039 -13.3756719101541393 -0.778515875339508057 0.568400025367736816 56.5
9.95707010599402054 -13.4132909874014477 -0.816101610660552979 0.487200021743774414 47.5
9.931383304721626 -13.5028313760178786 -1.13191497325897217 0.649600028991699219 58.5
9.98583552163969479 -13.4734408848387357 -0.994746506214141846 0.568400025367736816 59
10.0007907332106889 -13.4356531104655499 -1.30669355392456055 0.487200021743774414 49.5
9.93737511747429103 -13.586306568168526 -1.19435393810272217 0.730800032615661621 52.5
9.88433466233698432 -13.6116108796411357 -1.33775949478149414 0.649600028991699219 59
10.0212123484980662 -13.5335892526005885 -1.08760499954223633 0.568400025367736816 58.5
10.0591633140185461 -13.5335892526005885 -0.648712813854217529 0.487200021743774414 49.5
10.1574068040836973 -13.5556139857030864 -0.612334847450256348 0.730800032615661621 56.5
10.1211944644610465 -13.5556139857030864 -1.05322706699371338 0.568400025367736816 57.5
9.97808808624608545 -13.6721075433927233 -0.902096450328826904 0.487200021743774414 53.5
10.3939103010520562 -13.4794392341543521 -0.349349051713943481 0.812000036239624023 47.5
10.3266004661329802 -13.5241154058584634 -0.557042062282562256 0.730800032615661621 60.5
10.3309786266978225 -13.5241154058584634 -0.46886831521987915 0.649600028991699219 61
10.3013322823833366 -13.5241154058584634 -0.911882221698760986 0.568400025367736816 58
10.0299073912447732 -13.7326042071443108 -0.816827893257141113 0.487200021743774414 53.5
10.1301219292685509 -13.7674576295375672 -0.49773716926574707 0.812000036239624023 53
10.2952985872826144 -13.6371123066442266 -0.667848587036132812 0.730800032615661621 62
10.354257379610468 -13.5836920923436768 -0.82624739408493042 0.649600028991699219 63
10.3687798528787098 -13.5580503894794138 -1.03811180591583252 0.568400025367736816 58
10.1871899889881838 -13.7140374152370175 -0.745892167091369629 0.487200021743774414 50
10.042251445821341 -13.9179814151905372 -0.650885403156280518 0.812000036239624023 52.5
10.1641747784545426 -13.8278418285385705 -0.67896723747253418 0.730800032615661621 60
10.4892149406468622 -13.5531307073135299 -1.12680315971374512 0.649600028991699219 57
10.6041158845181798 -13.4608449400269929 -1.15718090534210205 0.568400025367736816 50
10.157755975301205 -13.8278418285385705 -0.769049167633056641 0.487200021743774414 48.5
10.0798307467363522 -13.9787576951742736 -0.744209110736846924 0.812000036239624023 49.5
9.69785390197441899 -14.2546684098978353 -0.564403772354125977 0.649600028991699219 60.5
9.73373009051955762 -14.2288017803925015 -0.598489105701446533 0.568400025367736816 58
9.95234906550584064 -14.0714464509017194 -0.712485194206237793 0.487200021743774414 49
9.77605108663756894 -14.2906667652761943 -0.601091265678405762 0.730800032615661621 58
9.77012266927097706 -14.2906667652761943 -0.690799176692962646 0.649600028991699219 62.5
9.86793400362857653 -14.2127294825084398 -0.881949067115783691 0.568400025367736816 59.5
9.94207517734441204 -14.1326272752193596 -1.2568354606628418 0.487200021743774414 47.5
10.0501693083182406 -14.1938080995369997 -0.538483381271362305 0.649600028991699219 57.5
10.6559785058657752 -13.8357230336098311 -0.631300926208496094 0.649600028991699219 51
10.8693161390715023 -13.7547498317977439 -0.816918075084686279 0.730800032615661621 50.5
11.1368541826621925 -13.5442179466171666 -0.726071953773498535 0.649600028991699219 49.5
11.1425106911346621 -13.6527538157021553 -0.295583456754684448 0.649600028991699219 49
10.4249535325726281 -14.2969740861488113 -0.454886645078659058 0.730800032615661621 46.5
10.4929690909417879 -14.250526614643686 -0.331832289695739746 0.649600028991699219 51
9.45714451084292662 -15.1319036082644001 -0.458741605281829834 0.568400025367736816 51
10.0921492315695147 -14.8124607281502652 -0.21263568103313446 0.730800032615661621 45.5
9.34251308221603871 -15.2917993937822256 -0.428906410932540894 0.649600028991699219 52.5
9.22649787892233242 -15.3589964029829691 -0.527857422828674316 0.568400025367736816 52
9.84100049128787191 -15.0678740048898057 -0.337456554174423218 0.730800032615661621 45.5
9.54610066967741488 -15.2590621360161869 -0.181619733572006226 0.649600028991699219 51.5
9.38160249615044251 -15.3557808376448275 -0.430700987577438354 0.568400025367736816 51
10.1616647349022013 -14.9364140512667998 -0.59139704704284668 0.649600028991699219 47.5
9.70299365957888327 -15.2390723731887334 -0.572921395301818848 0.568400025367736816 51
9.55850025571487372 -15.3226422083462843 -0.746560573577880859 0.487200021743774414 45.5
9.784005098764327 -15.2705534516205876 -0.711328029632568359 0.649600028991699219 46
9.97586973163581092 -15.1548846225647935 -0.483769983053207397 0.568400025367736816 50
9.97998550029416442 -15.1548846225647935 -0.389754325151443481 0.487200021743774414 45.5
10.809276205738815 -14.761036721462828 -0.401706039905548096 0.649600028991699219 45.5
10.6248091538759937 -14.9891494803083543 -0.281857341527938843 0.649600028991699219 47.5
10.6678699562124351 -15.0503303046259944 0.294327348470687866 0.730800032615661621 45.5
10.6719279090040384 -15.0503303046259944 0.00628951052203774452 0.649600028991699219 48
10.3729139804633643 -15.3476284903333777 -0.169235527515411377 0.649600028991699219 45.5
9.33298261737542312 16.8529445619471119 0.631974220275878906 -3.73520016670227051 48.5
9.47386358818998708 16.7806866890217989 0.424423009157180786 -3.81640005111694336 58
9.52310309358349549 16.7517835398516759 0.462523579597473145 -3.89760017395019531 58.5
9.53295868878208452 16.7517835398516759 0.161633148789405823 -3.97880029678344727 52
9.51762381152305359 16.8459801882734084 0.224263012409210205 -3.73520016670227051 57
9.52023560679212721 16.8459801882734084 0.0237466227263212204 -3.81640005111694336 67
9.571345514564781 16.8169645772127971 -0.0395768694579601288 -3.89760017395019531 66.5
9.67001366399745876 16.7565153875031889 -0.364084988832473755 -3.97880029678344727 57
9.60750077388124879 16.8821472722387149 -0.140378385782241821 -3.73520016670227051 58
9.59821794158781039 16.8821472722387149 -0.444937735795974731 -3.81640005111694336 66
9.5793623386132154 16.8821472722387149 -0.748064160346984863 -3.89760017395019531 64.5
9.6859491498888648 16.7777716672485973 -1.4210660457611084 -3.97880029678344727 52.5
9.58185703145455392 16.9765688473015182 -0.483870863914489746 -3.73520016670227051 52.5
9.37218460598581871 17.0642904604065642 -1.10550856590270996 -3.81640005111694336 56.5
8.86423867168592672 17.0642904604065642 -3.23809456825256348 -3.89760017395019531 50
10.0368755246098029 16.8665245180312482 0.95079880952835083 -3.73520016670227051 46.5
18.2508923192340156 -8.97309695870105806 1.59640514850616455 0.893200039863586426 51.5
18.2830388738887422 -8.91956427798153406 1.52706992626190186 0.812000036239624023 54.5
18.2733800638942938 -8.9042692263473846 1.71977770328521729 0.730800032615661621 53
18.3281624013334969 -8.9042692263473846 0.975975871086120605 0.649600028991699219 45
18.3741986311633063 -8.9523562908825518 1.21234786510467529 0.893200039863586426 57.5
18.3756702652121078 -8.93700500830315825 1.30012452602386475 0.812000036239624023 62.5
18.3756702652121078 -8.93700500830315825 1.30012452602386475 0.730800032615661621 60
18.4560203722045344 -8.84233876573023636 0.643415212631225586 0.649600028991699219 49.5
18.3122799761410491 -9.15719972140095173 1.76313400268554688 0.974400043487548828 47
18.468285085848887 -8.96974162278562126 0.87678295373916626 0.893200039863586426 58.5
18.4730861049313262 -8.96974162278562126 0.768989861011505127 0.812000036239624023 63.5
18.468285085848887 -8.96974162278562126 0.87678295373916626 0.730800032615661621 61
18.4690078730501845 -8.9851491377403061 0.68217843770980835 0.649600028991699219 49
18.5565505733822462 -9.00247740474139491 0.0210922099649906158 0.893200039863586426 54.5
18.5616110947806874 -8.98959094982478746 -0.210918545722961426 0.812000036239624023 59.5
18.5561215258210126 -9.00247740474139491 0.127958431839942932 0.730800032615661621 57
18.5269497675492367 -9.05402322440782115 0.409162461757659912 0.649600028991699219 45.5
17.8964523046800892 -9.02228070399450743 5.17740106582641602 1.13680005073547363 45.5
18.5523828729645963 -9.10505392146234627 -1.18199515342712402 0.893200039863586426 45
18.5668001931620559 -9.05073399749907637 -1.35947680473327637 0.812000036239624023 48.5
18.5523828729645963 -9.10505392146234627 -1.18199515342712402 0.730800032615661621 45.5
23.2406133794706626 -4.64369743946564029 0.00161501287948340178 1.86760008335113525 50
23.2332028804194444 -4.67627439854352467 -0.201970785856246948 1.78640007972717285 52.5
23.2450342883946135 -4.60223585518469669 -0.421699702739715576 1.70520007610321045 48.5
23.3431975033316448 -4.48607983332163496 -0.470031172037124634 1.94880008697509766 46.5
23.3074708779324844 -4.6910728853078556 -0.0794237107038497925 1.86760008335113525 56
23.3141603701259079 -4.65839283354193601 0.00162012374494224787 1.78640007972717285 58
23.3074708779324844 -4.6910728853078556 -0.0794237107038497925 1.70520007610321045 50
23.3921543796916005 -4.63136385520331118 -0.424368679523468018 1.94880008697509766 48
23.3873880104332557 -4.67308785389883674 -0.121951386332511902 1.86760008335113525 57
23.3773969546939995 -4.7058709957310354 0.417865365743637085 1.78640007972717285 57.5
23.3021007015263919 -4.74163442318434214 1.83072054386138916 1.70520007610321045 49
23.429934184778336 -4.75654537469925742 -0.905061662197113037 1.94880008697509766 45.5
23.4609078262190636 -4.68778324797513246 0.127226889133453369 1.86760008335113525 53
23.445124067050422 -4.72066948249536633 0.668676674365997314 1.78640007972717285 54
23.4552372930551094 -4.64592804040392604 0.82029956579208374 1.70520007610321045 49
5.31504348148918382 -22.0998484434558335 -7.70370101928710938 -4.79080009460449219 49.5
8.85844825265802527 20.8252609026132873 7.98976802825927734 -4.87200021743774414 52
9.06616065651587455 20.8252609026132873 -7.75327110290527344 -4.95320034027099609 47
8.8694506102545656 20.923432922225718 -7.94659948348999023 -4.87200021743774414 53.5
8.8694506102545656 20.923432922225718 -7.94659948348999023 -4.95320034027099609 48
12.2508463288125906 21.6777738565126228 0.0305576715618371964 -3.97880029678344727 48
12.0399787716628559 21.7897876154956052 -0.504155158996582031 -4.06000041961669922 49
12.4821200277404323 21.6275953459804988 0.440981447696685791 -3.97880029678344727 50
12.5808470517542599 21.5714197736532753 0.383096665143966675 -4.06000041961669922 45.5
12.315623117164483 21.7363670601284404 -1.83257162570953369 -3.73520016670227051 47
12.4977018029235172 21.6925437394426979 -0.862285017967224121 -3.81640005111694336 47.5
12.3862561540525107 21.7707996692386665 0.339847087860107422 -3.97880029678344727 45.5
12.6068735122442082 21.7009791663259222 -1.18320727348327637 -3.73520016670227051 54
12.6375282902145045 21.7009791663259222 -0.791250467300415039 -3.81640005111694336 53.5
12.6560699852082053 21.7657572152461363 -1.05629646778106689 -3.65400028228759766 46.5
12.68275089171029 21.7657572152461363 -0.663094997406005859 -3.73520016670227051 54.5
12.8649909430019846 21.6649898207311082 -0.400289177894592285 -3.81640005111694336 53.5
12.7129760227037618 21.8305369115824597 -0.795974314212799072 -3.73520016670227051 50
12.8144885314914205 21.7736865550418841 -0.721911728382110596 -3.81640005111694336 48
27.8113778319528038 -0 0.870591998100280762 1.38040006160736084 54.5
27.8113778319528038 -0 0.870591998100280762 1.29920005798339844 58
27.8153430869669229 0.111263997792555261 0.724581539630889893 1.21800005435943604 50
27.8994307965753237 0.149913995723338439 0.0970095843076705933 1.46160006523132324 56
27.8982601245890827 0.111563903794112323 0.291023164987564087 1.38040006160736084 74.5
27.8969262005829641 0.149913995723338439 0.386121362447738647 1.29920005798339844 76.5
27.8963475245241312 0.111563903794112323 0.437474936246871948 1.21800005435943604 67
27.9744015458402409 0.111863802168742948 -0.144951134920120239 1.46160006523132324 60.5
27.9737160291802205 0.192265909977526933 0.186910733580589294 1.38040006160736084 79
27.9737160291802205 0.192265909977526933 0.186910733580589294 1.29920005798339844 81.5
27.9737160291802205 0.192265909977526933 0.186910733580589294 1.21800005435943604 72
27.9674576339601231 0.0629233887199178998 0.646501064300537109 1.13680005073547363 49.5
27.9855214838981929 0.112163708170299997 -1.89752697944641113 1.46160006523132324 49
28.039640871042451 0.224327416340599994 -0.72852778434753418 1.38040006160736084 72.5
28.0456847362367441 0.224327416340599994 -0.437913596630096436 1.29920005798339844 76.5
28.0457585473218138 0.297934849827359405 -0.386283904314041138 1.21800005435943604 68
28.0862252914190513 0.319818402801218538 -1.44130849838256836 1.46160006523132324 54.5
28.1183276404750657 0.29873147514399534 -0.534942328929901123 1.38040006160736084 73.5
28.1219026029545702 0.319818402801218538 -0.268442690372467041 1.29920005798339844 76.5
28.1231734108911162 0.319818402801218538 0.0230087693780660629 1.21800005435943604 67
25.856987356574674 7.06533883299086973 -8.75997829437255859 1.46160006523132324 54
28.1987060807213972 0.193812287189275706 0.188414037227630615 1.38040006160736084 69.5
28.1975642244190041 0.225527025092975342 0.294152438640594482 1.29920005798339844 71
28.2723213395276787 0.194327750629451901 0.337341547012329102 1.38040006160736084 62
28.2584376499381769 0.06359817293327516 -0.965590238571166992 1.29920005798339844 62
28.2743079277990539 0.0918640275702863468 0.17541937530040741 1.21800005435943604 52
27.7243626970161934 0.453453267690701378 5.9056401252746582 1.46160006523132324 57.5
28.0594218464276572 0.301121310575856449 4.03740978240966797 1.38040006160736084 66
28.1577834271763194 0.194843200960848284 3.28995442390441895 1.29920005798339844 66
25.9023051936379005 -8.09839195266362033 -8.19812202453613281 1.13680005073547363 49.5
27.5603050328466175 0.586075993203073353 6.93302583694458008 1.46160006523132324 51
28.2079623458427378 0.1527349558044373 3.50260138511657715 1.29920005798339844 61.5
25.7724206624115268 -8.09140068191879536 -8.84828948974609375 1.13680005073547363 51.5
27.3812589903364234 -0.0639355628948807264 7.63172817230224609 0.974400043487548828 46
28.482400840709321 0.455852515703157879 0.891711533069610596 1.29920005798339844 54
25.9440661831368331 -8.66119779835999992 -8.008697509765625 1.13680005073547363 48.5
26.1266848760368475 -8.9639123595691288 -7.02101850509643555 1.05560004711151123 47.5
28.6494154543905815 0.153943941624531788 0.0996173694729804993 1.46160006523132324 48.5
28.6494154543905815 0.153943941624531788 0.0996173694729804993 1.38040006160736084 61.5
28.6495435322115739 0.153943941624531788 -0.0507840104401111603 1.29920005798339844 62
28.7172554155309889 0.0646103428180918593 0.663833558559417725 1.38040006160736084 57.5
28.7133761027217744 0.0646103428180918593 0.814578711986541748 1.29920005798339844 58.5
28.6882330619710046 0.154346930065441701 1.44467771053314209 1.21800005435943604 46.5
28.847434643252484 0.198451418824521997 1.24574244022369385 1.38040006160736084 53
28.8308406391481817 0.727133467278901602 2.5211939811706543 1.38040006160736084 51
28.8378763932770994 0.810337794380467491 2.41303420066833496 1.29920005798339844 54
28.9672107586224463 -1.18601314107132572 1.39454329013824463 1.29920005798339844 45
29.0935280401925205 0.59999334878247268 0.128958016633987427 1.29920005798339844 48.5
29.1638823315609947 0.331758280353776525 -0.733885586261749268 1.38040006160736084 51
29.1731866815617842 0.309884108022758287 -0.0994525179266929626 1.29920005798339844 53
29.2427430415162917 0.233924316867308579 -0.60817950963973999 1.29920005798339844 48
9.99269347025069443 -26.6990858068309826 8.33035945892333984 -4.54720020294189453 46.5
10.061408125857545 -26.7888324518492347 8.22661495208740234 -4.54720020294189453 48
29.7738511329611697 0.159988860476321826 -0.207053646445274353 1.29920005798339844 46
29.8361682707474998 -0.0969811179499540515 0.903437435626983643 1.38040006160736084 51.5
29.8301459277107064 -0 1.08852720260620117 1.29920005798339844 54
16.9960030544260334 24.5492598729953393 1.99383258819580078 -3.00440025329589844 45.5
29.8810644192448791 -0.160794847606823998 1.61301267147064209 1.38040006160736084 48.5
29.8705926916703923 -0.0673094710912286454 1.80243909358978271 1.29920005798339844 50.5
17.0331961624400066 24.6948624432318695 2.13065075874328613 -2.92320013046264648 46
17.1507605903397078 24.6948624432318695 0.721680700778961182 -3.00440025329589844 46.5
16.9851761717983756 24.7564462662391023 2.76491641998291016 -2.92320013046264648 49.5
17.1237927628458415 24.7338410801795341 2.00882387161254883 -3.00440025329589844 50
18.4758215349859576 24.2005939396700498 3.05537748336791992 -2.51719999313354492 50.5
19.4597429308939489 23.8777955622833176 1.16188275814056396 -2.19239997863769531 46
19.7628274272597082 23.6540216782328621 2.17438912391662598 -2.11120009422302246 45
19.8689834839365851 23.6252869294535053 3.34243583679199219 -2.03000020980834961 45
20.8880819902123065 23.1234177799313549 1.56065487861633301 -1.78640007972717285 46.5
31.5571214771260387 1.01007316265503477 0.329356849193572998 1.38040006160736084 48.5
31.5595208909213767 0.954834786572337668 -0.256167382001876831 1.29920005798339844 52
21.8102145043978233 22.9269631431228404 0.625720739364624023 -1.54280006885528564 45
21.9327462972879808 22.7806292400185555 1.31156527996063232 -1.62400007247924805 47.5
21.6549010882131263 23.0693420758729566 0.770258247852325439 -1.70520007610321045 45.5
31.6214643503995561 1.29327530581355332 -0.36465880274772644 1.38040006160736084 51.5
31.6277191978088403 1.18253613589679651 0.107890374958515167 1.29920005798339844 54.5
31.6277754252688723 1.13903146200092764 0.330139189958572388 1.21800005435943604 45.5
22.3615017130130944 23.3744376317144926 2.86787676811218262 -1.46160006523132324 51
22.2845875200085537 23.5042956185573502 2.36030459403991699 -1.54280006885528564 53
22.2901896114310532 23.5489343015345831 1.79467654228210449 -1.62400007247924805 46.5
18.5041539449179666 -26.6655259857631819 1.08246743679046631 -3.49160003662109375 48
22.6821273044921625 23.1681049263059329 2.87450003623962402 -1.38040006160736084 49
22.3534490113668873 23.5585786048391768 2.19530057907104492 -1.54280006885528564 57
22.294800842979182 23.6033203805044458 2.30820512771606445 -1.62400007247924805 51
21.1631208170785037 24.6201789183514421 2.33919501304626465 -2.11120009422302246 47
22.9724345059259711 23.0910276958051561 1.86070704460144043 -1.38040006160736084 52.5
22.7720327204286619 23.3315592343031248 1.20972621440887451 -1.46160006523132324 55.5
22.6178659102722932 23.4824010465815149 1.18305253982543945 -1.54280006885528564 56
22.5722207207223242 23.4824010465815149 1.86070704460144043 -1.62400007247924805 51
21.2759950324973666 24.6769051275968607 1.66525757312774658 -2.11120009422302246 47
23.1396086106183603 23.0869045688835222 0.918385744094848633 -1.38040006160736084 51
23.0051343740769241 23.23809314747621 0.211791038513183594 -1.46160006523132324 51.5
22.6983894042431942 23.5363841268617868 0.33440282940864563 -1.54280006885528564 50
22.5214092089024902 23.6875727054544747 0.987466573715209961 -1.62400007247924805 47.5
23.1530615830144058 23.1971944203563538 0.163118675351142883 -1.29920005798339844 45
23.2340213432908094 23.06613682476112 1.52784538269042969 -1.38040006160736084 48
23.0687159741218046 23.3816352842287465 0.506132662296295166 -1.38040006160736084 45
23.2371778035176391 23.3033611449075515 1.02118551731109619 -1.38040006160736084 46.5
23.3257716652532707 23.2987104892247956 1.44168615341186523 -1.38040006160736084 49
23.230196887680485 23.4018021285576481 1.30906367301940918 -1.46160006523132324 48
23.157953042139944 23.504585035151635 2.28020215034484863 -1.46160006523132324 49
22.8867784876493552 23.8602798628498896 2.40936398506164551 -1.46160006523132324 47.5
23.1412927082225721 23.5951656421515565 2.58289456367492676 -1.54280006885528564 46.5
23.0938122524041027 23.7814059267794349 2.24082517623901367 -1.46160006523132324 47
23.1514146110420427 23.7357363274088762 2.12780952453613281 -1.54280006885528564 46
23.8553293621870814 23.5185591665248381 1.31390023231506348 -1.21800005435943604 46
23.9889934324749383 23.3258527679391321 2.08771681785583496 -1.29920005798339844 45.5
25.8531677174001118 23.0001581145726846 1.79692924022674561 -0.893200039863586426 46
23.9700569712490577 24.5165992443893117 5.49531030654907227 -1.38040006160736084 45
24.9449152701037029 24.0955547425044472 2.86280989646911621 -1.29920005798339844 46
25.27793878999735 23.8249933080190104 3.10824108123779297 -1.21800005435943604 46
25.2309080836954962 24.2513438969508286 1.42279732227325439 -1.13680005073547363 46.5
23.6669312014759932 26.4563605421540231 3.012969970703125 -1.78640007972717285 47
23.6833999491718714 26.3539718003620749 3.70208573341369629 -1.86760008335113525 46.5
27.3504742653655946 25.0234336152634249 2.01121687889099121 -0.974400043487548828 50.5
27.2826838558420413 25.088381348043125 2.11988353729248047 -1.05560004711151123 50
27.3432654854332213 25.1901989164640661 1.28052020072937012 -0.974400043487548828 50.5
27.4057283107974676 25.0739865206508874 2.01528000831604004 -1.05560004711151123 51
22.1464585226534076 29.8340462531585828 1.81772041320800781 -2.76080012321472168 46.5
27.4586030035639048 25.1897495765694082 0.963043332099914551 -0.974400043487548828 49.5
27.219558983793501 25.4366165750084221 1.2246849536895752 -1.05560004711151123 53
27.187167229207251 25.4366165750084221 1.8061530590057373 -1.13680005073547363 49.5
26.5066743927302859 25.8371932139849321 4.3887786865234375 -1.29920005798339844 46.5
22.093728000584349 29.9594063011269292 1.93052184581756592 -2.67960023880004883 49
22.2311783762934034 29.8941961505958709 1.23992228507995605 -2.76080012321472168 49
27.2743272629910933 25.4877974085866441 1.22714912891387939 -1.05560004711151123 51.5
27.2283423191728637 25.4877974085866441 2.00306129455566406 -1.13680005073547363 51.5
27.2952672526100919 25.5670379142859012 1.38770902156829834 -1.13680005073547363 45
27.1113814713237069 25.7400725590323063 1.74715542793273926 -1.21800005435943604 46
29.517032141864199 24.3955497855676171 1.5516287088394165 -0.568400025367736816 45.5
29.5755875558675392 24.3668153335233733 0.590488076210021973 -0.649600028991699219 46.5
32.3259425500346325 22.4610909196453647 -0.960942506790161133 0 45
32.2528705227014072 22.7158495436822285 -0.212473496794700623 0 48.5
32.2475837959394553 22.7158495436822285 -0.621268510818481445 -0.0812000036239624023 45.5
32.3638927606319555 22.6701335235005637 0.932277083396911621 0 48.5
32.3731429280959091 22.6701335235005637 0.520061194896697998 -0.0812000036239624023 50
32.3658721884754712 22.8022224721306621 0.817983448505401611 0 51
32.4372180397664636 22.7131512905989048 0.315875023603439331 -0.0812000036239624023 52
32.2207722444648326 23.0150036280120922 0.539943277835845947 -0.162400007247924805 45
32.405606088442596 22.8454089363548789 1.43870079517364502 0 47
32.1636665962118471 23.2271573061681025 0.321883797645568848 -0.0812000036239624023 46
32.7095226504897809 22.7177895367956566 -0.141187652945518494 0 49.5
32.5541197576532397 22.9317796682484953 -0.627174139022827148 -0.0812000036239624023 46.5
32.712364493536576 22.8453330770377541 -0.0462439469993114471 0 52
32.4681710652818794 23.1893592626151488 -0.285624176263809204 -0.0812000036239624023 49.5
32.9072531616025898 22.5511657589353476 0.753465652465820312 0.0812000036239624023 47
32.5668940490624337 23.1780008786184375 -0.422426789999008179 0 48
32.3784497118118892 23.4427495955509286 0.272533655166625977 -0.0812000036239624023 47
32.7434103391863474 23.0613390609211457 -0.215705052018165588 0 45
32.7221940225808368 23.1947753728428552 1.1296532154083252 -0.0812000036239624023 46
33.1458473276201815 22.9539737801334205 2.94086503982543945 0 45
33.1790919178056072 22.8902801581224544 3.92847204208374023 0 47.5
33.0145229375063778 22.9965582663074137 4.63136434555053711 -0.0812000036239624023 45.5
33.1683587290421329 23.145619840026999 3.2358705997467041 0 47
32.7772085826992026 26.6293670568889773 3.48884415626525879 -0.649600028991699219 47.5
32.853051435016674 26.6499764917593112 3.52962994575500488 -0.568400025367736816 46.5
32.8307576623745305 26.8197215649552341 2.20143270492553711 -0.649600028991699219 48
32.8165253495789102 -27.4954591526980501 1.02763009071350098 -0.974400043487548828 46
33.0490279323508886 -27.3506252543777215 -0.339271426200866699 -0.974400043487548828 47
43.0342640115013779 -2.759107147235631 0.452774614095687866 2.27360010147094727 46.5
43.0164042034013505 -2.52738525791701374 1.72245621681213379 2.19239997863769531 54
42.9891162383803405 -2.759107147235631 2.02206730842590332 2.11120009422302246 56.5
43.0154895514991367 -2.759107147235631 1.34930026531219482 2.03000020980834961 54
43.0996939459258357 -2.53178075525233481 1.49882638454437256 2.27360010147094727 50
43.0932669483137047 -2.66673708548966593 1.44878876209259033 2.19239997863769531 61
43.0651887633102746 -2.66673708548966593 2.12560677528381348 2.11120009422302246 64
43.0406201862087059 -2.66673708548966593 2.57555866241455078 2.03000020980834961 60.5
43.0590361328253053 -3.10939384866811208 1.57829976081848145 1.94880008697509766 48
43.1682508491291728 -2.59566013058011613 1.57809102535247803 2.27360010147094727 51
43.1745205633173441 -2.53617625258765544 1.50142860412597656 2.19239997863769531 61.5
43.1153442439481225 -2.67136688438870307 2.58003020286560059 2.11120009422302246 65
43.0697119877353884 -2.67136688438870307 3.25412178039550781 2.03000020980834961 60.5
43.1715590646245602 -2.768704139285457 1.12985968589782715 1.94880008697509766 47
36.8954804322060497 -22.6092812624072188 -0.519251823425292969 0.243600010871887207 45.5
43.2119092175305752 -2.94684655001726803 1.80822288990020752 2.27360010147094727 48
43.200586338652883 -2.60015872060347197 2.48418736457824707 2.19239997863769531 56.5
43.1454384706144367 -2.77350263531036978 3.16249918937683105 2.11120009422302246 58
43.1284383745309938 -2.77350263531036978 3.38647222518920898 2.03000020980834961 55.5
37.1267497626535246 -22.3613649971898596 -0.892487227916717529 0.243600010871887207 45.5
35.7526122382531995 24.3101348991837263 4.06189441680908203 0 45.5
35.6073250469130684 24.4837787198921788 4.2888026237487793 0.0812000036239624023 48.5
35.6671428547679881 24.7000070267746281 3.16456699371337891 0.0812000036239624023 46
36.159229651301473 24.4780801245162749 -2.28243422508239746 0 46
36.2212529713515679 24.5200669647342657 -2.28634929656982422 0 49
35.9575985037037924 24.9196126987578346 -2.12231945991516113 -0.0812000036239624023 45.5
37.4095617679371344 -22.9227540245123009 -0.296134471893310547 0.162400007247924805 47
37.4261511709183168 -23.0223503197259944 0.925809562206268311 0.162400007247924805 49.5
37.0598398045545352 -23.4012964485573676 3.24810290336608887 0.0812000036239624023 45.5
38.2312002347612463 -21.8293367384375294 0.237115353345870972 0.487200021743774414 45
37.3472445631751455 -23.23768104414318 1.84237730503082275 0.243600010871887207 48
37.2310341317237388 -23.4742388767421737 1.00541126728057861 0.162400007247924805 51
37.0476306598590526 -23.765810158782795 0.927389442920684814 0.0812000036239624023 48
38.156868002592681 -22.1034859139191937 0.547188162803649902 0.406000018119812012 49.5
37.8827092273960133 -22.5718968594896552 0.469019860029220581 0.324800014495849609 50
37.5624469172254578 -23.100925692133945 0.469019860029220581 0.243600010871887207 51
37.3216691078219256 -23.4811651655970302 0.733575701713562012 0.162400007247924805 50.5
37.2030203642159378 -23.6795509778386375 -0.156343385577201843 0.0812000036239624023 46
38.0298292316883035 -22.4667625118881986 -0.638459205627441406 0.324800014495849609 47.5
37.8703533898700755 -22.7096464309356421 -1.24066197872161865 0.243600010871887207 46.5
37.7077642604370524 23.1186749990807812 -1.30911087989807129 0.406000018119812012 48
37.7392022779091292 23.2187867524911411 -1.16029393672943115 0.406000018119812012 47
38.1393250558505912 23.7127281235923988 1.16375243663787842 0.243600010871887207 45.5
37.5168662641512896 -24.8319643251206834 -0.92645728588104248 -0.0812000036239624023 46.5
37.987931484034533 23.9941104563609464 2.4899132251739502 0.243600010871887207 47.5
37.4865131119045358 -25.025430267860024 -0.494754791259765625 -0.0812000036239624023 46.5
38.0878966970049149 24.2433493717215143 -0.307813286781311035 0.243600010871887207 45.5
39.9619675545563098 23.4744735215175808 0.559304654598236084 0.487200021743774414 45.5
40.8068997295007847 22.7418761713271529 -0.911015808582305908 0.649600028991699219 47.5
40.0119668398825752 24.0672692113505775 1.74210202693939209 0.487200021743774414 45
39.9978900439137348 24.0205593244775102 2.53128933906555176 0.406000018119812012 49
39.9022158245963325 24.0205593244775102 3.7485663890838623 0.324800014495849609 47.5
40.0383221867200589 24.205318687844759 1.12938940525054932 0.487200021743774414 48.5
39.9538098346580668 24.205318687844759 2.83477902412414551 0.406000018119812012 52
39.7961694175795699 24.205318687844759 4.53956794738769531 0.324800014495849609 49
39.9288097885618356 24.4901218210601499 1.78601729869842529 0.487200021743774414 45
40.0065168858172981 24.0976706940544041 4.00582981109619141 0.406000018119812012 47.5
39.9172173563868355 24.179675407160083 4.38460063934326172 0.324800014495849609 47
40.8968051000711839 23.1288162180938137 -1.96471726894378662 0.568400025367736816 46
35.9294797138222961 30.1342499593955537 4.40564727783203125 -0.730800032615661621 45
41.0411152194457713 24.0109253065599049 -0.324175477027893066 0.568400025367736816 46.5
41.0423235992941784 24.0109253065599049 -0.0778008624911308289 0.487200021743774414 47.5
41.2292508199148813 23.8345527145753238 0.451317191123962402 0.568400025367736816 49
41.9808594809786442 22.6322890067013809 0.822728157043457031 0.730800032615661621 49.5
37.6613513439500665 -30.082666615251032 1.51872992515563965 -0.730800032615661621 48
38.01814276868447 -30.0292829351198485 0.515283703804016113 -0.649600028991699219 49
37.8370640693736604 -30.2230202443786879 1.52581572532653809 -0.730800032615661621 47.5
38.9567950706079671 -29.2953660022406943 0.844156444072723389 -0.487200021743774414 45
38.7040267002728342 -29.6304138562900263 0.774370551109313965 -0.568400025367736816 46.5
48.727319065707519 0.779747733060263792 -1.26615798473358154 0.974400043487548828 46.5
48.7525279079597098 0.780947296051080486 -2.54200339317321777 0.974400043487548828 45
39.0613644130349797 -30.8909055328631155 0.0441366098821163177 -0.730800032615661621 49
41.099561237659799 -28.7785951881782793 0.386543184518814087 -0.162400007247924805 46
41.1993153637956695 -28.6218490270226233 0.9680214524269104 -0.243600010871887207 47.5
41.0083135282678981 -29.2918219930873249 -0.683768570423126221 -0.324800014495849609 47
48.2345429286698746 23.4794398385251917 2.41551375389099121 1.05560004711151123 49.5
48.1906967011674396 23.680749697100719 0.754163742065429688 0.974400043487548828 53
48.195208354057776 23.680749697100719 -0.366103500127792358 0.893200039863586426 50
48.2275554296086355 23.7138237058349333 1.87305581569671631 1.05560004711151123 53
48.2528396984880672 23.7138237058349333 1.03380978107452393 0.974400043487548828 58
48.1868849642249018 23.8683768215147829 0.274967551231384277 0.893200039863586426 55.5
48.2824668466327509 23.8276465875005208 0.932468175888061523 1.05560004711151123 50.5
48.3213475023167831 23.6863360598706123 1.95638620853424072 0.974400043487548828 56.5
48.3480599138799931 23.6863360598706123 1.1160045862197876 0.893200039863586426 54.5
48.4550100432729849 23.2880652524047633 4.20525217056274414 0.974400043487548828 48.5
55.8715275502654407 -29.3269108131766281 3.96304678916931152 0.649600028991699219 47
56.1705953960658206 -29.0690321031486754 2.59726238250732422 0.730800032615661621 45
55.8591368273043827 -29.3616999093572453 4.95355081558227539 0.649600028991699219 45
61.8596849592577982 26.991265570783348 1.04920279979705811 1.13680005073547363 46.5
62.3398071782826051 -34.1169626102099031 2.23427700996398926 0.568400025367736816 47
62.2204308251588714 -34.1169626102099031 4.4566650390625 0.487200021743774414 45.5
62.4444581380343777 -34.152949499934401 0.383343219757080078 0.568400025367736816 47
62.5109047497844514 -33.992857549153463 1.65940713882446289 0.487200021743774414 47
71.9803439412525705 -2.5938607860938907 2.62832832336425781 2.27360010147094727 49.5
71.919825257806238 -2.69293185778497701 3.88497543334960938 2.19239997863769531 56.5
71.9459908560437214 -2.80100939053888931 3.27641010284423828 2.11120009422302246 56.5
71.9018071141319552 -2.46777033121432687 4.34121274948120117 2.03000020980834961 53
72.0370914400743771 -2.8039239537431393 2.90140724182128906 2.27360010147094727 55
72.0208535603069038 -2.8039239537431393 3.27981925010681152 2.19239997863769531 63.5
72.0404277786483362 -2.5965598028232284 3.00953364372253418 2.11120009422302246 64.5
72.051651451153063 -2.47033814574154409 2.84242558479309082 2.03000020980834961 58.5
72.1260700333269256 -2.80683881344415465 2.53045988082885742 2.27360010147094727 56
72.1119786403983056 -2.80683881344415465 2.90442347526550293 2.19239997863769531 65
72.1119786403983056 -2.80683881344415465 2.90442347526550293 2.11120009422302246 65.5
72.1085608360333339 -2.31045252810837143 3.38652324676513672 2.03000020980834961 57.5
72.1868582232672225 -2.80975337664840463 2.90743923187255859 2.27360010147094727 54
72.2028042380296711 -3.08079067986207678 2.13402867317199707 2.19239997863769531 61.5
72.1427545943490998 -3.08079067986207678 3.63621258735656738 2.11120009422302246 62
72.2407668624035892 -2.54775065020852098 1.43922948837280273 2.03000020980834961 52
72.2091044291934168 -2.6046571275805932 4.14747524261474609 2.27360010147094727 47.5
72.3066542619796735 -2.81266793985265462 1.40619206428527832 2.19239997863769531 54
72.2371411804995631 -3.9341175364498544 2.11158609390258789 2.03000020980834961 50.5
72.2028536566660222 -4.63530030022983563 3.77694129943847656 2.19239997863769531 49.5
72.15942904972718 -4.63530030022983563 4.53142404556274414 2.11120009422302246 54.5
71.9054845624290095 -5.2147128377585652 7.17015981674194336 2.03000020980834961 49
72.2488457414530103 -5.41042741339703603 3.27217364311218262 2.19239997863769531 46.5
72.024938566286778 -4.80322701691864218 7.01519584655761719 2.11120009422302246 49.5
73.1085472965023087 -4.9261497403976362 0.314728826284408569 2.19239997863769531 46.5
73.064285805088474 -4.523267605495227 3.22116518020629883 2.11120009422302246 52.5
72.9848101452222267 -4.98108821333887342 4.19904994964599609 2.03000020980834961 50
73.1013291342790268 -5.47197346357438086 2.54488253593444824 2.11120009422302246 56.5
73.0665030338209363 -5.08701050633799223 3.95370030403137207 2.03000020980834961 54
70.8047627966010396 -5.08701050633799223 18.4670314788818359 1.46160006523132324 47.5
73.1807601470785301 -5.87210002046095703 1.15131175518035889 2.19239997863769531 51
73.1380740302046064 -5.53261923802805811 3.3827826976776123 2.11120009422302246 55.5
73.1636180292447733 -5.57849501943790926 2.68256163597106934 2.03000020980834961 53
73.1857411271655138 -4.99638316010278416 4.59709644317626953 2.03000020980834961 47
79.5828953241876604 -20.4901291070882152 3.98661947250366211 1.62400007247924805 47.5
80.0307041454099277 -19.0990209334438461 3.44060826301574707 1.70520007610321045 45.5
84.2169356797798514 13.8435586861478939 -0.698262631893157959 3.49160003662109375 45
84.2116481547996614 14.3467578722531659 -3.73404554920853116e-06 3.5728001594543457 45
84.2934603160805267 13.8557230046016446 -0.25043487548828125 3.49160003662109375 45.5
96.8379395085675299 22.5272115288002546 5.92453479766845703 1.86760008335113525 47
96.8400026547426336 22.7014551538849005 5.17875242233276367 1.78640007972717285 45.5
96.9690101260382988 23.0050218570465752 1.69880449771881104 1.94880008697509766 49
97.0510961665558654 22.5441740992172726 2.81977319717407227 1.86760008335113525 55
97.0315609346476009 22.6438168576668524 2.69071078300476074 1.78640007972717285 52.5
97.0419784674044763 23.0223329370072705 1.70008289813995361 1.94880008697509766 50
97.1241262769575115 22.5611383952263971 2.82189488410949707 1.86760008335113525 55.5
97.1379255574509983 22.5611383952263971 2.29841852188110352 1.78640007972717285 54
96.9764830981478241 22.8899531889257837 6.05341386795043945 1.94880008697509766 46
97.222155746240901 22.3535673648801101 3.63347387313842773 1.86760008335113525 49
97.1628631682769566 22.7527382106815423 2.59270501136779785 1.78640007972717285 49.5
97.0558060683351158 23.0569515751953702 5.34398078918457031 1.78640007972717285 48.5
97.0077188319119017 23.1693027198498136 5.71800422668457031 1.70520007610321045 45.5
97.065754775978121 23.0742626551560619 6.38904666900634766 1.94880008697509766 45.5
97.0988122735869723 23.0742626551560619 5.8652033805847168 1.86760008335113525 53
97.1561161549228984 23.0742626551560619 4.82384252548217773 1.78640007972717285 53.5
97.3664388975592914 22.8040212674781841 3.12355804443359375 1.94880008697509766 48
97.3099569664149868 23.0915719742501118 2.74855947494506836 1.86760008335113525 53
97.271871229831774 23.2040918160304308 3.12355804443359375 1.78640007972717285 51
97.4209981349096807 23.108883054210807 -0.382260382175445557 1.86760008335113525 47.5
