
X Y Z V_r Mag
9.08917350817220182 -6.43471782190249098 -0.928418457508087158 0.487200021743774414 45
9.93394788363727521 -5.95007454360379562 -1.02660667896270752 0.568400025367736816 46
10.5653612683015545 -5.45541282943993622 -0.904011964797973633 0.568400025367736816 47.5
9.12140257633006613 -7.85375587978395107 -0.961345136165618896 0.487200021743774414 47
10.6901265961389367 -6.24009982334377256 -1.33598482608795166 0.568400025367736816 45
11.9165492124976105 -4.71807350244382206 -0.46506163477897644 0.649600028991699219 46
12.9998690522296929 -4.35970806069030203 -0.60989457368850708 0.649600028991699219 45
13.0064147024475538 -4.33569708002560272 -0.640741527080535889 0.568400025367736816 46
11.7212946176632382 7.17625636704359682 -1.90479469299316406 0.568400025367736816 47.5
6.66235055647145202 12.3380078987330002 -0.295438766479492188 0.324800014495849609 47
12.3750463200563221 7.10290186472258256 -1.26990926265716553 0.568400025367736816 46
13.1877472831600393 -5.9418742288835622 -0.550535440444946289 0.568400025367736816 46
7.2447710355245718 12.567133414498338 1.13267958164215088 0.324800014495849609 45
12.6365154872043686 7.56733888798003562 -1.89112699031829834 0.568400025367736816 45
9.0217190840024486 11.7444060377698971 1.09546220302581787 0.406000018119812012 49.5
9.03091873875260731 11.8764569058712972 0.384587496519088745 0.406000018119812012 48.5
9.16888628509336812 11.8367953414170799 0.906541109085083008 0.406000018119812012 51.5
8.9969467736968447 11.9623797100433595 0.977985978126525879 0.324800014495849609 47
9.06734221500085802 11.9750973150572193 1.27905893325805664 0.487200021743774414 49.5
9.03311916363860234 12.0221914526813229 1.0608062744140625 0.406000018119812012 57
9.03311916363860234 12.0221914526813229 1.0608062744140625 0.324800014495849609 52.5
9.38848977079490865 11.7355590422726834 1.91191363334655762 0.406000018119812012 51.5
9.33564178747053575 11.8037119904129995 1.74375998973846436 0.324800014495849609 47
9.45304897989266912 11.9325389048680499 0.234577447175979614 0.487200021743774414 52.5
9.52240527195325548 11.8621460573744066 0.643364012241363525 0.324800014495849609 51.5
9.57633626977688834 11.9301395310113065 0.235733002424240112 0.487200021743774414 49
9.40614003159648071 11.991319733734441 1.35010814666748047 0.406000018119812012 53.5
14.9594196201948222 -3.36027219248394493 -1.14673435688018799 0.649600028991699219 45.5
14.1821718988533529 -5.93667299872806797 -0.112158671021461487 0.568400025367736816 47.5
8.93657460805903447 12.4862258313054095 0.788962841033935547 0.406000018119812012 55.5
14.2480507108098493 -5.93088104762743651 -0.721271872520446777 0.568400025367736816 47
9.37520190373588846 12.2729852928931038 0.426546394824981689 0.406000018119812012 51.5
9.40760895631015792 12.2498177888008097 0.37600281834602356 0.324800014495849609 46.5
10.1392915745952568 11.8112281511215702 1.02453374862670898 0.487200021743774414 48.5
10.0024430250254941 11.9262409355606156 1.03726863861083984 0.406000018119812012 51.5
10.1542804540290135 11.8836826854177318 1.17230772972106934 0.487200021743774414 50.5
9.958934368554198 12.034505755596923 1.30227863788604736 0.406000018119812012 54.5
10.0450417730492845 11.9502798852371139 1.41193914413452148 0.324800014495849609 47
10.5682651978093745 11.525271096588261 1.8821338415145874 0.487200021743774414 51
10.6770592416827999 11.4622914731096355 1.6367117166519165 0.406000018119812012 52
10.4981739226586619 11.7442844667074819 1.51353681087493896 0.487200021743774414 47
10.694749864251067 11.580153197009432 1.39751029014587402 0.406000018119812012 48
11.3316285113741007 11.1569242378062796 1.52246344089508057 0.487200021743774414 47.5
11.196886667691107 11.3066414175943404 1.41075682640075684 0.406000018119812012 46
11.0289848020114896 11.5522624880033291 1.58406436443328857 0.487200021743774414 53.5
10.9170262784918322 11.6385033364380757 1.72229409217834473 0.406000018119812012 53
10.9540922681463151 11.7090078159172712 1.7095721960067749 0.487200021743774414 52
10.9154400157794935 11.7533372208303977 1.65162420272827148 0.406000018119812012 52
10.911945213923941 12.0619759759410545 0.560227632522583008 0.487200021743774414 51
10.9183884320551279 12.03960508810842 0.844012260437011719 0.406000018119812012 52
11.3301861939603512 11.7681920634308934 0.677538454532623291 0.406000018119812012 45.5
10.5747994521782367 12.5446414024935127 0.765670835971832275 0.487200021743774414 51.5
10.6188829393018196 12.4974348003571656 0.913291394710540771 0.406000018119812012 54.5
10.5300102775690068 12.5733758559678108 0.899874091148376465 0.324800014495849609 45.5
14.0694364859708347 -8.57722439249337576 -0.855679988861083984 0.568400025367736816 45.5
10.3132724014548653 12.8658365887400628 0.597201049327850342 0.406000018119812012 53
10.3397055593313727 12.8431564280868358 0.627553820610046387 0.324800014495849609 45.5
15.4407358661947978 6.00856526754579257 0.459865182638168335 0.649600028991699219 58.5
15.4363896192554648 6.02099249664102665 0.442920267581939697 0.568400025367736816 59.5
11.8810906142303967 11.4765460694488919 1.36353659629821777 0.487200021743774414 51
11.9079034345982766 11.4434067918615998 1.40745460987091064 0.406000018119812012 48
15.5062382433993289 6.04823708246997604 0.444924443960189819 0.730800032615661621 54.5
15.5084732194788923 6.04823708246997604 0.358678817749023438 0.649600028991699219 69.5
15.5062382433993289 6.04823708246997604 0.444924443960189819 0.568400025367736816 70.5
15.5257434603706503 5.99206150585260744 0.518677711486816406 0.487200021743774414 58.5
11.7256120365053889 11.7178091670006541 1.55741035938262939 0.406000018119812012 49
15.582837057591977 6.06294128302455615 0.376254767179489136 0.730800032615661621 53.5
15.5846885061580398 6.06294128302455615 0.289610594511032104 0.649600028991699219 68.5
15.6005294098572538 6.01905235956936302 0.346614241600036621 0.568400025367736816 69.5
15.6022131226527971 6.01905235956936302 0.259969145059585571 0.487200021743774414 57.5
11.1561506636950689 12.359956824476809 1.58031904697418213 0.406000018119812012 48.5
15.6594663025751277 5.94947514297802726 -1.2747189998626709 0.649600028991699219 56
15.6521919120900463 5.97886563415717109 -1.22560477256774902 0.568400025367736816 57
15.6481558504743852 6.31553440503876029 0.121950864791870117 0.649600028991699219 48
15.5818790216487972 6.47790373698800348 0.086286887526512146 0.568400025367736816 50
10.6270454976983011 13.0633507977345982 1.08645725250244141 0.487200021743774414 51.5
10.8667385470903994 12.8651336911991567 1.08071577548980713 0.406000018119812012 53.5
8.54183347615209243 14.545761711504964 0.472787380218505859 0.324800014495849609 52
10.826062175835494 12.9456113563464488 1.58432102203369141 0.487200021743774414 51.5
11.0289618672784329 12.7909926343220217 1.43353950977325439 0.406000018119812012 53
8.471348979449008 14.6781882688941234 0.29928472638130188 0.324800014495849609 50.5
11.065477583825043 12.8901392550096627 1.11812102794647217 0.406000018119812012 47.5
11.4084670315112273 12.7182846206747779 0.708618223667144775 0.406000018119812012 48
12.2032701380385227 12.031488637402953 1.14199304580688477 0.487200021743774414 51
11.7439796812802335 12.4542862224133675 1.39655673503875732 0.406000018119812012 49.5
15.1682902493216165 -8.15876605647411246 -0.959163904190063477 0.568400025367736816 47.5
12.6972872130913839 11.5882500183896511 1.43312966823577881 0.487200021743774414 51.5
12.6502511093173862 11.6809387741170987 1.04369628429412842 0.406000018119812012 46.5
12.7124174274831194 11.7317259810682764 0.957437098026275635 0.487200021743774414 52
12.7246401720905489 11.7079118113336857 1.0788872241973877 0.406000018119812012 48
12.5257393261723013 11.9673283976488438 1.6275639533996582 0.487200021743774414 50
12.9454514592783756 11.6695239727921312 1.27009451389312744 0.568400025367736816 46.5
12.7231978440661901 11.879156139968039 1.54322230815887451 0.487200021743774414 53
12.6759096338687165 12.0704947503531237 1.27554571628570557 0.487200021743774414 51.5
12.4937525694041405 12.2305867047091876 1.52362358570098877 0.406000018119812012 49.5
12.689475812807272 12.2167809994676322 0.606698036193847656 0.487200021743774414 52.5
12.591353856657495 12.3092823158508384 0.761588871479034424 0.406000018119812012 50
15.7215264665457557 -8.06858933574734927 -1.01069152355194092 0.568400025367736816 46.5
12.6116996638068155 12.4169573823699597 0.232892692089080811 0.487200021743774414 50
12.6413156436343836 12.3859924013665434 0.272710740566253662 0.406000018119812012 47.5
16.0802148484340357 -7.56303760988051632 -0.421682208776473999 0.568400025367736816 46
13.1815881723969301 12.031469348905981 -0.334644436836242676 0.487200021743774414 48
13.1410948327788279 12.1850576684012477 -0.376370877027511597 0.487200021743774414 49.5
12.9837813908959312 12.4632168773092129 -0.299418091773986816 0.487200021743774414 51
13.0665891992648344 12.3799938084659633 -0.00368077773600816727 0.406000018119812012 46.5
15.7615725283159307 -8.73191845186714843 -1.42551958560943604 0.568400025367736816 47.5
13.2688311468864217 12.201195933002154 1.33213865756988525 0.487200021743774414 48.5
15.5590220332017779 -9.42610926396077886 -1.10268723964691162 0.568400025367736816 48
18.0679138742279157 2.73267837058839325 -0.986403107643127441 -5.1156001091003418 48.5
18.0570760682837523 2.78070033358618085 -1.04868745803833008 5.19680023193359375 53
18.0728962804921736 2.73267837058839325 -0.890461623668670654 5.1156001091003418 52.5
18.0184072488897407 2.82872229658396845 -1.49176466464996338 5.03439998626708984 47.5
16.7288386032371257 7.40224258208755526 -0.492757618427276611 0.568400025367736816 46.5
18.0564552176609716 2.9390489177075203 -1.72250521183013916 -5.1156001091003418 49.5
18.0591633334016635 2.89771854230225845 -1.76365971565246582 5.19680023193359375 57.5
18.0490628998725953 2.86557269476483256 -1.91323471069335938 5.1156001091003418 58
17.9924576229821902 2.9390489177075203 -2.29653453826904297 5.03439998626708984 53.5
18.0564584240343073 2.84031524312828321 -1.88083648681640625 4.95320034027099609 47.5
18.2848096028598412 2.45997279948467096 -0.129558280110359192 -5.03439998626708984 47
17.9094961516707123 3.0985974156582925 -3.17035651206970215 5.19680023193359375 55
18.0393267271353714 2.99254423030094063 -2.45558929443359375 5.1156001091003418 59
18.1301590040499327 2.85190848450097345 -1.88851344585418701 5.03439998626708984 57.5
18.1342925602740301 2.80349289988131245 -1.92104387283325195 4.95320034027099609 49.5
18.366678215447326 2.41210088792268174 -0.150292977690696716 -5.03439998626708984 54.5
18.3882793292777578 2.2431149332025706 -0.123771406710147858 -5.1156001091003418 53.5
18.3031613321565629 2.83572321276898753 0.358663976192474365 5.19680023193359375 55.5
18.2822644941263874 2.6667372580488764 -1.35018825531005859 5.1156001091003418 61
18.2936312775763099 2.81488932794048052 -0.77145540714263916 5.03439998626708984 60
18.441572825486908 2.42186632874659136 -0.0545284003019332886 -5.03439998626708984 58
18.4807672981133315 2.08252613297211653 -0.290381193161010742 -5.1156001091003418 59.5
18.376113013595468 2.84720369742281587 -0.414631277322769165 5.03439998626708984 64
15.8539452669387764 -9.66887133165625734 -1.06081640720367432 0.568400025367736816 45
14.4113559108127305 11.6677245396428866 1.46186769008636475 0.487200021743774414 47
11.7289508577468169 14.4080128329175796 0.894927680492401123 0.406000018119812012 47
18.5159347611507883 2.431632017922293 -0.0547482781112194061 -5.03439998626708984 56
18.5617521770389295 2.0162476616937246 -0.389572352170944214 -5.1156001091003418 60
18.4763843640207881 2.68833021559163265 -0.389572352170944214 5.19680023193359375 63.5
18.4423497393943236 2.88668791379066825 -0.549943506717681885 5.1156001091003418 69
18.4423497393943236 2.88668791379066825 -0.549943506717681885 5.03439998626708984 67
18.4049057073088846 3.11538267171426186 -0.556307733058929443 4.95320034027099609 57.5
14.4456274181630615 11.7497765933193321 1.42206394672393799 0.487200021743774414 46
18.5835618892900314 2.24927213089861233 -1.07447481155395508 -5.1156001091003418 59
18.5454728607070543 2.69912655707833471 -0.585373759269714355 5.19680023193359375 68
18.5349155027537691 2.79987520460816874 -0.424363821744918823 5.1156001091003418 71
18.5103141261099822 2.95685565541046769 -0.433311104774475098 5.03439998626708984 68
18.4743675892533794 3.14898098325805709 -0.58665168285369873 4.95320034027099609 58
14.2828127793267825 12.1460695068525091 0.19174472987651825 0.568400025367736816 48.5
14.2242497750122965 12.1952723347159147 0.713129341602325439 0.487200021743774414 53
18.7002108610435549 2.1077180235489692 -0.490214943885803223 -5.03439998626708984 50
18.6162751597856335 2.70992317313438891 -0.686482667922973633 5.19680023193359375 64.5
18.6090559189524249 2.81107481935381509 -0.426061272621154785 5.1156001091003418 68.5
18.5677183994520298 3.05336829750732397 -0.545381307601928711 5.03439998626708984 66.5
18.5086654940640045 3.39916578574582617 -0.505610942840576172 4.95320034027099609 55
14.3725570325705103 12.1452546379278221 0.550514280796051025 0.568400025367736816 50.5
14.3964734145428874 12.0864455412886205 1.0198291540145874 0.487200021743774414 55.5
14.4119742777144779 12.0441029917083959 1.27091312408447266 0.406000018119812012 48.5
18.7498190759219199 2.35701245626047085 -0.314389020204544067 -5.03439998626708984 50
18.7035196694195385 2.63333555985012513 -0.673765063285827637 -5.1156001091003418 55
18.6595438018839772 2.96161685385834694 -0.510201930999755859 5.1156001091003418 63.5
18.534776589311857 3.6701376322933581 -0.4496593177318573 4.95320034027099609 51.5
12.8512999549524469 13.8303255950514199 0.881045877933502197 0.487200021743774414 46.5
12.7009372734509665 13.9673062788821873 0.900351166725158691 0.406000018119812012 45
18.7241867345218687 3.03501792297460593 -0.494121044874191284 5.19680023193359375 50.5
18.7032793664992667 3.16542884935242119 -0.466963201761245728 5.1156001091003418 57.5
18.6417858628296607 3.49027061142079686 -0.593691527843475342 5.03439998626708984 56.5
18.6399067019111833 3.51161058119171221 -0.522571265697479248 4.95320034027099609 50
13.8943384280209976 12.8988261726420763 0.786317586898803711 0.487200021743774414 51
13.7458498814037107 13.0505770687908065 0.885832250118255615 0.406000018119812012 46
18.7120672566088331 3.50406628749242133 -0.69468766450881958 5.1156001091003418 51.5
18.6842370752185154 3.58024164156834379 -0.991810917854309082 5.03439998626708984 53.5
18.6697002363631128 3.61356835897655992 -1.13445258140563965 4.95320034027099609 48.5
19.1045285407853243 -0.38237626225276411 0.797745347023010254 -0.812000036239624023 46
19.1176049106993986 -0.480360179455034897 0.228175297379493713 -0.893200039863586426 60
19.1197234906440627 -0.394325520448162992 0.215137556195259094 -0.974400043487548828 59.5
18.7415103971572385 3.71382944712997132 -0.853759169578552246 5.1156001091003418 46.5
18.719201996331865 3.71382944712997132 -1.25083553791046143 5.03439998626708984 48.5
18.6383536531894762 3.53937027747714783 -2.41872859001159668 4.95320034027099609 47.5
14.4577392642721207 12.4726357043573479 1.0829474925994873 0.487200021743774414 47.5
19.1866580208845861 -0.482243964027315175 0.528768360614776611 -0.812000036239624023 59
19.1926920934935126 -0.410267252978462171 0.335085779428482056 -0.893200039863586426 72
19.1891412373796548 -0.482243964027315175 0.429315954446792603 -0.974400043487548828 72
19.1921122029752276 -0.460650950712659268 0.301058024168014526 -1.05560004711151123 58
18.9522149813323288 2.88626611305900571 -1.05974793434143066 5.1156001091003418 47.5
13.6770738574508499 13.4092612684013162 1.33018279075622559 0.568400025367736816 47.5
13.7092115805114236 13.3588775706671186 1.49597513675689697 0.487200021743774414 57
13.7508134769270409 13.2940985307231525 1.67991018295288086 0.406000018119812012 53.5
19.2687896652594333 -0.484127748599595453 -0.0709623843431472778 -0.812000036239624023 62.5
19.2687896652594333 -0.484127748599595453 -0.0709623843431472778 -0.893200039863586426 75
19.2694531178872523 -0.462450386722001616 0.00131347565911710262 -0.974400043487548828 74.5
19.2671836364038107 -0.539525451175668525 0.101185113191604614 -1.05560004711151123 60
19.0538946452061566 2.87827193819162508 -0.436246037483215332 5.1156001091003418 47.5
14.0162791991844706 13.1533414681710994 1.43499505519866943 0.487200021743774414 56.5
13.9939986711147046 13.1677930427561609 1.51753997802734375 0.406000018119812012 52.5
19.3426766552172431 -0.515027096325855638 -0.134558796882629395 -0.812000036239624023 58.5
19.3431150891534891 -0.515027096325855638 -0.0342991501092910767 -0.893200039863586426 70
19.3398682723041091 -0.57547628603546308 0.246689394116401672 -0.974400043487548828 69
19.3434643805852282 -0.486011485265244014 0.129284098744392395 -1.05560004711151123 52.5
19.3648413223735041 -0.776748688298546153 1.31538259983062744 -0.812000036239624023 55
19.3645489220285043 -0.932098425958255317 1.21494698524475098 -0.893200039863586426 66.5
19.3645489220285043 -0.932098425958255317 1.21494698524475098 -0.974400043487548828 66
19.3625670563231509 -1.08744816361796448 1.11315655708312988 -1.05560004711151123 52
13.9802757809328533 13.4498890058195144 0.991498231887817383 0.487200021743774414 52.5
13.9505361857546237 13.4838717609325762 0.947849631309509277 0.406000018119812012 48.5
19.4359176515107563 0.0438608065525229393 -1.57898545265197754 -0.812000036239624023 55.5
19.4736231538012028 -0 -1.01391160488128662 -0.893200039863586426 69.5
19.4862888129498444 -0.063354498353644248 -0.728369057178497314 -0.974400043487548828 69
19.4944621312553821 0.0438608065525229393 -0.462604910135269165 -1.05560004711151123 54.5
14.8444630727878657 12.609981883850347 0.938230574131011963 0.568400025367736816 49
14.6932596512570797 12.7878618215355786 0.910341441631317139 0.487200021743774414 53
14.7044409901501361 12.7878618215355786 0.707111895084381104 0.406000018119812012 45.5
19.5480488408665565 -0.626197385648338267 -0.813848018646240234 -0.812000036239624023 58
19.5555791879206673 -0.437848953246299022 -0.75384068489074707 -0.893200039863586426 71
19.5724966235182158 -0.313098692824169134 0.00133391888812184334 -1.05560004711151123 55.5
14.9933603734095851 12.5679772166451649 0.652480363845825195 0.568400025367736816 49
14.9769538621602951 12.5679772166451649 0.957832932472229004 0.487200021743774414 52
19.5826002630386853 -1.19335142171541508 -1.10465061664581299 -0.812000036239624023 53.5
19.601882796286759 -1.15160867651137799 -0.750036776065826416 -0.893200039863586426 64
15.2582453082760932 12.3632189471957101 0.677742958068847656 0.568400025367736816 46.5
15.0133805992285954 12.6775172640261076 -0.0388505756855010986 0.487200021743774414 50
19.6393423317294697 -1.05248131023788116 -1.50470089912414551 -0.812000036239624023 46
19.710499369921564 -0.736983399908961223 -0.169440895318984985 -0.974400043487548828 59
19.7052429575213601 -0.630995820657839657 0.617158174514770508 -1.05560004711151123 46.5
19.7946944507845295 -0.0445355907658801994 -0.456226825714111328 -0.893200039863586426 58
19.7920602558753025 -0.136080971784633936 -0.543942153453826904 -0.974400043487548828 59
19.7851065627623903 -0.0445355907658801994 -0.766552865505218506 -1.05560004711151123 48
15.474069361720252 12.3512038390707755 0.202482447028160095 0.568400025367736816 48.5
19.8738480410440346 -0.211103561452046867 -0.0352297462522983551 -0.974400043487548828 54
15.0129715266974895 12.941890102666072 1.46074509620666504 0.487200021743774414 50.5
15.1042751341665973 12.9907279206071298 1.050895094871521 0.487200021743774414 50.5
20.0193145602347471 0.0450416778533616127 -0.475059688091278076 -0.893200039863586426 54
20.0232215811969674 0.107599563760808301 -0.244371414184570312 -0.974400043487548828 52.5
14.9245500844485299 13.2022162419075482 1.98996448516845703 0.487200021743774414 47.5
20.0222570731497242 -1.6074798467232474 -0.73160785436630249 -0.893200039863586426 55.5
20.0312597033319584 -1.6074798467232474 -0.417928457260131836 -0.974400043487548828 55
20.1007844993917608 -1.41935639887925125 -0.987193644046783447 -0.893200039863586426 58
20.106868642049406 -1.53280406841666905 -0.628487229347229004 -0.974400043487548828 57
15.0995347518215564 13.2834615731701167 1.60759449005126953 0.487200021743774414 46.5
20.2033706396061135 -1.22978953756881637 -0.611503839492797852 -0.893200039863586426 49.5
20.1322132540784722 2.64647494462160005 0.89210134744644165 -5.1156001091003418 46
19.9559306160771186 3.85542127249096866 -0.0471122749149799347 5.03439998626708984 46
20.2261765581426189 2.56447032399240493 0.696659982204437256 -5.1156001091003418 52.5
20.2118298508777698 2.71997001560625806 0.49368855357170105 5.19680023193359375 52.5
20.1627704647911443 3.06665785264698076 0.467271178960800171 5.1156001091003418 50.5
20.0449224928266752 3.75238600091135144 0.529839038848876953 5.03439998626708984 47.5
14.994694789927566 13.8139808009093858 0.702220737934112549 0.487200021743774414 49
20.3030864771523092 2.47923213657193253 0.929364800453186035 -5.03439998626708984 49
20.3125971208375482 2.50993470173071831 0.569464325904846191 -5.1156001091003418 56.5
20.3124860495332946 2.57389837914485486 0.0600258633494377136 5.19680023193359375 56.5
20.3064089991832546 2.61995222688303286 0.106090888381004333 5.1156001091003418 49
15.8272087600667337 12.8822846312071011 1.66489064693450928 0.568400025367736816 46
15.6436421420132969 13.0997611344151643 1.70245397090911865 0.487200021743774414 50
20.3896068682500413 2.48831366518158248 0.612162530422210693 -5.03439998626708984 49.5
20.3930291383479769 2.51912869509095172 -0.284400582313537598 -5.1156001091003418 56.5
20.3825459703351299 2.51912869509095172 -0.712982714176177979 5.19680023193359375 54.5
20.3570328722857212 2.49739496283836582 -2.17827296257019043 -5.1156001091003418 50
20.2170491102535621 2.63914596692103842 -3.11391544342041016 5.19680023193359375 45
18.6271038118420442 8.49718810568290017 3.05267620086669922 -0.812000036239624023 45.5
20.4907150817044439 -0.11162950966200165 -3.42327666282653809 -0.812000036239624023 48
20.457851695782594 -0.0467286319515355722 -3.61590909957885742 -0.893200039863586426 49.5
16.1081452774198652 13.196386113749929 1.05145466327667236 0.487200021743774414 49.5
16.2935498073756442 13.0529767439111435 1.41268837451934814 0.568400025367736816 46.5
16.2073790483081943 13.1497235667326002 1.5037682056427002 0.487200021743774414 49.5
16.4075618438284643 13.0997608903535188 0.433779060840606689 0.568400025367736816 45.5
16.7358951804495106 12.9237562785024593 0.457060843706130981 0.568400025367736816 48
16.3359535669395584 13.1933315628393224 2.52886867523193359 0.487200021743774414 51
17.1878781449337197 12.4258698112950228 -0.821721434593200684 0.568400025367736816 49.5
17.2519011297421443 12.4910710349853638 -0.18732742965221405 0.568400025367736816 51
17.0417092749106907 12.7758663899274989 0.217822030186653137 0.487200021743774414 52
16.9345922875330892 13.0398740198683427 0.268133550882339478 0.568400025367736816 50
16.9260212678318247 13.0398740198683427 0.601777851581573486 0.487200021743774414 51.5
16.9071322647686557 13.3115964088895815 -0.525315284729003906 0.568400025367736816 45.5
14.6789886919000505 15.4929875359070515 2.79648017883300781 0.406000018119812012 48
12.9555640932411116 -17.2744102703784002 -0.555115878582000732 0.406000018119812012 45
17.8905771266543319 12.3500035133873141 -0.683480679988861084 0.568400025367736816 48.5
17.8422140844548878 12.5671336890676901 -0.230630755424499512 0.568400025367736816 49
17.4009045249732957 13.0907642594455105 1.47344911098480225 0.487200021743774414 50
17.2491223890494254 13.4860368306038456 0.452369630336761475 0.568400025367736816 46.5
16.8389310527286113 13.9880549294709233 1.91972434520721436 0.568400025367736816 45.5
16.0938167256733493 14.8338187532394823 1.96151101589202881 0.406000018119812012 45
16.94125006977346 13.9889551215367423 1.8723604679107666 0.487200021743774414 46.5
22.1168281269559017 -0.176942740964024181 -0.574640870094299316 -0.893200039863586426 54
22.1221696509560424 -0.353885481928048362 0.00150768598541617393 -0.974400043487548828 53
21.8652651282215196 3.2872643594722617 0.787225842475891113 5.19680023193359375 45.5
17.9526866225477164 12.8919375174256992 -1.00727212429046631 0.568400025367736816 45
22.1674564189069763 -0.638043549725653247 -1.01824760437011719 -0.812000036239624023 50.5
22.1809022225502552 -0.660236368846545574 -0.641645729541778564 -0.893200039863586426 62.5
22.1839295086438995 -0.660236368846545574 -0.526657938957214355 -0.974400043487548828 61.5
22.183837162294143 -0.710170211868553114 -0.461592614650726318 -1.05560004711151123 46.5
18.2160401000593168 12.547265110474477 -1.89263570308685303 0.568400025367736816 47
22.2413002751847344 -0.801640642366135858 -0.926102936267852783 -0.812000036239624023 50.5
22.2530206770388688 -0.762672000028893127 -0.630151808261871338 -0.893200039863586426 62
22.2557534653361522 -0.801640642366135858 -0.463152080774307251 -0.974400043487548828 61.5
18.3334179041308865 12.6119227450033371 -1.00044786930084229 0.568400025367736816 52
18.2793891819664047 12.6731591829618644 -1.19611287117004395 0.487200021743774414 51.5
22.3279455241720015 -0.76523987986166786 -0.632273495197296143 -0.893200039863586426 51
22.3310178073784869 -0.714968646878054503 -0.580484688282012939 -0.974400043487548828 49
18.3220505616935014 12.7968216406064297 -0.257507860660552979 0.568400025367736816 51.5
18.2695436299662397 12.869435643804982 -0.351973414421081543 0.487200021743774414 51
18.4924399736199696 12.9482166181291305 0.0631037056446075439 0.568400025367736816 50.5
18.4267776623648807 12.9989939382002238 1.05389535427093506 0.487200021743774414 50
22.6305739711764708 -0.798154269419203977 -0.492563992738723755 -0.893200039863586426 46
22.6362283419754817 -0.633994880673410255 -0.470949262380599976 -0.974400043487548828 45
18.5272859292464211 13.2510625941409543 -0.994522929191589355 0.568400025367736816 47.5
18.3770132580569658 13.4932342390564521 -0.240933865308761597 0.487200021743774414 48.5
17.8725227227417207 14.2693823984207988 0.47250935435295105 0.487200021743774414 46.5
19.188954208788747 12.8076931156605376 -1.16492295265197754 0.568400025367736816 47.5
19.1871826650445243 12.82610945309664 -2.10324239730834961 0.568400025367736816 49.5
18.990756389087295 13.219957022665648 -1.29019367694854736 0.487200021743774414 47
13.0383836421643746 19.1160868141546452 1.28703892230987549 0.406000018119812012 46.5
23.3191482156487204 -0.373079282981465477 0.365738451480865479 -0.893200039863586426 47.5
23.3169404902843631 -0.373079282981465477 0.486575007438659668 -0.974400043487548828 46.5
18.901894835129724 14.1704144246612582 0.241598367691040039 0.568400025367736816 46.5
18.3125661306990715 14.9261698606431921 -0.00483102072030305862 0.487200021743774414 49
19.8135985499549108 12.9833989634039337 0.736682713031768799 0.568400025367736816 47.5
19.5799411505002681 13.4612104137618047 -0.820016443729400635 0.568400025367736816 48
20.1267182400348617 13.0517764182276821 -0.752549886703491211 0.568400025367736816 46
20.0270794750611856 13.3482777679245856 -0.587547719478607178 0.568400025367736816 49
23.4699006431464916 5.94228653242341398 0.838836848735809326 0.730800032615661621 57
23.4415558192171538 6.03310089613849421 0.972522616386413574 0.649600028991699219 67.5
23.4360169382357988 6.03310089613849421 1.09792792797088623 0.568400025367736816 65
23.4277123952894932 6.00585658702396952 1.38657307624816895 0.487200021743774414 46.5
23.6744673392642682 5.44143939533465115 -0.632787466049194336 1.21800005435943604 47
23.6974761876377009 5.36248993982198385 -0.404214411973953247 1.13680005073547363 47
23.5232747024203981 6.05177941679796927 0.722214818000793457 0.730800032615661621 62
23.5190736949020511 6.05177941679796927 0.848057806491851807 0.649600028991699219 72
23.5321464440785597 5.96068389120642994 1.09470891952514648 0.568400025367736816 69.5
23.5196811482409842 6.02445075912050676 1.01029491424560547 0.487200021743774414 51
23.7681269499863923 5.37904100228291426 -0.531738817691802979 1.21800005435943604 51
23.8368535624182698 5.06836026489171498 0.506817042827606201 1.13680005073547363 50.5
23.5916641635305986 6.07045793745744522 0.850675284862518311 0.730800032615661621 55
23.5811330680975892 6.07045793745744522 1.10472631454467773 0.649600028991699219 65
23.5811330680975892 6.07045793745744522 1.10472631454467773 0.568400025367736816 62.5
20.9390275072266547 12.3449904769267551 1.81633687019348145 0.487200021743774414 46
23.6386444804673417 6.47250588657556403 0.892671644687652588 0.649600028991699219 45.5
20.1843177915115426 13.9256944832383329 0.379538267850875854 0.568400025367736816 48
20.1358289232466952 13.9900517860878058 0.550055980682373047 0.487200021743774414 47
20.6039500928992254 13.2981468985117992 -1.94848382472991943 0.568400025367736816 49.5
20.5867622302448972 13.378071036135772 -1.54029345512390137 0.487200021743774414 47
21.794720977912565 11.8563073889659041 -0.835933327674865723 0.568400025367736816 49.5
21.5512382042390662 12.1877192760097515 -2.64833831787109375 0.568400025367736816 51
22.3103391777062008 11.2751143650032617 1.61960363388061523 0.568400025367736816 46.5
22.1038106890975072 11.9314893067950827 -2.02512359619140625 0.568400025367736816 47
19.9863210513923484 15.3622296785209915 1.83700382709503174 0.487200021743774414 48
21.0036825905384852 14.1914078447702536 -0.267880409955978394 0.568400025367736816 47.5
20.7813861655824681 14.5145157912360041 -0.292072683572769165 0.487200021743774414 47.5
20.9862750272582055 14.3509472750205109 0.239205822348594666 0.568400025367736816 47
20.9843306399138534 14.3509472750205109 0.372667580842971802 0.487200021743774414 47
22.8606622265597643 -11.4538938381236122 -0.528280138969421387 0.568400025367736816 45.5
15.5752252586898603 -20.2073021033637303 -1.77706336975097656 0.406000018119812012 47
15.1032072520562934 -20.5908030131223327 -1.41161739826202393 0.324800014495849609 45.5
22.7763275606927245 -12.276949933951661 -0.176404640078544617 0.568400025367736816 45
23.301767101978438 12.2108488981117738 -0.963569402694702148 0.568400025367736816 51
22.0246493565369974 14.4988089937809992 -1.28819632530212402 0.487200021743774414 45
22.7458965536751379 13.6754626817230953 0.71309351921081543 0.568400025367736816 47.5
27.3546902102888474 -0.188142254891236677 -1.03743743896484375 -1.13680005073547363 52.5
27.3581901504866174 -0.147093035642239578 -0.947914063930511475 -1.21800005435943604 53
25.3113290699701672 10.4196601527037611 0.397516876459121704 0.649600028991699219 46.5
25.2900951077027933 10.4196601527037611 1.11017143726348877 0.568400025367736816 48.5
27.4219949407738781 0.174937144842805203 -1.22726547718048096 -1.13680005073547363 49.5
27.4339201835345641 0.0617425217092253606 -0.937416493892669678 -1.21800005435943604 50
25.4767256598559584 10.0983324395533032 1.56929779052734375 0.649600028991699219 50
25.4350922279685925 10.0983324395533032 2.14064311981201172 0.568400025367736816 51.5
27.5181246820679242 -0.440257556160719654 -0.429717361927032471 -1.13680005073547363 48
27.5210792715500503 -0.0894273160951461893 -0.455986827611923218 -1.21800005435943604 48.5
27.5982974472791511 0.110364287414810539 -0.28601112961769104 -1.13680005073547363 47.5
27.5998399069995415 0.0896709835245335651 0.028225211426615715 -1.21800005435943604 47.5
27.665443385013841 0.110664193416367587 -0.718788087368011475 -1.21800005435943604 45
22.9994815592233799 15.8392152383304445 1.65643131732940674 0.568400025367736816 47.5
23.0958050374764277 15.8816800537384157 1.07639777660369873 0.568400025367736816 49.5
22.8868443641262438 16.1515739765231991 1.45656371116638184 0.487200021743774414 49.5
23.188192352027869 15.8749420379461998 1.14441609382629395 0.568400025367736816 47.5
23.058362681158922 15.9241448691463852 2.3977656364440918 0.487200021743774414 47
25.2485451799023224 -13.2197229553915783 0.00582880387082695961 0.568400025367736816 45
23.3685975961090158 16.4326207455023479 2.16800808906555176 0.568400025367736816 46
23.3307819301084578 16.4970623954847078 2.08424949645996094 0.487200021743774414 46.5
23.4977986924856985 16.6482132655997042 0.361274689435958862 0.568400025367736816 46.5
23.3705784808602601 16.8137597010120672 0.744081795215606689 0.487200021743774414 46
26.233738898859368 13.7415540897600561 -0.775492608547210693 0.568400025367736816 45.5
26.1195613062504819 13.935928163003938 -2.37665939331054688 0.568400025367736816 48.5
25.724959499568989 -15.5550198832044924 -0.879505932331085205 0.568400025367736816 45
26.3447880289619789 15.7005198653218372 0.63362729549407959 0.568400025367736816 48
25.3213005066319283 17.5455230992311684 2.40758514404296875 0.568400025367736816 46
25.0031191832738813 17.8930356606155847 3.08113932609558105 0.487200021743774414 47
26.7799125724907299 15.5560318526441446 0.5448111891746521 0.568400025367736816 47
27.0902197979035293 15.4701941916654206 0.482837647199630737 0.568400025367736816 47.5
27.3530216449769803 15.6189466226988429 -0.332869142293930054 0.568400025367736816 51
27.1881203937055318 15.9062911548200674 -0.214753463864326477 0.487200021743774414 47
26.8177698089056911 16.6662071838080763 0.159299358725547791 0.568400025367736816 52
26.7107265957012316 16.8358679103477868 0.266929388046264648 0.487200021743774414 49.5
32.7991538850780486 11.3470631901023093 1.13380396366119385 0.649600028991699219 51.5
32.8049438868227767 11.3470631901023093 0.951593399047851562 0.568400025367736816 51.5
32.8870659345179064 11.3715711336670502 0.410444080829620361 0.730800032615661621 52
32.8843222026417266 11.3715711336670502 0.590739071369171143 0.649600028991699219 65.5
32.8843222026417266 11.3715711336670502 0.590739071369171143 0.568400025367736816 65
32.904133160885273 11.319388015654047 0.479241073131561279 0.487200021743774414 51
32.9772031890729451 11.3437822536626083 0.297204941511154175 0.730800032615661621 52.5
32.9750443492535865 11.3437822536626083 0.48027387261390686 0.649600028991699219 65.5
32.9579403415706906 11.3960778307060018 0.411328613758087158 0.568400025367736816 65.5
32.9772031890729451 11.3437822536626083 0.297204941511154175 0.487200021743774414 51.5
33.113465630875595 11.1803822493816813 -0.00238052196800708771 0.649600028991699219 52.5
33.1129841077829496 11.1803822493816813 0.178709745407104492 0.568400025367736816 52.5
33.0974919677087911 11.4169686901050795 2.49380683898925781 0.649600028991699219 46.5
36.5063080387995456 1.16842194507646169 -1.59655849074624712e-06 -1.13680005073547363 47
36.5722066444312546 0.919277577386220957 1.09027493000030518 -1.05560004711151123 45.5
36.5775154992002527 1.08849782794985361 0.678677141666412354 -1.13680005073547363 53.5
36.5569137867809957 1.17082119308891808 1.33467662334442139 -1.21800005435943604 47.5
33.8424644257263054 12.6823717517014476 5.77971601486206055 0.649600028991699219 48
33.6333011729649272 12.6274895082754046 6.99340629577636719 0.568400025367736816 50
36.6064671865222451 1.17322044110137469 1.90943253040313721 -1.05560004711151123 47
36.603261271497793 1.09072837883643436 2.01679444313049316 -1.13680005073547363 51.5
36.3526148050690239 0.587809783541504038 5.35764455795288086 -1.13680005073547363 46.5
36.7110071804606903 0.455561963650199186 2.85922002792358398 -1.21800005435943604 49
36.8681694099752448 0.737761289442450563 -1.34310102462768555 -1.13680005073547363 48
36.8789094609533805 0.760816329737527219 -0.98856276273727417 -1.21800005435943604 50.5
34.5137489618299753 13.4586895992154236 0.606203794479370117 0.649600028991699219 65.5
34.5014963641991628 13.4818383601359866 0.767836093902587891 0.568400025367736816 66.5
34.5079307633685985 13.4818383601359866 0.381413847208023071 0.487200021743774414 54.5
34.6386601402774517 13.3189243436079519 1.01736223697662354 0.730800032615661621 47.5
34.6327144374979383 13.3606764575377586 0.57706153392791748 0.649600028991699219 62.5
34.5882461599684277 13.4859327993271751 0.220203891396522522 0.568400025367736816 63
34.5870799592590714 13.4859327993271751 -0.35940706729888916 0.487200021743774414 51
34.8707013126985217 13.2269580399074442 2.02594470977783203 0.649600028991699219 50
34.7522046395761066 12.8862495230008651 4.60994529724121094 0.568400025367736816 50.5
37.6157422618720716 1.6043121563174072 0.0693055614829063416 -1.13680005073547363 51.5
37.6615832461308599 2.01292061190338822 -0.85382002592086792 -1.13680005073547363 48.5
34.9898830131975416 13.4257562124141696 4.31658554077148438 0.568400025367736816 47.5
32.2630266266709711 19.8164154920691971 -0.96047598123550415 0.568400025367736816 46.5
35.2374251070444089 13.4394387401719282 4.23178863525390625 0.649600028991699219 49.5
34.739247816233302 13.5579941277881222 7.04045677185058594 0.568400025367736816 51.5
35.4143531525523869 13.294942013015751 3.8689720630645752 0.649600028991699219 53
35.1900462578909696 13.3804705892252862 5.34082841873168945 0.568400025367736816 54
34.0861217706937865 13.6383783082679635 10.4623994827270508 0.649600028991699219 46.5
33.6386678135790973 13.8912058879595346 11.5241146087646484 0.568400025367736816 48
34.622011428786422 13.9202959168481737 9.06100654602050781 0.568400025367736816 45.5
39.4801385729802803 1.53603736945722757 1.08851933479309082 -0.974400043487548828 46
39.4801385729802803 1.53603736945722757 1.08851933479309082 -1.05560004711151123 55.5
39.4802501944993054 1.47676904651997121 1.16393792629241943 -1.13680005073547363 53.5
39.5672668033731583 1.53895208090986024 0.472457140684127808 -1.05560004711151123 64
39.5602395272973411 1.53895208090986024 0.882764637470245361 -1.13680005073547363 62.5
39.5766775903644401 1.35586131887235273 0.0917919650673866272 -1.21800005435943604 47.5
39.6287537861526431 1.90378407802957317 0.208275973796844482 -0.974400043487548828 47.5
39.6379874964201946 1.69059992345855314 0.278604209423065186 -1.05560004711151123 60.5
39.6392185891725219 1.54186679236249291 0.678903341293334961 -1.13680005073547363 60
37.222165290893102 13.7998752213656868 3.17876482009887695 0.649600028991699219 46
37.1077723657057135 13.7401570451462902 4.50022459030151367 0.568400025367736816 45.5
39.8193877882657219 1.91458051103939275 1.6615976095199585 -0.974400043487548828 46.5
39.8348197743634813 1.75503213511944334 1.45501625537872314 -1.05560004711151123 54
39.8419309866020939 1.70018738089696075 1.31908798217773438 -1.13680005073547363 49
37.1828015130840441 13.9505111195005753 3.85132193565368652 0.649600028991699219 46
36.7895459235436917 14.0402570809555467 6.43510532379150391 0.568400025367736816 47.5
39.9234430262826052 1.59848281921506441 1.25074267387390137 -1.05560004711151123 52.5
39.9409810768184599 1.27878625537205148 1.04097568988800049 -1.13680005073547363 55
39.9230155689200785 1.06399012654002734 1.73824131488800049 -1.21800005435943604 50
37.9845420739172397 8.51287711428534521 -9.41850185394287109 -0.974400043487548828 49
40.0207247032103055 1.12103731546144458 1.04292869567871094 -1.05560004711151123 53
40.0127721785475288 1.00593080539174262 1.40318334102630615 -1.13680005073547363 60.5
39.9799717995586477 1.12103731546144458 2.08514714241027832 -1.21800005435943604 57
40.0345951074541446 1.92537694404921211 1.8814016580581665 -0.974400043487548828 50.5
40.0896674181593937 1.49918673507998546 0.765921115875244141 -1.05560004711151123 65.5
40.0788902709773822 1.37383667361844841 1.34566318988800049 -1.13680005073547363 70
40.0465095107457572 1.19333258511383455 2.2065131664276123 -1.21800005435943604 64
40.1656870579586212 1.37640461875678066 0.929020285606384277 -1.05560004711151123 66.5
40.1462741081564687 1.37640461875678066 1.5563356876373291 -1.13680005073547363 70.5
40.1248776107785545 1.28598387737859787 2.09295654296875 -1.21800005435943604 64
40.1575003213092074 1.12523589270627311 1.46595621109008789 -1.29920005798339844 51
40.1562895790695009 1.74636306449490575 2.54916572570800781 -0.974400043487548828 50.5
40.1329279258664613 1.56518418748678889 2.99567484855651855 -1.05560004711151123 59.5
40.2483350157330904 0.860599665788555845 1.18602395057678223 -1.21800005435943604 58
40.250095004005118 1.01158206329532008 0.991144537925720215 -1.29920005798339844 48.5
40.2974826622930209 1.74961517019929014 1.08374106884002686 -0.974400043487548828 55
40.3177302629803904 1.61347796675438859 -1.76375465343880933e-06 -1.05560004711151123 63.5
40.3262358347374388 1.38154050903344539 0.0935304462909698486 -1.13680005073547363 65
40.3252115249982168 1.20002423777357659 0.748213768005371094 -1.21800005435943604 60.5
40.3490036133816972 0.277316525535910574 0.0605188310146331787 -1.29920005798339844 49.5
40.3056215897785393 -0 1.89195168018341064 -1.38040006160736084 49
40.4012261640453403 0.247523044724150015 1.36398911476135254 -1.13680005073547363 45.5
40.1509158962250225 0.277831988976086741 4.69123172760009766 -1.21800005435943604 47
40.3660190273750672 0.277831988976086741 2.16521954536437988 -1.29920005798339844 56.5
40.3734748929356684 0.833495966928260112 1.86243104934692383 -1.38040006160736084 50
40.3429402997405973 -0.484943108030987724 2.52840328216552734 -1.46160006523132324 49.5
40.4001106032813411 1.29558074739760065 2.53033781051635742 -1.05560004711151123 48.5
40.4085196543120801 1.2044852260962069 2.43939113616943359 -1.13680005073547363 53.5
40.4282564710608128 0.647790373698800326 2.32086682319641113 -1.21800005435943604 57
40.4634549867370126 0.323895186849400163 1.68934309482574463 -1.29920005798339844 62
40.4836799957058773 0.278347426198703285 1.11537075042724609 -1.38040006160736084 57
40.2959673197020294 -0.647790373698800326 4.0081634521484375 -1.46160006523132324 53
40.347694653505016 -0.258103977020615771 3.49955153465270996 -1.54280006885528564 47.5
40.4908801178706241 0.867010075059061691 2.46324014663696289 -1.13680005073547363 45.5
40.494433208187786 0.324494998852514316 2.53502368927001953 -1.21800005435943604 48.5
40.5697302829627162 0.162247499426257158 -0.633452534675598145 -1.29920005798339844 52.5
40.5711885217291552 -0.278862889638879508 -0.481321752071380615 -1.38040006160736084 53
40.5169048535828864 -0.486742498278771418 2.11524343490600586 -1.46160006523132324 56
40.5313835534735389 2.60075848684502731 1.69283056259155273 -1.29920005798339844 47.5
40.1809083543949512 1.76587553331224467 6.39547395706176758 -0.974400043487548828 48
40.6593431211619176 1.30277849143497004 1.90953493118286133 -1.13680005073547363 48
40.6952304855536013 1.1399311800055989 1.06050622463226318 -1.21800005435943604 49
40.3770898384045083 -0.325694622858742511 5.30191516876220703 -1.38040006160736084 50.5
40.4381123969137946 -0.432563170984267498 4.80600929260253906 -1.46160006523132324 53.5
40.6465235091034032 1.69775073139059796 3.10129046440124512 -1.21800005435943604 47
40.4815932153397426 -0.463949899569202462 5.06612586975097656 -1.38040006160736084 50.5
40.6247463158596531 -0.433359796300903433 3.7526552677154541 -1.46160006523132324 55.5
40.7059546789460995 -0.463949899569202462 2.72951197624206543 -1.54280006885528564 49
40.8525034116080263 1.17477609003392103 -0.677146613597869873 -1.13680005073547363 47.5
40.7187311042097164 -0.280924717182024608 3.55971670150756836 -1.38040006160736084 51.5
40.7500349846234258 -0.464802713882986163 3.15978670120239258 -1.46160006523132324 56
40.5754934749691074 -0.653788432714530021 4.89565372467041016 -1.54280006885528564 48.5
40.9093389178872116 1.53001116374614621 0.993798553943634033 -1.05560004711151123 48
40.9268422070135216 1.30997611344151643 -0.424353480339050293 -1.13680005073547363 47
40.6355699448405261 -0.281440180622200831 5.05704784393310547 -1.38040006160736084 46
40.649944679061278 -0.654988056720758216 4.90463685989379883 -1.46160006523132324 50
40.9771785631548013 1.96856304218095945 0.215362861752510071 -0.974400043487548828 49.5
40.9962927193389888 1.53281341044819497 -0.0727195143699645996 -1.13680005073547363 49
41.0031895960403148 1.22009896885174052 0.548189342021942139 -1.21800005435943604 45.5
41.0710669431460715 1.53561565715024373 0.140104100108146667 -1.13680005073547363 49.5
41.0281431382735562 1.47912143564973309 1.92711806297302246 -1.21800005435943604 47.5
41.05348085216351 -0.328693652366607358 1.92711806297302246 -1.54280006885528564 45.5
41.1056432127939146 1.2245600706249018 2.05120182037353516 -1.13680005073547363 47.5
41.5894699516736353 1.42519505394063328 0.961951971054077148 -1.05560004711151123 54
41.5578898047858445 1.3315691014919786 1.95173442363739014 -1.13680005073547363 56.5
41.6587718167441992 1.42776299907896576 1.18252158164978027 -1.05560004711151123 54.5
41.6442693822697763 1.42776299907896576 1.61440801620483398 -1.13680005073547363 56
41.3689481549243325 1.46944951000097901 5.03397941589355469 -1.21800005435943604 47
41.6303954357583166 1.67045949689611439 3.04475760459899902 -1.05560004711151123 46.5
41.6480897310535454 1.43033094421729801 2.92260289192199707 -1.13680005073547363 45.5
39.551642155789466 13.6752941447626757 0.276760876178741455 0.649600028991699219 51.5
39.5462309988872747 13.6752941447626757 0.710414648056030273 0.568400025367736816 51.5
39.6216989723346771 13.6998020883274165 -0.377294450998306274 0.649600028991699219 56.5
39.6216989723346771 13.6998020883274165 -0.377294450998306274 0.568400025367736816 56
41.9265672955034603 1.51151087196386746 1.96931767463684082 -1.13680005073547363 47.5
39.4757655286004123 13.9552340574719587 -3.30384540557861328 0.649600028991699219 51.5
39.4643524758531257 13.9394891525556677 -3.50077366828918457 0.568400025367736816 50.5
42.1239704754910491 0.674181857774175386 1.3187943696975708 -1.21800005435943604 48
39.6254891492670893 14.3263644777012278 1.09474098682403564 0.649600028991699219 60
39.6860210937612479 14.1578190132576829 1.09474098682403564 0.568400025367736816 60
39.7392413361649659 13.9629383199948354 1.56578266620635986 0.487200021743774414 47
39.7566375054412333 14.1830111173884745 1.09668886661529541 0.730800032615661621 53.5
39.7500023998185625 14.1830111173884745 1.31538534164428711 0.649600028991699219 67
39.7028994428430906 14.3307508165279387 1.12258803844451904 0.568400025367736816 67.5
39.7621342874440131 14.1830111173884745 0.875084400177001953 0.487200021743774414 54
39.7208356386463208 14.3773484979659276 2.19940996170043945 0.730800032615661621 50.5
39.7427900970709587 14.3773484979659276 1.75866150856018066 0.649600028991699219 63.5
39.7427900970709587 14.3773484979659276 1.75866150856018066 0.568400025367736816 63.5
39.7932927793020426 14.208203221519268 1.97762191295623779 0.487200021743774414 50
39.6017240259174557 14.4293150188949006 4.37479925155639648 0.649600028991699219 50
39.4052644789289701 14.4028392115207833 5.95181083679199219 0.568400025367736816 49
40.7362710986751679 8.48725365979595914 8.39793109893798828 1.21800005435943604 47
40.0471133827012054 14.0623184075744323 0.694557368755340576 0.568400025367736816 51
40.789367746164352 15.6867339369388894 1.42468249797821045 0.649600028991699219 48.5
40.8218623358501134 15.5610652220139194 1.81790721416473389 0.568400025367736816 50
40.7885223039014306 15.7136411285160875 2.79612183570861816 0.649600028991699219 57.5
40.7547156945232416 15.7136411285160875 3.25190925598144531 0.568400025367736816 58.5
40.8152438356035603 15.4126135206901083 3.87394046783447266 0.487200021743774414 46.5
40.5681777753391657 15.4390039064880753 6.39341163635253906 0.649600028991699219 54.5
40.5508141032441785 15.5376907212312538 6.26317214965820312 0.568400025367736816 55.5
50.7567176547583472 25.9194891350592442 0.967589855194091797 0.568400025367736816 46.5
50.7213984006028866 26.1675543503365553 0.393006354570388794 0.568400025367736816 45.5
56.6928130313335714 13.1804538731679273 2.85941743850708008 0.649600028991699219 52
56.7295786660828441 13.0493775363076931 2.72845911979675293 0.568400025367736816 49.5
56.7196423681556041 13.3797020758061525 2.93064594268798828 0.730800032615661621 48
56.7515353891814129 13.0661722723948888 3.64159703254699707 0.649600028991699219 59
56.7703854528577523 12.9349272384087808 3.81230592727661133 0.568400025367736816 56.5
56.7207507697682587 12.9515532773701008 5.33804988861083984 0.649600028991699219 54
56.7989552009031371 12.9515532773701008 4.4290919303894043 0.568400025367736816 51.5
57.0582387663392225 13.1165556264407144 1.82870972156524658 0.649600028991699219 48
57.0355698817924974 13.1165556264407144 2.43530964851379395 0.568400025367736816 45.5
57.0508319973588556 13.602398589761048 -0.00399478152394294739 0.649600028991699219 46
57.7072278579143827 15.5364727620938599 1.24287128448486328 0.649600028991699219 46.5
57.7311363958982966 15.7279797449837613 1.33009827136993408 0.649600028991699219 49.5
56.2790293991658785 22.2935865916765792 2.83318877220153809 0.568400025367736816 47.5
58.6408784862189947 15.5277759609181416 1.26158452033996582 0.649600028991699219 49
58.6305771607970101 15.2017533211137099 3.5802452564239502 0.568400025367736816 47
58.5687880093967479 16.1314995767396532 0.186376258730888367 0.649600028991699219 46.5
58.4341259093876388 16.9684252447379187 3.93403053283691406 0.649600028991699219 46.5
58.1387135834561022 16.5798353536370477 7.93410396575927734 0.568400025367736816 45.5
58.6457556096588775 16.6002289617429284 3.49433612823486328 0.649600028991699219 48
58.5861434397927496 14.6832486535523756 9.87450504302978516 0.649600028991699219 45
59.1430316650446031 14.3107412460958336 7.20625400543212891 0.649600028991699219 45
61.4258890513725646 14.829367348149928 2.08590006828308105 0.649600028991699219 49.5
61.3743791230006366 14.663455406588314 3.94584345817565918 0.568400025367736816 47
61.5223393577660573 14.8469587095537587 -1.20829224586486816 0.649600028991699219 48
61.4213717702993094 15.9158031207022113 3.08674502372741699 0.649600028991699219 45
55.1951258453219751 31.535396215986772 -1.99425733089447021 0.568400025367736816 48
64.0397058543763364 7.68107688767452057 0.408956944942474365 0.649600028991699219 46
63.391825634377021 11.9505804899366375 2.93107390403747559 0.649600028991699219 53
63.36200923761902 11.708502559688089 4.25415992736816406 0.568400025367736816 49.5
63.5247143537425103 11.8917520852564635 1.6791222095489502 0.730800032615661621 50
63.5263178697707147 11.7221007307793013 2.57338452339172363 0.649600028991699219 59
63.4772063130907966 11.7221007307793013 3.58597850799560547 0.568400025367736816 55.5
64.261531115642768 7.24685558617715131 2.69541120529174805 0.730800032615661621 52
64.261531115642768 7.24685558617715131 2.69541120529174805 0.649600028991699219 60.5
64.2339952428625764 7.65934401797964615 2.15743517875671387 0.568400025367736816 56.5
64.4479660442599993 6.73702020374766342 0.335760176181793213 0.730800032615661621 48.5
64.4214850527105654 6.95564946516735993 0.728936672210693359 0.649600028991699219 55.5
56.5033887860805351 31.8190001809048013 -1.91928970813751221 0.568400025367736816 47
74.9091304060997203 6.71562368532235077 4.99128961563110352 0.649600028991699219 47
74.6341944065715381 8.04225424802618427 7.60013818740844727 0.649600028991699219 50.5
75.0590962375276263 7.65387022149379259 3.40238237380981445 0.730800032615661621 70
75.0192955600062561 7.65387022149379259 4.18918848037719727 0.649600028991699219 77
75.000706059184111 7.41793094216291138 4.88818645477294922 0.568400025367736816 72.5
75.0281715588578777 7.24805466104467566 4.71861171722412109 0.487200021743774414 46.5
75.15539051300604 7.55755496997345322 3.14829039573669434 0.730800032615661621 75
75.137731034892937 7.55755496997345322 3.54477214813232422 0.649600028991699219 82
75.1223549560170483 7.42529775799891834 4.10585498809814453 0.568400025367736816 77
75.0158287133476449 6.95295057237557668 6.29625844955444336 0.487200021743774414 49.5
75.2344003425638306 7.93384853530102774 1.88294315338134766 0.730800032615661621 67.5
75.233019775611055 7.78254749052770745 2.47601723670959473 0.649600028991699219 74.5
75.2122693956140012 7.56505223866605725 3.54828858375549316 0.568400025367736816 70
75.4610438410923763 3.63482376353215741 5.52101421356201172 0.730800032615661621 50.5
75.4043024762417247 6.05803960588692902 3.9438173770904541 0.649600028991699219 56
75.4568217957740472 6.05803960588692902 2.76234292984008789 0.568400025367736816 50
75.2771664418291806 7.68427319240163964 -4.87149333953857422 0.730800032615661621 47.5
75.4452799316691625 7.44739670681589239 -1.40602755546569824 0.649600028991699219 53.5
67.4877075587544226 35.6820810583575962 1.23360514640808105 0.568400025367736816 45.5
67.5343501675904463 35.7553309293773367 -1.20356011390686035 0.649600028991699219 48
67.7047467359191444 35.4497298103228218 -0.406405746936798096 0.568400025367736816 53
67.5261352201179648 35.7553309293773367 -1.59948408603668213 0.487200021743774414 45
67.7678304161337195 35.4845171370565069 0.787534594535827637 0.649600028991699219 45
67.5923995821182899 35.7904181468587197 -1.60105359554290771 0.568400025367736816 50.5
94.6280264277731362 9.5294167188560408 6.44855022430419922 0.649600028991699219 46.5
