
X Y Z V_r Mag
4.09283706171991124 5.54063211662166033 0.400103241205215454 0 49
4.29787633375314737 5.46663128591150471 0.54298555850982666 0 46.5
4.93767071758567155 4.92371305954937188 1.03872859477996826 0 50.5
4.9307269416865962 4.96159455204545807 0.879211723804473877 0.0812000036239624023 45
4.28888833924003965 5.64117488182657922 0.740417182445526123 0 52
4.30667870287377674 5.64117488182657922 0.628726840019226074 0.0812000036239624023 46.5
5.04499452067316234 5.29028832644288816 0.763798773288726807 0 50
5.03688230527326652 5.42313582641531422 0.591642558574676514 0 52
5.12198317929150004 5.34427072029977968 0.578521668910980225 -0.0812000036239624023 45.5
5.04129546135888162 5.42313582641531422 0.5527801513671875 0.0812000036239624023 46
4.36396553720480629 6.17920063138861764 0.392319321632385254 0 51
5.07397350285546711 5.68975885325154618 0.635561823844909668 0.0812000036239624023 47
5.06927089332157088 5.75809007960573904 0.906930267810821533 0 52.5
5.08772392021904274 5.74554101488907953 0.882866561412811279 -0.0812000036239624023 45.5
5.12989650987742518 5.80132282187453363 0.932104349136352539 0 53
5.15461268375456161 5.76428480654670494 1.02126753330230713 -0.0812000036239624023 47
5.11446561175764547 5.80132282187453363 1.01335859298706055 0.0812000036239624023 48
5.02361309048771254 6.01455404220862722 0.777227818965911865 0 53
5.0411033594340342 6.01455404220862722 0.65425485372543335 -0.0812000036239624023 46.5
5.03438167666642666 6.00372941942323912 0.791117966175079346 0.0812000036239624023 47.5
4.78027060876778176 6.34006107139703889 0.393877863883972168 0 49.5
5.31983059915364542 5.98972776396214357 0.47243809700012207 0 51.5
5.31968830748346289 5.98170535945658521 0.566345393657684326 -0.0812000036239624023 45.5
5.32659273024492297 5.98972776396214357 0.388849884271621704 0.0812000036239624023 46
5.38232448758766768 6.02445075912050765 0.588713347911834717 0 54
5.35976671768643076 6.03760900170595161 0.655886530876159668 -0.0812000036239624023 48
5.26002168174950047 6.19771017785028011 0.866713345050811768 0 52.5
5.25387879669797542 6.21099025569963725 0.806836485862731934 -0.0812000036239624023 46
5.26687684059514538 6.19771017785028011 0.824027836322784424 0.0812000036239624023 47.5
5.52225238600208446 6.08859221899830239 0.704465627670288086 0 47
4.35180580881705215 7.08644496143541058 -0.386945396661758423 0 47.5
4.5268819845123911 7.07576075137877236 -0.0309252403676509857 0 47.5
5.68111514676526319 6.15403694304067539 1.29552757740020752 0 47.5
6.23277446457383277 6.49900058155633431 1.12745451927185059 0 51.5
6.23087243032568594 6.47858843525237038 1.24890255928039551 0.0812000036239624023 46.5
6.8687844782750016 6.14801049112287412 1.70657229423522949 0 52.5
6.85642517678622987 6.14801049112287412 1.75556933879852295 -0.0812000036239624023 46
6.86414237096014812 6.29756885232319163 1.58955740928649902 0 51.5
6.78541364495402544 6.34834617477770013 1.72022497653961182 -0.0812000036239624023 45.5
6.840322658366639 6.31764360771218314 1.61241626739501953 0.0812000036239624023 46.5
7.33044903280918891 6.28308877841659985 -0.626850724220275879 0 49.5
7.53288315467459046 6.18559207964330504 -0.237947672605514526 0 49.5
6.66559353302986857 7.21412855349771487 -0.238438546657562256 0 47.5
7.41353724232718658 6.75141535623763911 0.678495466709136963 0 52
7.43402787364832918 6.71122836006955836 0.834953784942626953 -0.0812000036239624023 46
7.42741698507567438 6.73383354541410384 0.70105290412902832 0.0812000036239624023 46
7.71812100580303984 6.54749059353768015 0.276772260665893555 0 48.5
7.99584345392109075 6.321954675448473 -0.373348832130432129 0 50.5
7.99813490974603081 6.321954675448473 -0.320528894662857056 0.0812000036239624023 45
8.01386464324265901 6.53908417995932201 0.375313222408294678 0 53.5
8.00467251407387614 6.53908417995932201 0.536745071411132812 -0.0812000036239624023 47.5
8.08783849899933927 6.45631096249148229 0.159466445446014404 0.0812000036239624023 47
8.19944215364724549 6.43665782705216127 0.13859143853187561 0 54
8.20017764597062992 6.43665782705216127 0.0845781564712524414 -0.0812000036239624023 47.5
8.23471393646496352 6.39236590919752246 0.0881310850381851196 0.0812000036239624023 48.5
8.30488763789223405 6.41604875338829128 0.336395740509033203 0 54.5
8.30488763789223405 6.41604875338829128 0.336395740509033203 -0.0812000036239624023 48
8.33350596260163634 6.38193479273632924 0.271279811859130859 0.0812000036239624023 49.5
8.22175122182009943 6.64555933789252329 0.264568567276000977 0 53
8.22175122182009943 6.64555933789252329 0.264568567276000977 -0.0812000036239624023 47
8.19634081823615013 6.68123841964298926 0.108144037425518036 0.0812000036239624023 48
8.11319057382649866 6.89896785056085005 0.0537304282188415527 0 48
7.75873780209376207 7.6009470976059621 1.38928496837615967 0 48.5
8.03706062156226508 7.51248495939923711 0.720320045948028564 0 46
8.94562424871245376 6.69305610251272576 0.243782132863998413 0 51.5
8.94893905309968218 6.69305610251272576 0.0106661459431052208 -0.0812000036239624023 45
8.94562424871245376 6.69305610251272576 0.243782132863998413 0.0812000036239624023 46
7.95562752897392755 7.95398857289021777 0.0674955546855926514 0 49.5
8.71001348218358729 7.29364012921970239 0.947886526584625244 0 51
8.73433717184207303 7.24805487841208063 1.06633496284484863 0.0812000036239624023 45
8.57204211785447079 7.59829455388450992 0.679447710514068604 0 45.5
9.00757110180937381 7.4227109795957853 0.810580134391784668 0 47
9.3111346234914194 7.15688436535644357 0.855814814567565918 0 50
9.3333606835613665 7.26614264523529929 0.716974020004272461 0 50.5
9.31639151222817397 7.29723883344600655 0.614534258842468262 0.0812000036239624023 45
9.43428954117816154 7.18397848968312847 1.2610553503036499 0 50.5
9.6213445913372766 7.10170187462388647 0.99777519702911377 0.0812000036239624023 46.5
9.67510599721686049 7.47011413882859276 0.200856178998947144 -0.0812000036239624023 45.5
9.51925869621459064 7.72190129659307445 1.0227196216583252 0 47.5
10.461667431882427 6.58910263574576671 -0.527146279811859131 0 49
10.4818825867761891 6.60725603334355593 -1.21524524688720703 0 52
10.4741387144688112 6.60725603334355593 -1.2802739143371582 -0.0812000036239624023 46
10.4862060241705652 6.57147386033510283 -1.36298620700836182 0.0812000036239624023 46
10.4699192545449016 6.83956826416771957 -0.690467238426208496 0 54.5
10.4838702015069494 6.83956826416771957 -0.429435431957244873 -0.0812000036239624023 48.5
10.4606467153467673 6.85208921293507434 -0.706667482852935791 0.0812000036239624023 48.5
10.5285811193301022 6.91988592021171733 -0.155479982495307922 0 56
10.5463175087374204 6.89311958104366163 0.141737684607505798 -0.0812000036239624023 49.5
10.5258201674354286 6.91988592021171733 -0.286890387535095215 0.0812000036239624023 50.5
10.6751458040458349 6.80585708805555534 -0.614164352416992188 0 56
10.6887482777285037 6.79160232571147837 -0.529564917087554932 -0.0812000036239624023 49.5
10.6711156284175814 6.80585708805555534 -0.680616319179534912 0.0812000036239624023 50.5
10.7246201723557633 6.86524765536982606 -0.642976999282836914 0 52
10.720461098476461 6.86524765536982606 -0.708947300910949707 -0.0812000036239624023 45.5
10.7076414756200471 6.88277323536728947 -0.732378840446472168 0.0812000036239624023 46.5
11.1925592018108553 6.51620715856262311 -0.785040736198425293 0 54.5
11.1775724762257056 6.55187686682049364 -0.696725606918334961 -0.0812000036239624023 48.5
11.1911821511738072 6.50323635555976143 -0.903325200080871582 0.0812000036239624023 49
11.2433806466377604 6.60931755783554564 -0.453659355640411377 0 55
11.2260091033554907 6.65008561580393742 -0.23576056957244873 -0.0812000036239624023 49
11.2187424650168381 6.63703983725405156 -0.626114726066589355 0.0812000036239624023 49.5
10.7475283277137059 7.51491245504464978 0.53137969970703125 0 49.5
11.2112295608677872 6.96734575537325806 0.0665954574942588806 0 52
11.2112295608677872 6.96734575537325806 0.0665954574942588806 -0.0812000036239624023 46
11.167009095064321 7.03827280733373417 -0.0251980219036340714 0.0812000036239624023 47
11.2749295631475981 7.00693284420164542 0.0669738426804542542 0 56.5
11.2217092336821445 7.09153359587169252 0.0950295180082321167 -0.0812000036239624023 50.5
11.2742559871024177 7.00693284420164542 -0.140280574560165405 0.0812000036239624023 51
11.2293076614090239 7.1883178010005695 -0.673234701156616211 0 55.5
11.2663613303938455 7.15328538656078905 -0.34946247935295105 -0.0812000036239624023 49
11.2201073843243453 7.1883178010005695 -0.812272906303405762 0.0812000036239624023 50
11.4903898180857382 7.22804577083907329 -0.0832938477396965027 0 50
11.7498048440031546 7.0695187357063034 0.58278346061706543 0 47.5
11.7962395863216312 7.10814988631014089 0.873457133769989014 0 48
11.6912294081070787 7.47100475612245862 -0.122026674449443817 0 51
11.7832156386824494 7.59558611265750461 0.404408544301986694 0 47
11.7538735050073644 7.75777727722164467 0.688014388084411621 0 50.5
12.0030682354529947 7.52803276439641067 -0.430951058864593506 0 49
12.0503313253784015 8.14536425013781162 -0.380874812602996826 0 52.5
12.0503313253784015 8.14536425013781162 -0.380874812602996826 -0.0812000036239624023 46.5
12.0445800758884189 8.14536425013781162 -0.532571136951446533 0.0812000036239624023 47
12.0989654290422095 8.18735109035580066 -0.687736392021179199 0 52.5
12.1066661709492411 8.18735109035580066 -0.535316348075866699 -0.0812000036239624023 47
11.6456709903730751 8.85572222978512613 -1.42988002300262451 0 50
11.2850761525838372 9.35139610620687733 -1.87058508396148682 0 47.5
12.9243401932757216 7.63490159161977466 -1.3875739574432373 0 49
12.6454058492435948 8.49448877184026152 -1.42386400699615479 0 48.5
15.5838715106992076 2.68344738530426863 -0.610504984855651855 0 47
13.5544705350220767 9.27096616738599444 0.325842142105102539 0 50.5
13.5441920672923928 9.28328093316069314 0.395254522562026978 0.0812000036239624023 45
13.5520670787986539 9.41226667108948511 0.0269976668059825897 0 49
15.0069938861504628 7.86225611170779004 0.526868045330047607 0 46
14.9781464192103879 8.07787733145266351 -0.503674924373626709 0 47.5
15.9743868507228761 8.92751159730300081 0.0923255234956741333 0 50
16.4497793607871898 8.18800659417579446 -0.0438452214002609253 0 49.5
16.134041890489442 9.22261573173365967 0.772044897079467773 0 49.5
16.0751953375665799 9.45816177412577019 -0.941772162914276123 0 46.5
16.7301862608992913 8.39728262202148557 1.07192468643188477 0 49
17.378277583311359 9.11465118808152397 1.02037358283996582 0 46.5
17.404297875041749 9.27514559818535567 -0.371140897274017334 0 47.5
17.9582836860885173 10.9896909862954448 0.939374208450317383 0 46.5
15.3512539363164908 14.9806590108503599 0.146237567067146301 0 48.5
21.3530283786503325 4.55372672202207696 1.70932424068450928 0 51.5
21.3027139273313288 4.65498146283627001 2.03362011909484863 -0.0812000036239624023 45.5
21.3076184732618934 4.7097137551682664 1.84771978855133057 0.0812000036239624023 46
21.4454116086359683 4.65719300360869415 1.1426011323928833 0 66.5
21.4370217273436552 4.67092293581272866 1.23984229564666748 -0.0812000036239624023 60
21.4511680208960946 4.65719300360869415 1.02887833118438721 0.0812000036239624023 61
21.5416314611550099 4.68686481420799606 0.440438359975814819 0 68.5
21.5318448801290678 4.68686481420799606 0.784557342529296875 -0.0812000036239624023 62.5
21.5436634391110111 4.68686481420799606 0.326205193996429443 0.0812000036239624023 63
21.6237254893184776 4.67792371423638897 -0.217206612229347229 0 61.5
21.6386595128674344 4.60051126506462804 0.345413833856582642 -0.0812000036239624023 55
21.6174974636243249 4.67792371423638897 -0.562578260898590088 0.0812000036239624023 56
23.2156019811651184 -14.9880816958292886 -1.51622533798217773 0 48
16.7671494725711767 -24.1406143007334855 0.673420190811157227 0 49.5
16.7090087709530373 -24.2795434040013518 -0.297402322292327881 0 50
16.7745654587575963 -24.2933208224027837 -1.2849278450012207 0 50.5
17.3217873894217931 -24.0069984569218668 -1.12270629405975342 0 51.5
17.4220886904575387 -23.9292579838925157 -1.22563421726226807 -0.0812000036239624023 46.5
17.3507164558481151 -23.9292579838925157 -1.99601066112518311 0.0812000036239624023 46
17.8244224998391267 -23.7523143124434633 -0.455573499202728271 0 51.5
17.7332119086255702 -23.8191176964472113 -0.522384583950042725 -0.0812000036239624023 46
17.2160342053827264 -24.2885414230099741 0.474991679191589355 0 46
17.6858059928356184 -24.1984208800783094 -1.28406167030334473 0 57.5
17.7428051428465245 -24.1534354346002402 -1.34331727027893066 -0.0812000036239624023 51.5
17.5687523611111622 -24.2808941967881005 -1.33310306072235107 0.0812000036239624023 51
16.7667928585982082 -24.8527051190218167 -2.39236187934875488 0.0812000036239624023 49.5
14.9521651574190901 -26.108989898803376 -1.94318771362304688 0 50
18.3826031443263922 -23.9644484825900257 1.15574288368225098 0 52.5
18.5382434450269891 -24.049219133699399 -0.780631780624389648 0 57
18.4435750069560704 -24.1289277198432899 -0.519764363765716553 -0.0812000036239624023 51
18.6057527532819229 -23.9998757232293727 -0.687469422817230225 0.0812000036239624023 51.5
18.8884250345086855 -23.8650778097360998 -0.942345798015594482 0 53.5
19.071142777057684 -23.7242921147488133 -0.807462871074676514 -0.0812000036239624023 47.5
19.0449498331925433 -23.7242921147488133 -1.28465616703033447 0.0812000036239624023 48.5
19.0050760560577103 -23.9826394674688821 0.00834483839571475983 0 46.5
19.8793894653470495 -23.5003114575722734 -1.65102899074554443 0 49
18.0432716791826451 -25.0826844305910335 0.330739855766296387 0 50
19.377724838454494 -24.4528875932776018 0.00850846339017152786 0 55
19.3771229869777279 -24.4528875932776018 -0.153151601552963257 -0.0812000036239624023 49
19.7842388062278118 -24.121494824554933 -0.421158075332641602 0.0812000036239624023 49.5
20.3872431694580669 -23.7105065133703405 -0.545822322368621826 0 54.5
20.2319665039355456 -23.8433822709860621 -0.535164773464202881 -0.0812000036239624023 49.5
20.273253459978207 -23.7964849447687463 -0.920989692211151123 0.0812000036239624023 48.5
20.843116451812886 -23.3991220306576935 0.931746244430541992 0 53
20.8152399673573143 -23.4226269247115901 0.963793158531188965 -0.0812000036239624023 48
20.8636108018964705 -23.3991220306576935 0.115418404340744019 0.0812000036239624023 47
21.2209890331203468 -23.1762946975153845 0.244237795472145081 0 46.5
20.0882769688340908 -24.6330545794987437 0.955957651138305664 0 52
20.0697554281792279 -24.6330545794987437 1.28745710849761963 -0.0812000036239624023 46.5
19.9344999832091681 -24.7761082921720686 -0.0173445530235767365 0.0812000036239624023 45.5
20.1969192323902433 -24.6433549595961807 0.897388100624084473 0 49.5
22.526641637723877 -22.6571998745931822 0.0653488636016845703 0 45.5
21.9739323845232732 -23.4158248124678963 2.01897144317626953 0 48
20.439592521628196 -25.0492451926603366 -2.12567234039306641 0 48.5
24.4757881107409005 -21.8915486254901488 -0.904688656330108643 0 51.5
24.8656546848079643 -21.6409969287525179 -1.53833293914794922 0 48
24.9646604762636883 -21.6901815130078752 -0.507343173027038574 0 54.5
25.1511868343494989 -21.4793965935788727 -0.0947085097432136536 -0.0812000036239624023 49
25.0996759430213956 -21.5124608946657752 -1.08443701267242432 0.0812000036239624023 49
25.0054013071951893 -21.7393660972632325 -1.02590358257293701 0 55
24.4403360249243384 -22.4985053626427671 -0.622888624668121338 0 53.5
24.5070069805428119 -22.4279250727064436 -0.543618917465209961 -0.0812000036239624023 48
24.3174831455144478 -22.6396659425154105 0.0792803838849067688 0.0812000036239624023 47
32.9330811650045803 -4.92680612703436616 -0.170271754264831543 -0.0812000036239624023 52.5
33.007251746302984 -4.93790208469942105 -0.170655235648155212 0 65.5
33.007692255017183 -4.93790208469942105 0.00227430602535605431 -0.0812000036239624023 59.5
33.0771939396468682 -4.96989809411664751 -0.319267839193344116 0 62.5
33.0771939396468682 -4.96989809411664751 -0.319267839193344116 -0.0812000036239624023 56.5
33.0720329531258841 -4.96989809411664751 -0.665866553783416748 0.0812000036239624023 57
33.0733722781322186 -5.47118601202020649 -0.379408299922943115 0 50
33.1036713716175868 -5.18212641414164921 -1.10376083850860596 0.0812000036239624023 45
33.3467908188262143 -4.66668714846217902 0.468340367078781128 0 52
33.3248391209735928 -4.69193523041959448 1.2027740478515625 -0.0812000036239624023 46
33.3075992206022349 -4.84763173582365248 1.053627610206604 0.0812000036239624023 46.5
33.3984757030250279 -4.85842780274100239 0.00229985988698899746 0 62.5
33.3965952825513028 -4.85842780274100239 0.354345351457595825 -0.0812000036239624023 57
33.3980305103381951 -4.85842780274100239 -0.172572717070579529 0.0812000036239624023 57
33.4902084221207375 -4.73396818494158378 0.355132788419723511 0 59
33.4684919816937452 -4.86922441879705659 0.530379533767700195 0.0812000036239624023 53
24.1487746172565387 -23.8002810338513697 2.16428565979003906 0 53.5
24.1487746172565387 -23.8002810338513697 2.16428565979003906 -0.0812000036239624023 48
24.1487746172565387 -23.8002810338513697 2.16428565979003906 0.0812000036239624023 47.5
24.841815573014518 -23.2358641596328681 1.54321765899658203 0 55.5
24.8300804198074339 -23.2358641596328681 1.72176146507263184 -0.0812000036239624023 50
24.8649003363385219 -23.2018251716678314 1.67771065235137939 0.0812000036239624023 49
25.3761995801908036 -22.8137111859997788 -0.314076423645019531 0 53
25.5650369668587416 -22.5962346868435233 -0.595561504364013672 -0.0812000036239624023 47.5
25.1718887640459812 -23.0354519302375351 0.509494602680206299 0.0812000036239624023 46.5
25.0845991493658893 -23.355140143549459 -0.275735408067703247 0 50
25.2219618199375084 -23.3118140527061861 -0.578415274620056152 0 51
21.4247564424804366 -27.0980316192143711 1.45162057876586914 0 47.5
21.5079958065929127 -27.156813195519554 0.732266664505004883 0 48.5
21.2793697001945183 -27.4368950481900242 0.480575799942016602 0 48
19.7178867216586156 -28.6659261618100167 -0.714087963104248047 0 52
19.4859599699072099 -28.8311727021845279 -0.317916125059127808 -0.0812000036239624023 46.5
18.9363840709740856 -29.2855231442999369 0.19259016215801239 0 53.5
19.5699498877045173 -28.9554430911720893 -0.319286435842514038 0 47.5
27.3357023344879515 -22.3579060435201704 -0.85969465970993042 0 50
27.4934926002500788 -22.2240092230233977 -1.8334120512008667 0 53
27.4934926002500788 -22.2240092230233977 -1.8334120512008667 0.0812000036239624023 47.5
27.1289423968866537 -24.3407238012111122 0.390144556760787964 0 50
27.383456994875953 -24.1489082476545285 1.02581167221069336 0 46.5
27.3371108011383726 -24.4405648921626231 -0.630067765712738037 0 46.5
36.5271934919627981 3.96771603890515223 0.764124095439910889 0 53
36.5336258116628017 3.94475471923556231 -0.543674111366271973 0.0812000036239624023 47
36.605231849878578 3.97581350094719266 0.57490915060043335 0 52
36.5851092510033311 3.97581350094719266 1.34288156032562256 -0.0812000036239624023 46
36.6077313552296957 3.97581350094719266 -0.384118109941482544 0.0812000036239624023 46
37.3382329294906512 4.20703867905434059 -0.194693073630332947 0 56
37.3387400415150736 4.20703867905434059 -1.64245545875019161e-06 -0.0812000036239624023 50
37.3382329294906512 4.20703867905434059 -0.194693073630332947 0.0812000036239624023 50.5
37.3881273186244627 4.38951097314997352 -0.618586599826812744 0 64.5
37.3939365278921869 4.36598733449429321 -0.392723619937896729 -0.0812000036239624023 58.5
37.3913787066237759 4.36598733449429321 -0.587787806987762451 0.0812000036239624023 59
37.4413246787507035 4.39825510750787174 -1.40654337406158447 0 61.5
37.4436383774362156 4.42653970626998028 -1.24718153476715088 -0.0812000036239624023 55
37.4482364534224175 4.39825510750787174 -1.20862078666687012 0.0812000036239624023 56
38.0890275909369223 3.46528487666567475 -0.52935868501663208 0 51
38.0940191239301953 3.4079284373277603 0.54239952564239502 0.0812000036239624023 45.5
38.1723126870911997 3.41461071792495341 0.143706321716308594 0 55.5
38.1550515254593918 3.59180650553115699 0.310931205749511719 -0.0812000036239624023 49
38.1723126870911997 3.41461071792495341 0.143706321716308594 0.0812000036239624023 49.5
38.2243557291345866 3.59883555244265052 0.712054729461669922 0 50
38.8444987354320403 -2.40284137402079834 0.697910606861114502 0 58
38.8566364452742334 -2.28124008991043414 0.33702734112739563 -0.0812000036239624023 52
38.8566364452742334 -2.28124008991043414 0.33702734112739563 0.0812000036239624023 52
38.930636629975389 -2.22715428827810946 0.667352974414825439 0 68.5
38.9164639917595494 -2.33924301613455699 1.01824438571929932 -0.0812000036239624023 62.5
38.9249776423943459 -2.33924301613455699 0.611524105072021484 0.0812000036239624023 63
39.000706573933094 -2.29003086101679409 0.745878338813781738 0 67.5
39.0014475191556542 -2.23143732086284619 0.873725056648254395 -0.0812000036239624023 61.5
39.0055040004617197 -2.23143732086284619 0.668636322021484375 0.0812000036239624023 62
39.0687899589365486 -2.23572035344758291 -1.16356706619262695 0 57
39.0760768742245261 -2.15744568024154049 -1.06218385696411133 -0.0812000036239624023 51.5
39.0626229284265989 -2.19169084976918382 -1.42499744892120361 0.0812000036239624023 51.5
39.1273640560184006 -2.42136033413559293 -1.33685934543609619 0 55.5
39.1257684958147109 -2.66643729103190763 -0.815584301948547363 -0.0812000036239624023 49.5
39.108215613520386 -2.66643729103190763 -1.4277273416519165 0.0812000036239624023 50.5
39.2101669334627516 -2.60278293625172852 0.527818918228149414 0 54.5
39.2267054368019998 -2.38670284343083017 0.243818983435630798 -0.0812000036239624023 48
39.2197687385518776 -2.38670284343083017 -0.776960015296936035 0.0812000036239624023 48.5
39.3686323377256429 -2.52398328263135863 0.20709480345249176 0 51.5
39.3471493689591156 -2.83948119296027857 -0.204408302903175354 0.0812000036239624023 45
39.3718800404210114 -3.31902608448635661 1.03195154666900635 0 55.5
39.3935244979061778 -3.16097722332033948 0.619756162166595459 0.0812000036239624023 49.5
39.4537108931057929 -3.1669753433514809 1.23900961875915527 0 54.5
39.4294652215363257 -3.1669753433514809 1.85678529739379883 -0.0812000036239624023 48.5
39.4645160451301535 -3.1669753433514809 0.826082348823547363 0.0812000036239624023 48
39.6049034666613622 -2.15663040089287605 0.952042698860168457 0 56.5
39.5563778831474622 -2.32519461613507783 1.99809253215789795 -0.0812000036239624023 50.5
39.5742534313874685 -2.53837877070609741 1.2413562536239624 0.0812000036239624023 51
39.6403673569889463 -2.41403131448693564 1.69596695899963379 0 50.5
39.7010825195545607 -1.55968278343394617 1.20577919483184814 -0.0812000036239624023 45
39.6964398921845785 -1.76830277357479271 1.06220698356628418 0.0812000036239624023 45
39.9441930873906514 -1.53354445468445255 0.332490086555480957 0 47
40.0567221447393749 -2.11089503501228748 -1.00932848453521729 0 46
36.1373089905763933 -17.4579518891155594 4.84723043441772461 0 47.5
36.4672027328813257 -17.4903400898676082 2.11684918403625488 0 46
36.5158259512441887 -17.8063357091053156 2.83806395530700684 0 49
36.8015515612187158 -16.7480815393937377 5.45781469345092773 0 48
36.7573500314859984 -17.8719197349073475 0.507172703742980957 0 50
36.8925988704088681 -17.0608796989016476 5.55997276306152344 0 49
37.1931143792823491 -17.6235157439512342 2.76522469520568848 0 50.5
37.0246238777349603 -17.8142352767170102 3.65960931777954102 -0.0812000036239624023 45
37.3114497982200035 -17.5513515964182361 1.16976058483123779 0.0812000036239624023 45
37.290231052231654 -17.6555588258050946 2.34001588821411133 0 55.5
37.18257598657042 -17.8466251248851719 2.59031867980957031 -0.0812000036239624023 49.5
37.3504779541088254 -17.6245751016299472 1.43940556049346924 0.0812000036239624023 49.5
37.3928235651850045 -17.687601907658955 1.69868338108062744 0 58.5
37.40938973073429 -17.6565619511085181 1.65637862682342529 -0.0812000036239624023 52
37.40938973073429 -17.6565619511085181 1.65637862682342529 0.0812000036239624023 52.5
37.5584773921124508 -17.5330678559584285 1.45876204967498779 0 58
37.4990372407408827 -17.6470872153527765 1.6056971549987793 -0.0812000036239624023 51.5
37.4771610512051438 -17.6885488005870855 1.65937936305999756 0.0812000036239624023 52
37.7544314579754072 -17.0559506623104831 3.17807435989379883 0 50.5
37.905616367560242 -16.8378837132033183 2.46022248268127441 -0.0812000036239624023 45.5
37.5597685312857266 -18.0085727183098712 1.96093165874481201 0 52
37.4872300554312545 -18.0085727183098712 3.04779386520385742 0.0812000036239624023 46
37.6917509362822472 -17.7747330841602178 2.92260289192199707 0 51
37.5887756130782904 -17.81649457158262 3.84800529479980469 0.0812000036239624023 45
37.3697092007619958 -19.0355900437949579 2.26959657669067383 0 49.5
37.7539147286659897 -18.7401488278165296 0.267248600721359253 0 52
37.7539147286659897 -18.7401488278165296 0.267248600721359253 -0.0812000036239624023 46
37.5114796612898616 -19.3591770050961003 1.03049778938293457 0 49.5
42.2963482438123393 -0.338290552893315888 0.441228687763214111 0 48
38.4290273231833979 -17.5269844816668332 3.41397809982299805 0 51
38.5040653556347934 -17.3946054447962375 3.24117660522460938 0.0812000036239624023 45
42.4356620943573475 -1.06621124101186737 0.283623248338699341 0.0812000036239624023 45.5
42.5663207683327371 -0.681379540796133165 -1.55057191848754883 0 47
39.3692540343997379 -16.2432510624061948 2.7155916690826416 0 50.5
39.3973909706794601 -16.2432510624061948 2.27120876312255859 0.0812000036239624023 45.5
38.9446516983678777 -17.548540006254612 1.71039092540740967 0 53
38.7086448484596133 -17.9171394767056249 2.85996651649475098 -0.0812000036239624023 46.5
39.0266401557896287 -17.4363575587260442 0.676148653030395508 0.0812000036239624023 48
38.4361887045142723 -18.8369046744836766 1.34575116634368896 0 52.5
38.3437248863895945 -18.9492839353257665 2.15964245796203613 -0.0812000036239624023 46
38.40443358361631 -18.9492839353257665 -0.0700698569416999817 0.0812000036239624023 46.5
38.3040696800981451 -19.2129833225577684 2.01736140251159668 0 48.5
39.8882391275256936 -16.3229209940951705 1.50210189819335938 0 46.5
40.068511747132959 -16.0490067918234338 1.78431200981140137 0 51.5
40.0937931636041256 -15.8924574487481287 2.48147296905517578 0.0812000036239624023 45.5
40.5063717074442096 -15.1784265315227671 2.84112262725830078 0 48
42.5979655652313198 -8.81133613345107314 0.154217630624771118 0 53
42.5939461578919492 -8.81133613345107314 0.604983031749725342 -0.0812000036239624023 47
42.5965516667617123 -8.81133613345107314 0.379605412483215332 0.0812000036239624023 47.5
40.6780925234793429 -15.8506496520584186 2.4342503547668457 0 51
39.2046707699119423 -19.6496413355302764 1.37874686717987061 0 45
41.6358171255795426 -15.6765281173822117 2.32550048828125 0 48.5
41.6616969080100716 -15.881360758898138 1.86444604396820068 0 51
41.6533879832426237 -15.8479028359510181 2.28687739372253418 -0.0812000036239624023 46
41.576358127259148 -16.1594085579547802 2.89310741424560547 0 47
41.8611160678648773 -15.5151141809540345 3.42474770545959473 0 49
41.8403353751170641 -15.8829735478102219 2.93943142890930176 0 49
38.697454464811841 -22.5618973316093339 3.42400336265563965 0 51
38.6292415253146899 -22.5618973316093339 4.12290859222412109 0.0812000036239624023 46
38.4569417150291457 -22.4927213089861269 6.33569669723510742 0 49
42.0346828343282013 -16.1302620092510587 3.37976479530334473 0 47
39.6908443794543189 -21.6350753029801268 2.94118833541870117 0 51
39.8612732280277484 -21.6708935041590429 0.584659159183502197 0 57
39.9269371828615292 -21.5291425000763716 1.10737323760986328 -0.0812000036239624023 51
39.8867187160063565 -21.625533182852589 0.52588808536529541 0.0812000036239624023 51
40.0071122204031866 -21.5647282215736276 -0.309858560562133789 0 54.5
40.0071122204031866 -21.5647282215736276 -0.309858560562133789 -0.0812000036239624023 48.5
39.8757141236774189 -21.8089429472854128 0.00929540768265724182 0.0812000036239624023 49
39.6352465902478528 -22.1943189869615196 3.9774024486541748 0 47
39.5613607427766496 -22.6474727447741557 2.86298394203186035 0 47.5
40.0317811563279591 -22.1358367975502119 0.72359764575958252 0 48.5
40.2857576503573753 -21.8400016441474882 0.0531124547123908997 0 53
40.3383488840068551 -21.7426550190949186 -0.07185373455286026 -0.0812000036239624023 47
40.1463685972129554 -22.0919576148717915 0.381147146224975586 0.0812000036239624023 47.5
40.1815849606960569 -22.1740001851802333 -0.75100398063659668 0 52
40.1885879337233334 -22.1740001851802333 -0.0344245098531246185 -0.0812000036239624023 46
40.1253580748754572 -22.2715061352961285 -0.863643467426300049 0.0812000036239624023 46.5
40.0402399615208395 -22.503228404531022 2.02105855941772461 0 47.5
40.2173223641792248 -22.4133422320437532 0.900990486145019531 0 53
40.2367808860484786 -22.3442895730490072 1.52867722511291504 -0.0812000036239624023 47
40.1303969263881086 -22.5859738795306129 0.166398018598556519 0.0812000036239624023 46.5
40.2928846522854656 -22.4498445589908719 -0.0597490072250366211 0 51
40.3312836804517048 -22.3806794409657357 0.0911965221166610718 -0.0812000036239624023 45
46.3428200923563764 0.370680065476714782 0.726772904396057129 0 57.5
46.3292314452914127 0.249050668992167767 1.3649214506149292 -0.0812000036239624023 52
46.3373896879518838 0.318553181269051799 1.03323590755462646 0.0812000036239624023 51.5
46.4185811048828896 0.446696102592919198 0.629836380481719971 0 56
46.4106595622133398 0.249453667681760055 1.12666904926300049 -0.0812000036239624023 50.5
46.4228791534136249 0.371279877479828879 0.243710443377494812 0.0812000036239624023 50.5
46.4983524118052145 0.104591154086785473 -0.377253621816635132 0 48
46.5705859203358585 0.320099545372020733 0.555673956871032715 0 52.5
46.5735726115671085 0.10475985121266132 0.349287420511245728 -0.0812000036239624023 47
46.5698669539727419 0.250259644563579853 0.644573569297790527 0.0812000036239624023 47
46.647867334075265 0.373079282981465477 0.244891583919525146 0 51
46.6490029313249011 0.186539641490732738 -0.241714760661125183 -0.0812000036239624023 45.5
46.6355885207060226 0.250662643253172113 1.13212954998016357 0.0812000036239624023 45
46.7173722514257719 0.105097245464413014 0.83776170015335083 0 49
46.7938737590982399 0.187139453493846863 0.733828961849212646 0 48
46.875 -0 -2.04897128242009785e-06 0 52
46.9308686824483274 0.416546461476896113 -1.27380669116973877 0 49.5
47.013331503499991 0.376078312489330269 -0.977765440940856934 0 48
40.6113103253087644 -23.854319352623083 -0.321107566356658936 0 52
40.5256299458350782 -24.0014592450029447 0.115600079298019409 -0.0812000036239624023 45.5
40.5265020755944079 -24.1457879357157452 0.254081040620803833 0 54.5
40.5204266685071843 -24.1457879357157452 0.746136009693145752 -0.0812000036239624023 48
40.588701030875356 -24.0396785160763748 0.363431483507156372 0.0812000036239624023 48.5
40.2884127523834366 -24.6860427956286301 -0.0740881338715553284 0 50
47.321926834032503 -0.538147737960333883 -0.0354932434856891632 0 52.5
47.3124347180723248 -0.538147737960333883 0.948520898818969727 -0.0812000036239624023 47
47.3189466942088472 -0.756955059988161927 0.00322491489350795746 0.0812000036239624023 47
40.7746577351461994 -24.1543343853837804 -0.869246423244476318 0 60
40.7791537319756969 -24.1543343853837804 -0.623677194118499756 -0.0812000036239624023 54
40.7686814628202328 -24.1543343853837804 -1.1147921085357666 0.0812000036239624023 54
40.6801487023141419 -24.4061220555823795 -1.82828032970428467 0 59
40.6904508356522854 -24.4061220555823795 -1.58245086669921875 -0.0812000036239624023 53
40.6801487023141419 -24.4061220555823795 -1.82828032970428467 0.0812000036239624023 53.5
47.5490416942175216 -0.255498586533550065 -0.162089720368385315 0 49.5
47.5489681861086737 -0.190138483001711683 0.249616190791130066 0.0812000036239624023 45
41.5507389437966239 -23.7259233775067919 -0.489331066608428955 0 52
41.5505024612952738 -23.7259233775067919 0.508902490139007568 -0.0812000036239624023 46
45.4518315107296118 -15.1753339472750657 0.803736984729766846 0 50.5
45.5138766781610897 -15.2470660179847286 0.117808990180492401 0 52.5
45.4770738248245152 -15.3550310802678602 -0.242163777351379395 -0.0812000036239624023 46.5
45.5138766781610897 -15.2470660179847286 0.117808990180492401 0.0812000036239624023 46.5
40.9582615889601058 -25.1531139247512066 0.973385334014892578 0 48
45.9497146226402506 -14.2477898374782175 2.01172161102294922 0 47.5
45.8999243659847167 -14.6556580946094765 2.01485514640808105 0 51
45.8881235539988666 -14.6556580946094765 2.26776814460754395 0.0812000036239624023 45
46.0938730224875499 -14.4189224182930715 -0.582839429378509521 0 51
46.0862043808233395 -14.4551357018886169 -0.0329310186207294464 0.0812000036239624023 45.5
46.2453123094488276 -14.0363026807141296 -2.11997032165527344 0 50.5
46.2996904384390362 -14.2094207759528803 1.35412263870239258 0 46.5
46.3909180781762913 -14.2314170067545813 -0.158795744180679321 0 53.5
46.5028508175515114 -13.8615335651644536 -0.135639965534210205 -0.0812000036239624023 48
46.3864251886843064 -14.2314170067545813 -0.664941966533660889 0.0812000036239624023 47.5
46.4352628118208131 -14.3262896580295127 0.69578784704208374 0 53
46.5078202359465251 -14.1015873615703828 -0.357844650745391846 -0.0812000036239624023 47.5
46.3378780963062127 -14.5752840946463884 1.52391505241394043 0.0812000036239624023 47
42.1155274126157693 -24.9569313022742527 -1.40884637832641602 0 51
42.1062778478904534 -24.9569313022742527 -1.66248190402984619 -0.0812000036239624023 45
42.162358439261773 -24.8712527740173037 -1.51898288726806641 0.0812000036239624023 45
42.0632383582354947 -25.2158041831172994 -0.866070151329040527 0 50
46.8299303081761451 -14.0574833113595705 4.7550959587097168 0 51
46.9116738375569824 -14.0329287553571955 3.95445919036865234 0.0812000036239624023 45.5
47.0321624164405918 -14.1650163912025828 2.82277274131774902 0 51.5
47.0319736193017448 -14.2756805817588539 2.19969034194946289 0.0812000036239624023 46.5
47.1719370848650925 -14.0757767356325463 2.16948318481445312 0 50
47.0876503833040445 -14.1866096233146912 3.08528447151184082 0.0812000036239624023 45.5
37.446152938326648 -32.1349588019223305 0.743531167507171631 0 51
37.5227266253178868 -32.1467398592187621 1.20958244800567627 0 52
37.7945348530684626 -31.9357304936450532 1.39021706581115723 0 51.5
38.3710959804286134 -31.3212648562603242 2.07801342010498047 0 48.5
47.2161504217177921 -14.5150035832336837 5.70312786102294922 0 48.5
39.392923495985265 -30.8054322385231636 1.31291413307189941 0 53
39.3720847498444897 -30.8054322385231636 1.83446693420410156 -0.0812000036239624023 47.5
39.3254444543924251 -30.8866965686978361 1.42201042175292969 0.0812000036239624023 47
39.7758292212801834 -30.4509474022075821 0.795814633369445801 0 56
39.7697900181981083 -30.4509474022075821 1.05535972118377686 -0.0812000036239624023 50
39.7830088682098264 -30.4509474022075821 -0.249342292547225952 0.0812000036239624023 50
39.7878019335858397 -30.496533114444258 2.10316348075866699 0 48.5
41.6468380478850122 -28.1728836239899678 2.10602235794067383 0 47
42.1082393254907572 -27.6795436808468693 -0.948314428329467773 0 47
42.8660627233667242 -26.9953521547169863 -2.05955076217651367 0 48
49.1632230631968383 -13.2362175261617203 1.06580114364624023 0 48.5
47.8912875712642148 17.2834455774303954 -1.03108835220336914 -0.893200039863586426 46.5
47.7297650607004726 17.5125339576908878 -2.92174053192138672 -0.974400043487548828 48
40.4104174280591408 -30.9979713118763804 2.66913485527038574 0 49.5
40.5014826210834968 -31.0435547055274164 2.14088845252990723 0 49.5
43.4118340424854452 -26.7939302284677368 -3.71761441230773926 0 48.5
50.7863938850268326 6.55467918526331861 1.33393311500549316 0 58.5
50.7695532872440296 6.55467918526331861 1.86800026893615723 -0.0812000036239624023 52.5
48.0500730101246063 17.7501224421242014 0.35272449254989624 -0.974400043487548828 47.5
50.7874558724476657 6.66989815531677532 0.38415992259979248 0.0812000036239624023 53.5
50.8618160045704641 6.67966384449247741 0.384722411632537842 0 69
50.8719866923463897 6.56427617731314417 0.800891757011413574 -0.0812000036239624023 62.5
50.8630496141924056 6.67966384449247741 -0.150392860174179077 0.0812000036239624023 63.5
50.9414037444611694 6.57387316936296973 -1.07171511650085449 0 69.5
50.9498571367873794 6.57387316936296973 -0.535887837409973145 -0.0812000036239624023 63
50.9351110394681115 6.57387316936296973 -1.33783769607543945 0.0812000036239624023 63.5
50.9229379826049424 6.75062808296287109 -2.89583206176757812 0 61
50.9699975173076822 6.58346967328950328 -2.41241240501403809 -0.0812000036239624023 55
50.9418063874489064 6.58346967328950328 -2.94835877418518066 0.0812000036239624023 55.5
49.504697326835597 -13.7334093722351476 3.93753790855407715 0 49.5
49.7176346625088357 -13.5599625698138606 2.61621713638305664 0 48
48.2459901851881838 18.6239746166872706 1.88009262084960938 -1.21800005435943604 46
39.9981054758036265 -32.9500377850324782 -0.526447117328643799 0 50
40.3702920490140045 -32.6150841506956297 0.325528800487518311 0 63.5
40.2146526964028865 -32.7901899912342643 1.09327685832977295 -0.0812000036239624023 58
40.3977758146696573 -32.5826571431884702 0.0141535010188817978 0.0812000036239624023 57.5
40.6731232379572063 -32.4686949676284939 0.826789438724517822 0 70
40.6731232379572063 -32.4686949676284939 0.826789438724517822 -0.0812000036239624023 64.5
40.6731232379572063 -32.4686949676284939 0.826789438724517822 0.0812000036239624023 64.5
40.9595120253638143 -32.2353990432410882 0.461980313062667847 0 63.5
40.9616668037391207 -32.2353990432410882 0.191903814673423767 -0.0812000036239624023 57.5
40.9616668037391207 -32.2353990432410882 0.191903814673423767 0.0812000036239624023 57.5
52.0813512455867453 5.2333067200318979 -0.817282617092132568 0 51
52.3664439911411108 1.96155288001601935 3.18718719482421875 0 49
51.8696404734966094 1.02488086131645928 8.52178764343261719 0 52
51.8011753761909546 1.14313634531451225 8.91414737701416016 0.0812000036239624023 45.5
44.1437231380934634 -29.8523401483942656 -1.93004345893859863 0 47
44.8059636810151432 -28.8667094983787074 -3.27089190483093262 0 46.5
50.0271627563363239 18.817111549550436 1.66584324836730957 -1.05560004711151123 48
40.5353059873721904 -33.8326536122115726 8.93550777435302734 0 47.5
41.6408817505827287 -33.84018722654546 2.13752126693725586 0 55.5
41.5903840711053761 -33.9274214985948461 1.69115173816680908 0.0812000036239624023 50
41.4454475446977142 -34.1898370686563169 2.25406312942504883 0 58.5
41.4959616758858871 -34.1159203611572508 2.43719601631164551 -0.0812000036239624023 52.5
41.5113752709888999 -34.1159203611572508 2.15881967544555664 0.0812000036239624023 52.5
41.3707250249373715 -34.45285245072089 1.13435375690460205 0 52.5
47.9004168514228752 24.7982269949668712 2.56875371932983398 0 55
47.7726851923928066 25.0478962191338823 2.52462387084960938 0.0812000036239624023 49
48.0476804126009611 24.792124442292053 0.936364233493804932 -0.0812000036239624023 48
47.7242648826801243 24.9015522327561563 6.53130197525024414 0 52
48.4056984652462816 24.1421139194042915 4.74730777740478516 0 47
53.3095184140834419 -11.7010889941297709 -1.52972817420959473 0 47.5
53.3390433517291385 -11.9494556736850495 -1.22999691963195801 0 48.5
44.8301058801102954 -32.037931552031111 -1.61206209659576416 0 47
54.6296777002519391 -12.0323502207754132 1.10613179206848145 0 50.5
54.5800404482541808 -12.0812906342242385 2.33760809898376465 0.0812000036239624023 45.5
54.6600496885680158 -12.2445036119683159 1.07324576377868652 0 45.5
54.8818193641776659 -11.3226209668093549 3.92621445655822754 0 45
46.0382007402673423 -32.2629993155514967 -1.90943562984466553 0 47.5
45.7493903612508248 -32.8198142601026106 -1.53583288192749023 0 51.5
45.9992326628863282 -32.4758916133884483 -3.21666908264160156 0 46.5
57.1166978717090927 9.39123622415934634 -1.37752759456634521 0 49.5
57.1226540564968488 8.71517072195766396 -4.70626592636108398 0 49.5
57.6973031379434431 9.11135202376430975 -1.21878254413604736 0 50
57.8104851024201878 8.95491525507665642 -0.0877461731433868408 0 49.5
46.9429351838463802 -34.9799215060045583 1.94844925403594971 0 47
47.0747849279363137 -34.980737321621497 0.367866367101669312 0 49.5
58.510925609587872 6.21666055374839477 2.02261757850646973 0 55.5
58.5166886141533382 6.27551651165370483 1.63747072219848633 -0.0812000036239624023 50
58.5311416935239706 6.05480666950879165 1.92633652687072754 0.0812000036239624023 49.5
58.6208058293835776 5.97412308878795439 1.73596799373626709 0 65
58.6109697140416017 5.97412308878795439 2.04125618934631348 -0.0812000036239624023 59
58.6357856399345607 5.97412308878795439 1.12124085426330566 0.0812000036239624023 59
58.739742334074883 5.66456708089205296 1.22727680206298828 0 69.5
58.7306298556788491 5.53180378993364563 2.01570367813110352 -0.0812000036239624023 63.5
58.7493344506548354 5.66456708089205296 0.615686118602752686 0.0812000036239624023 64
58.8422871815761113 5.43544129055736303 0.922664761543273926 0 70.5
58.8366065473255162 5.43544129055736303 1.23286533355712891 -0.0812000036239624023 64
58.846292132528113 5.43544129055736303 0.616468429565429688 0.0812000036239624023 65
58.960128835441715 5.00606466040431997 0.568840146064758301 0 63
58.9587606562598694 4.96909224784594272 0.923835635185241699 -0.0812000036239624023 56.5
58.9455809229917662 5.20571568821955921 -2.58662157648359425e-06 0.0812000036239624023 58
59.0853784312324279 4.39048576251493206 0.452416092157363892 0 50.5
59.0067362473484422 5.50061381078672351 2.72106194496154785 0 49.5
59.2715163244820715 4.75646098251983318 1.24068808555603027 0 50.5
59.4530205048927343 5.40856234720897611 0.41922295093536377 0 48
59.5627314845195102 4.98959798321091252 0.660183370113372803 0 51.5
59.4566514012111327 8.65879821476277911 -2.8203423023223877 0 45
59.150418154891689 10.1523148181563414 7.23608589172363281 0.0812000036239624023 47.5
59.6081192418147268 10.3691166689538701 1.62148594856262207 0 63
59.5986348190170148 10.3691166689538701 1.93908131122589111 -0.0812000036239624023 57
59.6158239953810849 10.3691166689538701 1.30797195434570312 0.0812000036239624023 57.5
59.7384089442999056 10.1775069222871331 -0.318128138780593872 0 61.5
59.7507639899221559 10.1093539741468188 0.086765781044960022 -0.0812000036239624023 55
59.7007398812742807 10.3365304679478704 -1.1567537784576416 0.0812000036239624023 55.5
60.510317092969423 7.2155809190690654 -2.09476017951965332 0 52
60.4884822591472116 7.47464084646964455 -1.79559862613677979 -0.0812000036239624023 46
60.4938242108855775 7.31463324425163908 -2.22354745864868164 0.0812000036239624023 47
60.7334306369077268 6.18694195219371146 0.524431228637695312 0 60
60.7298165920660438 6.18694195219371146 0.844900012016296387 -0.0812000036239624023 54
60.7341804876925551 6.18694195219371146 -0.428700953722000122 0.0812000036239624023 54.5
60.8353852584757178 5.86610208347604978 0.954278945922851562 0 60
60.8395290059034011 5.86610208347604978 0.637591123580932617 -0.0812000036239624023 53.5
60.8539497355720016 5.72861531589458028 0.49590793251991272 0.0812000036239624023 54
60.8641858182893003 5.87329946142095061 2.54861569404602051 0 47.5
60.840842011499042 10.8864777847188101 2.89701247215270996 0 58
60.8552487206045356 10.8864777847188101 2.57672572135925293 -0.0812000036239624023 51.5
60.840842011499042 10.8864777847188101 2.89701247215270996 0.0812000036239624023 52.5
60.9419008411770449 10.8996729776177936 2.2548830509185791 0 63
60.9623713553826363 10.8996729776177936 1.60899639129638672 -0.0812000036239624023 57
60.9623713553826363 10.8996729776177936 1.60899639129638672 0.0812000036239624023 57.5
61.0876309766006926 10.6648490952843442 1.28965437412261963 0.0812000036239624023 57.5
61.1565296352430749 10.18110574854426 3.55443525314331055 0 59
61.1562416078121274 10.3595854987092899 3.00058484077453613 -0.0812000036239624023 53
61.1713473110781436 10.3595854987092899 2.67492437362670898 0.0812000036239624023 52.5
57.6478548038428968 -12.6948926847382655 -19.7642917633056641 0 50.5
62.1421400184401094 10.4276538408779 2.84151291847229004 0 56
62.064231204928241 10.6956358745814875 3.47714543342590332 -0.0812000036239624023 50
62.1557232872854541 10.6956358745814875 0.85142970085144043 0.0812000036239624023 50
62.2650279640705548 10.534747438628683 0.0904168188571929932 0 57
62.2786778392351792 10.4400530796297755 0.542470633983612061 -0.0812000036239624023 51.5
62.2104257934146503 10.6057682078778654 -2.30286216735839844 0.0812000036239624023 51.5
62.3354658404644297 10.8840784146755318 1.64837419986724854 -0.0812000036239624023 50.5
62.3433636777921052 10.8840784146755318 1.31616473197937012 0.0812000036239624023 51.5
62.3829180741394325 11.1503923814109136 0.656739532947540283 0 54
62.3405503432557992 11.4038103900793448 -2.77020944849937223e-06 -0.0812000036239624023 48
62.4276374831728234 10.8969743727424859 -0.661058723926544189 0.0812000036239624023 49
62.8014224517405921 9.54948187242132462 0.463408797979354858 0 47.5
64.1412990717419973 2.78702630372399707 3.06628608703613281 0 49.5
64.2089533400379935 2.50079722413376215 3.44667601585388184 0 49
64.265027666250063 2.50371178733801214 3.78397965431213379 0 47.5
64.4418248857160734 2.50662635054226213 1.10369908809661865 0 52
64.9233056356114275 0.779147921057149695 1.69134140014648438 -0.0812000036239624023 47.5
64.8887984838917475 0.779147921057149695 2.70920610427856445 0.0812000036239624023 47.5
64.9379033421218708 0.576910199211652319 3.31460261344909668 0 52
65.1449709763057001 1.63699221761698466 -1.11080396175384521 0 46
65.486146917900399 1.35307776624369636 4.04650592803955078 0 54
65.4639979873084172 1.35307776624369636 4.39029932022094727 -0.0812000036239624023 47.5
65.486146917900399 1.35307776624369636 4.04650592803955078 0.0812000036239624023 48.5
65.5609927966148121 1.354624235216904 4.05113077163696289 0 54
65.4372731653838571 1.40388329831570058 5.69935894012451172 -0.0812000036239624023 47.5
65.5637944319269081 1.40388329831570058 3.98853707313537598 0.0812000036239624023 48.5
64.9145003766892046 12.3272586029886906 -0.229743719100952148 0 46.5
65.8044307887124944 -6.70378704536943104 0.811761677265167236 0 58.5
65.8041681011793571 -6.61286021738044916 1.37993299961090088 -0.0812000036239624023 52.5
65.8077640524746954 -6.70378704536943104 0.469026416540145874 0.0812000036239624023 53.5
65.8279949342728088 -7.0589569827464258 1.61170148849487305 0 62.5
65.8282623106142779 -6.99275340025876879 1.86896979808807373 -0.0812000036239624023 56
65.8494904181417695 -6.99275340025876879 0.835259020328521729 0.0812000036239624023 56.5
65.1696252728787186 12.5905819117213458 0.194589331746101379 0 57.5
65.1696252728787186 12.5905819117213458 0.194589331746101379 -0.0812000036239624023 51.5
65.1697340674813006 12.5905819117213458 -0.153853744268417358 0.0812000036239624023 52
65.1915451532237569 12.7542735696694169 -1.7304002046585083 0 50
60.6057704566057538 28.2811862950321569 -1.65092849731445312 0 53.5
60.6142188908848283 28.2811862950321569 -1.30437576770782471 0.0812000036239624023 48
60.8445141636677533 27.8525893836832417 -2.79823398590087891 0 54
60.6728975598852713 28.2124635854555947 -2.91684865951538086 0.0812000036239624023 48.5
66.5893796814370234 8.86753105290726396 1.74993288516998291 0 48.5
66.9371686061680151 -8.48537911381501608 1.91415369510650635 0 46.5
63.006748600791596 25.5973189497072582 3.5408940315246582 0 60.5
63.1027026575396661 25.3675557809432632 3.48525309562683105 -0.0812000036239624023 54
62.985958621822256 25.5973189497072582 3.89323091506958008 0.0812000036239624023 54.5
63.190923254770702 25.3954924784090785 3.13162112236022949 0 63.5
63.1120486579538351 25.625508679991448 2.83443856239318848 -0.0812000036239624023 57.5
63.2074292482975721 25.3954924784090785 2.77870941162109375 0.0812000036239624023 58
63.2645153581580217 25.5939989791347067 0.781698226928710938 0 54.5
63.2661303394861818 25.5939989791347067 -0.637460112571716309 -0.0812000036239624023 48.5
63.4628671249353502 25.1078750398442416 0.348982542753219604 0.0812000036239624023 49.5
63.2959376480881346 -18.1314498670899127 -18.8069438934326172 0 45.5
63.4782221979668861 -18.6599615979348883 -18.2129611968994141 0 53.5
63.5794586441647667 -18.6599615979348883 -17.8563404083251953 -0.0812000036239624023 48
63.4782221979668861 -18.6599615979348883 -18.2129611968994141 0.0812000036239624023 48
63.7482790073423189 -18.6803562433027643 -17.5183277130126953 0 52.5
66.7803936323176828 16.1826792357712037 2.91560125350952148 -0.0812000036239624023 57
66.7866952913943663 16.2256497063919447 2.50330233573913574 0.0812000036239624023 57.5
66.8979195722858151 16.2433450604611309 1.07018697261810303 0 68
66.8825779566096941 16.2433450604611309 1.78820681571960449 -0.0812000036239624023 62
66.9026750966690713 16.2433450604611309 0.713475644588470459 0.0812000036239624023 62.5
66.8821578251789219 15.9252215654506593 5.84502315521240234 0 58.5
66.9123417315287554 15.9252215654506593 5.48871231079101562 -0.0812000036239624023 52
66.9676035559754865 15.7269107392430989 5.38554191589355469 0.0812000036239624023 53
67.0684971847896207 15.7440062508014655 5.02981233596801758 0 61.5
67.055641728996676 15.6231640975606645 5.5510106086730957 -0.0812000036239624023 55
67.111587112702253 15.6231640975606645 4.82782840728759766 0.0812000036239624023 55.5
66.7411800981381163 15.4845894966939248 9.35763931274414062 0 48
67.2785205167228924 15.5013850869968817 5.04073476791381836 0 48
67.6305375048615076 14.9639582914087335 2.1635439395904541 0 50.5
67.5328727515709062 15.2930268186503611 2.81512784957885742 0.0812000036239624023 45.5
67.5469805062673032 15.7603686621902153 -1.38100123405456543 0 58
67.5977869535165183 15.5349728507397487 -1.44720637798309326 -0.0812000036239624023 52
67.5977869535165183 15.5349728507397487 -1.44720637798309326 0.0812000036239624023 52.5
67.8177921553221523 14.8835283908416525 1.59078347682952881 0 58
67.8084017397263921 14.8835283908416525 1.95051658153533936 -0.0812000036239624023 52
67.8084017397263921 14.8835283908416525 1.95051658153533936 0.0812000036239624023 53
67.8606910264174275 15.2113789007905709 -2.77515864372253418 0 63
67.9231603276522833 15.0287379877450569 -2.17765140533447266 -0.0812000036239624023 56.5
67.9270704323728438 14.915674565383549 -2.75619006156921387 0.0812000036239624023 57
67.4908323226890019 15.9765337857072858 -6.65913486480712891 0 59.5
67.4908323226890019 15.9765337857072858 -6.65913486480712891 -0.0812000036239624023 54
67.4181997438753626 16.2725567550337438 -6.67805147171020508 0.0812000036239624023 53.5
69.0500687584201955 11.1923790995980799 -1.82219350337982178 0 45
69.1422799758939135 11.6983237732955025 0.100403472781181335 0 48
69.4937146314204597 37.1933663105834498 0.811469495296478271 0 49.5
69.7523744101935534 36.8738182696925065 -0.371156990528106689 0 48
70.6071697055762399 35.3693571374449363 -0.82916569709777832 0 48.5
71.0867729583482912 34.5633103262433394 -0.975451767444610596 0 48.5
71.1578345242967458 34.5367769527351669 -2.13057065010070801 0 48.5
71.7663980128298959 33.9332797999037226 2.53918075561523438 0 51
71.646076627225753 34.3328898060364196 2.88825798034667969 0 54.5
71.5853365631186307 34.3328898060364196 4.12822866439819336 -0.0812000036239624023 48.5
71.6853432504934034 34.3328898060364196 1.64758336544036865 0.0812000036239624023 49
79.6852761632063533 35.8584317610632795 7.16489791870117188 0 46.5
80.4719557199945257 34.6829327814075157 4.62832260131835938 0 51
80.3764575853539895 34.7125781229969448 6.92051935195922852 0 46
79.1209188203139036 40.7268870186291352 2.57915663719177246 0 46.5
85.0209658989930546 35.6200357829431553 3.56515645980834961 0 58
85.095858003169127 35.4125404288677501 3.83537864685058594 -0.0812000036239624023 52
85.0798512922623615 35.6200357829431553 1.64142894744873047 0.0812000036239624023 52.5
85.2960026139521403 35.2336688096055468 2.66217613220214844 0 62
85.2029699591518863 35.4413328693871037 2.87609124183654785 -0.0812000036239624023 55.5
85.2394198804424974 35.4413328693871037 1.43507635593414307 0.0812000036239624023 56.5
85.5104996860671775 34.9736330379407434 1.60000109672546387 0 56
85.4527148293971521 34.9736330379407434 3.52689337730407715 -0.0812000036239624023 49
85.5253228428971397 34.9736330379407434 0.157487466931343079 0.0812000036239624023 50.5
85.3612978000986828 36.2516975973049398 2.54237794876098633 0 48.5
85.5929926871208977 35.8517131691459809 3.10123443603515625 0 54
85.6225909133288354 35.8517131691459809 2.13310050964355469 -0.0812000036239624023 48
85.6411543617720383 35.8517131691459809 1.17106533050537109 0.0812000036239624023 48.5
86.1040421571421462 34.1853386769330427 7.24660301208496094 0 61
86.0166780841056919 34.1853386769330427 8.2188568115234375 -0.0812000036239624023 54.5
86.143096455846333 34.1853386769330427 6.76648998260498047 0.0812000036239624023 55
85.3361915211399662 34.5848082846970684 13.0623807907104492 0 61
85.3317283774723165 34.2129286257218226 14.0346612930297852 -0.0812000036239624023 54.5
85.5964543309035975 34.6429144814119496 11.0506000518798828 0.0812000036239624023 55
88.0789281091317804 19.8534544829285871 22.6030731201171875 0 51
87.8857061680178333 19.7996118791929909 23.6854629516601562 0 54.5
87.9152057668346458 20.0324115485544603 23.37823486328125 -0.0812000036239624023 48.5
87.8857061680178333 19.7996118791929909 23.6854629516601562 0.0812000036239624023 49.5
88.2894752184079579 19.3845283961555879 22.8059253692626953 0 47.5
92.9752991115857697 35.4995149997816526 6.74110698699951172 0 59.5
93.1285812270310203 35.3250089569456449 5.41065597534179688 -0.0812000036239624023 53
92.9846676210431298 35.3250089569456449 7.48727083206176758 0.0812000036239624023 54
92.964076426399231 35.5262052763273246 7.78468799591064453 0 62
92.9261363552449779 35.6634202545715624 7.6082606315612793 -0.0812000036239624023 55.5
93.0058202012682784 35.5262052763273246 7.26892518997192383 0.0812000036239624023 56.5
92.9542437533286119 35.8400151447676834 7.41702556610107422 0 53.5
94.9774776996333969 30.4281557053820677 8.85566902160644531 0 45
96.9549636835456425 26.7065932822578951 1.35077309608459473 0 47
97.1006644825591252 26.1605347937049721 4.1846165657043457 0 56
97.0377928487115184 26.4498099380584399 3.80750393867492676 -0.0812000036239624023 50
97.0708059777304584 26.2988837757870648 4.00635957717895508 0.0812000036239624023 50
97.1454289902591057 26.4695203880624099 2.76710295677185059 0 53
74.97007937991809 -67.2740267877248073 6.67799568176269531 0 47.5
100.885615394156005 3.23175424648745535 4.20708990097045898 0 49
101.008904159281087 2.69091687625408849 3.34235072135925293 0 54.5
101.025067192168081 2.69091687625408849 2.81186056137084961 -0.0812000036239624023 49
100.959672670750251 2.42561521239805122 4.74042940139770508 0.0812000036239624023 49
95.2603535262992693 15.5379817208894551 30.3383750915527344 0 50.5
