
X Y Z V_r Mag
4.83637360990814269 7.94311725383059031 -0.0798884779214859009 0.406000018119812012 46
4.89627055525386989 7.99077354419762287 -0.254354357719421387 0.406000018119812012 45
5.33401837020399583 7.89129058630256619 0.0376641117036342621 0.406000018119812012 45.5
5.75383798697267501 8.32385325891485905 -0.349908322095870972 0.406000018119812012 45
6.04848016393223009 8.21216813990212025 -0.127255663275718689 0.487200021743774414 47.5
5.89901857165726717 8.32050808897734484 0.103613652288913727 0.406000018119812012 47
5.5703531247156155 8.70800114392130453 0.514192879199981689 0.406000018119812012 46
6.02408741936593284 8.50404822809077388 0.268631458282470703 0.487200021743774414 47
5.86083613534631542 8.61477802272737136 0.341807037591934204 0.406000018119812012 49
6.04385939306584152 8.5652282744619157 0.598848223686218262 0.406000018119812012 45
6.41549182739815294 8.87347289432487152 0.073907412588596344 0.487200021743774414 48
6.40341922136294084 8.88168273817467124 0.120190367102622986 0.406000018119812012 48.5
6.49862953222770123 8.90531868284552885 -0.11725461483001709 0.487200021743774414 46.5
7.13988355607626968 9.16479987685457864 0.411250561475753784 0.487200021743774414 48.5
7.05116006205360435 9.23452731291243367 0.381151705980300903 0.406000018119812012 45.5
7.17165189065489628 9.23270038135658488 0.463325440883636475 0.487200021743774414 50.5
7.0766338251877956 9.3101878113188814 0.36288142204284668 0.406000018119812012 48
8.77753133544401365 8.57186376017109453 0.876407802104949951 0.568400025367736816 47.5
8.78313641223765273 8.70918236200895457 0.383816897869110107 0.568400025367736816 45.5
8.0097366253815423 9.51805802024861691 0.503203392028808594 0.487200021743774414 47.5
9.60649560710461614 8.98924457450963921 1.77041542530059814 0.568400025367736816 50.5
9.27699372844893055 9.29944733063314821 1.91919481754302979 0.487200021743774414 46.5
9.67331642875653053 9.04003113567465455 1.7109370231628418 0.568400025367736816 50.5
9.37512360192020644 9.28859445717595023 2.01285481452941895 0.487200021743774414 46
9.12475708084280157 10.0185023052277788 0.805639147758483887 0.568400025367736816 48.5
9.08832442370617422 10.0609104592458447 0.679034948348999023 0.487200021743774414 50.5
9.20516690760932654 10.0431504369440372 0.850032389163970947 0.568400025367736816 49
10.0705884451639651 9.35219300406696163 1.90666782855987549 0.568400025367736816 46
13.2852218644456617 4.23942834417626813 -0.364217758178710938 0.730800032615661621 45.5
10.2682415252107919 9.37136791870543462 1.1589658260345459 0.568400025367736816 46.5
13.3265671919468236 4.33758090189832046 -0.5372428297996521 0.730800032615661621 48.5
9.3285938840629683 10.4680285765812808 0.313601911067962646 0.487200021743774414 46.5
9.88460423257196474 10.5108770605912873 1.15832185745239258 0.568400025367736816 47.5
9.6712658113118426 10.7279318269431982 0.950649082660675049 0.487200021743774414 49
9.87129091639674172 10.6580636683722894 0.81596672534942627 0.568400025367736816 45.5
9.63832101548986842 10.8598796129627573 0.931817233562469482 0.487200021743774414 47
13.8742095661305456 5.65504537530567486 -0.725800096988677979 0.730800032615661621 52
13.8742095661305456 5.65504537530567486 -0.725800096988677979 0.649600028991699219 49
13.9327558474764395 5.70592571453646613 -0.759199142456054688 0.730800032615661621 48.5
10.6447672487902754 10.6432751030475519 0.815649509429931641 0.568400025367736816 46
10.6600631089038558 10.7435550193414233 0.679407775402069092 0.568400025367736816 47
10.562584646323721 10.8079216925850545 1.0691753625869751 0.487200021743774414 46
14.7661328149348314 6.04657783437381013 0.775153636932373047 0.730800032615661621 54
14.7614974999370414 6.04657783437381013 0.858906447887420654 0.649600028991699219 51.5
9.76056084466971363 12.594209163771664 1.14803802967071533 0.487200021743774414 49.5
9.5838014020526483 12.6900281588360215 1.52137911319732666 0.406000018119812012 45.5
14.7981750810765735 6.12510583999343172 1.04862916469573975 0.812000036239624023 59
14.7920619465724457 6.12510583999343172 1.1315990686416626 0.730800032615661621 68
14.8007737912526984 6.09702742422397925 1.16870772838592529 0.649600028991699219 65
9.75322923129918529 12.7074887368036613 0.998396396636962891 0.487200021743774414 47.5
14.847399050833987 6.15372739112224121 1.30460405349731445 0.812000036239624023 59.5
14.847399050833987 6.15372739112224121 1.30460405349731445 0.730800032615661621 68.5
14.8397458151240311 6.15372739112224121 1.38895833492279053 0.649600028991699219 65
14.9053921213191369 6.21878788038245833 1.26333034038543701 0.812000036239624023 49
14.947250438015045 6.21878788038245833 0.588550746440887451 0.730800032615661621 58
14.9579039105156095 6.21878788038245833 0.166772037744522095 0.649600028991699219 55
11.5680747618816309 12.0920877994189961 1.48361289501190186 0.568400025367736816 47.5
11.1730593167437178 12.4510716559642489 1.54065001010894775 0.487200021743774414 47.5
11.0516213323557846 12.7422771465609017 1.672890305519104 0.487200021743774414 48
10.8220490356269803 12.9794915984178836 2.06560921669006348 0.487200021743774414 50.5
11.0439088385525501 13.2437143067310288 0.445673972368240356 0.487200021743774414 47.5
11.373752573561708 13.0241859203001944 1.0788872241973877 0.487200021743774414 48.5
11.3212749584342749 13.1914573743705539 0.757793188095092773 0.487200021743774414 48
11.958154367911904 13.0781690005804645 1.38373744487762451 0.487200021743774414 45.5
11.5434155021366021 13.9087309432482922 0.0492924042046070099 0.487200021743774414 45.5
12.4964681041961914 14.3209665662733752 1.28480720520019531 0.487200021743774414 45.5
12.9891370584295771 15.4087145825044125 0.94048154354095459 0.487200021743774414 47.5
13.4658459911269688 15.0383523081717616 1.60668849945068359 0.487200021743774414 46
19.0127959571665635 -12.7833734964018468 -2.29121017456054688 0.649600028991699219 49.5
19.0445541389364905 -12.9318154514670294 -1.91914689540863037 0.649600028991699219 49
13.7322572145526038 19.3941252661745906 0.737393677234649658 0.487200021743774414 46.5
13.7322572145526038 19.3941252661745906 0.737393677234649658 0.406000018119812012 46
13.5555175943618984 19.607299101275796 0.790099918842315674 0.406000018119812012 45
14.7787499889909686 -22.3319736446447088 -1.94782280921936035 0.487200021743774414 47
14.976923690312379 -22.2715806870720527 -0.768727362155914307 0.406000018119812012 48
14.9663674842157484 -22.333792438270045 -1.47146868705749512 0.487200021743774414 52
14.6906387215547252 -22.5390291569706314 -1.0644071102142334 0.406000018119812012 53.5
14.8956537284097124 -22.4567345412924446 -1.67770683765411377 0.487200021743774414 51.5
14.478990650421947 -22.7435167582410429 -1.44615685939788818 0.406000018119812012 54
14.0467330897988667 -23.0336728836243267 -1.06737208366394043 0.324800014495849609 47
16.4460407439893039 -21.5075126058055375 0.101522475481033325 0.487200021743774414 46.5
15.6641328878007595 -22.1472343543944916 -1.12138974666595459 0.487200021743774414 52.5
15.6413098248767533 -22.1472343543944916 -1.40428495407104492 0.406000018119812012 52
14.9813776709152435 -22.7323253412496129 -0.0185620486736297607 0.487200021743774414 50
14.6648933267506507 -22.9330447658431105 -0.465862840414047241 0.406000018119812012 52.5
27.2262527896511664 -1.89332489555161043 -0.660670578479766846 0.812000036239624023 45
15.995795537519216 -22.1229044101841339 -0.0409482121467590332 0.487200021743774414 51
15.1557970112704048 -22.7062531617865169 -0.134007662534713745 0.406000018119812012 50.5
27.2980564203659988 -2.04219865763760566 -0.19036419689655304 0.893200039863586426 48
27.2935021063689796 -2.06272326726210364 -0.447902709245681763 0.812000036239624023 61
27.295460985869056 -2.06272326726210364 -0.306074649095535278 0.730800032615661621 60.5
27.295460985869056 -2.06272326726210364 -0.306074649095535278 0.649600028991699219 47.5
16.2093886401527065 -22.0400099684406889 -0.940451979637145996 0.487200021743774414 52
15.1743975464216003 -22.7686336101103848 -0.847182869911193848 0.406000018119812012 51
27.3773260141626658 -1.97576069469521154 -0.284456729888916016 0.893200039863586426 56.5
27.3719549865311329 -2.06837447725904955 -0.0205872058868408203 0.812000036239624023 69
27.37067348181413 -2.06837447725904955 0.265744298696517944 0.730800032615661621 68.5
27.3724785778474491 -2.04779363668930792 0.23767244815826416 0.649600028991699219 54.5
17.7340166651928577 -20.8861230381929559 -1.66644251346588135 0.568400025367736816 46.5
17.0108079501609026 -21.5138386755700814 -1.1356508731842041 0.487200021743774414 51.5
14.977085495815448 -22.9785084961167065 -1.08516156673431396 0.406000018119812012 53.5
14.5162283948507262 -23.2700704041880471 -1.133780837059021 0.324800014495849609 46
27.4481362152287964 -2.05338875803085674 0.0957056879997253418 0.893200039863586426 54
27.4502166849574394 -1.98115900272323842 0.431594908237457275 0.812000036239624023 67
27.4401730551903036 -2.05338875803085674 0.667992830276489258 0.730800032615661621 66
27.4291379546848653 -2.07402583097589055 0.983113765716552734 0.649600028991699219 52
18.1461899600120198 -20.6921051395538242 -0.422210782766342163 0.568400025367736816 48
17.9033412972090531 -20.8881573325316445 -0.883712470531463623 0.487200021743774414 51.5
27.5120795367410942 -1.87619288605177914 1.15125608444213867 0.812000036239624023 54
27.5050597610747616 -1.82790851030779966 1.37494039535522461 0.730800032615661621 53
17.4713711185910974 -21.3382451948572758 -1.09109139442443848 0.568400025367736816 47.5
17.1128142210197112 -21.6314003333028673 -0.997076153755187988 0.487200021743774414 53
16.75860560537118 -21.9245554717484552 -0.47227969765663147 0.406000018119812012 48.5
27.6073420671615253 -1.91933210456512571 -0.237732663750648499 0.812000036239624023 50.5
27.584825674974887 -2.21328386832735191 0.290563195943832397 0.730800032615661621 50
27.6611169932452334 -2.21928198835849289 0.00189099612180143595 0.812000036239624023 55.5
27.671103168405228 -2.09097974840651757 -0.0208122041076421738 0.730800032615661621 55.5
17.6420679832893121 -21.395265419018596 -1.0308525562286377 0.568400025367736816 48
16.6293832153289713 -22.1928198835849315 -1.00249505043029785 0.487200021743774414 56
16.385056187143018 -22.3835394294594892 -0.754777193069458008 0.406000018119812012 54
27.7590262882583048 -1.87062596288733562 0.409742772579193115 0.893200039863586426 45.5
27.7664563235377067 -1.78022396468088417 0.292138069868087769 0.812000036239624023 59.5
27.7711376331876423 -1.71763796592257201 0.210566475987434387 0.730800032615661621 59
27.7809814525649621 -1.55769596909577368 0.146068781614303589 0.649600028991699219 45
18.7266980404553038 -20.5351615925884836 -1.35962462425231934 0.568400025367736816 49
16.2950172257177854 -22.5205285531993908 -1.23645293712615967 0.487200021743774414 55
16.2637345171544823 -22.5692065522336343 -0.593722105026245117 0.406000018119812012 54
27.8398692992379644 -1.63510846498245899 0.823504805564880371 0.812000036239624023 56.5
27.8360844881119434 -1.67345855691168488 0.872938632965087891 0.730800032615661621 56.5
18.803803559545603 -20.5905129940008571 -0.926168322563171387 0.568400025367736816 54.5
18.674437168291746 -20.7195087577627994 -0.614339053630828857 0.487200021743774414 55
16.346344104400103 -22.609122378275579 -0.186408758163452148 0.406000018119812012 49
18.8609304732457339 -20.6458629877686199 -0.783775508403778076 0.568400025367736816 57.5
18.7738552939981886 -20.7332565832129525 -0.524463772773742676 0.487200021743774414 57.5
18.9917172023249705 -20.6381223033352015 -0.43026384711265564 0.568400025367736816 57.5
18.6989633743191703 -20.9080162261199867 -0.0784070342779159546 0.487200021743774414 57.5
17.4373180812285753 -22.042868377683984 1.03328835964202881 0.487200021743774414 54
17.4279480119384864 -22.042868377683984 1.18081939220428467 0.406000018119812012 46.5
28.0571754980457087 -2.81908781366219197 0.296075224876403809 0.730800032615661621 45
16.085513059630653 -23.1341393708653662 -1.14362776279449463 0.487200021743774414 50
15.9462768184054102 -23.2292835845764607 -1.16475844383239746 0.406000018119812012 50.5
15.7932940738613414 -23.4253270304230199 -1.14088988304138184 0.406000018119812012 49.5
18.3458841048824652 -21.6134248920388217 0.10437358170747757 0.568400025367736816 47.5
18.274072573808283 -21.6736491541539955 0.183617010712623596 0.487200021743774414 49.5
28.3438813387669626 -2.94167326539694063 -0.470195889472961426 0.730800032615661621 47.5
28.6079116142981995 -2.29725663353215515 1.19818222522735596 0.812000036239624023 49
28.6497939514774735 -1.90241564964381626 0.834154188632965088 0.730800032615661621 50
19.9215202779161515 -20.6753097017893985 -0.888961672782897949 0.568400025367736816 54
19.1868828993251483 -21.364486691849045 -0.740185081958770752 0.487200021743774414 53
28.7477083940615152 -1.68785387409560328 0.40054050087928772 0.812000036239624023 48.5
28.7166368013694324 -1.93617352721414626 1.02276527881622314 0.730800032615661621 48
21.0722075938493276 -19.6244502674697756 -0.532076656818389893 0.649600028991699219 48.5
20.2289997807639814 -20.4989673067133396 -0.141370713710784912 0.568400025367736816 55.5
19.1989819877456718 -21.4670540703204118 0.0687215998768806458 0.487200021743774414 54.5
21.4617381864959711 -19.2425712107486504 -1.69792759418487549 0.649600028991699219 53.5
21.2684568427443494 -19.4915375361830492 -1.2241065502166748 0.568400025367736816 57.5
19.0117742702998704 -21.7069770117877141 1.06084275245666504 0.487200021743774414 52.5
21.3921857146106227 -19.448107065131218 -1.49935817718505859 0.649600028991699219 51
21.4021593185698897 -19.448107065131218 -1.34953749179840088 0.568400025367736816 55
21.2912265624905146 -19.6036629810167575 -0.694684267044067383 0.487200021743774414 46
22.0111164514285065 -18.8021165850573482 -2.10758137702941895 0.649600028991699219 47.5
21.9550783123239341 -18.8782825665940415 -2.00889039039611816 0.568400025367736816 48.5
17.6396150950927186 -23.2376624063183677 0.188960358500480652 0.487200021743774414 47.5
22.357072791300002 -18.8309075078183419 -1.05867373943328857 0.649600028991699219 48
22.0775918277598819 -19.1817939831193058 -0.448670864105224609 0.568400025367736816 49
22.414628564324854 -18.8572045104823154 -1.39497506618499756 0.649600028991699219 53
22.3239144150804236 -18.9634732494648262 -1.40895617008209229 0.568400025367736816 54.5
22.4809087903838574 -18.9054331443577084 -1.24636304378509521 0.649600028991699219 52
22.318449027659188 -19.0927975225858972 -1.30844008922576904 0.568400025367736816 53
16.053198181290302 -24.6108621519728565 0.97997051477432251 0.406000018119812012 46.5
20.8084768498429185 -21.0861778273904328 -0.14542040228843689 0.568400025367736816 47.5
21.3037838673771738 -21.0080338105845854 0.563059091567993164 0.568400025367736816 47.5
21.4097983174469029 -20.8995907738264961 0.577340126037597656 0.487200021743774414 45
22.0056369327276506 -20.5744868452186509 1.21038424968719482 0.568400025367736816 48.5
30.2063988839499977 -0.483443562769349577 -0.94362252950668335 0.812000036239624023 46
30.2174489701967843 -0.483443562769349577 -0.471869468688964844 0.730800032615661621 45.5
20.6689548723526393 -22.0306742315126272 0.99717402458190918 0.487200021743774414 50
30.2782264856110572 -0.378627489668420136 -1.08429241180419922 0.812000036239624023 46
30.2944975285847065 -0.484643186775577772 -0.313990473747253418 0.730800032615661621 45.5
26.485446158041519 -14.6074485514076482 -1.79822111129760742 0.649600028991699219 47
20.733071833667875 -22.0853414723589481 0.683710932731628418 0.568400025367736816 50.5
20.2141004866418861 -22.5359081850643719 1.27007186412811279 0.487200021743774414 50
26.6198696470335356 -14.5752843234541789 -1.25872886180877686 0.730800032615661621 53
26.6198696470335356 -14.5752843234541789 -1.25872886180877686 0.649600028991699219 54.5
22.9229361081235474 -19.9195552420540487 -0.625358700752258301 0.568400025367736816 48.5
19.2928642954455292 -23.4191417384667453 1.40355277061462402 0.487200021743774414 50
26.7261267359619694 -14.5427817903079344 -1.19338488578796387 0.730800032615661621 52.5
26.7327823112475222 -14.5427817903079344 -1.03364109992980957 0.649600028991699219 53.5
23.2399464184705025 -19.5806266595825811 -1.9252326488494873 0.568400025367736816 48
17.5774603719409122 -24.8391626182967542 1.11870682239532471 0.487200021743774414 46
26.8689556707093793 -14.3230376266876611 -2.16460609436035156 0.730800032615661621 49
26.8813568824038072 -14.3230376266876611 -2.00473570823669434 0.649600028991699219 49.5
26.9787316781395212 -14.358228826585723 -1.53272521495819092 0.730800032615661621 48.5
22.3892199579086757 -20.8509778405784125 -0.565331399440765381 0.568400025367736816 50
19.5536972384564294 -23.4931978456838024 1.44312548637390137 0.487200021743774414 48.5
23.6561138326149845 -19.5259883286009384 -0.282323658466339111 0.649600028991699219 46
20.187433662849223 -23.0601385521914501 1.28579056262969971 0.568400025367736816 48.5
19.4430469554004723 -23.7156045914907772 0.702624678611755371 0.487200021743774414 52.5
19.3403674416007973 -23.7961004208784139 0.807161211967468262 0.406000018119812012 45.5
26.9391740409974823 -14.6322658764766871 -2.39589691162109375 0.730800032615661621 45.5
20.2138347608857671 -23.1165208804841775 1.60933125019073486 0.568400025367736816 48.5
19.8849849598637967 -23.4431339580841041 0.754643619060516357 0.487200021743774414 51
26.9762102952543472 -14.7912138988817414 -1.91957759857177734 0.730800032615661621 56
27.0189406197307562 -14.7218800837307366 -1.85035622119903564 0.649600028991699219 56.5
24.1155783767878518 -19.1207254672002556 -1.73706507682800293 0.568400025367736816 48
27.0031054263375125 -14.8272026190685899 -2.40758419036865234 0.730800032615661621 53.5
27.0170392362432992 -14.8272026190685899 -2.24583148956298828 0.649600028991699219 54.5
24.3023699760754468 -19.2447730612726851 -1.77087891101837158 0.649600028991699219 51.5
24.2250273728720202 -19.3689328874744469 -1.44743144512176514 0.568400025367736816 51
24.1321165189824889 -19.4157182237173487 -3.0718994140625 0.649600028991699219 49
24.3493835279097404 -19.2484754585691391 -2.31720876693725586 0.568400025367736816 49
23.7644503729870991 -20.3904955917584623 -1.51692211627960205 0.649600028991699219 47
23.4762290375857177 -20.7587389319362323 -0.874062955379486084 0.568400025367736816 50.5
23.8540892722733702 -20.4392771773242252 -0.8654441237449646 0.649600028991699219 48.5
30.6996509869590142 7.05371782960592864 0.163216754794120789 0.812000036239624023 46.5
30.6232157794376896 7.35680726759680947 0.588402450084686279 0.730800032615661621 49
30.7192484594318742 7.2875200446244115 -0.447744518518447876 0.812000036239624023 57.5
30.7222757157925948 7.2875200446244115 -0.120548024773597717 0.730800032615661621 60.5
30.7202292070987752 7.2875200446244115 0.374560087919235229 0.649600028991699219 51.5
30.7618594841737298 7.30483024415178317 -1.43875539302825928 0.812000036239624023 59
30.7691750361625651 7.30483024415178317 -1.27275764942169189 0.730800032615661621 61.5
30.7810504923359289 7.30483024415178317 -0.942818701267242432 0.649600028991699219 52.5
30.7127250994329017 7.03274302444096655 -3.70739340782165527 0.812000036239624023 47.5
30.7508734275081572 7.03274302444096655 -3.3763890266418457 0.730800032615661621 48.5
23.6192933462408234 -21.7367050078090429 0.234166428446769714 0.568400025367736816 47.5
23.4578942920914812 -22.0166649507338938 -0.473798573017120361 0.649600028991699219 46
23.5970103527945056 -21.8719242753821028 0.175486057996749878 0.568400025367736816 51.5
31.5231855682634041 6.70582997958572946 -1.17604601383209229 0.812000036239624023 50
23.6816476284474966 -21.8866361893810719 0.466108709573745728 0.568400025367736816 50
31.582128071972857 6.72142509166669644 -1.51567018032073975 0.812000036239624023 51.5
31.5687227576459648 6.85068326650644099 -1.17878103256225586 0.730800032615661621 54
23.9785471072140197 -21.7657575813386046 1.02035975456237793 0.568400025367736816 48
32.9004019932899041 1.12731655256085261 0.590332865715026855 0.812000036239624023 58
32.8960105192985424 1.23017390224706169 0.628484845161437988 0.730800032615661621 57.5
32.978622909158446 1.18761568511446725 -1.44247576372436015e-06 0.893200039863586426 51
32.9757200690026551 1.23297600642092275 0.285726428031921387 0.812000036239624023 63.5
32.9745976366747229 1.18761568511446725 0.515193521976470947 0.730800032615661621 63.5
32.9767672419948923 1.23297600642092275 0.112492330372333527 0.649600028991699219 49
33.0494424444443808 1.23577825312297152 -0.403624653816223145 0.893200039863586426 48
33.0497821323336183 1.28537470475332483 -0.124023415148258209 0.812000036239624023 60.5
33.0518552720706253 1.23577825312297152 -0.0586276128888130188 0.730800032615661621 59.5
33.1243852514248829 1.23858049982502028 -0.404539912939071655 0.893200039863586426 47.5
33.1304759262665911 1.13502025736473433 0.0768409967422485352 0.812000036239624023 60
33.1304759262665911 1.13502025736473433 0.0768409967422485352 0.730800032615661621 59.5
33.1997675620914023 1.17080245659074733 0.552676975727081299 0.812000036239624023 57
33.2001770755110499 1.13758820250306658 0.595711767673492432 0.730800032615661621 57
33.2793034704945683 1.17344537822946893 0.0340543352067470551 0.812000036239624023 51.5
33.2786798388561351 1.17344537822946893 0.206594720482826233 0.730800032615661621 51.5
33.3267062563768235 1.17608816544361194 -1.35576927661895752 0.812000036239624023 47.5
33.3460321076993367 1.14272396216861583 -0.791766107082366943 0.730800032615661621 47.5
33.4019076427609747 1.72211775843234549 -0.499415665864944458 0.812000036239624023 49
33.4096705851825462 1.6050806292184967 -0.346633046865463257 0.730800032615661621 48
33.4894412192125515 1.4285409112548928 0.585091173648834229 0.812000036239624023 55.5
33.5498913080257921 1.61227837325586609 0.874966442584991455 0.812000036239624023 56.5
33.6125367594424489 2.01984655659318868 0.35126185417175293 0.812000036239624023 52
33.6029332598281201 2.01984655659318868 0.87691950798034668 0.730800032615661621 52
33.7150757402007102 -0.754911958932846794 1.33651554584503174 0.730800032615661621 46
33.7767632526962061 1.80482537050897851 -0.0599570386111736298 0.730800032615661621 48
33.8266087025764222 2.22820404889994483 -0.0762708932161331177 0.812000036239624023 52.5
33.8239619480865699 2.22820404889994483 -0.429872095584869385 0.730800032615661621 52.5
33.9249557847326884 0.85522957262153565 2.7872319221496582 0.730800032615661621 45
34.180659551325796 1.09404598887524962 -0.354405105113983154 0.812000036239624023 50
34.1820260777006268 1.09404598887524962 0.179534658789634705 0.730800032615661621 50
34.2561374133049128 0.985087517516298528 -0.567809224128723145 0.812000036239624023 53.5
34.2608261988585738 0.985087517516298528 -0.0327131971716880798 0.730800032615661621 53.5
34.3283611516374663 1.21044587789783531 -0.145195886492729187 0.812000036239624023 54
34.3280067229068706 1.21044587789783531 0.213108956813812256 0.730800032615661621 54
34.3954243998406071 1.21308879953655691 0.750979900360107422 0.812000036239624023 50.5
34.3857133499126348 1.21308879953655691 1.10993611812591553 0.730800032615661621 51
27.5143075563437272 -20.6870355920968194 -0.300410807132720947 0.649600028991699219 57
27.6298260498529871 -20.5321731921559838 -0.321532100439071655 0.568400025367736816 54.5
27.4965414795517589 -20.7838368075359021 -1.49076855182647705 0.730800032615661621 46.5
27.5680285686544835 -20.7321035485252345 -0.658547878265380859 0.649600028991699219 56.5
27.6650413490240297 -20.6027704009985655 -0.649143755435943604 0.568400025367736816 53.5
27.4537709579612716 -20.7382895045007949 -3.4123988151550293 0.649600028991699219 46.5
34.5433284518865662 2.61089897271975291 0.751164019107818604 0.812000036239624023 47.5
34.56047703619668 2.45502440718424575 0.411037445068359375 0.730800032615661621 47.5
34.6231310200706019 2.49939135659614919 0.904262185096740723 0.812000036239624023 50.5
34.6245933617230079 2.46033836664933458 0.953960299491882324 0.730800032615661621 50
27.6907841393480609 -20.7371376617586769 -3.0028996467590332 0.649600028991699219 46
34.7375931442748325 2.03949019567489387 0.424676507711410522 0.730800032615661621 46
35.2789358510140261 2.83108397745520968 -0.736053109169006348 0.812000036239624023 46
31.2767409842494963 16.681156145064282 -1.40724241733551025 0.730800032615661621 47
31.2408773226912437 16.7786808421653753 -0.979399144649505615 0.649600028991699219 49
31.3455216802478276 16.680884713715912 -1.73467350006103516 0.649600028991699219 48
32.7285430617958326 -14.0539677320511949 0.684880912303924561 0.730800032615661621 49
32.4813425840581118 -14.6237833385455112 0.497889190912246704 0.649600028991699219 46.5
35.583281152734564 2.62756227160015676 -1.18996298313140869 0.812000036239624023 46.5
32.8617275540758627 -13.9497236388687433 -0.0462447628378868103 0.730800032615661621 49
32.7210427601723737 -14.2753807625135831 0.192277535796165466 0.649600028991699219 45
35.6560371092445507 2.86107427253385804 -0.558515489101409912 0.812000036239624023 50
35.718996121116767 3.0104260121932489 -0.559686362743377686 0.812000036239624023 48
35.7214237981146283 3.0104260121932489 -0.373948007822036743 0.730800032615661621 48.5
33.1809550428574909 -13.5438339632852447 2.48889684677124023 0.812000036239624023 45.5
33.1943641687350066 -13.5438339632852447 2.30316877365112305 0.730800032615661621 53
33.1870710214899916 -13.5034314092018608 2.62326455116271973 0.649600028991699219 48
35.8684456977363055 3.02302174392773493 -0.562028110027313232 0.812000036239624023 46
32.6877085125098787 -14.3953416377511196 4.50420522689819336 0.730800032615661621 51.5
32.7130050601959042 -14.3953416377511196 4.31664276123046875 0.649600028991699219 48
33.3639899797864032 -13.5282568893619946 -2.28823947906494141 0.730800032615661621 52.5
33.3928810124708306 -13.3885114833072727 -2.65874862670898438 0.649600028991699219 48
36.0337245406727291 2.89106456761250596 -0.187309503555297852 0.812000036239624023 52.5
33.4944144481170767 -13.5880034677787798 -0.559440553188323975 0.730800032615661621 57
33.5360414378044212 -13.4660366813326267 -0.906874716281890869 0.649600028991699219 52
36.072877018279442 3.04191582202582955 -1.32100057601928711 0.812000036239624023 55.5
36.0575265571184147 3.15508233326190934 -1.46660697460174561 0.730800032615661621 55.5
36.1373208778406152 3.42016851404186051 -0.294501245021820068 0.812000036239624023 52
36.1319650862683233 3.48367296920974612 -0.188086733222007751 0.730800032615661621 52.5
36.2334840016566417 3.19996448489175922 0.188476473093032837 0.812000036239624023 52.5
36.3189748708346301 3.08358346059504518 0.161529898643493652 0.812000036239624023 47.5
35.9507011582736524 6.42632069792053962 -0.570224404335021973 0.730800032615661621 51.5
35.917498340732152 7.02492715853350891 0.379276812076568604 0.812000036239624023 50.5
35.9195011930679158 7.02492715853350891 -1.59983687808562536e-06 0.730800032615661621 56.5
35.917498340732152 7.02492715853350891 0.379276812076568604 0.649600028991699219 51.5
35.7738390901112595 8.01547871674337564 1.02002954483032227 0.812000036239624023 46
35.713673066853957 8.33169828875898233 0.415054202079772949 0.730800032615661621 53.5
35.672985943136247 8.50584819798496561 0.38005402684211731 0.649600028991699219 48
35.9141674084264224 7.64152718603955261 1.5304187536239624 0.812000036239624023 46.5
35.9421802078137063 7.64152718603955261 0.573738217353820801 0.730800032615661621 54
35.8959882481553691 7.87573264666937067 -0.115250848233699799 0.649600028991699219 49.5
36.1153581190645596 7.06811289057278724 -1.3428804874420166 0.730800032615661621 54
36.1402809307645114 6.87024254272472135 -1.66146433353424072 0.649600028991699219 48
36.0556841320317147 8.14836384403823288 -2.50887966156005859 0.730800032615661621 51.5
36.6546386208904096 6.34519681139941838 -0.12680836021900177 0.812000036239624023 48.5
36.6547983906058619 6.34519681139941838 0.0659406334161758423 0.730800032615661621 54.5
36.6500043523880592 6.37308778639458051 0.0304329302161931992 0.649600028991699219 49.5
36.6622900454594429 6.73061910838439204 -0.0304931029677391052 0.730800032615661621 49.5
36.6717235872460279 7.08487025567378215 0.109497733414173126 0.730800032615661621 46
36.8629888231779645 6.43501813975807657 -0.584275126457214355 0.730800032615661621 49
36.939428239940753 6.447913441909356 -0.391158968210220337 0.730800032615661621 51.5
37.2516963517711872 -4.89256060666810644 0.504651248455047607 0.812000036239624023 51
37.0148720738183457 6.46080939997630921 0.194694265723228455 0.730800032615661621 54.5
37.2785645339492362 -5.2457714202167427 0.559556841850280762 0.812000036239624023 48.5
37.0916002585637017 6.45018171938758211 -0.36192244291305542 0.730800032615661621 54.5
37.081811474322727 6.48781954123667148 -0.608318865299224854 0.649600028991699219 49
35.3750875110444056 -12.0680954718329598 5.11273574829101562 0.730800032615661621 49
35.4002459577823672 -12.1771104453697276 5.23267030715942383 0.812000036239624023 45
35.4214001028916528 -12.243239051356996 4.92622566223144531 0.730800032615661621 48.5
37.4775089800652381 1.99252708912374787 5.09724330902099609 0.730800032615661621 51.5
37.4041996137054014 5.46303226135429032 -3.35910701751708984 0.730800032615661621 52
37.4597381336562307 5.47382887741034452 -3.56453132629394531 0.812000036239624023 54
37.4597381336562307 5.47382887741034452 -3.56453132629394531 0.730800032615661621 59
37.7612495855078976 4.87522266085902078 -1.38937532901763916 0.730800032615661621 55.5
37.2185781667354121 -5.2521351932154694 -6.67258644104003906 0.812000036239624023 47.5
37.2156942839168678 -5.22351320306170663 -6.71102333068847656 0.730800032615661621 48.5
36.4575109768974315 -11.6470312286023656 2.00055670738220215 0.730800032615661621 49.5
37.0046930130329841 -12.0385271269260645 -0.939346671104431152 0.730800032615661621 45.5
37.0386035855974711 -12.6120067203235653 1.34230828285217285 0.730800032615661621 45.5
38.3334500733349941 8.3130103779230069 0.203243717551231384 0.730800032615661621 51.5
38.3064197352307048 8.43554885637116314 0.246028289198875427 0.649600028991699219 48
38.3706791523577593 8.48605455442072909 -0.409934639930725098 0.730800032615661621 48
35.4051376056729339 -17.2192843871705783 2.50500202178955078 0.730800032615661621 47
37.5142673148557506 -12.2240916058091269 2.34031987190246582 0.812000036239624023 47.5
37.5492383716478813 -12.1944574443404985 1.8909531831741333 0.730800032615661621 52
37.5186352846803644 -12.243847713454878 2.16006827354431152 0.649600028991699219 45
37.3236426350269923 -12.4551202175244971 4.46943378448486328 0.730800032615661621 49.5
37.6760462254529642 -11.8738616325021571 3.6922764778137207 0.812000036239624023 47
37.8920287057554575 -11.7174894462442012 2.63763117790222168 0.812000036239624023 48.5
37.7983333201444154 -11.8665037249162353 3.2457122802734375 0.730800032615661621 51.5
37.9774710743044537 -11.7395981417964848 2.43396735191345215 0.730800032615661621 46.5
39.9664403072308687 4.87673143946848331 0.988399088382720947 0.812000036239624023 50.5
39.9366991642638922 5.08307404939439422 1.13936662673950195 0.730800032615661621 51
40.0673786044852278 4.73454940869490937 0.558422863483428955 0.812000036239624023 54.5
40.066728890490225 4.70429669681826379 0.80597221851348877 0.730800032615661621 55
35.5887703606501233 -18.9331555161335281 1.76004505157470703 0.649600028991699219 47.5
40.1330772547029184 4.84943108030987702 -1.76703304077818757e-06 0.812000036239624023 46.5
40.1434811886015623 4.68778337763288189 0.840536534786224365 0.730800032615661621 46.5
40.2237936766413782 4.72178452078891198 -0.0331313386559486389 0.812000036239624023 46.5
40.1721551608181642 5.09122746828901018 -0.726148426532745361 0.730800032615661621 47.5
40.3193293104374462 4.54292998393519998 -0.210237428545951843 0.812000036239624023 55
40.3148995613839389 4.54292998393519998 -0.633452534675598145 0.730800032615661621 55.5
35.9421033302186785 -18.45058282537968 3.75124478340148926 0.649600028991699219 46
40.3894195408805956 4.55132735197879779 -0.634623467922210693 0.812000036239624023 51.5
40.3894195408805956 4.55132735197879779 -0.634623467922210693 0.730800032615661621 51.5
40.4639395203772594 4.55972472002239559 0.635795652866363525 0.812000036239624023 54
40.521025952002347 4.75676105822050399 -0.244782596826553345 0.812000036239624023 57
40.5217507348208628 4.75676105822050399 -0.0333767570555210114 0.730800032615661621 58
40.6174381904001152 4.5765190290017097 -0.211791858077049255 0.812000036239624023 55.5
40.5936456865684931 4.76550474783325395 -0.459802508354187012 0.730800032615661621 56.5
40.6798992472462615 4.32394459319563129 1.83083987236022949 0.812000036239624023 48
40.7950547261726157 4.21908172842429607 -1.00680375099182129 0.730800032615661621 50
40.856959267193858 4.41168511535805763 0.675271093845367432 0.812000036239624023 49.5
40.8625257952384047 4.41168511535805763 0.0336234830319881439 0.730800032615661621 52.5
40.8915837315335295 4.80048128526484597 -0.463177233934402466 0.812000036239624023 52.5
40.9155508610228509 4.61010850117610005 -0.213346317410469055 0.730800032615661621 54
40.9765560029437168 4.61850544211181724 -1.07417619228363037 0.812000036239624023 53
40.9815987066514182 4.61850544211181724 -0.860501110553741455 0.730800032615661621 52
36.2772458653571661 -20.7508861057048932 2.18741083145141602 0.730800032615661621 46.5
36.2772458653571661 -20.7508861057048932 2.18741083145141602 0.649600028991699219 47.5
36.4082661157518075 -20.7880744498979695 0.00857447739690542221 0.730800032615661621 48.5
36.405535196786154 -20.7880744498979695 0.445887923240661621 0.649600028991699219 50
40.5829144482558775 -11.0568877938593193 1.03830957412719727 0.730800032615661621 46.5
36.9567192984767203 -20.2254557332252567 1.32453978061676025 0.730800032615661621 48
36.9744374124882 -20.2254557332252567 0.66665881872177124 0.649600028991699219 49
36.8488853622835961 -20.5991351943023098 0.886598825454711914 0.730800032615661621 49
36.9175368579447039 -20.4883304199477116 0.523923337459564209 0.649600028991699219 50.5
37.435531373983757 -19.960959701132623 1.46413171291351318 0.730800032615661621 50.5
42.0815045845907889 6.12161925110914495 0.22034260630607605 0.812000036239624023 47.5
37.3094560063814598 -20.4053975036971487 0.00869718939065933228 0.730800032615661621 55.5
37.3088550863304889 -20.4053975036971487 -0.211642339825630188 0.649600028991699219 56
37.3694955643328584 -20.4413862238839954 -0.656353294849395752 0.730800032615661621 51.5
37.3752581830993549 -20.4413862238839954 0.00871252827346324921 0.649600028991699219 52.5
37.8063744033277231 -19.7947957792684832 0.00872786715626716614 0.730800032615661621 49.5
37.8841607547461123 -19.6454815869679678 0.0349119715392589569 0.649600028991699219 50.5
37.7665244698724152 -20.0272378945048821 -0.402203112840652466 0.649600028991699219 54
37.9335223771328316 -19.8643722021827855 -0.659819960594177246 0.730800032615661621 56.5
38.0227054231129813 -19.6931276142329352 -0.659819960594177246 0.649600028991699219 56
41.5602666378264729 -10.2926696370845185 2.68612289428710938 0.812000036239624023 47
37.879044123798522 -20.0975096194947227 -1.29548227787017822 0.649600028991699219 51.5
41.5654795002144084 -10.3106639971779419 3.58496356010437012 0.812000036239624023 47.5
41.5884912321672431 -10.079748084741146 3.95562267303466797 0.730800032615661621 50
38.2553278261519836 -19.737420579598254 -0.516552090644836426 0.730800032615661621 50
38.1325120066450438 -19.9687394907246407 0.680893599987030029 0.649600028991699219 49.5
38.3347222499555613 -19.7286938789641511 0.996616899967193604 0.730800032615661621 47
38.3463116844132443 -19.7286938789641511 0.323414266109466553 0.649600028991699219 46.5
42.7145606187061802 6.4509125853444349 -0.303355962038040161 0.812000036239624023 50
42.7205020186930611 6.41852306608747458 -0.0353400968015193939 0.730800032615661621 51.5
42.8218894079750569 6.22958431339227836 0.451398849487304688 0.812000036239624023 50.5
38.244049814829232 -20.2461490185249069 0.460245668888092041 0.730800032615661621 53.5
38.3072846514814955 -20.2812380207070824 -0.667908787727355957 0.730800032615661621 54
38.2983173513936137 -20.3083230073800358 -0.183238476514816284 0.649600028991699219 54
38.2982556526518465 -20.3760170862577894 -1.947409987449646 0.730800032615661621 49
38.3208922547082409 -20.4194280414349016 -0.535850644111633301 0.649600028991699219 49.5
38.0496738664451541 -21.3652181684366944 -1.03552329540252686 0.730800032615661621 45.5
38.0342963361270066 -21.4088540493015174 0.613021373748779297 0.649600028991699219 47.5
38.1579043095261952 -21.3308983942213253 0.918094336986541748 0.730800032615661621 47.5
38.155482589871788 -21.2817236796854701 1.76727449893951416 0.649600028991699219 48
38.2095288992241677 -21.4057995310436837 0.5136069655418396 0.649600028991699219 49
38.4832107974553708 -21.0531871452110089 -0.906287014484405518 0.730800032615661621 50.5
38.4912676108793548 -21.0531871452110089 -0.448681294918060303 0.649600028991699219 51
38.6932021521805183 -20.7871173569090892 -1.52784132957458496 0.730800032615661621 48.5
38.6386030390779709 -20.9134327331862089 -1.13549840450286865 0.649600028991699219 48.5
38.6893261933473056 -21.1971420259583958 -2.29088878631591797 0.730800032615661621 46.5
38.6651756826373685 -21.2965036292050804 -1.70119607448577881 0.649600028991699219 46.5
39.4044770515699909 -21.975295741879286 -1.70183169841766357 0.730800032615661621 45.5
39.5071076844770914 -21.8455314794753761 -0.695642054080963135 0.649600028991699219 47.5
33.6873533842057284 29.8965576729700508 3.14336419105529785 0.568400025367736816 47
43.6751781322537695 11.4721319252317855 2.48389363288879395 0.812000036239624023 52.5
43.6556669905541526 11.5738552624998512 2.35149669647216797 0.730800032615661621 56.5
35.7899088344472034 -27.4087880972286477 -3.6251518726348877 0.649600028991699219 50
36.0103721370294281 -27.1996901261776323 -2.95478081703186035 0.568400025367736816 48
43.8162882646709946 11.4119078521213861 1.41117715835571289 0.812000036239624023 63
43.7985347783545294 11.4119078521213861 1.88338935375213623 0.730800032615661621 67.5
43.8128557807273751 11.2817124748402389 2.29062533378601074 0.649600028991699219 59.5
43.9366069114395543 11.3003900454706905 0.875415444374084473 0.812000036239624023 59.5
43.9246312491594395 11.3003900454706905 1.34858012199401855 0.730800032615661621 64
43.9355872083919792 11.2493596840009271 1.41660606861114502 0.649600028991699219 57
43.9017618331998065 11.7336656586176229 0.81180274486541748 0.812000036239624023 51
43.8958055506136375 11.6314362385522205 1.88962554931640625 0.730800032615661621 55
43.8639287392478181 11.7336656586176229 1.99488341808319092 0.649600028991699219 48
44.0317805996685934 11.5482321054605972 0.605215847492218018 0.812000036239624023 54
44.0279088080546686 11.5482321054605972 0.841070473194122314 0.730800032615661621 58.5
44.0465804419923899 11.4685891254229375 0.94657820463180542 0.649600028991699219 51.5
34.2704345881423862 29.8547399455454254 2.59953403472900391 0.568400025367736816 51.5
44.1410440111765681 11.4248034836605523 -0.634187638759613037 0.730800032615661621 52
37.3759841657902001 -25.7385722372542212 -4.46339130401611328 0.649600028991699219 52
34.3081896478954889 29.9039245298007828 2.83966851234436035 0.568400025367736816 50.5
44.2896019130774121 11.1410954631550272 -0.71618729829788208 0.812000036239624023 47
44.340931176145709 10.9584545539229783 -0.00311102578416466713 0.730800032615661621 50.5
44.4034823406007106 10.976447998785229 -0.954373955726623535 0.730800032615661621 47
40.3983121214651959 -21.9114917372686513 1.25048363208770752 0.649600028991699219 45
45.4146197190658967 7.61305565417044594 0.395578354597091675 0.812000036239624023 45
40.0667632807317773 -22.6205002090279805 1.88947761058807373 0.730800032615661621 47.5
40.0765990349766099 -22.5859738795306129 2.08394622802734375 0.649600028991699219 48.5
45.4162809548004844 -8.34217559257582941 1.48643875122070312 0.812000036239624023 45
45.4375934976490683 -8.34217559257582941 0.522849440574645996 0.730800032615661621 46
44.7061799144073859 11.9466531824446722 0.104109093546867371 0.730800032615661621 45.5
44.8487057849909974 10.8250162871246864 -4.44244956970214844 0.730800032615661621 46.5
45.938908754478696 6.68303779463692038 -0.484254837036132812 0.812000036239624023 45.5
45.938908754478696 6.68303779463692038 0.48425629734992981 0.730800032615661621 47
45.8441221584598395 -8.63328778274297548 0.0731488168239593506 0.812000036239624023 47.5
45.8723162672901168 -8.45840686884541348 -0.639248669147491455 0.730800032615661621 47.5
46.04656081380827 -8.2341359537292611 1.46747374534606934 0.812000036239624023 45.5
46.0971527307563278 -8.04699650023541579 0.733828961849212646 0.730800032615661621 47
36.1607370187738155 -29.6908439183831412 -1.04645621776580811 0.649600028991699219 45
36.1758011662768126 -29.6908439183831412 -0.0733825415372848511 0.568400025367736816 45
46.0912400996621656 -8.24733114662824462 2.20109200477600098 0.812000036239624023 49
46.1121710393284729 -8.05989180238669434 2.44367289543151855 0.730800032615661621 50
35.9963092111401508 -29.9902950786481632 -1.45385026931762695 0.649600028991699219 56.5
36.0248989412183747 -29.9902950786481632 -0.233291804790496826 0.568400025367736816 57.5
36.4819741317710537 -29.5395976554390387 -0.883400022983551025 0.649600028991699219 56.5
36.1607753126884006 -29.9326767106355476 -0.857793152332305908 0.568400025367736816 56.5
36.9864010446442819 -29.034420968902829 0.599512636661529541 0.568400025367736816 50
45.1954292778603701 12.8070562327431094 3.42966556549072266 0.730800032615661621 46
36.9982629719058735 -29.1278130955173005 -1.05316424369812012 0.568400025367736816 50.5
41.5345144821549042 -19.51234327812967 -10.9377145767211914 0.649600028991699219 47.5
37.4908259850067225 -28.9994166627854284 -0.481497228145599365 0.649600028991699219 51.5
37.5577844719044691 -28.9164934942235412 -0.096947990357875824 0.568400025367736816 50.5
37.7579759749776684 -28.9010494162601752 0.25934302806854248 0.730800032615661621 57
37.8403027289600544 -28.7940965195717133 0.119946852326393127 0.649600028991699219 67.5
37.9526610552486545 -28.645550829726627 0.175060465931892395 0.568400025367736816 65
37.9959374658106412 -28.5742488986009846 -0.90765082836151123 0.487200021743774414 47
37.8755234073173099 -28.8395112246771639 -1.36676514148712158 0.730800032615661621 61.5
37.9980057675253207 -28.6907312451854324 -1.06490325927734375 0.649600028991699219 71.5
37.9507649231919544 -28.7561944361617954 -0.980500638484954834 0.568400025367736816 69.5
38.0407574902886054 -28.6193168550294033 -1.40571224689483643 0.487200021743774414 51.5
36.9797224568075151 -27.9252762697908778 -11.3123455047607422 0.730800032615661621 48.5
37.6137493314696911 -28.008724267181929 -8.71821689605712891 0.649600028991699219 61
37.8159512208358635 -28.0385271233930169 -7.68667984008789062 0.568400025367736816 60.5
38.2206546047435296 -28.2736514913744372 -4.71518039703369141 0.649600028991699219 64.5
38.1702528773652219 -28.4945393936508005 -3.68018865585327148 0.568400025367736816 62.5
37.8420064965310985 -28.31803757960488 -7.46283578872680664 0.649600028991699219 52
47.6754621612454841 -7.72550050038305969 0.50710761547088623 0.730800032615661621 45
47.8126370118973867 -7.35062190342307442 -0.247354239225387573 0.730800032615661621 45.5
41.3093779662260445 -25.2645559855353063 1.62485682964324951 0.649600028991699219 45
41.5903969182909705 -24.9459094869145055 -1.61744964122772217 0.730800032615661621 46.5
38.4201062729278178 29.3360014821809365 4.23911809921264648 0.568400025367736816 49.5
41.4311709204934076 -25.3913594998818937 -0.834936439990997314 0.730800032615661621 47
38.6913859040551742 29.2052255046477001 3.46287965774536133 0.649600028991699219 58
38.6428178601846923 29.2052255046477001 3.96834278106689453 0.568400025367736816 57
38.8572218947050203 29.250295753444199 1.94744527339935303 0.730800032615661621 50.5
38.7629906937792157 29.3232846386680137 2.61372947692871094 0.649600028991699219 62.5
38.7629906937792157 29.3232846386680137 2.61372947692871094 0.568400025367736816 61.5
38.6753368228918291 29.4753448162176319 2.16295528411865234 0.487200021743774414 46.5
38.9495553364733382 29.1126126273046957 3.45698904991149902 0.730800032615661621 51.5
38.9495553364733382 29.1126126273046957 3.45698904991149902 0.649600028991699219 64
38.9495553364733382 29.1126126273046957 3.45698904991149902 0.568400025367736816 63
38.7600049675593397 29.5207618313284286 1.65816795825958252 0.487200021743774414 48
39.1105196529231023 29.1207925316547467 2.49546909332275391 0.649600028991699219 56
39.0076880323320907 29.340433958669113 1.19157028198242188 0.568400025367736816 54.5
38.3039941395327048 29.9843354431344871 4.99538469314575195 0.649600028991699219 53.5
38.3242171674019687 29.8315723728107933 5.70453596115112305 0.568400025367736816 54
38.3441327682295778 29.8773267821733413 5.96855068206787109 0.649600028991699219 51
38.4555879879915068 29.8773267821733413 5.20229053497314453 0.568400025367736816 51
38.687992919385394 -30.4699350298020022 3.20078420639038086 0.649600028991699219 46.5
38.5345521346285693 -30.5871033693215821 3.86524653434753418 0.568400025367736816 45
38.8341335860721202 -30.5656514050477632 0.694125592708587646 0.649600028991699219 58.5
38.8867784460773152 -30.3803676018246058 2.77176332473754883 0.568400025367736816 56.5
39.1006879558590086 -30.352242791461606 0.357722580432891846 0.730800032615661621 54
38.9314227779451443 -30.4821382670313419 2.33109641075134277 0.568400025367736816 53
39.3761366625565827 -29.9336138816158801 -3.34353208541870117 0.730800032615661621 52
38.5490743317272333 -30.020342067531157 -8.39217185974121094 0.649600028991699219 52.5
48.8862076299509667 -7.14728734279891231 4.91708087921142578 0.812000036239624023 45.5
48.527697529532908 -6.8805049159409668 7.92741107940673828 0.730800032615661621 46.5
37.3077482760011279 -29.3832924092844188 14.487116813659668 0.649600028991699219 47
48.9677368824339965 -6.84118961692649119 5.28532981872558594 0.730800032615661621 50.5
49.2793670503316363 -6.9012921506738909 1.98906254768371582 0.812000036239624023 46.5
49.1061827500748862 -7.16888057491102071 4.15091896057128906 0.730800032615661621 47
49.7004714824980809 -6.83178973754704977 -2.8727569580078125 0.812000036239624023 46.5
49.7663150271286767 -6.83178973754704977 -1.30511665344238281 0.730800032615661621 46.5
49.8776809201954094 -6.43951625691199236 -1.83174943923950195 0.812000036239624023 46.5
49.9179597362855461 -6.16910688284244646 -1.65687572956085205 0.730800032615661621 46.5
42.2255874430670346 -27.367944091875966 -0.775375068187713623 0.649600028991699219 48.5
41.9720623075659134 -27.8936743941913043 -0.670023143291473389 0.649600028991699219 47
42.7254673537446052 -28.2094445014213342 -1.66206979751586914 0.649600028991699219 49
42.9700599623064932 -28.2562004044017314 -1.50459122657775879 0.649600028991699219 48
43.0881563319089977 -28.1879354109917806 -1.91755330562591553 0.649600028991699219 46.5
43.2135961961630315 -28.26999719066783 -1.92313575744628906 0.649600028991699219 47
49.6150194780193559 15.321170837427605 2.23879551887512207 0.730800032615661621 49
49.8396726594253749 14.8164437372311095 2.38383388519287109 0.812000036239624023 47.5
49.7216068975332703 14.9855515235208419 3.52108097076416016 0.730800032615661621 52.5
49.7018211945893214 14.9855515235208419 3.79010820388793945 0.649600028991699219 45.5
49.5767852715482888 14.8899014372295682 6.11957836151123047 0.730800032615661621 47.5
50.0982870773730511 14.5656117509467293 1.68659770488739014 0.812000036239624023 48.5
50.0799350903754146 14.6699779793458092 1.27749514579772949 0.730800032615661621 53
49.985284349996995 15.1679108256546016 2.02025532722473145 0.730800032615661621 49
45.86457656791152 25.2376216573538272 -0.160604044795036316 0.730800032615661621 49.5
45.9220524756786617 25.1198722561531085 -0.8244209885597229 0.649600028991699219 51
46.0593175987934558 25.0379428780133644 0.146543160080909729 0.730800032615661621 46
45.974779734945173 25.1558609763399552 -1.37232732772827148 0.649600028991699219 48
50.3992637408658339 15.7095172760830764 0.982674956321716309 0.730800032615661621 45.5
51.6050037260761272 10.4624240141773335 6.25396394729614258 0.812000036239624023 46.5
52.086343916112078 10.1919023188387552 1.65778040885925293 0.730800032615661621 45.5
50.8587709154896004 15.1898416579454754 3.19921731948852539 0.812000036239624023 45.5
50.8754792383291559 15.3094467103702403 2.2107996940612793 0.730800032615661621 50.5
44.060811032778183 -29.7683686034976951 -0.264646232128143311 0.649600028991699219 45
50.9837207515643911 15.1181088321700958 2.76876068115234375 0.730800032615661621 51
44.1625596962541422 -29.5974243334034242 -3.03701472282409668 0.649600028991699219 45.5
52.7619184772141523 9.43494750291223916 1.67417097091674805 0.812000036239624023 45.5
52.7700945314769641 9.43494750291223916 1.39277541637420654 0.730800032615661621 47.5
51.5164662324489697 15.6787394941757157 -0.231293380260467529 0.730800032615661621 45.5
44.9930242394580802 -30.0638283805549804 -2.00417590141296387 0.649600028991699219 48.5
51.8995613332743702 15.9161499466018732 5.10757112503051758 0.812000036239624023 52.5
51.88626230000569 15.9910975704942615 5.00763273239135742 0.730800032615661621 56.5
51.9268245703465396 15.9161499466018732 4.8225250244140625 0.649600028991699219 49
52.137775505716462 15.8971063302171238 3.1771845817565918 0.812000036239624023 53.5
52.141240880423986 16.0130938012959625 2.45599722862243652 0.730800032615661621 58.5
52.1828520612667077 15.8971063302171238 2.32211542129516602 0.649600028991699219 51
45.4716099995737153 -31.7773439708081717 -1.66841495037078857 0.649600028991699219 45
55.2586575926832921 -5.04844464532293813 5.12540960311889648 0.812000036239624023 45.5
53.2952750313196262 16.6802752426871415 1.84341120719909668 0.812000036239624023 60
53.2844813519468659 16.6802752426871415 2.13274002075195312 0.730800032615661621 65
53.2721170914889939 16.6802752426871415 2.4220116138458252 0.649600028991699219 58.5
53.3937808575941233 16.5558427209739563 2.32617282867431641 0.812000036239624023 67.5
53.4095287234964644 16.4929193322540364 2.41001653671264648 0.730800032615661621 72.5
53.3801871261236869 16.5558427209739563 2.61960148811340332 0.649600028991699219 66
53.5343055524018752 16.3540082547501378 2.32929086685180664 0.812000036239624023 64.5
53.5149464221398006 16.4310177114291811 2.23006749153137207 0.730800032615661621 69.5
53.5020691837079738 16.4310177114291811 2.5200960636138916 0.649600028991699219 63
53.6771913723856713 16.2777581482147902 1.00202715396881104 0.812000036239624023 58.5
53.6818811216361738 16.2777581482147902 0.707557976245880127 0.730800032615661621 63.5
53.6818811216361738 16.2777581482147902 0.707557976245880127 0.649600028991699219 57
53.815412246195315 15.7239125639509965 3.50585627555847168 0.812000036239624023 51.5
53.8312443218846468 15.8713242442380373 2.43501567840576172 0.730800032615661621 56
53.8312443218846468 15.8713242442380373 2.43501567840576172 0.649600028991699219 48.5
46.0613199314124344 -32.6894608877034329 -2.76707816123962402 0.649600028991699219 47.5
54.0624027807301317 16.8051098392784546 1.1117558479309082 0.812000036239624023 45
54.0499185833289317 16.755578989225846 2.06106138229370117 0.730800032615661621 51
46.1122324761444347 -32.6054510060611022 -4.11554098129272461 0.649600028991699219 45.5
54.1801199670842166 16.7140040387869462 -0.216471031308174133 0.730800032615661621 50
55.3100567171441426 13.0357508791229062 1.67025208473205566 0.730800032615661621 46
54.5820117830506817 16.6605088477476677 0.887159228324890137 0.812000036239624023 52
54.5164550031262252 16.8245463920534029 1.56406593322753906 0.730800032615661621 56.5
54.5892219858797816 16.6605088477476677 -0.00388750480487942696 0.649600028991699219 50.5
54.6058000781545942 16.6395533506236752 2.73027515411376953 0.812000036239624023 51
54.5408932241501532 16.8466550876056864 2.75751519203186035 0.730800032615661621 56
54.6034464084344151 16.5824218369734666 3.09993958473205566 0.649600028991699219 49
54.6166928880154572 16.7829540479320727 3.17023587226867676 0.812000036239624023 49.5
54.5790692036134715 16.86876378315797 3.35720181465148926 0.730800032615661621 54.5
54.5501393152504761 16.704295123975001 4.46648740768432617 0.649600028991699219 47.5
54.723382939181775 16.7261882620886659 2.97934246063232422 0.812000036239624023 60
54.723382939181775 16.7261882620886659 2.97934246063232422 0.730800032615661621 65
54.6876293680886434 16.7261882620886659 3.57606697082519531 0.649600028991699219 58
54.7028159868886874 16.9129811742625407 3.66663217544555664 0.812000036239624023 60.5
54.7168914073251784 16.7480814002023308 4.1778569221496582 0.730800032615661621 65.5
54.7387290666649804 16.7480814002023308 3.88130688667297363 0.649600028991699219 58.5
54.6705696566890538 16.6694684470677039 5.81036138534545898 0.812000036239624023 50.5
54.6246833650782335 16.935088745319856 5.46345138549804688 0.730800032615661621 55
54.7646207065674844 16.7699734247847339 4.48404884338378906 0.649600028991699219 47.5
46.9377119956972422 -33.3397816925494936 -3.4228518009185791 0.649600028991699219 48.5
47.1381796471228682 -33.0656145837803521 -4.44072771072387695 0.649600028991699219 49.5
47.1154860874969756 -33.2964256474293023 -3.89994430541992188 0.649600028991699219 48.5
57.4592042006129873 9.07626302158213427 1.81700217723846436 0.812000036239624023 47
57.3892952519428334 8.84353832872105272 3.93711638450622559 0.730800032615661621 48
57.558839843094475 9.08795935564285884 0.60388946533203125 0.812000036239624023 51
57.5332503191086388 9.08795935564285884 1.8193436861038208 0.730800032615661621 52
57.8092784895028231 8.41047879116705488 0.912126719951629639 0.812000036239624023 49.5
57.7727471410394955 8.61490015067458792 1.2546241283416748 0.730800032615661621 51
57.8778307652534565 8.42127540722310819 -1.22034704685211182 0.812000036239624023 46
58.2965345436246665 7.52396561982988565 1.53119122982025146 0.730800032615661621 46.5
58.3912516850451695 7.40113670659276401 1.39671289920806885 0.812000036239624023 54.5
58.3733398503303462 7.40113670659276401 2.01058125495910645 0.730800032615661621 55
58.4645845397209811 7.54315911580624476 -0.30946621298789978 0.812000036239624023 52.5
58.4478876255998401 7.67575370963877734 -0.172819852828979492 0.730800032615661621 53
58.409980802339561 8.7439707717661932 2.15114736557006836 0.730800032615661621 47
56.4174946021313275 18.0061743245131787 1.84574496746063232 0.730800032615661621 47
56.3670142175523381 18.3477347462225637 2.36142373085021973 0.730800032615661621 47
59.0179604066330299 7.93991228503420299 0.202997535467147827 0.812000036239624023 51
58.9820872171671979 8.19291792485722326 -0.438470125198364258 0.730800032615661621 52
59.0906036633842007 7.86795441726049205 1.23975241184234619 0.812000036239624023 54.5
59.0655886751361763 8.03932084869703623 1.32916259765625 0.730800032615661621 55
59.893746849129343 -0.479244939762962285 1.87494075298309326 0.812000036239624023 48
59.8955109344821111 -0.636497185622684314 1.76876437664031982 0.730800032615661621 47.5
60.0704829952449444 -0.638887021054545423 3.02514767646789551 0.812000036239624023 57
60.0863975239781922 -0.413397484211764699 2.73431921005249023 0.730800032615661621 56.5
60.1773801410246634 -0.579478126712717256 2.32339310646057129 0.893200039863586426 48.5
60.1463286662512076 -0.413912947651940866 3.04941964149475098 0.812000036239624023 61
60.1158139868877726 -0.579478126712717256 3.57828831672668457 0.730800032615661621 60
60.275819436851215 -0.414428411092117088 -1.65655112266540527 0.812000036239624023 55.5
57.2511756334378461 18.9893405854142223 2.61707282066345215 0.812000036239624023 51.5
57.2981318469101168 18.6724743539531985 3.66115570068359375 0.730800032615661621 57
57.169323498277258 18.8309074696837087 4.71234941482543945 0.649600028991699219 51.5
57.2405057312786596 19.2017740087451045 3.00318455696105957 0.812000036239624023 47
57.2655418948305766 18.854298948004633 4.40176820755004883 0.730800032615661621 52.5
57.5241545021883454 19.0601078299082722 -0.21070706844329834 0.730800032615661621 46
51.3795004079794424 33.1849933443442211 3.67820382118225098 0.649600028991699219 47.5
51.7908259274289193 32.8729634680176019 0.949425995349884033 0.730800032615661621 45.5
51.9074976784787694 32.6659741924493972 1.53905487060546875 0.649600028991699219 52.5
51.9242029667944465 32.5969777672599932 2.26648044586181641 0.568400025367736816 47
52.1673204191099487 32.4219098144318281 -0.649094820022583008 0.730800032615661621 45
51.8589977230939851 32.9131508722262467 0.632343947887420654 0.649600028991699219 52.5
51.7585129472536067 33.0743393443150424 0.418771237134933472 0.568400025367736816 47.5
61.6838944610787365 -2.17510246303697752 0.584935545921325684 0.812000036239624023 46.5
61.6900947945350566 -1.97456110119668904 -0.639639019966125488 0.730800032615661621 47
47.7555208531506139 39.3518144788033766 6.04781055450439453 0.568400025367736816 45
47.7574277204349116 39.6870971063324944 4.38467788696289062 0.649600028991699219 52
47.7574277204349116 39.6870971063324944 4.38467788696289062 0.568400025367736816 54.5
47.8124917032408874 39.6870971063324944 3.73673105239868164 0.487200021743774414 45
47.9692464222773722 39.7349109374195848 2.1199038028717041 0.649600028991699219 49
47.936370800589998 39.7349109374195848 2.76527762413024902 0.568400025367736816 52
53.6879173479155725 31.7981108435542303 0.49774247407913208 0.730800032615661621 55.5
53.7868845044791044 31.6031739207761859 1.40378463268280029 0.649600028991699219 59.5
53.766125725419343 31.6031739207761859 2.05017662048339844 0.568400025367736816 52
53.8106536355618346 31.7270342289962741 0.966835975646972656 0.730800032615661621 63.5
53.795000687687633 31.7270342289962741 1.61837351322174072 0.649600028991699219 67.5
53.72456457355689 31.8363301146276605 1.80145621299743652 0.568400025367736816 60
53.9161812120216197 31.6791438597956088 1.40715909004211426 0.730800032615661621 59.5
53.9067490830452769 31.6791438597956088 1.73115527629852295 0.649600028991699219 63.5
53.8595811750200326 31.7651222911940216 1.62031638622283936 0.568400025367736816 56
54.0710713437772341 31.5527913742311981 1.62225925922393799 0.649600028991699219 48.5
53.6421953712381168 32.0920153482584638 4.88955593109130859 0.649600028991699219 47
58.6244117639980971 22.6186813720245041 1.30252349376678467 0.812000036239624023 54
58.6303424130744233 22.5479979927369243 2.04782843589782715 0.730800032615661621 62
58.6303424130744233 22.5479979927369243 2.04782843589782715 0.649600028991699219 58.5
58.6258364134398136 22.8579760957161824 -0.283143788576126099 0.812000036239624023 59
58.6265006442658461 22.8579760957161824 0.0471875779330730438 0.730800032615661621 67
58.6432916805114459 22.8107976104825063 0.433288216590881348 0.649600028991699219 63
58.6563045476156333 22.9482003050237573 -1.34857141971588135 0.730800032615661621 62.5
58.6662204178519673 22.924582946219271 -1.31851482391357422 0.649600028991699219 59
58.7466067665647671 22.9791644504020418 2.9524071216583252 0.812000036239624023 61
58.6551142638478566 23.0064558965437342 5.26132440567016602 0.812000036239624023 47.5
59.2369904395892561 22.274393034684806 1.31184947490692139 0.730800032615661621 50.5
58.620863013516491 23.7658576254361904 -3.89482712745666504 0.730800032615661621 50
58.4187097308468779 23.342046746284332 -8.26472949981689453 0.812000036239624023 48
58.5062587872445903 23.56404990827345 -6.90330410003662109 0.730800032615661621 54.5
58.6471003404481479 23.56404990827345 -5.58174514770507812 0.649600028991699219 48.5
60.5274005325906117 16.9200752378618553 9.75218105316162109 0.812000036239624023 56.5
60.4259039969471914 16.7372843827792721 10.6552286148071289 0.649600028991699219 57
60.5692843320899357 17.3139979846147547 9.27864360809326172 0.649600028991699219 55.5
60.3201682042261424 12.0893884185039209 20.3559379577636719 0.730800032615661621 46
57.2435587609371339 33.4043918079898461 -1.73553276062011719 0.730800032615661621 51
57.3192916274827482 33.1392775872915095 -3.46084356307983398 0.649600028991699219 48
52.0259447551791609 42.7695844474633731 5.51771116256713867 0.649600028991699219 46
51.8548263106357652 42.9637997371557105 5.61872196197509766 0.568400025367736816 47
52.1414308161471993 42.8645234410812819 5.52995920181274414 0.649600028991699219 61.5
52.2721689480610507 42.6106368264253206 6.21533632278442383 0.568400025367736816 63.5
52.3871563647584111 42.6106368264253206 5.15712356567382812 0.487200021743774414 53.5
52.3007476812791197 42.9119905234913332 4.47584676742553711 0.730800032615661621 47.5
52.5455660338110064 42.6069892088130189 4.52196788787841797 0.649600028991699219 64.5
52.7618831719555743 42.2935156353936321 4.9277491569519043 0.568400025367736816 66
52.5749278783022618 42.6069892088130189 4.16677570343017578 0.487200021743774414 55.5
51.9313618638795234 43.4259472738825423 4.93319988250732422 0.487200021743774414 45.5
49.8719280457438146 44.5607830416168369 12.0137557983398438 0.568400025367736816 48
53.2221501452467507 41.8133419295232756 6.8152918815612793 0.568400025367736816 46
52.677229186704821 42.846576100989374 5.18567895889282227 0.649600028991699219 49
52.5951169681259358 42.9146540769194473 5.44951438903808594 0.568400025367736816 50
52.7111763389108319 42.5274399370070881 7.79613018035888672 0.649600028991699219 45.5
51.9329402283205326 43.8393841978843071 5.3767542839050293 0.568400025367736816 47.5
53.2591254693031502 42.6210106094928918 3.90144252777099609 0.568400025367736816 45
55.5847856188536085 -43.3209259449372084 -5.00516748428344727 0.649600028991699219 45
59.6079408887296864 42.8663301493649911 -0.775902092456817627 0.730800032615661621 47.5
59.9071483384396757 42.4442729603943576 0.921062290668487549 0.649600028991699219 57
59.971809525356548 42.279120147318892 2.66254830360412598 0.568400025367736816 54
60.6277284708898847 41.5416195462222291 -0.906966507434844971 0.730800032615661621 46
60.6207280529458217 41.5416195462222291 -1.2927699089050293 0.649600028991699219 54.5
60.2470632350625763 42.0835066904245565 -1.23264586925506592 0.568400025367736816 51.5
60.8274900296581293 41.5251632321151263 -0.0100384904071688652 0.649600028991699219 51
61.6216241591618186 40.4293186614462954 3.83224248886108398 0.649600028991699219 45
61.1024121219889977 41.3986058892132149 4.6101531982421875 0.730800032615661621 49
61.0723605207970834 41.3986058892132149 4.99251127243041992 0.649600028991699219 58
61.0394666309791631 41.3986058892132149 5.37976455688476562 0.568400025367736816 54.5
61.2794650342476075 41.4405905938917982 2.68430542945861816 0.730800032615661621 52.5
61.2950557785206414 41.4405905938917982 2.30096793174743652 0.568400025367736816 56.5
61.664061321964688 41.0844208818154968 -0.65168839693069458 0.649600028991699219 52.5
60.7616542181620787 41.5245642743277728 9.25544834136962891 0.649600028991699219 45.5
61.2474608355374599 41.8263399101251494 3.51687335968017578 0.649600028991699219 46.5
66.4867673688631271 46.9863986201073587 5.50897836685180664 0.649600028991699219 45
68.5064760998907474 44.6824494177309219 -2.38171601295471191 0.649600028991699219 45.5
69.9443794243720021 43.0195787755668633 1.27093076705932617 0.649600028991699219 49
70.2196592211800805 42.7301748076589618 0.414708107709884644 0.730800032615661621 49
70.2196592211800805 42.7301748076589618 0.414708107709884644 0.649600028991699219 54
70.2003540183710015 42.7301748076589618 1.69793534278869629 0.568400025367736816 47
70.4134154217164365 42.5532585921917388 -0.588965654373168945 0.730800032615661621 46
70.5679632719044605 42.296232386633676 0.605798244476318359 0.649600028991699219 51
70.8525675188053157 41.9643358656163841 0.656876504421234131 0.649600028991699219 46
67.7830689698711524 48.3563526695357737 4.76224374771118164 0.649600028991699219 46.5
68.748792015212004 47.483634198023644 3.47108888626098633 0.649600028991699219 46
74.0720900225974788 44.764322001962924 -0.619568228721618652 0.649600028991699219 45.5
74.8929749159840696 43.504156340267329 1.52362442016601562 0.730800032615661621 51
74.5842849966045662 44.0562120688947587 0.354349255561828613 0.649600028991699219 54.5
74.2387018555357088 44.6190924196521337 -1.28151750564575195 0.568400025367736816 47
75.7274368022215327 42.1984092364605203 -1.24125874042510986 0.730800032615661621 49.5
75.5645193482473729 42.436757119182495 -2.45271205902099609 0.649600028991699219 52
74.897991415025615 44.0621164082383672 4.22149419784545898 0.649600028991699219 50
74.6474795441207988 44.7638354345636174 2.45145320892333984 0.730800032615661621 53
74.8033245473049675 44.5679800534692703 -0.4630393385887146 0.649600028991699219 57.5
74.6926072757370463 44.5679800534692703 -4.09467649459838867 0.568400025367736816 49.5
74.6299722453037617 44.8023901388153334 4.27031040191650391 0.812000036239624023 46.5
74.8022040371700569 44.6063660691754009 3.16618490219116211 0.730800032615661621 69
74.8855599674510586 44.4103419995354756 3.87265634536743164 0.649600028991699219 73
74.8608699736751788 44.4103419995354756 4.32372856140136719 0.568400025367736816 65.5
74.7895407217144452 44.8409487652139731 2.00387382507324219 0.812000036239624023 58
74.921461231160194 44.6447559898678747 1.34985625743865967 0.730800032615661621 81
74.8995469125172662 44.6447559898678747 2.2595059871673584 0.649600028991699219 85.5
74.8995469125172662 44.6447559898678747 2.2595059871673584 0.568400025367736816 77.5
74.9252980612894532 44.4485632145217835 4.32744979858398438 0.487200021743774414 52
75.1117342322296935 44.4867805416823359 -0.666595101356506348 0.812000036239624023 59
74.9966134706184562 44.6831420055740054 -0.464235812425613403 0.730800032615661621 80.5
74.9967527845028599 44.6831420055740054 0.440438151359558105 0.649600028991699219 84.5
74.9926641171966111 44.6831420055740054 0.898715972900390625 0.568400025367736816 77
74.9763647766146164 44.6831420055740054 1.80328166484832764 0.487200021743774414 50.5
75.0759012641074008 44.0227541459476441 -7.74578094482421875 0.812000036239624023 50.5
75.035695364928003 44.3721410836138972 -5.92856693267822266 0.730800032615661621 68.5
75.1573150196275179 44.3721410836138972 -4.10878372192382812 0.649600028991699219 71.5
75.1708792377086041 44.5249978688428811 -1.11988151073455811 0.568400025367736816 62.5
78.7263908250828024 38.0721567650958477 -0.411377429962158203 0.730800032615661621 46
82.4566655296972471 32.6402397971646607 2.76394486427307129 0.730800032615661621 49.5
82.284805633271219 32.6402397971646607 5.99603700637817383 0.649600028991699219 47
82.4090627322894846 33.078396899689956 -0.0786985978484153748 0.730800032615661621 51.5
79.9315786141821008 41.8508598074670388 -0.0122976619750261307 0.730800032615661621 47
79.7071882669626035 42.2680154682634495 0.855015158653259277 0.649600028991699219 49
79.7585476227792753 42.2467302991507268 2.8068544864654541 0.649600028991699219 46.5
86.1199635539661585 11.8391002907068597 27.8264884948730469 0.730800032615661621 48
82.7795714447050131 44.4830128991286031 3.76926803588867188 0.730800032615661621 53
82.5753732580523376 44.753319186230307 4.88377237319946289 0.649600028991699219 55.5
83.3352941565857606 43.6598715754959983 2.92574930191040039 0.649600028991699219 51
82.5877007657946365 45.449411962390414 1.18261003494262695 0.649600028991699219 45.5
87.3554379297993364 36.3626353199511314 4.42861080169677734 0.730800032615661621 52.5
87.0590688776757702 36.6703919990913434 6.98772144317626953 0.649600028991699219 50
87.616249726484341 36.17819382685731 1.25382113456726074 0.812000036239624023 47.5
87.5235886899333195 36.17819382685731 4.2190546989440918 0.730800032615661621 57
87.3241199298217907 36.6046558366041594 4.65161323547363281 0.649600028991699219 54.5
87.3659106792141955 36.930002500011291 -2.15374851226806641 0.730800032615661621 50.5
93.9638631799385422 13.2398251529385913 5.0249791145324707 0.812000036239624023 49.5
94.1714578186141296 13.2502755341817817 -0.42143714427947998 0.812000036239624023 47
94.1650371939241211 13.1789736030561411 -1.80881822109222412 0.730800032615661621 48.5
80.922450632935508 45.0860528510876506 -22.4869213104248047 0.730800032615661621 47.5
81.9170858148137313 44.8239938913191054 -19.1639347076416016 0.649600028991699219 45.5
79.1748045009256458 44.6923631741498397 -28.8981609344482422 0.730800032615661621 48
85.7499565569762581 47.1849532810600039 0.206862300634384155 0.730800032615661621 61
85.7414130120953502 47.1849532810600039 1.22776949405670166 0.649600028991699219 63.5
85.302050151268034 47.906547952802498 2.83555150032043457 0.568400025367736816 54
85.8071125657365599 47.2211088593300872 1.22871029376983643 0.812000036239624023 50.5
85.5627508318218162 47.6739810801168247 0.641080498695373535 0.730800032615661621 69.5
85.3568610211922305 48.0411747726466132 0.674462974071502686 0.649600028991699219 72
84.6392667062955439 49.1917150092399211 3.25155115127563477 0.568400025367736816 63
85.6238408039233576 47.563493471021637 3.89519286155700684 0.812000036239624023 47
85.531463511425315 47.820725859095667 2.53927278518676758 0.730800032615661621 65.5
85.0517698028657634 48.6046721846546106 3.56127667427062988 0.649600028991699219 68
83.7151998363781473 50.9565111613314556 2.02481865882873535 0.568400025367736816 60
69.1921761883991024 67.9245362074151444 -14.9100837707519531 0.568400025367736816 46.5
80.7349638431530678 52.8624046355677066 18.0488986968994141 0.649600028991699219 49.5
77.8170843995101791 54.0646593708393794 25.6874561309814453 0.568400025367736816 49
88.6087158063757983 45.8078362444513871 -0.448845326900482178 1.29920005798339844 48
88.6639485707490564 45.8422768225080404 -1.49040865898132324 1.38040006160736084 49.5
88.848194222075918 45.5054764213630847 -0.530840098857879639 1.29920005798339844 58
88.8497785849236692 45.5054764213630847 -0.0136061413213610649 1.21800005435943604 54.5
88.9105823765912646 45.5396639666013598 1.02842748165130615 1.38040006160736084 50.5
88.7430692875763611 45.8767174005646936 0.0681151524186134338 1.29920005798339844 58
88.9105823765912646 45.5396639666013598 1.02842748165130615 1.21800005435943604 54.5
88.8604428107133515 45.5738549897180931 4.67406034469604492 1.29920005798339844 51.5
88.7264230235943359 45.5738549897180931 6.75631237030029297 1.21800005435943604 47.5
