
X Y Z V_r Mag
6.42007181430972018 -1.92818867042497488 -0.792006075382232666 -1.94880008697509766 53.5
6.42431655797971946 -1.92818867042497488 -0.756805121898651123 -2.03000020980834961 57
6.42007181430972018 -1.92818867042497488 -0.792006075382232666 -2.11120009422302246 54
6.42348385440750658 -1.95855384633717944 -0.682221472263336182 -2.19239997863769531 45.5
6.48599642880942984 -1.91805751806106817 -0.912979781627655029 -1.86760008335113525 53
6.48966025235827715 -1.92829170668567174 -0.864077329635620117 -1.94880008697509766 61
6.49739904543074243 -1.93767304625822456 -0.780932784080505371 -2.03000020980834961 62.5
6.49569766649381908 -1.9496129329869285 -0.765214085578918457 -2.11120009422302246 56.5
6.49737374023533309 -1.96496421592383341 -0.709704339504241943 -2.19239997863769531 45
6.54573659416106768 -1.94948167066317701 -0.981252670288085938 -1.86760008335113525 52.5
6.54992081487749545 -1.95896610161288698 -0.933267712593078613 -1.94880008697509766 59.5
6.56273970394735962 -1.9710371955488819 -0.80960613489151001 -2.03000020980834961 59
6.57511413138250944 -1.9710371955488819 -0.702061772346496582 -2.11120009422302246 52
6.75116840963656628 -1.63598005798085033 -0.629226326942443848 -1.54280006885528564 45
6.73231793073440254 -1.67345855691168488 -0.725302278995513916 -1.62400007247924805 45
6.72319791518701226 -1.74754396177496285 -0.628752648830413818 -1.86760008335113525 48
6.62609353770072396 -2.04562876722485676 -0.748946249485015869 -2.03000020980834961 45
6.74854660670522311 -1.91697971329029038 -0.696282088756561279 -1.86760008335113525 53
6.82478990939693464 -1.87237859477293167 -0.82587510347366333 -1.78640007972717285 48
6.81649847633389872 -1.9044307247833101 -0.821050107479095459 -1.86760008335113525 47.5
6.82197663236675389 -1.9703156586935322 -0.58661961555480957 -1.94880008697509766 46
6.82161724440061246 -2.00236778870391019 -0.47084459662437439 -2.03000020980834961 47
6.79765422783782558 -2.07982710289565809 -0.481507360935211182 -2.11120009422302246 49
6.7772423405948361 -2.13680866735855268 -0.518334090709686279 -2.19239997863769531 50.5
6.75392361217130954 -2.2035839382135074 -0.542554318904876709 -2.27360010147094727 50
6.7276943070360522 -2.27926257851578917 -0.555631160736083984 -2.35480022430419922 47.5
6.842220071153716 -2.18809201588513158 -0.486086040735244751 -2.19239997863769531 47.5
6.83190067133734225 -2.22138124474522636 -0.480208784341812134 -2.27360010147094727 47
6.81399555108843913 -2.27446406914375521 -0.486086040735244751 -2.35480022430419922 47
6.77255887576103 -2.34194223575205518 -0.698395729064941406 -2.43600010871887207 45
6.70577424195307525 -2.53358022891962609 -0.673474490642547607 -2.67960023880004883 45
6.88877160373158137 -2.31088347364400892 -0.36093062162399292 -2.35480022430419922 47
7.32977202963043428 -1.13658535284153306 -0.336516380310058594 -0.812000036239624023 46.5
7.32444041245909094 -1.18761571562217316 -0.269752174615859985 -0.893200039863586426 46
7.41688038390963555 -1.07965069147367188 -0.272476941347122192 -0.649600028991699219 46.5
7.41820543467495153 -1.07965069147367188 -0.233638375997543335 -0.730800032615661621 54
7.41820543467495153 -1.07965069147367188 -0.233638375997543335 -0.812000036239624023 53.5
7.3951325893757085 -1.1996118794151911 -0.350641936063766479 -0.893200039863586426 50.5
7.39225570311258195 -1.23991134098929523 -0.259191364049911499 -0.974400043487548828 50.5
7.49352020232788885 -1.09044717024505 -0.196741461753845215 -0.649600028991699219 51.5
7.48948418215038814 -1.09044717024505 -0.314937353134155273 -0.730800032615661621 56.5
7.49996313382794622 -1.04974471510569489 -0.170927494764328003 -0.812000036239624023 54
7.46174524168296571 -1.26366924676835235 -0.325772792100906372 -0.974400043487548828 49
7.00816441933584056 -2.75167528116524363 -0.833393096923828125 -2.76080012321472168 47.5
7.00805947958719155 -2.7866983239595724 -0.708551287651062012 -2.84200000762939453 49.5
7.56238327702379021 -1.06587384431711585 -0.443593412637710571 -0.649600028991699219 48
7.55767786466734037 -1.10124364901642813 -0.437345057725906372 -0.730800032615661621 51
7.56656915662629892 -1.10124364901642813 -0.238311126828193665 -0.812000036239624023 48.5
7.08218604540683483 -2.77891952056489311 -0.801717281341552734 -2.67960023880004883 45
7.08659407853475631 -2.77891952056489311 -0.761767923831939697 -2.76080012321472168 50.5
7.08805640411696469 -2.77318387655959953 -0.769033372402191162 -2.84200000762939453 48.5
4.40392882133529362 6.78054362153028922 0.489532202482223511 0 49.5
8.28651005706498189 -0.695952976981839333 -0.393748849630355835 -0.324800014495849609 49
8.13275597147512563 -1.77577239418236132 0.102728113532066345 -1.29920005798339844 49.5
8.1164908867259804 -1.84547172072613286 0.149831697344779968 -1.38040006160736084 49.5
8.19954382959463324 -1.8232601135061457 0.0566960982978343964 -1.29920005798339844 46.5
8.1960960526033535 -1.83585603829720689 0.116824321448802948 -1.38040006160736084 45
8.3833732346479799 -2.32541019645447644 0.0391466543078422546 -1.70520007610321045 45
8.36910520237100464 -2.36563468325616633 0.227739870548248291 -1.78640007972717285 47.5
8.46381678069626808 -2.30598205486851526 0.216545850038528442 -1.70520007610321045 45.5
8.45280751960144983 -2.34545678333987384 0.222526416182518005 -1.78640007972717285 46
8.98396892869766006 -0.303651737671312705 0.442834764719009399 0 46.5
8.98529482460427609 -0.390248714710909272 -0.334943801164627075 -0.0812000036239624023 46
9.06670352889473641 -0.386696771647305815 0.0315541923046112061 0 45.5
9.06800536851237382 -0.326594340863413712 0.142296954989433289 -0.0812000036239624023 49
9.14333431811984099 -0.322433180128002872 0.13411635160446167 -0.0812000036239624023 51.5
9.14274334972024505 -0.341870641341393111 -0.126007050275802612 -0.162400007247924805 48
9.21909712692550087 -0.325076068160579768 -0.0566030032932758331 0 52
9.21290773246083639 -0.331992580249102776 -0.335775256156921387 -0.0812000036239624023 54.5
9.21926658849492142 -0.325076068160579768 -0.00880464538931846619 -0.162400007247924805 47
9.293628486821774 -0.327718956193156719 -0.10524972528219223 0 48
9.29511566542771916 -0.297503733281730964 -0.0481875054538249969 -0.0812000036239624023 48.5
8.91931496615463359 -2.6275622693359133 0.17815592885017395 -1.86760008335113525 46.5
8.9362951033688649 -2.57178031934558859 -0.136314690113067627 -1.94880008697509766 45.5
9.00646801008894471 -2.59954940545001101 -0.128466367721557617 -1.78640007972717285 50
9.00702987476089056 -2.59954940545001101 -0.0798935070633888245 -1.86760008335113525 54.5
9.00940503034404294 -2.59252043004095301 0.00894810911267995834 -1.94880008697509766 50.5
9.35232238170504182 -0.14995147539324083 -0.634200155735015869 0.162400007247924805 45
9.34609906132814849 -0.0749757376966204148 -0.731730937957763672 0.0812000036239624023 46.5
9.08104433330116656 -2.61326080446113318 -0.0895524099469184875 -1.78640007972717285 51
9.08102907717635688 -2.60735646464084159 0.197777524590492249 -1.94880008697509766 46
9.43933467863723585 -0.0755755496997345261 -0.442452520132064819 0.162400007247924805 48.5
9.43620130754277042 -0.107458984729310036 -0.499077945947647095 0.0812000036239624023 50.5
9.51630427985104532 -0.0309462375933433967 -0.405742913484573364 0.0812000036239624023 46
10.0115110018249176 -1.50434131704662821 -0.149097442626953125 -0.812000036239624023 46.5
5.61914452595815206 8.60124522345274478 0.139398351311683655 0 45.5
6.01276831267464384 8.60721468757202501 -0.11167106032371521 0 45.5
5.86469174799326165 8.79555437522621375 0.272496700286865234 0 45.5
5.57287655036874519 9.16020793873342321 0.243467584252357483 0 45
7.78484922449301653 9.32818182057368794 0.0604696236550807953 0 47.5
9.08628093100254297 9.13144531401460391 1.55139815807342529 0 47.5
8.61514169340085267 10.4222279314797603 1.19881224632263184 0 46.5
8.47601463639218622 10.5241573023003916 1.92919814586639404 0 45
9.6840175839730307 10.0407513414701093 -0.0751332193613052368 0 45.5
13.5967243785174468 5.56398727110955171 -0.511018633842468262 0 51.5
13.6510453977600221 5.5923748876013093 -0.821544766426086426 0 50
10.075554307090103 10.7831795679382001 1.65189218521118164 0 48.5
10.6594391378945765 10.7643981383519485 1.51813411712646484 0 49.5
9.67068804119480419 12.0258652492419618 0.74757462739944458 0 45.5
9.99684792813092571 11.8689033859744253 0.466705739498138428 0 46.5
9.924155874887024 12.0120131815829545 0.763330459594726562 0 45
14.3790347555640246 6.18374587734692227 0.842776775360107422 0 56
14.3940572794080541 6.12498364221217084 1.00066685676574707 -0.0812000036239624023 50.5
14.3982527676471275 6.14261231275259689 0.815029501914978027 0.0812000036239624023 50.5
14.4506008192472635 6.15429008180182535 1.16935098171234131 0 69.5
14.42487779059066 6.21333347881303588 1.17470407485961914 -0.0812000036239624023 63.5
14.4569564875979104 6.15429008180182535 1.08795332908630371 0.0812000036239624023 63.5
14.4658877697380053 6.20139351533838479 1.6466519832611084 0 68.5
14.4611583310328431 6.18359614874461982 1.75177240371704102 -0.0812000036239624023 62.5
14.4802156972673508 6.18359614874461982 1.58654952049255371 0.0812000036239624023 62.5
14.1913151214528384 5.92282107609983477 4.04188060760498047 0 57.5
14.1913151214528384 5.92282107609983477 4.04188060760498047 -0.0812000036239624023 52
14.214659722113149 5.92282107609983477 3.95899844169616699 0.0812000036239624023 51.5
10.7372678537413933 12.6499076234666159 1.38328182697296143 0 48
10.1350667945499655 13.3978653360923676 0.132862091064453125 0 50.5
10.9138247485250375 12.8651336911991567 0.377328455448150635 0 47.5
10.5735944801454202 13.7763431554329703 1.08237361907958984 0 46
12.5815726703427302 14.7012429373765361 -0.00395683618262410164 0 47
13.1518045423482253 14.2921758646932489 -0.30723416805267334 0 46
17.9343097621737044 7.94830977796872151 -1.14343678951263428 0 47
18.0777363157274067 8.68039117230553536 -1.36245763301849365 0 47.5
13.204442450677103 15.6096958361458835 1.09806370735168457 0 46.5
14.0324976139280082 18.2299019746122219 0.954148232936859131 0 47.5
13.8494493285598406 18.4740220735243277 0.716458141803741455 0 47
14.3767408017990856 -22.4010182145689356 -0.62800365686416626 0 49.5
14.3892977049516197 -22.4908100703387497 -0.0400482527911663055 0 52.5
14.5425080246280274 -22.3907174576536647 0.247560307383537292 -0.0812000036239624023 46.5
14.3820994500030306 -22.4908100703387497 -0.456879258155822754 0.0812000036239624023 47
14.4334286184549629 -22.5272208040961743 -1.04935574531555176 0 51.5
14.528788563866005 -22.4536133694177096 -1.28461480140686035 -0.0812000036239624023 45.5
14.6087969347194875 -22.4134638595930902 -1.05847728252410889 0.0812000036239624023 46
16.2525992557777634 -21.4455548360248969 -0.947007358074188232 0 45.5
13.8451640274026726 -23.1753770378812831 -0.462012767791748047 0 49
14.7207473506570743 -22.664594454348169 -1.63446295261383057 0 57
14.5951472861278386 -22.7796259831506518 -1.06111323833465576 -0.0812000036239624023 50.5
14.6867196305878309 -22.664594454348169 -1.9162745475769043 0.0812000036239624023 51.5
14.1166502723802676 -23.1412814845779486 -1.52442467212677002 0 55.5
14.1663246516848833 -23.1412814845779486 -0.958621323108673096 -0.0812000036239624023 49.5
14.0208230532926326 -23.3276795667387908 -0.660711348056793213 0 52
14.0350786100253764 -23.3276795667387908 0.191178306937217712 -0.0812000036239624023 46
14.0527676640858896 -23.2970613494279206 -0.98352891206741333 0.0812000036239624023 46.5
15.5966697957534759 -22.3958161068402219 -0.679276943206787109 0 54
15.6064190545383834 -22.3958161068402219 -0.396426916122436523 -0.0812000036239624023 47.5
15.7885829506251891 -22.2695944471367788 -0.275456607341766357 0.0812000036239624023 48.5
16.0062086850527869 -22.1836822358121815 -1.03743743896484375 0 53
16.0062086850527869 -22.1836822358121815 -1.03743743896484375 0.0812000036239624023 47.5
17.0007246070858997 -21.5138386755700814 -1.27774357795715332 0 51
17.0198100337134015 -21.5138386755700814 -0.991657257080078125 0.0812000036239624023 46
17.0929995783299908 -21.5726202518752643 -0.277726858854293823 -0.0812000036239624023 54
17.0740201927703517 -21.5726202518752643 -0.851824939250946045 0.0812000036239624023 55
17.3432373916175173 -21.4555072502355095 -0.795840442180633545 0 60
17.136606547572967 -21.6314003333028673 -0.423361212015151978 -0.0812000036239624023 53.5
17.3276389329661811 -21.4555072502355095 -1.08356928825378418 0.0812000036239624023 54.5
16.4129687506490249 -22.281543693176765 -0.230184569954872131 0 53
16.3571599273172872 -22.3230427657079034 -0.17547018826007843 -0.0812000036239624023 46.5
16.519284398169944 -22.1950872920702267 -0.630134224891662598 0.0812000036239624023 47.5
17.4205199846124898 -21.5998554773203963 -0.18540656566619873 0 56
17.4556702878720138 -21.5721144524659145 -0.0775684565305709839 -0.0812000036239624023 49.5
17.2297412249278352 -21.748963485913233 -0.425662130117416382 0.0812000036239624023 50
18.0456852897975537 -21.1401595805855003 -1.29519915580749512 0 56
18.3439680832372289 -20.9176315850003931 -0.426812529563903809 -0.0812000036239624023 49.5
18.8280452179809643 -20.5277582981166695 -1.5893251895904541 0 55
18.8280452179809643 -20.5277582981166695 -1.5893251895904541 -0.0812000036239624023 48.5
18.871671126973812 -20.4371126262839518 -2.14349365234375 0.0812000036239624023 49
18.6199167082529833 -20.7752055090262289 -2.07128214836120605 0 52
17.9237267294565825 -21.4723398828518093 2.1168830394744873 0 49
16.9968405913656184 -22.4013461478567777 -0.550281643867492676 -0.0812000036239624023 48.5
17.1705562902619704 -22.2677956060276969 -0.577118456363677979 0.0812000036239624023 48.5
16.6686889857599461 -22.8388105467050373 -0.138793647289276123 0 53.5
16.3380183537450918 -23.0649373838011265 0.744009256362915039 -0.0812000036239624023 47
16.6668249432404068 -22.8388105467050373 -0.28529435396194458 0.0812000036239624023 48
16.8900665423142122 -22.7647710795347429 -0.461922526359558105 0 52
16.7078223334100215 -22.8993900183804229 -0.434865593910217285 -0.0812000036239624023 45.5
16.8900665423142122 -22.7647710795347429 -0.461922526359558105 0.0812000036239624023 46.5
21.0985521719384224 -19.1458056595326305 -0.734387338161468506 0 51.5
21.1681084959287027 -19.0817013995118749 -0.223446846008300781 -0.0812000036239624023 46
21.3719056085566308 -18.9676625318697347 0.00779260694980621338 0 48.5
20.7780742235462199 -19.7048245279400689 0.902262568473815918 -0.0812000036239624023 48
21.5382031937047991 -19.1170144545753615 -0.292555272579193115 0 52.5
21.9094973947027007 -18.9000442756045217 -2.28319334983825684 0 51.5
17.1561818219877154 -23.5657749912836429 1.22490334510803223 0 52
22.0775918277598819 -19.1817939831193058 -0.448670864105224609 0 50
22.2190799983424974 -19.0734064277225919 -1.57268369197845459 0 49.5
21.9104435511656206 -20.0484377993468108 0.287526607513427734 0 47
22.4738559826941433 -19.5260823204589968 -0.456723928451538086 0 53.5
22.4780079763288647 -19.5260823204589968 -0.148186966776847839 -0.0812000036239624023 47.5
22.4176839519051327 -19.6946270298368233 -0.769174039363861084 0 53.5
22.2964364137517492 -19.9423005183068014 -0.824134171009063721 0 50
20.948238401537786 -21.4318159831770245 1.35966312885284424 0 50.5
26.3364286108633223 -14.2246316158320845 -2.92541766166687012 0 46.5
26.4511255891017996 -14.5033068830804854 -1.88221359252929688 0 50.5
26.6317696474320513 -14.3764857827099135 -1.46817994117736816 0 54
26.6400552869934764 -14.3764857827099135 -1.30928373336791992 -0.0812000036239624023 48
26.6226633595788549 -14.3764857827099135 -1.62497246265411377 0.0812000036239624023 48.5
26.7559189455835771 -14.3057933893486489 -1.45112967491149902 0 49.5
29.5298288607036561 7.42739666527501008 -0.159851506352424622 0 52
26.6344873657825758 -14.7693213556683425 -2.06080222129821777 0 56.5
26.6891625626740066 -14.6472608485966997 -2.21857643127441406 -0.0812000036239624023 50.5
26.6313821924736835 -14.7159198838244993 -2.44682717323303223 0.0812000036239624023 50.5
26.7547368967876658 -14.6832486535523739 -2.22402739524841309 0 56
26.7674128349124842 -14.6832486535523739 -2.06586551666259766 -0.0812000036239624023 50.5
26.7793033217973608 -14.6832486535523739 -1.90556609630584717 0.0812000036239624023 50
23.6901121171742481 -19.6044696695861518 0.07756815105676651 0 50.5
30.2506609241267554 7.62983115753256769 -0.350968509912490845 -0.0812000036239624023 47
30.3904320577737543 7.35897210560018866 -0.626834571361541748 0 62
30.3545131793797651 7.50357219477024007 -0.652416348457336426 -0.0812000036239624023 56
30.3954089246509653 7.35897210560018866 -0.300640761852264404 0.0812000036239624023 56
30.4355366624188228 7.37661925058235912 -1.44433319568634033 0 61.5
30.4062252770290051 7.52156609724807712 -1.30767571926116943 -0.0812000036239624023 55.5
30.4355366624188228 7.37661925058235912 -1.44433319568634033 0.0812000036239624023 55.5
30.4114721207904175 7.82622082889667237 -1.19306254386901855 0 53
19.0140784686034436 -25.1965906902931742 0.759827136993408203 0 45
31.1673204966637272 6.62785560898141934 0.827873528003692627 0 48
31.2154565102163346 6.79117127518643127 -0.527114331722259521 0 55
31.2178363694413683 6.79117127518643127 -0.359405279159545898 -0.0812000036239624023 49.5
31.2195943471316895 6.79117127518643127 0.139409348368644714 0.0812000036239624023 49.5
31.2795627937356109 6.83112413472308067 -0.724813401699066162 0 53
31.2591723000947468 6.95117904042998891 -0.382080793380737305 -0.0812000036239624023 47.5
31.2490621473324701 6.95117904042998891 -0.881968140602111816 0.0812000036239624023 47.5
23.4631156377437655 -22.0005826534725806 -0.829084634780883789 0 51.5
23.1633429596655773 -22.4387387778445593 -0.158305734395980835 0 49
27.3840695800161704 -18.9884021888821479 -1.8557736873626709 0 45.5
27.0088574236823042 -20.6361364538032213 -2.01845574378967285 0 49.5
27.1145766101693617 -20.6645316649261588 -1.51407992839813232 0 51.5
27.0976175440385845 -20.8637988972225372 -0.24715268611907959 0 53
27.0471181776331022 -20.923629537239151 0.543250679969787598 -0.0812000036239624023 47
27.0817170098257129 -20.8637988972225372 -0.960512459278106689 0.0812000036239624023 47.5
27.2513643220806649 -20.7553656951477521 -1.16348278522491455 0 48
31.478096641951602 -13.8855075366452727 4.70615625381469727 0 45
32.0128030316208623 -13.1718887051156788 3.56679630279541016 0 48
32.287955522199276 -13.643486123828394 2.9366755485534668 0 47.5
32.458120825498149 -13.6109079821002297 1.94323217868804932 0 53
32.4340630227007054 -13.6109079821002297 2.31025528907775879 -0.0812000036239624023 45.5
32.5532659775649051 -13.4523342968718769 1.37190282344818115 0.0812000036239624023 48.5
32.3888034582943689 -13.9356188310746649 2.14933013916015625 0 54.5
32.3655907204471163 -13.8429207013779365 2.94919848442077637 -0.0812000036239624023 49
32.4206527935913869 -13.9356188310746649 1.59859704971313477 0.0812000036239624023 49
32.6872723068884099 -13.0505776484372138 4.43851900100708008 0 48.5
32.2101870914542516 -14.7840171310909589 2.78197073936462402 0 50
33.4651212956832822 -12.3705096420156782 1.24347913265228271 0 45.5
32.1777660790166564 -15.4821909198509946 3.18053340911865234 0 46.5
32.4727217533726957 -15.2272737167595444 2.06358623504638672 0 52
32.3772867679212126 -15.3484813790096943 2.59639382362365723 -0.0812000036239624023 46
32.4357869358659343 -15.3709272423893513 1.50340509414672852 0.0812000036239624023 46
32.5723225500733449 -15.3175432114195509 0.645466446876525879 0 49.5
35.4172120350092854 7.13279836290648106 1.2517627477645874 0 47
35.4992759821697064 7.20191677506412997 0.429720968008041382 0 58.5
35.4992759821697064 7.20191677506412997 0.429720968008041382 -0.0812000036239624023 52.5
35.4992759821697064 7.20191677506412997 0.429720968008041382 0.0812000036239624023 52
35.5526392401338498 7.21682772657904437 -1.27179801464080811 0 60
35.5838320531771828 7.11249897880323267 -0.94527512788772583 -0.0812000036239624023 54.5
35.5454179602365201 7.21682772657904437 -1.45975053310394287 0.0812000036239624023 53.5
35.5214565006482346 6.78628831810141531 -3.91318821907043457 0 53
35.611382092800568 6.56810892140425029 -3.43948483467102051 -0.0812000036239624023 47.5
35.3831882976147298 6.981740694309293 -4.7355952262878418 0.0812000036239624023 47
33.3650379546128519 -14.575283713300065 1.71405172348022461 0 49.5
35.9749978239618571 6.73222186026128 -0.192136794328689575 0 51
35.9014324218481988 7.36470800331995701 -1.3798903226852417 0 52
35.7969358364542956 7.45636585028100196 -2.83511042594909668 -0.0812000036239624023 45.5
35.9937568211242862 7.13637815330857261 -2.02091765403747559 0 55
35.9340828288814507 7.3062919188635389 -2.43356728553771973 -0.0812000036239624023 49
36.0130984102237193 7.13637815330857261 -1.64055681228637695 0.0812000036239624023 49.5
36.1281992906936935 6.9852834426363879 -1.42818117141723633 0 54.5
36.1281992906936935 6.9852834426363879 -1.42818117141723633 -0.0812000036239624023 49
36.1451264250161728 6.81502291076712119 -1.77933108806610107 0.0812000036239624023 49
34.9177715072709205 -12.1730607724232911 3.29112696647644043 0 49.5
36.6503057071085436 6.75856631575484723 0.708978056907653809 0 53
36.6853385207111771 6.55827799626659136 0.775040149688720703 0.0812000036239624023 47
34.0955955064018568 -15.2950504901105653 3.1307837963104248 0 47
33.9510735332698701 -15.926646427848576 2.35526251792907715 0 50.5
34.0092891315347572 -15.8843882268312893 1.71321606636047363 0.0812000036239624023 45
36.8816518726423226 7.84426205669142362 1.17777335643768311 0 52.5
36.8581544629822702 7.84426205669142362 1.76629972457885742 -0.0812000036239624023 46.5
36.8669944947997905 7.84426205669142362 1.57102179527282715 0.0812000036239624023 46
35.5287475813093394 -12.5219238908747652 3.12244772911071777 0 50.5
35.5113497996972214 -12.6966923495554003 2.56480646133422852 0.0812000036239624023 45
36.1733946125633778 -12.2360403920884515 2.19713759422302246 0 46
36.2378510745026787 -12.4659631118634699 0.472919464111328125 0 46
37.9365335987612653 8.71638004503091146 -0.00265126838348805904 0 56
37.927899502720166 8.71638004503091146 0.809347808361053467 -0.0812000036239624023 50.5
37.9149745965819704 8.80393296959037386 -0.318451941013336182 0.0812000036239624023 49.5
38.0429451935449947 8.57722439249337576 -0.406805336475372314 0 52
38.0429737902680429 8.57722439249337576 0.40414738655090332 -0.0812000036239624023 46
38.0453960342505937 8.52361674004029091 -0.946473538875579834 0.0812000036239624023 46
37.240273455392753 -11.2499597095579809 3.66826701164245605 0 47
35.1680143939978791 -17.3563500873970327 0.754089951515197754 0 48
37.2583611126755372 -12.2576343563854984 2.46071410179138184 0 49.5
35.4714068968439022 -17.965218012668636 2.24965620040893555 0 49
35.6138270952945675 -17.8694181030343309 2.08548855781555176 0 52
35.4098652656420185 -18.1885148548742315 2.70729565620422363 -0.0812000036239624023 46
35.5382087180324362 -17.9990511584692925 2.25389289855957031 0.0812000036239624023 45.5
35.7866276414678595 -17.8130929166278769 -0.109014712274074554 0 49
35.0209616283599132 -19.1234053765721228 4.22412872314453125 0 48.5
36.1626519787867053 -17.9732039413984843 -1.84591305255889893 0 50
36.4681611576709628 -17.4903400898676082 -2.10030555725097656 0 53
36.4681611576709628 -17.4903400898676082 -2.10030555725097656 -0.0812000036239624023 47.5
36.4261155715304668 -17.4903400898676082 -2.73423385620117188 0.0812000036239624023 47
38.7621397062435733 -11.4637998813364828 3.52256560325622559 0 46.5
38.8984628937479755 -11.6140425408642098 4.08213663101196289 0 49
39.5490128291007679 -10.7586349062044935 3.9380652904510498 0 45
39.9044203681068197 -10.6880917055347791 2.71332120895385742 0 49
38.0390239830060608 16.3321904716230861 0.502395808696746826 1.05560004711151123 52
38.1346374173750746 16.1149107757700065 0.138303801417350769 0.974400043487548828 56.5
38.1880670995626232 15.985577623476507 0.304831922054290771 0.893200039863586426 54
40.0663298565295705 -10.5208772532059154 2.04355502128601074 0 45
38.2037226056675152 16.144104750609074 0.138554349541664124 1.05560004711151123 54
38.2950043029500193 15.9212487299746641 0.42696729302406311 0.974400043487548828 61.5
38.2919573176521197 15.9212487299746641 0.644676864147186279 0.893200039863586426 58.5
36.2787105523710522 -20.2231134945812308 -1.1329580545425415 0 47
38.626625809938588 15.2854547183689693 0.86109548807144165 1.05560004711151123 51
38.4823508350084893 15.6644758441980922 0.368254810571670532 0.974400043487548828 61.5
38.4039033913441656 15.8565824422210717 0.334262609481811523 0.893200039863586426 59.5
38.6086667550990583 15.536706664673984 0.788878023624420166 0.974400043487548828 58
38.5535197809927013 15.6927499187550765 -0.0652681216597557068 0.893200039863586426 59
38.1986634530797886 16.6746043688054364 -1.3075554370880127 1.05560004711151123 52
38.2704697788112753 16.5234907667131381 -1.11147153377532959 0.974400043487548828 57.5
38.5185207508891025 15.9138255444786907 -1.40132415294647217 0.893200039863586426 59
38.6675093812706976 15.5334361323153161 -1.55758929252624512 0.812000036239624023 52.5
37.290675861988241 -18.8031097119368873 0.999586522579193115 0 46
38.3943011174054831 16.4070443710765232 -1.35545074939727783 1.05560004711151123 55.5
38.3837140924833307 16.3705030695819218 -1.96161186695098877 0.974400043487548828 60
38.5348941895105668 16.0364111702026975 -1.74537086486816406 0.893200039863586426 60
38.5936021353625947 15.8693652205130871 -1.96161186695098877 0.812000036239624023 52.5
37.0748922753647889 -19.4121192601755439 -0.211136549711227417 0 46.5
38.3808227723461783 16.5672397134256819 -1.9651336669921875 1.05560004711151123 52.5
38.8074286315934458 15.662526181095302 0.302438169717788696 0.893200039863586426 56.5
38.6436537036929693 16.0652021463521741 -0.0028504964429885149 0.812000036239624023 48
36.6777810878308514 -20.2537035845024072 1.49458324909210205 0 46.5
39.1098100365496535 14.5851812672671226 3.92443346977233887 0.974400043487548828 47
39.0242401201823554 14.7528270289598478 4.14350223541259766 0.893200039863586426 54
36.846341644602461 -20.1534782928515632 -0.429506868124008179 0 46.5
38.7072251041779722 16.1227826342812541 -2.4096827507019043 1.05560004711151123 50.5
39.8376951364372331 12.5381926150058334 4.44430065155029297 0.974400043487548828 49.5
39.2151220348515679 15.0048943852246435 1.01355445384979248 0.893200039863586426 56
39.3895232479294748 14.4433261098769563 1.96359610557556152 0.812000036239624023 52.5
36.8390800962762839 -20.3261665292725304 0.186457350850105286 0 48.5
38.9903627931100161 15.7467327354297009 -1.44832897186279297 1.05560004711151123 53
39.6760183698785909 13.796135792242918 2.40539908409118652 0.812000036239624023 53
37.0694212318760492 -20.0569102687817171 0.448280870914459229 0 52.5
37.2205842674832894 -19.777756843297098 0.301732152700424194 -0.0812000036239624023 46
39.1786920537444772 15.5061827288060332 -1.10048580169677734 1.05560004711151123 51.5
39.4518199523572832 14.8320008710318572 0.4339161217212677 0.974400043487548828 57.5
39.5840838115294602 14.384301981103695 1.67777514457702637 0.893200039863586426 56.5
39.9484384313793939 13.3888303317340149 1.21826112270355225 0.812000036239624023 49
37.0945691754202684 -19.9989727653792499 0.810322284698486328 0.0812000036239624023 47
37.2795751365864447 -19.8129489381673096 -0.794495582580566406 0 53.5
37.2835929539487978 -19.8129489381673096 -0.575733602046966553 -0.0812000036239624023 47.5
39.2539384910749973 15.5337740809492821 -0.88371884822845459 0.974400043487548828 51.5
37.2503998354331571 -19.8129489381673096 -1.67500519752502441 0.0812000036239624023 48
37.2950785496565445 -19.9591426207056415 0.00865117274224758148 0 51.5
37.3193464946607705 -19.8904273521491852 -0.963132023811340332 -0.0812000036239624023 45.5
37.2343441277782574 -20.0701442083737582 -0.288383215665817261 0.0812000036239624023 46.5
37.0486806289569301 -20.5611120067408812 0.525784492492675781 0 48.5
38.9074818860110483 16.775071552241851 -0.667332172393798828 1.05560004711151123 51
39.0329070705718379 16.4944279940761902 -0.0808913707733154297 0.974400043487548828 54
38.9757263531418445 16.6056263850474899 -0.886858165264129639 0.893200039863586426 48
37.8879875137250224 -19.1069298016156566 -1.19510841369628906 0 50.5
39.0732210688618906 16.5872763713637283 -0.384908437728881836 1.05560004711151123 56.5
39.1562861010805037 16.3910086304809468 -0.350184977054595947 0.974400043487548828 60.5
39.1970337198050629 16.2955270268082408 -0.225736647844314575 0.893200039863586426 56.5
37.8730590945523105 -19.3373024781130027 -0.275424152612686157 0 55
37.9063060764905444 -19.2735356109139495 -0.136261358857154846 -0.0812000036239624023 49
39.2568499179754866 16.3243180029577211 -0.889997482299804688 1.05560004711151123 56.5
39.3314963595535403 16.1542730237602434 -0.669694423675537109 0.974400043487548828 59.5
39.3608650299722598 16.0958200621611134 -0.150759696960449219 0.893200039863586426 56.5
39.3669764491571001 16.0320531949620602 1.26097750663757324 0.812000036239624023 48
37.9063060764905444 -19.2735356109139495 -0.136261358857154846 0.0812000036239624023 49.5
38.0864339950701307 -19.0786271422917295 -0.43564268946647644 0 47.5
39.3745714397472497 16.2572899811827405 -0.322375357151031494 1.05560004711151123 52.5
39.3311946593392676 16.2572899811827405 -1.87559449672698975 0.974400043487548828 52.5
39.4704487478867492 16.012419208709133 -0.66797107458114624 0.893200039863586426 47
39.3580803635815428 16.4778876503070073 0.75932776927947998 1.05560004711151123 46.5
38.1744857654913261 -19.2419607618049042 0.134068667888641357 0 47
39.8508334956618242 15.4544676523880042 0.795631647109985352 0.974400043487548828 46.5
39.9109875114901129 15.5243921763287354 0.294883877038955688 0.974400043487548828 48.5
40.1676551886677302 14.7751971040481358 1.49457097053527832 0.893200039863586426 46.5
39.8758217803535615 15.7820934435295968 -1.12006747722625732 0.974400043487548828 47.5
37.5033948359048992 -20.9650167942618175 0.902346551418304443 0 46.5
37.5471047406405773 -21.4574570794622907 1.58693766593933105 0 47
38.4303277274603801 -20.3785929452856713 0.269875943660736084 0 49.5
38.2233337447939192 -20.37016790341616 -4.77635860443115234 0 46.5
42.5590583885155667 -9.5398944540709163 1.74342525005340576 0 48
42.6956738517078733 -9.09185833196318782 2.50865316390991211 0 47.5
39.9978292752866693 17.6591863755438858 0.450130075216293335 1.05560004711151123 47
40.5155708612369949 15.9380435270772711 4.78617954254150391 0.893200039863586426 52
38.6524096899286462 -20.7516441001624194 -0.613188445568084717 0 53
38.6569631084357965 -20.7516441001624194 -0.155545711517333984 -0.0812000036239624023 47
40.686197904823004 16.4203894531007784 -0.140587106347084045 1.05560004711151123 51
40.4590975934916131 16.1407768113284433 5.24902725219726562 0.893200039863586426 48.5
38.6481362907077113 -20.7516441001624194 -0.840492308139801025 0.0812000036239624023 47.5
38.6464680698171605 -20.622358170460668 -3.57371973991394043 0 50
40.724869036380845 16.3715711600914133 2.24929308891296387 1.05560004711151123 49.5
40.8653085501116422 16.1683681634716905 -0.461435019969940186 0.974400043487548828 50
30.9978909668050555 -31.3927465368816208 2.24878048896789551 0 46
38.4895708506122105 -21.9780882237320725 0.471412807703018188 0 47
38.3470562751576125 -22.4081498300556134 2.32461404800415039 0 47.5
43.8724363115060854 7.11369835874781398 -1.62184953689575195 3.49160003662109375 49.5
43.9183036643136049 7.01366197557792326 0.130385860800743103 3.4104001522064209 52
43.9611361999889212 7.12569459881009593 1.16011178493499756 3.5728001594543457 51
43.9910748731238215 7.02548951851433046 0.361434727907180786 3.49160003662109375 61
43.9885712264093414 7.02548951851433046 0.592254102230072021 3.4104001522064209 62.5
43.9709382616060154 7.12569459881009593 0.695511281490325928 3.32920026779174805 54.5
39.2454051520084661 -21.173288905033786 -1.69724643230438232 0 50.5
44.0664238372108983 7.03731645987691312 0.130825594067573547 3.5728001594543457 54
44.0664238372108983 7.03731645987691312 0.130825594067573547 3.49160003662109375 65
44.0664238372108983 7.03731645987691312 0.130825594067573547 3.4104001522064209 66.5
44.0626230417522535 7.03731645987691312 0.59325110912322998 3.32920026779174805 57.5
39.2075637471644711 -21.1063730591395533 -2.9459376335144043 0.0812000036239624023 45
39.0211936134812518 -21.6892441861522336 -2.23898100852966309 0 53
38.9439246759471303 -21.7562724967970524 -2.85053277015686035 -0.0812000036239624023 46.5
44.1091512248876114 7.14968646878054592 -1.16401636600494385 3.5728001594543457 49.5
44.1610578739050155 6.90950168896994921 -0.387028008699417114 3.49160003662109375 61.5
44.1626840404155487 6.90950168896994921 0.0792351141571998596 3.4104001522064209 63
44.1328953989553199 7.04914400281332032 0.828876137733459473 3.32920026779174805 55
38.9916933534470544 -21.6892441861522336 -2.70453333854675293 0.0812000036239624023 47.5
43.4063861779888001 11.4970803023478272 1.39949524402618408 0 57.5
43.3779753445302987 11.4970803023478272 2.10340666770935059 -0.0812000036239624023 52
43.4188959612227876 11.4970803023478272 0.934102773666381836 0.0812000036239624023 51.5
43.4670901943065644 11.6174905560913349 0.803765058517456055 0 65.5
43.4477759775578818 11.6962150806727863 0.699468493461608887 -0.0812000036239624023 60
43.4509039314215499 11.6962150806727863 0.466323912143707275 0.0812000036239624023 59.5
43.5456909462853261 11.6368532373168616 0.334964752197265625 0 63
43.5201896741431966 11.7157089707739956 0.700634300708770752 -0.0812000036239624023 57.5
43.5456909462853261 11.6368532373168616 0.334964752197265625 0.0812000036239624023 57
43.6057975030896898 11.5546612784001983 -1.88330328464508057 0 56.5
43.6606671706915321 11.45310663825801 -1.04649102687835693 -0.0812000036239624023 50.5
43.5728467926700205 11.6562159185423901 -2.01554131507873535 0.0812000036239624023 50.5
43.6356827259616438 11.8168610126402296 -1.26090908050537109 0 55
43.6747115777014372 11.720788971887055 -0.665968596935272217 -0.0812000036239624023 49
43.6903297538976076 11.6755785997679169 -0.369993299245834351 0.0812000036239624023 49
36.2470978039319363 -27.1315844916754969 -1.45439338684082031 0 57.5
36.2685664622280441 -27.1315844916754969 -0.74736398458480835 -0.0812000036239624023 51.5
41.5206963881206903 18.1141394478117235 -0.00617438741028308868 0.974400043487548828 47.5
36.2250694328980032 -27.1315844916754969 -1.92658877372741699 0.0812000036239624023 51.5
41.5972048758740982 17.9343370365397838 2.63111376762390137 0.974400043487548828 47
36.4456855194172036 -27.1419110273638005 -0.855176389217376709 0 54
36.4221292737375748 -27.1419110273638005 -1.56450510025024414 0.0812000036239624023 48
45.0769401868393373 6.37143840301274356 -1.98996099243231583e-06 3.49160003662109375 54
45.076323576075005 6.37143840301274356 0.235887065529823303 3.4104001522064209 51.5
38.9518618059746586 -23.7043304199640374 -0.466321766376495361 0 50.5
45.1250538815106879 6.56427611629773278 -1.9932394934585318e-06 3.4104001522064209 48
39.3730713359406508 -23.1019928974432887 -3.02020478248596191 0 51
37.4098450283257407 -26.6889647143234647 6.0436244010925293 0 47
35.2044854997274683 -30.5925012044801719 0.982685267925262451 0 57
35.3451015833015916 -30.4409377457689523 0.543845891952514648 0.0812000036239624023 52
37.1340642840777946 -28.4451969310647215 1.47385299205780029 0 53.5
37.1340642840777946 -28.4451969310647215 1.47385299205780029 -0.0812000036239624023 47
37.0654842993064761 -28.550462873655011 1.12301445007324219 0.0812000036239624023 48
37.1064581284940118 -28.4907803247157574 2.9413917064666748 0 55.5
37.1991040296815427 -28.3384858575194976 3.22839021682739258 -0.0812000036239624023 49.5
37.1251121404241005 -28.4907803247157574 2.69576144218444824 0.0812000036239624023 50
37.8384782280729084 -27.785409035979999 -0.723375260829925537 0 48
37.2341757916663383 -28.8617621419102299 2.46894979476928711 0 55
37.3329169648341903 -28.779232593301824 1.86815190315246582 -0.0812000036239624023 49
37.4088602586321031 -28.6731231736624466 1.97741389274597168 0.0812000036239624023 49.5
37.5775211209759021 -28.6124284591285267 1.34956932067871094 0 64
37.5679337559361386 -28.6124284591285267 1.59427285194396973 -0.0812000036239624023 58
37.5919825411006201 -28.6124284591285267 0.856833100318908691 0.0812000036239624023 58.5
37.4826834880019604 -28.8470842392363593 1.59680342674255371 0 63.5
37.4383747620680154 -28.8707390848609933 2.12230825424194336 -0.0812000036239624023 57
37.4812811615300561 -28.8707390848609933 1.13561224937438965 0.0812000036239624023 57.5
38.0612402274212585 -28.2412619787910337 -0.730308592319488525 0 63
38.0612402274212585 -28.2412619787910337 -0.730308592319488525 -0.0812000036239624023 57
38.0612402274212585 -28.2412619787910337 -0.730308592319488525 0.0812000036239624023 57.5
37.9239623742144616 -28.5291786498044893 1.31717038154602051 0 60.5
38.0707553432219967 -28.3512049838668396 0.838262081146240234 -0.0812000036239624023 54.5
37.9664716910282038 -28.4757865500231944 1.24598896503448486 0.0812000036239624023 55
37.6957706084906832 -29.1013639885826088 -0.529238700866699219 0 50
38.8442097326981113 -27.4663122841400984 -3.46686601638793945 0 45.5
38.3063079184513171 -28.9166425148325601 0.674112856388092041 0 47
41.3537821062091808 -24.6832136330264866 -2.50091934204101562 0 45
38.1839354020722368 29.2482620506689912 4.40641117095947266 0 57
38.1839354020722368 29.2482620506689912 4.40641117095947266 -0.0812000036239624023 51
38.1693609094366764 29.3569019014556254 3.76331257820129395 0.0812000036239624023 50.5
38.3873570147775069 29.2936790657797914 2.90384531021118164 0 60
38.3873570147775069 29.2936790657797914 2.90384531021118164 -0.0812000036239624023 54
38.3475507668549938 29.4024876136922977 2.2583472728729248 0.0812000036239624023 54
38.4440586820642309 29.4480710073433336 1.50600326061248779 0 60.5
38.5214794523488138 29.339093770885242 1.6479637622833252 -0.0812000036239624023 54.5
38.4531781186675943 29.4480710073433336 1.2517625093460083 0.0812000036239624023 54.5
38.4508404479747767 29.4936567195800059 2.5164787769317627 0 58.5
38.4333506412504562 29.4936567195800059 2.77083778381347656 -0.0812000036239624023 53
38.3906457127864584 29.6028026531639803 2.12323951721191406 0.0812000036239624023 52.5
37.9713465640051666 30.316590916864488 -1.02045321464538574 0 49
38.3151120499694002 29.6943114718890762 4.41088056564331055 0 53.5
38.4454196386273708 29.7888001145678913 3.33763384819030762 0 53
38.3762673282132596 29.892360360364961 3.20498490333557129 -0.0812000036239624023 47
38.6115596384542528 29.6304138562900263 2.78368568420410156 0.0812000036239624023 47.5
48.5401416168265811 5.921096605746345 -0.0733468011021614075 0 53.5
48.5100707130881048 5.921096605746345 1.70991754531860352 -0.0812000036239624023 48.5
48.4311490141543288 6.25717536045847034 -2.54590821266174316 0.0812000036239624023 48
48.585100509178389 6.15661424474936148 -0.367284595966339111 0 49.5
38.4209624777335463 -30.3801244139382156 3.76081037521362305 0 55
38.3380743445201659 -30.3801244139382156 4.52836894989013672 -0.0812000036239624023 48.5
38.2623035068349324 -30.4633924559065967 5.34958314895629883 0 55.5
38.3325439197484386 -30.494132508838895 4.62211751937866211 -0.0812000036239624023 49
38.476310623025185 -30.2420640747940581 5.06273412704467773 0.0812000036239624023 50
38.7789326478791168 -30.5192690674944558 0.437385678291320801 0 46.5
49.0653752028107917 5.92908170314121108 0.515549123287200928 0 45.5
49.1317649081908314 5.93807888318792276 1.02922844886779785 0 52
49.1136526302890388 5.99374837271781047 1.47455215454101562 0.0812000036239624023 45
41.9521067971532489 -26.167132664723816 -3.60314226150512695 0 48
42.2037268418962483 -26.596012631810364 -2.54956507682800293 0 47.5
39.212702605213309 -31.1235177590668783 -3.3498685359954834 0 52.5
39.0210485961606608 -31.2990734595612139 -3.90599155426025391 0.0812000036239624023 46.5
39.2196137726528704 -31.3458587958041157 -2.07892394065856934 0 49
41.866403830829249 -28.3408309848619204 -2.6253819465637207 0 45.5
42.365503709196652 -28.235142867105548 -1.13869190216064453 0 48.5
42.4431455527601642 -28.2767267086339444 -0.0799681544303894043 0 48
42.7608059463157346 -27.9316495940849236 -2.76752567291259766 0 47
42.5321727236708966 -27.9726055074225606 -5.70513439178466797 0 47.5
49.3980777922555703 14.9938176054661287 -2.3068239688873291 0 48
49.4602898087884384 15.1061127446463423 1.88361907005310059 0 46.5
49.4708541720138797 15.0891485925954516 3.2837376594543457 0 49
49.6018978698350921 15.059102286322382 2.54661107063293457 0 51
49.5236533297828743 15.1109854983338252 3.56035137176513672 -0.0812000036239624023 45.5
49.6984254933438763 15.080864215560366 2.00866150856018066 0 49.5
45.4967384913747424 25.25559746780878 -1.18513047695159912 0 49.5
43.4407508552124852 -28.8878530945760801 -4.34923553466796875 0 47.5
43.5069748979238113 -29.0144031938046041 -3.6997687816619873 0 46
50.5138635366200148 15.320243223462791 1.2166064977645874 0 52
50.4330959624824118 15.5643642395127983 1.4469151496887207 -0.0812000036239624023 46
50.5197103857631191 15.320243223462791 0.943084418773651123 0.0812000036239624023 46
50.5590057109114923 15.342005152700775 2.04344344139099121 0 51.5
50.4643709851553055 15.4345064757575408 3.29990482330322266 -0.0812000036239624023 45.5
50.6093941544390162 15.2230748801992153 1.64715218544006348 0.0812000036239624023 46
43.8444220284998423 -29.6424080828437297 -1.64226925373077393 0 48
44.1966243691420289 -29.5225137735134489 1.63113510608673096 0 46
51.4680993789614618 15.5762661802565496 -0.406942129135131836 0 47.5
51.6509383526984962 15.9402075659217637 1.48185479640960693 0 46.5
51.7908352631092939 15.8066853695648089 -0.284267961978912354 0 52.5
51.7884932278696368 15.8066853695648089 -0.568525731563568115 -0.0812000036239624023 47
51.7687452401047494 15.8811175352605325 -0.0996767953038215637 0.0812000036239624023 46.5
51.7305118645145043 16.1877029344365901 1.50444579124450684 0 60.5
51.7852733168743526 15.9844249570263326 1.77049732208251953 -0.0812000036239624023 55
51.7379156225987202 16.1877029344365901 1.22357177734375 0.0812000036239624023 54.5
51.8169265473445364 16.1558103547222096 1.57683467864990234 0 55
51.8731609182614548 16.0065336525786179 1.2067558765411377 -0.0812000036239624023 49.5
44.3248041475402061 -31.1875660779655988 -4.39185380935668945 0 45
44.864830660625266 -30.9550091932167781 -3.17718315124511719 0 46.5
45.4248797413838545 -31.57387768410738 -1.81477224826812744 0 47.5
52.9078371096008482 16.8893348083500641 2.0228428840637207 0 68.5
52.961831453423045 16.6323835797690833 2.64367556571960449 -0.0812000036239624023 63
52.9181789652278169 16.8893348083500641 1.7312619686126709 0.0812000036239624023 62.5
52.9930019507849863 16.6895996688832895 3.1814725399017334 -0.0812000036239624023 66.5
53.2011880718423029 16.4892647174134019 1.73593485355377197 0 68.5
53.1521990218155125 16.6354955278296543 1.83846235275268555 -0.0812000036239624023 62.5
53.2098223393498984 16.4892647174134019 1.44731760025024414 0.0812000036239624023 62.5
53.2554812847589005 16.6578853852583997 0.095106072723865509 0 64.5
53.3164828826985442 16.4487030656444375 0.658125817775726318 -0.0812000036239624023 59
53.320489206652951 16.4487030656444375 0.0760883763432502747 0.0812000036239624023 58.5
53.3917878149362366 16.4708117611967211 -0.213321328163146973 0 58.5
53.3777698212198501 16.4708117611967211 1.24175846576690674 -0.0812000036239624023 52.5
53.3917878149362366 16.4708117611967211 -0.213321328163146973 0.0812000036239624023 52
53.5512250368670024 16.2062683391966331 0.160211637616157532 0 48.5
45.85174967628285 -32.3031479530463983 -1.1549835205078125 0 45.5
46.2174390324962943 -32.0029272077790736 -1.9554283618927002 0 46.5
53.5144678230467932 17.5677152891306285 0.288006454706192017 0 50.5
45.8824236187752135 -32.6461057263533405 4.29661893844604492 0 48
54.203632299598894 16.7999639486711771 1.76864421367645264 0 58
54.2109198188157606 16.8496260042626886 0.816697180271148682 -0.0812000036239624023 52.5
54.209689980767493 16.7361127343392333 2.1477501392364502 0.0812000036239624023 51.5
54.1768816556622923 17.01396368147104 2.70432662963867188 0 56.5
54.1768816556622923 17.01396368147104 2.70432662963867188 -0.0812000036239624023 50.5
54.1348736318245614 16.9713399728744534 3.64854860305786133 0.0812000036239624023 50
54.248355838498945 17.0364097712750748 2.70789456367492676 0 57.5
54.2326325826845732 17.0364097712750748 3.00635218620300293 0.0812000036239624023 52
54.3302938484732536 17.0161196877319405 2.76968860626220703 0 65.5
54.3498063144592933 16.8665430810168431 3.2586512565612793 -0.0812000036239624023 60
54.3144548600020656 17.0161196877319405 3.06464290618896484 0.0812000036239624023 60
54.3491262874712362 17.0385084063652315 3.66298866271972656 0 64
54.3604062909553818 16.8887349963469511 4.15601205825805664 -0.0812000036239624023 58.5
54.3393299595081913 17.0813008092275957 3.60862064361572266 0.0812000036239624023 58.5
53.9727250596442758 17.1037468990316341 7.78007793426513672 0.0812000036239624023 46
57.1717198907173056 9.02947828023949484 1.50775456428527832 0 52
57.1908102760879586 9.02947828023949484 0.300007939338684082 0.0812000036239624023 46.5
57.300992083815629 8.80934962418995759 -0.304347842931747437 0 50.5
57.291099206768358 8.66841408917574618 3.52016711235046387 0 55.5
57.3285635902169304 8.62489067115477859 2.97486257553100586 -0.0812000036239624023 50
57.2939937347801944 8.62489067115477859 3.57942366600036621 0.0812000036239624023 49
57.4426494457510941 8.6360340535251332 2.06813573837280273 0 59.5
57.4380493216620991 8.67961370392139209 2.01268911361694336 -0.0812000036239624023 53.5
57.421393570480376 8.83214248030829374 1.81466078758239746 0.0812000036239624023 53.5
57.5503049123612556 8.64717686911951589 -0.65469127893447876 0 50.5
57.9491905486594163 7.71950245662118384 2.13329458236694336 0 49
57.9473421332292276 7.72939885129542148 3.65961813926696777 0 54
57.8308368892637787 7.72939885129542148 5.18471002578735352 -0.0812000036239624023 48.5
58.0194028266674025 7.62692576046385273 2.57096362113952637 0.0812000036239624023 48.5
58.1165703653444083 7.50477163573023365 2.44242358207702637 0 50
58.0540120771763952 9.27269981662628595 1.09033381938934326 0 59.5
58.0677175819280222 9.16983309916767375 1.22259855270385742 -0.0812000036239624023 53.5
58.0639967755306188 9.27269981662628595 0.172381982207298279 0.0812000036239624023 54
58.1807135530807003 9.01231855425063166 0.220762178301811218 0 56.5
58.181065110963047 9.01231855425063166 -0.0883086472749710083 -0.0812000036239624023 50.5
58.1724104877577943 9.01231855425063166 -1.00744450092315674 0.0812000036239624023 50.5
55.9791792212661932 18.3864503447777246 1.83639931678771973 0 48
55.9021486994561343 18.8818902696401771 -1.54107177257537842 0 45.5
59.6175996848435119 -0.409789292565650609 0.845505177974700928 0 49
59.7414630542082961 -0.321186696524055737 1.97615242004394531 0 49.5
59.8148021451295691 -0.134618942182457291 2.04795598983764648 0 62.5
59.7974336283268357 -0.239322563879924094 2.49647378921508789 -0.0812000036239624023 57.5
59.7880699324058327 -1.33871059170332529 2.37008762359619141 -0.162400007247924805 46.5
59.8247297115573531 -0.134618942182457291 1.73392343521118164 0.0812000036239624023 57
59.8728480242432539 -0 2.49960231781005859 0 64
59.8651134004315892 -0.134787639308333151 2.67511415481567383 -0.0812000036239624023 57.5
59.8561016197910831 -1.59498706514860911 2.3893895149230957 -0.162400007247924805 48.5
59.9046831597727092 -0 1.56048703193664551 0.0812000036239624023 59.5
56.8298418887788515 19.0588337342088465 2.6702878475189209 0 55.5
56.9306585932567515 18.8713943780502262 1.66467034816741943 -0.0812000036239624023 50
54.3750512427948181 25.3642936753849462 0.0818154588341712952 0.649600028991699219 47
54.2797065223841955 25.2743227844288079 -3.86295747756958008 0.568400025367736816 48
56.8429849599220205 19.0226007388219109 4.00265598297119141 0 56.5
56.8854157498342019 19.082656305479599 2.98455429077148438 -0.0812000036239624023 51
54.3161828519943413 25.6662478003283816 0.040961138904094696 0.730800032615661621 53.5
54.4115136290743138 25.4635602628586923 -0.00818821880966424942 0.649600028991699219 61
54.4363512584809399 25.3959977503687959 -0.855980336666107178 0.568400025367736816 61.5
54.5196384527017059 25.2233379962279507 -0.630732834339141846 0.487200021743774414 56
56.8144988418586649 19.2177813304593883 3.43444681167602539 0.0812000036239624023 51.5
56.7329921828231321 18.7607294653193577 6.88658285140991211 0 48
54.3799016228919356 25.6982908821822456 0.668426275253295898 0.730800032615661621 57
54.4037196853170784 25.6531929748136882 0.414180159568786621 0.649600028991699219 65
54.510547659061352 25.427703437970905 -0.233744010329246521 0.568400025367736816 65.5
54.5428527726416377 25.3375076232337939 -1.05385982990264893 0.487200021743774414 58
54.5150989762172529 25.5271403351887898 1.87611794471740723 0.730800032615661621 56.5
54.5394110645708565 25.5271403351887898 0.932015955448150635 0.649600028991699219 62
54.6160001834415496 25.3691008460853205 -0.743157267570495605 0.568400025367736816 62
54.7057888791187352 25.1809585971526211 -0.496817231178283691 0.487200021743774414 58
54.3861441931127203 26.0411743406246643 0.308331847190856934 0.730800032615661621 51
54.7097929452426399 25.2123175184404325 -2.69596028327941895 0.568400025367736816 50
54.7572775570473951 25.2123175184404325 -1.43873786926269531 0.487200021743774414 49
54.7612254596983377 25.3040319123874831 -2.46079134941101074 0.649600028991699219 51
54.7205565140673755 25.4322872917883736 -2.00010085105895996 0.568400025367736816 57
54.7399449450043818 25.4322872917883736 -1.37056732177734375 0.487200021743774414 54
54.4775554177002732 26.1059523895448748 -2.20852184295654297 0.649600028991699219 55.5
54.7065977362474811 25.6225088267755297 -2.20852184295654297 0.568400025367736816 62.5
54.8733055491156207 25.2750337660350581 -2.07260441780090332 0.487200021743774414 59.5
54.9234304557717223 25.4122771755543475 -0.953162908554077148 0.649600028991699219 58
54.8989080553807582 25.4122771755543475 -1.89783680438995361 0.568400025367736816 64
54.9139325689437356 25.3063926873228695 -2.70601987838745117 0.487200021743774414 60
55.1118317278683563 24.9591241189422561 -3.47682809829711914 0.649600028991699219 59.5
55.0203677506290489 25.2014457123300453 -3.16330504417419434 0.568400025367736816 63.5
54.9967183765076086 25.3377516086106809 -2.39152812957763672 0.487200021743774414 58
54.6056544346989199 25.0961613430854733 -8.35829448699951172 0.649600028991699219 55
54.6270502925041157 25.7709523882620921 -5.76190805435180664 0.568400025367736816 60.5
54.6438009793709298 25.9925903768266231 -5.38547897338867188 0.649600028991699219 55
54.3371828199094864 26.4328854240976376 -6.2718348503112793 0.487200021743774414 53
54.5949015073764343 26.2678999829695776 -5.39212751388549805 0.568400025367736816 55
54.9243092363663976 26.1404790422332596 -2.96748685836791992 0.568400025367736816 50
51.3351087424029942 32.996824219552785 3.49031376838684082 0 51
51.2297904954559655 33.1037583721161539 3.98945236206054688 -0.0812000036239624023 45.5
51.5701531766295531 32.9531866917485345 -0.216966331005096436 0 51.5
51.5689194055299893 32.9531866917485345 0.417237251996994019 -0.0812000036239624023 46
51.5705124798561556 32.9531866917485345 0.100136801600456238 0.0812000036239624023 45.5
55.2587175972308557 25.8531341928795619 -8.34087944030761719 0.568400025367736816 48
54.5081154419431897 25.6069138672330894 -12.8309049606323242 0.487200021743774414 49
54.6884117312631872 25.4684149340569483 -12.329554557800293 0.406000018119812012 46
55.1085929472821263 26.1311445546910832 -8.99603748321533203 0.568400025367736816 49.5
54.5327024844076504 25.8846243230430559 -12.5257072448730469 0.487200021743774414 52.5
54.0569910834258636 25.7767717216970418 -14.6329183578491211 0.406000018119812012 48.5
55.4144386999052116 26.1629345908561319 -7.39706325531005859 0.568400025367736816 47
55.3393280234858054 26.4097547285057175 -7.07526493072509766 0.487200021743774414 50
47.2084395875929204 39.9680479996027529 3.42356276512145996 0 52.5
47.2193285306538186 39.8828943044651112 4.18236732482910156 -0.0812000036239624023 47.5
47.1597178812633189 40.0609429397529055 2.98068642616271973 0.0812000036239624023 46
47.355423941814621 39.8226705316649401 4.32664728164672852 0 57
47.2149001150913534 39.9311791707158008 4.83270120620727539 -0.0812000036239624023 51.5
47.4848706686898723 39.6831594243138355 4.18743085861206055 0.0812000036239624023 50.5
53.4020882073785188 31.6452357031733982 1.79064321517944336 0 55
53.3141951117004709 31.7849155076503713 1.93029522895812988 -0.0812000036239624023 49.5
53.5796775651010009 31.3581161050818267 1.51554560661315918 0.0812000036239624023 49.5
53.4048925735963778 31.8233034758496771 0.962193310260772705 0 67.5
53.3242873667412596 31.963151977452533 0.779939353466033936 -0.0812000036239624023 62
53.4097245973952326 31.8233034758496771 0.640064895153045654 0.0812000036239624023 61.5
53.3941619183495959 32.0017086427777144 0.131567597389221191 0 67
53.3941619183495959 32.0017086427777144 0.131567597389221191 -0.0812000036239624023 61.5
53.4779916718460981 31.8616914440489793 -0.00848467089235782623 0.0812000036239624023 61
53.4728025129827316 31.7598915724808037 -4.04656696319580078 0 50.5
57.8997858844431477 22.0980495661188527 7.28363418579101562 0 50
58.2307962165187618 22.7217545522886333 2.32359933853149414 0 65
58.2493200101895994 22.5107165843107211 3.57594108581542969 -0.0812000036239624023 59.5
58.2428174188870997 22.7217545522886333 1.99969482421875 0.0812000036239624023 58.5
58.2865826864049978 22.7489991381175827 2.65488243103027344 0 67.5
58.3191640266295934 22.5377081244508553 3.58022880554199219 -0.0812000036239624023 62
58.3006180219501218 22.7489991381175827 2.326385498046875 0.0812000036239624023 61
58.5008489487568113 22.4941836095825316 1.71821177005767822 0 59
58.4639269300052931 22.4941836095825316 2.69649767875671387 -0.0812000036239624023 53.5
58.4941721797077889 22.4001640333669307 2.82034850120544434 0.0812000036239624023 52.5
59.4238808023216976 19.9403040113368277 3.44779276847839355 0 46
59.2389449926040967 20.443204031729092 4.79017448425292969 0 49.5
59.1424044556449147 21.4740738621950094 -0.772184014320373535 0 49.5
58.8010153137587395 22.4207459583902775 -2.95826578140258789 0 50.5
58.4039508317993636 23.9940269772676267 -3.26589417457580566 0 52
58.4039508317993636 23.9940269772676267 -3.26589417457580566 -0.0812000036239624023 48
58.4732850109568432 23.8959308798944647 -4.09264945983886719 0 59
58.4491349928912953 23.8959308798944647 -4.42419719696044922 0.0812000036239624023 53
54.844698958752673 33.9037302801580154 6.45262527465820312 0 45
51.6369478505829207 42.9385713822435378 5.09194231033325195 0 55.5
51.5625858190081203 42.9385713822435378 5.79674863815307617 -0.0812000036239624023 49.5
51.5914687320057865 43.0900598739880181 4.19411611557006836 0.0812000036239624023 49.5
52.1312954370475836 42.0595913337801761 7.71036386489868164 0 58.5
52.1017634389997966 42.3292040987402984 6.30680990219116211 -0.0812000036239624023 53.5
51.984590639244324 42.2955025031202894 7.40431690216064453 0.0812000036239624023 52.5
51.2165227160378933 43.9535890279225114 1.0952155590057373 0 67.5
51.2077225243979441 43.9535890279225114 1.44950151443481445 -0.0812000036239624023 61.5
51.2652142255443621 43.9029804049772991 0.809926986694335938 0.0812000036239624023 61.5
51.5425645117936426 43.6984401807745257 0.437669128179550171 0 68.5
51.5228085059033134 43.6984401807745257 1.49256443977355957 -0.0812000036239624023 63
51.4798977079772726 43.7744374680454413 -0.0138182537630200386 0.0812000036239624023 63
51.7421151807639959 43.550017300652371 3.58133888244628906 0 56
51.8876630169899968 43.4823142034107875 1.90668582916259766 -0.0812000036239624023 49.5
51.7861277581676589 43.550017300652371 2.8757023811340332 0.0812000036239624023 50.5
52.5142312467633445 42.6069892088130189 4.87242460250854492 0 49
50.9447362167632463 42.8673883615746902 13.9435262680053711 0 49
52.0058218813663089 42.4806569803652323 11.3313207626342773 0 47
67.3420893890502583 14.0408575946358933 2.86719298362731934 -0.0812000036239624023 47.5
67.2774587611583001 14.5914794610922041 1.07488107681274414 0.0812000036239624023 47
67.4566028156883419 14.0819905375165426 1.40023064613342285 0 48
57.689057435015485 44.7925506600796766 1.37946534156799316 0 45.5
57.8517103275378162 44.6831966753827459 1.96402871608734131 0 55.5
58.0070806376860588 44.4456173065565778 2.65166950225830078 -0.0812000036239624023 50.5
57.8376103353209174 44.6831966753827459 2.34275603294372559 0.0812000036239624023 49.5
58.7264357203227334 43.6588246454172477 1.83133983612060547 0 57
58.9266756586772829 43.3203841442899744 3.03837037086486816 -0.0812000036239624023 51.5
58.7108954876708751 43.7137068888432836 0.618819713592529297 0.0812000036239624023 51
58.284461948912579 44.4085989608337073 0.154869318008422852 0 48
60.7600280031712856 41.0627154385481177 1.515128493309021 0 54.5
60.9751711028972352 40.7235814047922489 1.96007263660430908 -0.0812000036239624023 48.5
60.7600280031712856 41.0627154385481177 1.515128493309021 0.0812000036239624023 48.5
60.8113231758717419 41.104700143226701 1.90202605724334717 0 51.5
60.7646770376950798 41.104700143226701 3.04770946502685547 -0.0812000036239624023 46
60.4928931901056472 41.571179592079794 6.0637965202331543 0 55
60.4530381843761049 41.571179592079794 6.44903326034545898 -0.0812000036239624023 49.5
60.3881638086759409 41.8196679358889938 5.35793972015380859 0.0812000036239624023 49
60.8537494436500239 41.2726475040986571 5.36339616775512695 0 60.5
60.8189777041025295 41.2726475040986571 5.74431133270263672 -0.0812000036239624023 55
60.7411974713217617 41.6135153517887559 3.76812028884887695 0.0812000036239624023 54.5
60.6566567234327962 41.7111789018525556 5.23334932327270508 0 56
60.5761617116510607 41.6558468051443711 6.46216773986816406 -0.0812000036239624023 50.5
60.6749432964960747 41.987839385393471 1.4187849760055542 0.0812000036239624023 50.5
61.9444285569273561 40.4970771473344371 1.60475945472717285 0 46
75.8980036175040595 -1.46204574647318952 3.09144949913024902 0 48.5
75.9606894550227167 -1.62504294798119608 3.30689811706542969 0 53
75.8858730358194009 -1.52050802150287345 4.75658798217773438 -0.0812000036239624023 48
75.9732479441427131 -1.88162867660980604 2.85100603103637695 0.0812000036239624023 48
76.0591393530792885 -1.52200747524139435 2.77601790428161621 0 48.5
68.1296597005889453 44.7733089781354181 -0.161185398697853088 0 48.5
67.8673326552930405 45.3039429403509075 -0.372730076313018799 0 48.5
68.8842228559151124 43.8554942857588443 1.57017970085144043 0 46.5
69.4293064464734329 43.1500365591589841 0.841581046581268311 0 50
69.4865748987865857 43.189626164873097 1.26628828048706055 0 49
70.1179656642827069 42.3980986706172231 2.4028468132019043 0 48
70.66174100733069 41.8496761084832229 -0.195961296558380127 0 48
70.584610699427472 42.0727875029257419 2.12933659553527832 0 47
71.9545876693556465 39.9577038171133907 -2.7280879020690918 0 46
68.2386053818887603 47.31329192123345 6.92830228805541992 0 46.5
68.5144209074322958 47.3558764074074432 4.33074522018432617 0 48
74.2587858314626033 43.9899358494664057 1.58896172046661377 0 57
74.3162527964723836 43.9036387708014288 1.2535395622253418 -0.0812000036239624023 51.5
74.0441926034445999 44.3782727034587481 0.182450965046882629 0.0812000036239624023 50
74.5655789223760621 43.6286824391244537 1.21340310573577881 0 59
74.556952863311011 43.6286824391244537 1.66101646423339844 -0.0812000036239624023 53.5
74.574797647133181 43.6286824391244537 0.312199532985687256 0.0812000036239624023 52.5
75.2724625473494484 42.4779101847552027 2.75867247581481934 0 46.5
75.06180372893796 42.989290847310734 -5.87686967849731445 0 47.5
74.7285470515984969 43.9481634317050407 3.75552105903625488 0 45.5
74.6277822876115948 44.2574688030675176 3.85932540893554688 0 62
74.6031772839100995 44.2574688030675176 4.30884504318237305 -0.0812000036239624023 56
74.6690927343675952 44.2574688030675176 2.95409011840820312 0.0812000036239624023 55
74.9135747391841136 44.0241333707244635 2.40576601028442383 0 77.5
74.7639227239946962 44.29568613022807 2.05030202865600586 -0.0812000036239624023 72
74.7831997174372418 44.29568613022807 1.14966666698455811 0.0812000036239624023 71.5
74.9411436081812354 44.1817027098644814 0.89562755823135376 0 80
74.8477209893577538 44.3339034573886224 1.15065860748291016 -0.0812000036239624023 74
75.0167317812124708 44.0621164082383672 0.142351329326629639 0.0812000036239624023 73.5
74.9207002106343793 44.3721246723749232 0.243400007486343384 0 71
74.9207002106343793 44.3721246723749232 0.243400007486343384 -0.0812000036239624023 65.5
74.9207002106343793 44.3721246723749232 0.243400007486343384 0.0812000036239624023 65
78.7366811746897923 36.2426724312050155 9.06238079071044922 0 53
78.5954611895141682 36.5258183095738076 9.15102100372314453 -0.0812000036239624023 47.5
78.9844865641022409 35.4041250221897599 10.1548690795898438 0.0812000036239624023 47
59.3723598816655027 -60.0945532785951997 22.314971923828125 0 47.5
60.8695727576602366 -59.5888263031193048 19.7881336212158203 0 50.5
79.1577228084508846 42.6668474935778832 -0.318802237510681152 0 49.5
79.0555970959517254 42.9835904214724849 -1.61979913711547852 0 51
88.4434235376242981 18.4982951635265493 1.79287552833557129 0 47.5
82.0531212810628574 44.8774782878740481 0.471843957901000977 0 46.5
81.8627512361238416 45.4527959877046897 2.74579644203186035 0 47
82.0937878710637818 45.1963118802439894 2.63937664031982422 0 57.5
82.2289363709223267 44.9854426179722395 1.94290494918823242 -0.0812000036239624023 51.5
82.2160248117485395 44.9854426179722395 2.42853164672851562 0.0812000036239624023 51.5
82.2810427846495998 45.0214331686214351 -2.45605373382568359 0 55.5
82.1921558499274596 45.2324711365993508 -1.26651144027709961 -0.0812000036239624023 49
82.2460191358197648 45.0214331686214351 -3.43426012992858887 0.0812000036239624023 50
93.7476424617470201 12.619860140740137 3.27743697166442871 0 46
93.7913575769664902 12.7719021843187726 3.58982086181640625 0 51.5
93.7837040035686869 13.0323116820527964 2.75720500946044922 -0.0812000036239624023 45.5
87.865803358306124 29.5550895118064183 20.8769779205322266 0 46
95.5703406876666577 1.97162760224081479 -2.56182408332824707 3.49160003662109375 45
95.5941239179833389 1.91188131126382044 1.49941003322601318 3.4104001522064209 47.5
95.5827972410152711 1.53070473403269625 -4.48070955276489258 3.49160003662109375 46
95.7644473618632617 1.08908821116515364 -0.914136826992034912 3.4104001522064209 49
95.8302606871943823 1.1857601111130478 -1.54213345050811768 3.4104001522064209 52
95.9058489468840349 1.09079392654900942 1.57604336738586426 3.5728001594543457 48.5
95.9206145769757939 0.767151772517984609 0.503563225269317627 3.49160003662109375 59
95.9226288773123201 0.659271054507643117 0.143872827291488647 3.4104001522064209 58.5
95.923469612260547 0.515430097160521017 -0.170033380389213562 3.32920026779174805 45.5
95.9760386683534534 0.767751554013393012 2.0026237964630127 3.5728001594543457 53
95.9738768150293282 0.659786491730259606 2.14003539085388184 3.49160003662109375 63
95.9909001635426193 0.659786491730259606 1.14535057544708252 3.4104001522064209 60.5
96.0362898989388185 0.660301981387995451 2.64590740203857422 3.5728001594543457 47
96.0319504505948629 0.516236094539705537 2.82923030853271484 3.49160003662109375 57
96.0658976314981885 0.660301981387995451 1.14624536037445068 3.4104001522064209 54.5
96.2387004971224371 0.926587683687350228 3.30833244323730469 3.32920026779174805 47
96.6732702295151825 1.54749934808906842 3.52814126014709473 3.4104001522064209 45
96.7915453745842598 1.548698911079885 2.01983404159545898 3.49160003662109375 50.5
96.7216401079498667 1.9358736388498563 4.03218507766723633 3.4104001522064209 53
96.6872743495406297 2.23835389492014647 4.65208148956298828 3.32920026779174805 46.5
96.5914430591480624 1.5498984740707018 7.56976127624511719 3.4104001522064209 50
96.6298563661312784 1.5498984740707018 7.06252527236938477 3.32920026779174805 47
96.9457557401184289 2.32664723863851242 0.509075284004211426 3.4104001522064209 53
96.9317295489258015 2.7144217784115976 1.01154029369354248 3.32920026779174805 49
97.0292671422944721 1.94037215260394769 0.509468972682952881 3.49160003662109375 46
97.0009415354161035 2.3284465831247374 2.02452754974365234 3.4104001522064209 51.5
96.9237913935738646 2.58312042815400567 4.22004556655883789 3.32920026779174805 45
97.1970762314552559 -0.218629261419695825 -0.722316980361938477 3.49160003662109375 48
97.1916062957596409 0.777348485047807292 1.01388716697692871 3.4104001522064209 46
97.2105436310425688 -0 -3.54065442085266113 3.49160003662109375 45.5
85.0325830448974358 47.8572499161095877 0.159654393792152405 0 59
85.0300736665517718 47.8572499161095877 0.671880781650543213 -0.0812000036239624023 53
85.2374588664837063 47.4914620186616148 0.133052393794059753 0.0812000036239624023 53
85.0979397851519934 47.8940333906326785 0.15977710485458374 0 69.5
85.2953904085216266 47.5279643456087371 1.14506208896636963 -0.0812000036239624023 64
85.1524730653574551 47.796414978626288 0.286277204751968384 0.0812000036239624023 63.5
85.3609054585163136 47.5644703859156621 1.14594161510467529 0 67
85.3609054585163136 47.5644703859156621 1.14594161510467529 -0.0812000036239624023 61.5
91.217187534325646 35.0597161689252488 0.646271347999572754 -1.70520007610321045 46
91.0771961173893061 35.4260663901261452 -0.339791238307952881 -1.78640007972717285 48
85.3662068044705507 47.5644703859156621 0.639607846736907959 0.0812000036239624023 61
78.6619405077556877 56.7056517041548886 12.7125720977783203 0 51
91.4536761609159328 34.6344433037877053 1.23349678516387939 -1.78640007972717285 47
97.7306085386891539 2.90860885896311716 -2.26015090942382812 3.4104001522064209 45
97.7622682361358102 2.45643017080498538 -1.16015446186065674 3.32920026779174805 46.5
78.9423846664439424 56.3145782441262313 12.7125720977783203 0.0812000036239624023 45
79.1516496808657877 55.6850939058232797 14.6186141967773438 0 51.5
79.0746014863282483 56.0397760326119609 13.6480035781860352 -0.0812000036239624023 45
97.8367201190752951 2.60507906917205334 -0.840761899948120117 3.4104001522064209 48.5
97.8434415703118248 2.45831405119052926 0.366999536752700806 3.32920026779174805 49
79.1495969263670816 55.2447988518787128 16.2132720947265625 0.0812000036239624023 45.5
79.6541056978317812 54.210028807146962 17.6266746520996094 0 46.5
98.0695079131738225 -2.26782876707666503 0.916264533996582031 3.5728001594543457 45.5
98.051192328549476 0.392273084034882591 3.06936478614807129 3.49160003662109375 46
98.0227229301450933 1.04197537946765695 3.75114583969116211 3.4104001522064209 46
97.9598688698605997 0.527519934864100981 6.47438621520996094 3.49160003662109375 46
98.0684251644669729 0.871021287798864452 4.48962211608886719 3.4104001522064209 49
